Real First Packet,doctets/duration
1360589042.108,54.464285714285715
1360590342.409,15.078671328671328
1360590988.468,15.84507042253521
1360607458.085,15.957446808510637
1360607517.044,15.957446808510637
1360607575.473,15.957446808510637
1360607632.111,15.957446808510637
1360615837.078,50.16447368421053
1360621274.183,56.06617647058824
1360621413.112,59.5703125
1360622469.596,16.843971631205672
1360622469.539,16.843971631205672
1360622601.506,66.11842105263158
1360622617.958,16.843971631205672
1360622619.22,16.96428571428571
1360622620.271,16.96428571428571
1360622620.142,16.843971631205672
1360622623.737,16.843971631205672
1360622627.886,16.843971631205672
1360622628.822,48.372235872235876
1360622656.875,44.642857142857146
1360622720.346,11.355377906976743
1360622786.916,152.34375
1360623172.878,185.66810344827587
1360623339.715,11.355377906976743
1360623705.22,16.725352112676056
1360624045.773,11.488970588235295
1360624673.884,35.326086956521735
1360624674.757,35.326086956521735
1360624676.444,17.0863309352518
1360624675.951,33.163265306122454
1360624739.349,35.326086956521735
1360624739.348,16.96428571428571
1360624737.059,34.57446808510638
1360624738.103,34.57446808510638
1360625475.242,16.07142857142857
1360627335.186,15.84507042253521
1360629872.796,8.685800604229607
1360634017.936,59.840425531914896
1360634158.926,12960.9375
1360634165.144,560.7311320754717
1360634154.93,225.69444444444446
1360634159.439,8679.086538461539
1360634176.965,37796.875
1360634177.028,37921.875
1360634177.091,18890.625
1360634178.549,3107.5721153846152
1360634175.313,912.603021978022
1360634178.662,5479.166666666667
1360634179.913,5479.166666666667
1360634163.344,108494.79166666667
1360634163.911,2807.2916666666665
1360634163.975,4210.9375
1360634162.237,566.40625
1360634163.246,248380.20833333334
1360634163.471,51484.375
1360634163.787,2807.2916666666665
1360634163.85,4210.9375
1360634180.615,204.6232876712329
1360634180.741,411.4955357142857
1360634180.993,80.93525179856115
1360634181.307,151.53476331360946
1360634191.959,2156.25
1360634180.913,103.72340425531915
1360634179.47,908.3614864864866
1360634175.36,3328.9473684210525
1360634176.624,2651.5625
1360634193.789,4774.553571428572
1360634180.6,704.1440217391305
1360634180.6,358.1861413043478
1360634180.6,223.67527173913044
1360634180.6,358.86548913043475
1360634180.54,380.0951086956522
1360634180.539,239.13043478260872
1360634181.365,42171.875
1360634181.364,2906.25
1360634183.594,11968.75
1360634184.1,6257.8125
1360634180.779,12049.107142857143
1360634180.968,118.88586956521739
1360634181.221,6781.25
1360634182.25,1755.9931506849316
1360634183.546,720.46875
1360634185.156,793.7853107344632
1360634193.287,52.74714052287582
1360634192.921,174.83922829581994
1360634221.895,1078.125
1360634218.947,2156.25
1360634236.187,2156.25
1360634348.361,12960.9375
1360634351.411,18281.25
1360634348.747,8736.778846153848
1360634365.803,15961.5625
1360634409.226,2156.25
1360634482.576,2390.625
1360634482.52,2695.3125
1360634796.552,1223.9583333333333
1360634782.574,2695.3125
1360635081.703,4070.913461538462
1360635083.366,2906.25
1360635243.283,11.25
1360635382.026,2679.6875
1360635404.988,50.16447368421053
1360635478.917,61.49193548387097
1360635684.093,1835.9375
1360635682.55,2695.3125
1360635982.167,5867.598684210527
1360635983.048,2369.140625
1360634181.564,1070.359942647111
1360636095.662,17453.125
1360636100.493,15278.782894736842
1360636282.756,3572.9166666666665
1360636282.307,789.0625
1360636583.536,1835.9375
1360636582.153,4781.25
1360636582.192,3322.9166666666665
1360636881.719,52683.49358974359
1360636881.782,4226.25
1360636883.557,1743.75
1360637182.107,1059.8958333333333
1360637182.17,1675.3472222222224
1360637248.884,19489.583333333332
1360637249.878,8845.486111111111
1360637250.768,9510.416666666666
1360637289.404,11675.78125
1360637484.698,917.96875
1360637481.666,2695.3125
1360637482.481,929.6875
1360637776.393,19292.96875
1360637782.405,5874.131944444444
1360637782.176,253.28947368421052
1360637783.357,2906.25
1360637835.895,2156.25
1360637896.709,41937.5
1360637896.772,40250.0
1360637896.763,131914.0625
1360637896.271,13906.25
1360637896.824,6890.625
1360637905.926,10137.276785714286
1360637906.296,42656.25
1360637891.883,9414.0625
1360637891.882,134659.375
1360637891.881,70078.125
1360637891.701,2484.375
1360637891.764,8726.5625
1360637891.763,49488.63636363637
1360637891.763,148746.875
1360637891.763,131903.125
1360637891.763,87165.625
1360637904.859,1752.5390625
1360638017.589,63312.5
1360638023.23,10087.890625
1360638022.207,242.1875
1360638023.155,2390.625
1360638058.497,10087.890625
1360638057.907,10.555186170212766
1360638081.737,2203.125
1360638081.489,1118.75
1360638377.089,5764.508928571428
1360638381.952,1593.75
1360638382.078,3619.7916666666665
1360638462.555,263765.625
1360638462.273,22250.0
1360638579.309,132.35294117647058
1360638579.183,38.56382978723404
1360638623.963,3671.875
1360638682.288,93.75
1360638682.287,381.25
1360638683.243,4713.994565217392
1360638739.29,18898.4375
1360638739.162,1290.625
1360638739.544,18890.625
1360638739.335,18960.9375
1360638726.051,5916.360294117647
1360638756.748,1460.9375
1360638743.198,206.43248175182484
1360638863.42,2796.875
1360638863.673,8390.625
1360638863.343,3621.09375
1360638862.901,2719.034090909091
1360638868.85,3851.934523809524
1360638863.02,3574.5081018518517
1360638869.28,4565.178571428572
1360638870.532,3367.1875
1360638870.532,22945.3125
1360638870.596,4890.625
1360638866.756,1172.2301136363635
1360638866.755,3502.840909090909
1360638866.754,628.1960227272727
1360638870.722,9765.625
1360638870.657,9906.25
1360638867.071,405.44871794871796
1360638867.071,1038.6513157894738
1360638867.135,1034.1282894736844
1360638867.198,22613.59126984127
1360638867.198,48503.47222222222
1360638867.262,790.0904605263158
1360638871.037,10527.34375
1360638871.1,2130.2083333333335
1360638871.164,3621.09375
1360638863.356,1330.7023195876288
1360638863.356,893.0412371134021
1360638863.356,845.0386597938144
1360638863.356,872.8841145833334
1360638863.356,786.1328125
1360638863.355,911.4046391752577
1360638863.355,419.9420103092784
1360638863.355,388.36984536082474
1360638871.227,914.4345238095239
1360638871.291,2722.65625
1360638871.291,4046.875
1360638871.29,743.75
1360638871.354,1960.9375
1360638871.354,4828.125
1360638871.418,4218.75
1360638871.354,3250.0
1360638871.417,546.875
1360638871.413,2796.875
1360638871.544,19601.5625
1360638868.406,2943.313953488372
1360638868.405,214.75290697674419
1360638868.404,827.3982558139536
1360638868.404,26486.555232558138
1360638868.404,1265.9883720930231
1360638868.404,349.92732558139534
1360638872.158,4875.0
1360638864.286,196.37345679012347
1360638868.766,215.37162162162164
1360638868.894,10218.75
1360638872.222,7289.0625
1360638872.222,3932.2916666666665
1360638872.222,7875.0
1360638868.894,7906.25
1360638872.222,5218.75
1360638872.221,3539.0625
1360638872.221,4468.75
1360638869.021,12882.8125
1360638869.147,7859.375
1360638872.411,9085.9375
1360638869.274,8614.583333333334
1360638869.146,7851.5625
1360638869.528,2979.1666666666665
1360638869.655,9765.625
1360638869.527,2979.1666666666665
1360638869.59,1143.75
1360638869.782,4890.625
1360638869.59,9906.25
1360638869.782,14036.458333333334
1360638869.845,9906.25
1360638870.036,13640.625
1360638869.908,9765.625
1360638869.972,2320.3125
1360638870.1,8125.0
1360638870.035,12609.375
1360638870.227,1856.25
1360638865.362,2655.528846153846
1360638870.29,14492.1875
1360638870.226,8468.75
1360638870.29,9800.78125
1360638867.68,1283.025568181818
1360638867.68,1882.8125
1360638863.583,9182.14699074074
1360638871.583,16796.875
1360638867.931,24773.23717948718
1360638868.058,1367.1875
1360638868.122,36217.50992063492
1360638868.121,38546.62698412698
1360638868.121,32083.333333333336
1360638868.121,30557.539682539682
1360638871.96,7421.875
1360638872.023,2130.2083333333335
1360638864.279,848.7435567010309
1360638864.279,880.2083333333334
1360638864.279,986.1469072164949
1360638864.279,340.85051546391753
1360638864.279,101.72526041666667
1360638872.149,3162.5
1360638864.277,814.7551546391752
1360638864.277,787.2100515463918
1360638872.149,3293.75
1360638864.277,912.854381443299
1360638864.277,782.2164948453608
1360638872.213,4875.0
1360638864.532,3829.1440217391305
1360638872.276,2925.78125
1360638872.275,955.3571428571429
1360638872.339,1417.0673076923076
1360638872.339,3351.5625
1360638872.338,3191.40625
1360638872.465,9085.9375
1360638872.592,1309.0277777777776
1360638869.327,829.578488372093
1360638869.327,1182.7761627906975
1360638869.327,224.20058139534885
1360638869.326,4557.049418604652
1360638869.326,1056.3226744186047
1360638869.326,1056.3226744186047
1360638869.326,252.54360465116278
1360638869.326,15345.170454545456
1360638869.707,215.37162162162164
1360638873.078,2130.2083333333335
1360638873.204,8437.5
1360638873.204,4464.84375
1360638870.131,2979.1666666666665
1360638873.331,12859.375
1360638873.394,168255.20833333334
1360638870.194,6441.40625
1360638870.317,2445.3125
1360638870.702,4890.625
1360638870.829,9765.625
1360638870.889,16187.5
1360638870.764,9906.25
1360638870.892,6597.222222222223
1360638870.956,13802.083333333334
1360638871.147,2220.9821428571427
1360638871.211,2614.5833333333335
1360638871.211,5226.5625
1360638871.146,8500.0
1360638871.21,4947.916666666667
1360638869.864,143.9623786407767
1360638869.864,929.8406862745097
1360638869.864,929.8406862745097
1360638871.396,2813.3012820512818
1360638871.331,2897.1518987341774
1360638871.651,147.5929054054054
1360638871.523,264.3914473684211
1360638869.218,369.8838495575221
1360638869.855,929.8406862745097
1360638869.855,189.623786407767
1360638869.454,845.9201388888888
1360638871.099,105.41930379746836
1360638871.162,220.44427710843374
1360638871.162,227.56410256410257
1360638871.289,508.2236842105263
1360638871.288,171.05263157894737
1360638871.351,213.81578947368422
1360638871.351,1079.5454545454545
1360638871.415,278.2939189189189
1360638871.479,127.53378378378378
1360638871.414,98.18412162162163
1360638871.732,483.48214285714283
1360638869.205,3683.449074074074
1360638872.401,275.0538793103448
1360638869.073,7236.789772727272
1360638872.595,214.20454545454544
1360638872.595,75.85227272727272
1360638869.394,3505.8035714285716
1360638869.586,205.88235294117646
1360638870.413,667.6615168539327
1360638870.412,768.8210227272727
1360638870.412,2640.625
1360638870.536,112.2485632183908
1360638870.662,402.6162790697674
1360638870.757,2616.122159090909
1360638870.76,392.11309523809524
1360638875.048,13255.208333333334
1360638871.013,15825.158227848102
1360638871.013,105.61708860759494
1360638871.012,105.41930379746836
1360638871.202,234.375
1360638871.265,197.5
1360638871.328,114.65371621621621
1360638871.328,137.6689189189189
1360638868.38,78.125
1360638868.38,912.2395833333334
1360638868.952,492.82094594594594
1360638872.216,305.9895833333333
1360638868.888,962.6116071428571
1360638872.343,275.0538793103448
1360638872.406,279.8793859649123
1360638872.534,180.2662037037037
1360638872.515,480.6134259259259
1360638869.507,205.72916666666666
1360638871.207,2855.4258241758243
1360638884.285,7483.072916666667
1360638884.475,16437.5
1360638884.459,8218.75
1360638868.816,234.375
1360638867.461,1714.5
1360638871.056,3983.8541666666665
1360638871.316,843.2377049180327
1360638897.082,7940.625
1360638897.872,11041.666666666666
1360638898.316,10062.5
1360638876.235,160968.75
1360638876.363,39043.269230769234
1360638876.363,128081.59722222223
1360638876.616,87812.5
1360638876.616,61965.625
1360638876.616,21821.875
1360638875.433,126640.625
1360638876.577,81500.0
1360638875.325,15364.583333333334
1360638875.325,4494.318181818182
1360638875.64,16208.333333333332
1360638876.507,13325.0
1360638876.441,14350.0
1360638876.758,13328.125
1360638876.074,15406.25
1360638876.326,6825.0
1360638884.003,2204.0264423076924
1360638897.331,74265.625
1360638896.917,7433.035714285715
1360638898.119,526.0416666666666
1360638923.442,4484.375
1360638923.379,4484.375
1360638875.379,5714.165545087483
1360638931.475,4492.1875
1360638931.474,8588.541666666666
1360638931.473,13104.166666666666
1360638931.403,16265.625
1360638931.068,16250.0
1360638930.773,16265.625
1360638930.773,10734.375
1360638930.691,2614.5833333333335
1360638930.434,14307.291666666666
1360638930.69,14072.916666666666
1360638930.782,8583.333333333334
1360638931.575,1856.25
1360638931.575,1856.25
1360638931.83,746.3942307692307
1360638931.764,1166.3370253164558
1360638932.399,14578.125
1360638932.399,15812.5
1360638932.462,8132.8125
1360638932.462,9085.9375
1360638932.59,12875.0
1360638932.525,2320.3125
1360638932.715,4867.1875
1360638932.971,3536.4583333333335
1360638933.098,10734.375
1360638933.162,3921.875
1360638931.175,1060.267857142857
1360638931.682,2652.34375
1360638931.873,10531.25
1360638931.873,2239.5833333333335
1360638932.001,25179.6875
1360638932.0,11187.5
1360638932.127,10550.78125
1360638932.19,1856.25
1360638932.254,9750.0
1360638932.254,6390.625
1360638932.318,15734.375
1360638932.318,4056.2500000000005
1360638932.317,107.39715189873418
1360638932.317,4468.75
1360638932.317,4661.458333333333
1360638932.376,8437.5
1360638932.376,5226.5625
1360638932.376,6429.6875
1360638932.507,225.0
1360638932.57,3536.4583333333335
1360638932.697,3234.375
1360638932.697,10531.25
1360638932.82,8386.71875
1360638933.12,11177.083333333334
1360638933.311,2320.3125
1360638932.469,50.13297872340426
1360638944.562,2156.25
1360638930.685,27.709592145015105
1360638930.578,739.5833333333334
1360638931.498,30.073418674698793
1360638931.853,62611.0197368421
1360638931.852,77187.5
1360638931.967,10109.375
1360638931.847,221609.375
1360638931.133,79234.375
1360638931.632,9375.0
1360638931.696,7750.0
1360638931.696,15140.625
1360638931.696,2937.5
1360638931.696,8757.8125
1360638931.011,58609.375
1360638931.01,24375.0
1360638931.511,9890.625
1360638931.511,15953.125
1360638936.293,3359.375
1360638966.281,4795.079022988506
1360638985.698,7828.125
1360638984.59,968.75
1360639040.413,68.39622641509433
1360639040.476,32980.59210526315
1360639043.858,27992.1875
1360639044.305,2156.25
1360639044.304,2156.25
1360639079.815,24054.6875
1360639079.815,13561.580882352942
1360639079.815,8550.551470588236
1360639079.814,19761.948529411766
1360639079.81,8495.404411764706
1360639080.005,16787.5
1360639080.005,15168.75
1360639080.004,11639.583333333332
1360639080.004,932.6171875
1360639080.195,11109.375
1360639080.194,12471.153846153848
1360639080.194,20274.553571428572
1360639076.608,10547.631048387097
1360639076.607,8488.636363636364
1360639080.826,32566.964285714286
1360639080.893,28666.015625
1360639080.893,25329.86111111111
1360639080.957,28441.40625
1360639080.956,25281.25
1360639081.02,41978.515625
1360639081.02,18052.734375
1360639081.083,31434.027777777777
1360639081.147,28560.546875
1360639081.211,41223.01136363637
1360639081.21,28666.015625
1360639081.381,32761.160714285714
1360639081.445,32566.964285714286
1360639081.508,37921.875
1360639081.508,32640.625
1360639081.508,47859.375
1360639081.759,32761.160714285714
1360639081.885,32566.964285714286
1360639081.885,10477.213541666666
1360639081.949,14949.869791666666
1360639081.948,12235.0
1360639082.012,10037.5
1360639082.139,10932.74456521739
1360639082.202,22193.359375
1360639082.265,14954.545454545456
1360639082.329,13903.409090909092
1360639082.329,7277.853260869565
1360639082.265,14949.869791666666
1360639079.447,32776.692708333336
1360639082.578,95537.5
1360639082.642,75989.58333333333
1360639082.71,127921.875
1360639082.837,113984.375
1360639082.645,111942.70833333333
1360639082.901,167914.0625
1360639082.964,2152.34375
1360639083.028,111942.70833333333
1360639083.028,75989.58333333333
1360639083.155,167914.0625
1360639079.738,13489.889705882353
1360639079.738,9591.911764705883
1360639079.928,16467.633928571428
1360639079.928,16512.5
1360639079.864,16787.5
1360639079.991,15369.791666666666
1360639080.18,16387.276785714286
1360639080.18,15231.25
1360639076.526,7881.534090909091
1360639076.526,6957.908163265306
1360639076.53,8502.551020408162
1360639076.593,5085.817307692308
1360639080.497,25718.75
1360639080.81,18052.734375
1360639080.814,37314.23611111112
1360639080.877,25387.152777777777
1360639080.941,2895.3125
1360639081.004,32761.160714285714
1360639081.131,28560.546875
1360639081.194,31434.027777777777
1360639081.321,32566.964285714286
1360639081.321,28628.125
1360639081.384,47975.44642857143
1360639081.384,47015.625
1360639081.427,32504.464285714286
1360639081.427,17350.360576923078
1360639081.427,32761.160714285714
1360639081.55,28560.546875
1360639081.55,56581.25
1360639081.618,32640.625
1360639081.617,2656.25
1360639081.744,40415.17857142857
1360639081.744,32566.964285714286
1360639081.743,20486.177884615383
1360639081.743,35363.28125
1360639081.807,47975.44642857143
1360639081.802,10477.213541666666
1360639081.87,10477.213541666666
1360639081.87,10512.369791666666
1360639082.059,10932.74456521739
1360639082.185,13298.913043478262
1360639082.248,10932.74456521739
1360639082.248,10910.326086956522
1360639082.375,11949.404761904763
1360639082.375,17085.565476190473
1360639082.375,14565.476190476189
1360639082.375,48140.625
1360639079.365,39205.528846153844
1360639082.373,70726.5625
1360639082.436,14565.476190476189
1360639082.5,70726.5625
1360639082.755,113984.375
1360639082.883,144421.875
1360639082.883,38524.305555555555
1360639082.946,187078.125
1360639082.878,43339.84375
1360639082.878,159229.16666666666
1360639082.946,72210.9375
1360639061.265,6421.875
1360639061.452,7822.916666666667
1360639087.5,197632.8125
1360639087.881,11171.875
1360639087.944,11296.875
1360639088.006,10781.25
1360639088.069,15273.4375
1360639088.323,4640.625
1360639088.766,7984.375
1360639088.892,13171.875
1360639091.021,2156.25
1360639082.931,77.97619047619048
1360639087.6,9953.125
1360639088.676,10937.5
1360639088.926,3257.8125
1360639088.929,3351.5625
1360639088.929,3257.8125
1360639075.261,2078.7994604316546
1360639089.025,1017.9398148148149
1360639089.025,1551.2152777777776
1360639089.025,611.9791666666666
1360639088.686,203.125
1360639088.942,962.9464285714286
1360639075.901,45187.5
1360639076.849,9626.157407407407
1360639076.824,104593.75
1360639076.824,82875.0
1360639076.824,4201.38888888889
1360639078.259,2971.3541666666665
1360639078.954,13750.0
1360639079.268,15906.25
1360639079.43,7328.125
1360639075.781,7328.125
1360639075.78,11212.740384615385
1360639076.762,34325.1953125
1360639076.701,201265.625
1360639076.701,24477.678571428572
1360639076.89,101875.0
1360639078.131,1583.3333333333333
1360639078.13,3312.5
1360639078.125,231718.75
1360639078.946,3570.3125
1360639080.24,25506.25
1360639080.304,375.0
1360639080.493,375.0
1360639080.492,312.5
1360639080.492,267.85714285714283
1360639080.679,703.125
1360639081.101,35261.71875
1360639082.154,45359.375
1360639082.788,75718.75
1360639082.785,94031.25
1360639082.848,94031.25
1360639083.166,227156.25
1360639083.166,27.490942028985504
1360639083.355,6128.125
1360639083.522,21250.0
1360639080.371,267.85714285714283
1360639080.37,267.85714285714283
1360639080.37,267.85714285714283
1360639080.43,312.5
1360639080.433,234.375
1360639080.497,22945.3125
1360639080.496,312.5
1360639080.56,312.5
1360639080.559,312.5
1360639080.792,81.57467532467533
1360639080.981,823.73046875
1360639082.349,123738.83928571429
1360639082.603,14696.022727272726
1360639082.792,30034.375
1360639082.855,143609.375
1360639083.173,167507.8125
1360639088.65,105.12907608695653
1360639082.814,375.0
1360639082.693,15434.02777777778
1360639088.088,106390.625
1360639088.596,16531.25
1360639088.81,22132.8125
1360639088.932,16648.4375
1360639075.125,40844.74137931034
1360639088.679,22466.287215411558
1360639108.525,318.19444444444446
1360639110.264,204.1139240506329
1360639134.787,359.375
1360639075.134,4733.804989270387
1360639075.047,6608.469688841202
1360639150.791,2156.25
1360639182.956,10160.15625
1360639239.015,1783.2446808510638
1360639248.729,81869.89795918367
1360639242.305,4169.642857142857
1360639242.355,11734.375
1360639264.738,4927.083333333333
1360639264.801,6171.875
1360639264.801,9500.0
1360639264.929,7765.625
1360639266.428,7726.5625
1360639266.428,8570.3125
1360639266.492,9570.3125
1360639266.555,12718.75
1360639266.555,8500.0
1360639266.551,5601.5625
1360639266.619,12171.875
1360639266.363,4359.375
1360639266.81,6429.6875
1360639266.489,14140.625
1360639266.553,5554.6875
1360639267.001,8437.5
1360639266.681,14578.125
1360639266.681,5695.3125
1360639266.68,7906.25
1360639264.664,7648.4375
1360639264.727,9500.0
1360639266.225,9500.0
1360639266.224,14812.5
1360639266.351,5976.5625
1360639266.347,5703.125
1360639266.478,5781.25
1360639266.542,1625.0
1360639266.606,3496.09375
1360639266.606,4468.75
1360639266.67,13828.125
1360639266.542,5773.4375
1360639266.606,15750.0
1360639266.606,5492.1875
1360639266.734,9085.9375
1360639264.728,1446.1174242424242
1360639264.791,2181.2836021505377
1360639264.791,6714.504076086956
1360639264.981,3019.8384831460676
1360639264.981,3181.179775280899
1360639264.98,2148.174157303371
1360639269.588,2156.25
1360639265.044,64.29140127388536
1360639266.987,220.06425233644862
1360639266.987,134.10433070866142
1360639266.985,291.9520547945205
1360639267.496,153.05118110236222
1360639267.687,93.41397849462366
1360639267.239,78.74503968253968
1360639264.71,13978.83064516129
1360639264.71,12093.919836956522
1360639264.9,9855.161516853932
1360639264.9,474.1924157303371
1360639264.899,13378.335674157304
1360639264.899,2823.384831460674
1360639266.21,351.96659482758616
1360639266.971,231.60601265822785
1360639265.674,257.41279069767444
1360639266.816,48.63782051282051
1360639267.262,66.46825396825396
1360639265.424,6101.634837962963
1360639267.179,97.49002659574468
1360639267.433,64.02853260869564
1360639264.168,6385.7421875
1360639264.74,1550.29296875
1360639264.738,136890.625
1360639264.684,491197.9166666667
1360639264.748,18500.0
1360639265.102,838.7276785714286
1360639265.227,95109.375
1360639266.477,19687.5
1360639266.54,15140.625
1360639266.54,9375.0
1360639266.604,6546.875
1360639266.604,7750.0
1360639266.534,19781.25
1360639265.06,120.40734824281151
1360639265.312,110130.20833333333
1360639265.612,8421.875
1360639265.739,4257.8125
1360639266.239,9723.958333333334
1360639266.56,24187.5
1360639266.971,23.4375
1360639267.097,14625.0
1360639267.35,46640.625
1360639267.603,635828.125
1360639266.676,1684.8958333333333
1360639294.674,3085.9375
1360639294.674,4268.9453125
1360639294.674,3507.03125
1360639294.674,3258.7890625
1360639294.674,2375.0
1360639294.928,14781.25
1360639294.903,23375.0
1360639295.031,15453.125
1360639295.031,5703.125
1360639294.966,264.2578125
1360639295.03,3425.0
1360639295.03,13328.125
1360639295.158,4005.208333333333
1360639295.093,424.21875
1360639295.093,4250.0
1360639295.221,4875.0
1360639295.284,5765.625
1360639295.284,5270.833333333333
1360639295.284,5554.6875
1360639295.284,4609.375
1360639295.538,5937.5
1360639295.979,2179.6875
1360639299.691,2156.25
1360639294.594,9592.7734375
1360639294.594,2375.0
1360639294.594,3166.6666666666665
1360639294.594,2885.6095679012346
1360639294.976,197.38924050632912
1360639294.976,6380.208333333333
1360639295.039,4239.583333333333
1360639294.975,11953.125
1360639295.099,4057.291666666667
1360639295.231,107.39715189873418
1360639295.23,3526.0416666666665
1360639295.23,2796.875
1360639295.102,5367.1875
1360639295.102,2787.9464285714284
1360639295.294,4218.75
1360639295.142,5244.791666666667
1360639295.142,4859.375
1360639295.206,5914.0625
1360639295.206,3351.5625
1360639295.461,222.2222222222222
1360639295.333,6429.6875
1360639295.396,9085.9375
1360639293.997,1453.3132530120483
1360639294.632,64.29140127388536
1360639295.82,93.41397849462366
1360639294.561,1756.9563356164383
1360639294.561,267.31004901960785
1360639295.674,2117.9786392405063
1360639294.642,41.05790043290043
1360639295.172,82.9326923076923
1360639295.491,54.542824074074076
1360639303.866,56934.02777777778
1360639293.869,162.2265625
1360639294.286,31328.125
1360639294.354,21554.6875
1360639294.479,5468.75
1360639294.605,208.16115702479337
1360639294.748,351.4577747989276
1360639294.748,4539.0625
1360639295.098,16234.375
1360639293.825,144.23076923076923
1360639294.392,9171.875
1360639317.184,51731.25
1360639317.307,19343.75
1360639317.307,255903.125
1360639317.309,209382.8125
1360639317.309,127010.41666666667
1360639317.499,23875.0
1360639317.818,11484.375
1360639317.818,39648.4375
1360639317.945,86.61684782608695
1360639317.945,9500.0
1360639317.816,4049.899193548387
1360639317.88,29859.375
1360639318.199,46628.90625
1360639318.199,23398.4375
1360639317.943,276.09890109890114
1360639318.197,47243.75
1360639318.197,49832.03125
1360639318.261,5884.510869565218
1360639318.453,12101.5625
1360639318.644,1590.0390625
1360639318.624,1560.267857142857
1360639318.495,32187.5
1360639318.813,8199.21875
1360639318.877,19320.3125
1360639318.94,9229.166666666666
1360639319.003,20593.75
1360639319.003,14000.0
1360639318.81,21351.5625
1360639319.257,20203.125
1360639319.001,42640.625
1360639319.384,17671.875
1360639319.254,9390.625
1360639319.318,45658.854166666664
1360639319.828,8820.3125
1360639319.698,25148.4375
1360639317.229,401585.9375
1360639317.419,20179.6875
1360639317.291,7328.125
1360639317.737,6710.9375
1360639318.348,14617.1875
1360639318.342,6015.625
1360639318.342,12218.75
1360639318.47,26484.375
1360639318.538,23585.9375
1360639318.473,37718.75
1360639318.601,8776.041666666666
1360639318.601,24960.9375
1360639318.473,14703.125
1360639318.664,39593.75
1360639318.536,15520.833333333334
1360639318.664,10351.5625
1360639318.79,26750.0
1360639318.726,40281.25
1360639318.854,18507.8125
1360639319.172,16312.5
1360639319.235,8007.8125
1360639319.299,41765.625
1360639319.171,16765.625
1360639319.171,95500.0
1360639319.298,10796.875
1360639319.426,5414.0625
1360639319.68,11781.25
1360639320.126,30078.125
1360639320.188,4476.5625
1360639308.732,239.58333333333334
1360639317.946,6589.84375
1360639319.452,455640.625
1360639319.577,88828.125
1360639334.554,4520.833333333333
1360639335.749,11742.1875
1360639075.022,44405.77168367347
1360639395.166,2156.25
1360639395.164,2156.25
1360639435.171,22101.5625
1360639435.299,19062.5
1360639435.771,3505.2083333333335
1360639444.227,148.89171511627907
1360639444.131,171.34232954545456
1360639474.059,2156.25
1360639490.278,3822.65625
1360639491.517,15937.5
1360639474.999,162742.1875
1360639474.996,3279.1374362244896
1360639475.44,38.309010152284266
1360639475.418,38.309010152284266
1360639475.418,8421.875
1360639475.242,38.309010152284266
1360639475.242,8421.875
1360639491.546,2895.241477272727
1360639502.33,394.87092391304344
1360639499.672,18795.95588235294
1360639500.31,3853.8306451612907
1360639500.31,4600.543478260869
1360639500.31,6434.705284552845
1360639500.31,5893.673780487805
1360639500.31,8580.030487804877
1360639500.31,9856.19918699187
1360639500.174,7332.157258064516
1360639500.174,6419.984879032258
1360639500.174,4290.658602150538
1360639500.238,4509.78150406504
1360639500.238,366.16847826086956
1360639500.238,5436.229674796748
1360639500.238,6097.222222222223
1360639500.238,6553.3536585365855
1360639500.173,6035.534274193548
1360639500.237,4427.649456521739
1360639500.237,7009.654471544715
1360639500.237,3642.1370967741937
1360639500.237,366.16847826086956
1360639500.237,10585.492886178863
1360639503.295,1782.912234042553
1360639500.313,4393.638392857142
1360639500.313,110.42444029850746
1360639500.313,5068.526785714286
1360639500.377,7310.364208633094
1360639500.377,5259.779676258992
1360639500.377,4911.982913669065
1360639500.377,7072.5044964028775
1360639500.377,6240.592277486911
1360639500.377,4756.662436548224
1360639500.313,7790.543300653595
1360639500.377,5476.056654676258
1360639500.377,6582.508992805756
1360639500.377,8195.101351351352
1360639500.376,6516.07464028777
1360639500.376,5316.366792929293
1360639503.208,2598.404255319149
1360639503.208,4427.859042553192
1360639503.204,5159.07579787234
1360639499.714,2963.0821078431372
1360639500.225,4958.816964285714
1360639500.225,214.72886029411765
1360639500.289,3727.068345323741
1360639500.289,8680.779569892475
1360639500.223,15823.325892857143
1360639500.287,9466.951438848922
1360639500.287,6418.839928057554
1360639500.287,5618.367805755396
1360639500.287,6095.458984375
1360639493.066,76.77321882951654
1360639493.25,7583.333333333333
1360639494.674,14828.125
1360639495.599,68571.42857142857
1360639496.422,79403.125
1360639495.502,29555.098684210527
1360639498.932,6104.549632352941
1360639498.624,11687.5
1360639502.597,29107.954545454548
1360639502.528,64635.41666666667
1360639502.717,7044.642857142857
1360639500.913,2415.3515625
1360639534.52,2242.1875
1360639534.579,406.25
1360639494.903,7096.2449596774195
1360639536.509,55.42883211678832
1360639536.573,2638.1671348314608
1360639536.573,4546.699438202248
1360639536.573,2426.9662921348317
1360639536.573,5139.583333333333
1360639536.573,2858.234489051095
1360639536.573,4495.61095505618
1360639536.573,2090.9423828125
1360639536.573,3342.534722222222
1360639536.573,3018.7851123595506
1360639536.573,2416.25702247191
1360639536.573,6511.762640449439
1360639536.573,2431.004213483146
1360639536.453,5097.916666666666
1360639536.516,2672.096631205674
1360639536.516,4126.851851851851
1360639536.516,1759.2381386861314
1360639536.516,4916.783707865169
1360639536.516,3351.474719101124
1360639536.516,5503.511235955056
1360639536.516,3960.069444444445
1360639536.516,3289.0625
1360639536.516,2411.4583333333335
1360639536.516,5912.570224719101
1360639536.516,3357.6388888888887
1360639536.516,2844.4444444444443
1360639536.516,3279.3402777777774
1360639536.516,2710.4166666666665
1360639552.621,2156.25
1360639552.541,2156.25
1360639535.756,10215.625
1360639536.853,8421.875
1360639567.473,27812.5
1360639605.743,19568.181818181816
1360639606.44,32718.75
1360639606.44,10557.783018867925
1360639606.948,19180.803571428572
1360639606.948,16051.274271844663
1360639606.948,14684.921116504855
1360639606.948,28361.076732673268
1360639606.299,63770.589953271025
1360639606.299,8028.645833333334
1360639606.363,21098.454301075268
1360639606.363,10217.37132352941
1360639606.871,36077.127659574464
1360639606.866,14397.58831521739
1360639596.187,812.5
1360639612.037,404.1015625
1360639604.737,11453.125
1360639605.713,10781.25
1360639606.261,8421.875
1360639606.144,90885.41666666667
1360639609.854,141.7001146788991
1360639610.025,7588.541666666667
1360639644.745,2321.362704918033
1360639643.397,15546.875
1360639643.572,7796.875
1360639652.304,32.574152542372886
1360639647.649,23922.62671821306
1360639646.295,1473.0013250883392
1360639670.46,2156.25
1360639646.965,5480.024651972158
1360639679.998,406.25
1360639665.124,17328.125
1360639700.332,2156.25
1360639679.165,16.414141414141415
1360639776.662,8734.375
1360639822.724,7.523148148148148
1360639945.095,263765.625
1360639945.941,22393.75
1360640000.951,1540.5092592592594
1360640012.852,15109.375
1360640013.676,37531.25
1360640012.901,14695.3125
1360639998.504,162742.1875
1360640015.727,10567.708333333334
1360640015.985,41812.5
1360640016.048,41328.125
1360640016.112,43500.0
1360640016.797,8218.75
1360640017.176,14468.75
1360640014.705,37671.875
1360640015.785,43500.0
1360640016.23,23042.96875
1360640016.838,39093.75
1360640013.347,6777.0432692307695
1360640013.347,5027.0432692307695
1360639997.817,263692.7083333333
1360640004.671,7479.166666666667
1360640004.356,157.96793193717275
1360640015.628,407.27072864321605
1360640029.219,1316.40625
1360640027.898,5479.166666666667
1360640028.066,5479.166666666667
1360640012.38,564.3635321100917
1360640029.012,5914.0625
1360640029.715,11140.625
1360640013.589,33765.625
1360640013.653,13912.5
1360640013.653,65591.4351851852
1360640011.975,809.6277573529411
1360640013.527,8621.428571428572
1360640013.527,13174.278846153848
1360640030.951,2156.25
1360640037.753,150266.82692307694
1360640026.485,486.1742424242424
1360640028.626,48.34312080536913
1360640029.171,1989.3830128205127
1360640038.19,11109.375
1360640014.443,58962.5
1360640014.99,4957.8125
1360640015.81,27630.208333333332
1360640015.323,166770.83333333334
1360640015.323,49574.21875
1360640015.808,8385.416666666666
1360640015.875,32223.011363636368
1360640016.751,29585.9375
1360640017.171,15148.4375
1360640039.716,29179.6875
1360640040.034,6322.916666666667
1360640040.034,7867.1875
1360640040.034,4960.9375
1360640040.283,14739.583333333334
1360640040.283,7207.03125
1360640040.287,13449.21875
1360640040.287,113308.03571428571
1360640039.392,12828.125
1360640039.964,125867.1875
1360640039.964,4738.28125
1360640039.964,4890.625
1360640040.218,88230.46875
1360640040.217,11644.53125
1360640027.206,38412.4177631579
1360640027.203,49953.506097560974
1360640028.151,253828.125
1360640028.008,3000.244140625
1360640028.007,35000.0
1360640028.007,12044.166666666668
1360640028.007,13822.265625
1360640028.767,1814.7916666666665
1360640028.766,118015.625
1360640028.83,10843.75
1360640028.505,499.00968309859155
1360640030.818,66429.6875
1360640030.875,88.23529411764706
1360640031.445,39250.0
1360640031.57,51.54596560846561
1360640030.756,88.23529411764706
1360640030.627,82171.875
1360640030.876,309636.71875
1360640031.297,67421.875
1360640058.199,4484.375
1360640038.884,33687.5
1360640027.691,5349.020337301587
1360640055.835,7828.125
1360640027.708,3122.5423363949485
1360640040.472,7968.666331994645
1360640076.357,8.277027027027028
1360640090.673,2156.25
1360640087.765,59.551886792452834
1360640076.111,8.144946808510639
1360640040.398,8540.767235609102
1360640040.398,5104.836010709505
1360640040.334,20787.036263368984
1360640076.428,8.322010869565219
1360640102.191,84921.875
1360640102.19,29562.5
1360640102.318,11140.625
1360640101.875,1976.5625
1360640102.002,108863.28125
1360640101.873,8473.958333333334
1360640101.479,1014.5833333333334
1360640102.821,485.9375
1360640083.639,21.103896103896105
1360640083.512,21.103896103896105
1360640102.572,133.11298076923077
1360640103.27,2885.4166666666665
1360640103.266,774.7713414634146
1360640103.33,850.6765463917526
1360640103.334,252.34374999999997
1360640103.397,337.1710526315789
1360640103.269,1528.2012195121952
1360640103.269,964.1768292682927
1360640103.269,401.3073979591837
1360640103.269,631.5369897959183
1360640103.333,15114.583333333334
1360640103.333,3088.5416666666665
1360640103.524,2375.0
1360640103.523,274.3055555555556
1360640103.646,1765.625
1360640100.357,1993.75
1360640102.196,5866.727941176471
1360640102.324,17793.75
1360640102.324,38669.7998046875
1360640102.324,42644.808070866144
1360640102.324,3960.379464285714
1360640103.193,756.4418859649122
1360640103.193,408.48214285714283
1360640103.193,403.0612244897959
1360640103.257,6567.708333333333
1360640103.192,510.5229591836735
1360640103.192,403.3801020408163
1360640103.256,902.34375
1360640103.446,1137.019230769231
1360640095.573,11.607142857142858
1360640103.955,37781.25
1360640103.763,9203.125
1360640104.082,5479.166666666667
1360640104.336,3882.8125
1360640104.4,452.7294303797468
1360640104.717,1317.7083333333333
1360640101.865,333.75
1360640102.12,2439.1447368421054
1360640102.12,4919.133771929824
1360640101.867,1238.4259259259259
1360640101.867,32697.09645669291
1360640101.867,2308.806818181818
1360640102.32,19818.509615384617
1360640102.32,19966.018356643355
1360640106.479,160956.84523809524
1360640101.855,30353.802447552447
1360640102.505,1838.9822507552872
1360640102.284,471.5823262839879
1360640103.393,1014.1773162939298
1360640103.45,325.2203525641026
1360640103.709,135.50121753246754
1360640104.155,24.501661129568106
1360640123.739,26729.166666666668
1360640104.41,138.31018518518516
1360640104.409,311.0795454545455
1360640104.409,334.12247474747477
1360640104.409,394.7811447811448
1360640104.983,587.9790940766551
1360640104.79,432.1120689655172
1360640104.79,72.57543103448276
1360640104.79,74.81868600682594
1360640124.354,9500.0
1360640104.957,1505.1175958188155
1360640105.404,1423.9879893238433
1360640105.338,1407.8014184397164
1360640121.401,382.56048387096774
1360640125.239,8578.125
1360640106.166,61.91914498141264
1360640125.172,4750.0
1360640103.257,353.453423566879
1360640103.448,267.1322347266881
1360640103.32,4577.176517571885
1360640103.448,643.036575562701
1360640103.511,1157.8125
1360640123.351,26035.15625
1360640103.447,77.57234726688102
1360640103.506,237.69091639871382
1360640103.573,2250.8090614886733
1360640119.892,2697.4431818181815
1360640123.602,3570.3125
1360640104.337,386.94234006734007
1360640104.337,386.6266835016835
1360640104.718,3764.014175257732
1360640104.845,995.9852430555555
1360640104.909,245.71397569444446
1360640120.909,1694.1964285714287
1360640124.364,5367.1875
1360640104.651,2728.1142979452056
1360640104.905,2024.172473867596
1360640105.627,1338.5795454545455
1360640103.152,1566.3555194805194
1360640103.152,205.29935275080908
1360640103.215,72.57736156351793
1360640103.215,120.2157980456026
1360640104.936,1630.859375
1360640125.856,5804.6875
1360640103.14,344.20657467532465
1360640103.204,71.76302931596092
1360640103.267,122.906454248366
1360640103.896,60.974326599326595
1360640105.06,793.4489202657808
1360640103.721,156.25
1360640106.885,44.68085106382979
1360640130.927,1878.90625
1360640130.926,3570.3125
1360640120.971,11474.489795918367
1360640130.434,2082.03125
1360640125.442,1321.3815789473683
1360640130.433,30265.625
1360640126.271,1099.2879746835442
1360640130.939,7140.625
1360640130.939,7140.625
1360640123.418,3831.886574074074
1360640121.04,35116.918103448275
1360640130.353,62218.75
1360640125.994,145.05597014925374
1360640123.348,37433.15548780488
1360640123.41,32644.817073170736
1360640123.334,35228.58796296296
1360640123.269,36082.67597087379
1360640121.02,32323.050213675215
1360640120.5,7578.125
1360640120.19,104.00883838383838
1360640121.117,2075.8928571428573
1360640121.252,1328.4801136363635
1360640123.312,879.8336330935251
1360640123.751,21854.166666666668
1360640124.236,22291.40625
1360640124.551,55906.25
1360640124.551,70187.5
1360640124.615,16062.5
1360640124.674,375.0
1360640124.805,7523.4375
1360640125.481,190484.375
1360640125.48,5578.125
1360640125.477,48476.5625
1360640125.477,2846.3541666666665
1360640125.921,59093.75
1360640123.191,109312.5
1360640123.927,38328.125
1360640124.434,77031.25
1360640124.434,82687.5
1360640125.362,373875.0
1360640125.362,18153.125
1360640125.425,6646.875
1360640125.616,9062.5
1360640125.616,5015.625
1360640125.679,11979.166666666666
1360640125.551,15476.5625
1360640125.049,1441.1458333333333
1360640125.557,45741.07142857143
1360640126.374,594859.375
1360640123.994,18774.33628318584
1360640124.49,97421.875
1360640127.212,147140.625
1360640126.951,22000.0
1360640127.023,4945.3125
1360640130.994,9088.541666666666
1360640131.244,34635.416666666664
1360640131.496,14140.625
1360640131.685,44520.08928571428
1360640159.862,541.6666666666666
1360640160.417,4484.375
1360640123.35,18171.941489361703
1360640153.672,110.87570621468927
1360640153.862,15.476190476190476
1360640153.682,15.330188679245284
1360640153.741,15.476190476190476
1360640154.25,16.75257731958763
1360640157.432,32.5
1360640179.919,2156.25
1360640179.918,2156.25
1360640165.262,6203.125
1360640124.302,3897.4448351115425
1360640187.013,140.3917910447761
1360640215.584,128.50068306010928
1360640227.982,15406.25
1360640228.107,7577.3026315789475
1360640278.189,52.951388888888886
1360640433.606,847.0982142857143
1360640433.605,144880.20833333334
1360640434.413,4328.125
1360640437.224,1689.732142857143
1360640435.523,2135.4166666666665
1360640434.355,9500.0
1360640434.419,19703.125
1360640434.419,275.07267441860466
1360640434.419,9265.625
1360640437.594,11140.625
1360640434.648,1310.763888888889
1360640438.615,2179.6875
1360640416.384,11156.25
1360640437.45,1097.7348993288592
1360640437.45,995.5956375838925
1360640437.642,981.0573630136986
1360640437.957,244.34840425531914
1360640437.308,13407.5
1360640437.372,368.9177852348993
1360640437.372,1323.196308724832
1360640437.372,320.1552013422819
1360640434.674,22.975077881619935
1360640438.13,7270.993098159509
1360640432.189,3903.428819444445
1360640432.861,430.17578125
1360640433.673,27098.214285714286
1360640433.741,21868.75
1360640433.74,65343.75
1360640433.715,21312.5
1360640433.715,215429.6875
1360640434.031,10383.92857142857
1360640433.966,23242.1875
1360640433.513,28552.083333333332
1360640433.62,234.87103174603175
1360640433.873,58517.045454545456
1360640433.809,53234.375
1360640433.873,23154.829545454548
1360640434.062,55250.0
1360640435.472,17375.0
1360640432.892,1500.9615384615386
1360640434.28,303531.25
1360640436.949,8767.578125
1360640437.262,29743.75
1360640437.389,38460.9375
1360640436.794,19916.666666666668
1360640436.793,26875.0
1360640437.107,31418.75
1360640437.484,13468.75
1360640455.209,1908.313679245283
1360640476.329,243.75
1360640434.823,5269.566869300911
1360640476.935,406.25
1360640476.855,3437.5
1360640477.111,812.5
1360640457.972,6421.875
1360640458.004,10906.25
1360640476.909,14.03443113772455
1360640488.212,46.875
1360640496.019,11.69064748201439
1360640515.233,2156.25
1360640515.232,2156.25
1360640540.71,120130.20833333333
1360640542.023,734.375
1360640540.703,1388.671875
1360640540.894,11140.625
1360640541.02,2862.5
1360640542.261,2939.9801587301586
1360640543.643,950.4807692307692
1360640543.707,2510.135135135135
1360640544.09,7640.922619047619
1360640544.216,2755.2083333333335
1360640540.566,175.2873563218391
1360640540.82,3856.362951807229
1360640540.815,1748.6822289156628
1360640540.879,27252.314814814814
1360640545.167,310.2134146341464
1360640545.486,9500.0
1360640545.677,28906.25
1360640548.941,3645.8333333333335
1360640545.805,15453.125
1360640545.805,5609.375
1360640545.805,5703.125
1360640545.869,289.1613924050633
1360640545.804,3200.9214743589746
1360640545.804,3984.375
1360640546.124,4718.75
1360640545.996,4250.0
1360640546.124,5218.75
1360640546.036,11531.25
1360640546.038,5177.083333333333
1360640541.75,20092.64184397163
1360640546.294,2278.6458333333335
1360640546.294,9007.8125
1360640546.165,5898.4375
1360640546.165,7289.0625
1360640546.165,99.5291095890411
1360640546.165,4468.75
1360640546.165,6507.8125
1360640546.165,117.2945205479452
1360640546.229,9984.375
1360640541.937,897.5961538461539
1360640541.937,459.6153846153846
1360640541.937,465.86538461538464
1360640541.937,465.86538461538464
1360640541.937,361.77884615384613
1360640546.539,8544.744318181818
1360640541.935,451.4423076923077
1360640541.935,465.86538461538464
1360640541.935,2187.7403846153848
1360640541.935,24182.744565217392
1360640541.935,465.86538461538464
1360640541.998,2221.923828125
1360640547.116,5473.410087719298
1360640542.06,2224.1924157303374
1360640542.124,1831.149193548387
1360640542.187,552.2540983606558
1360640547.177,42351.5625
1360640542.951,12032.139227642276
1360640542.822,660.5392156862745
1360640544.206,2187.5
1360640540.749,29542.545180722893
1360640540.813,15771.068548387097
1360640540.748,6773.343373493976
1360640540.812,32447.980182926825
1360640544.524,264.375
1360640540.875,3452.3533950617284
1360640541.002,87.61867088607595
1360640545.285,3233.1414473684213
1360640545.413,10348.958333333334
1360640545.413,948.4375
1360640545.727,6664.0625
1360640548.927,1445.3125
1360640548.927,1244.7916666666667
1360640545.727,199.9198717948718
1360640545.731,271.03365384615387
1360640545.731,4785.15625
1360640545.731,215.3876582278481
1360640545.795,4239.583333333333
1360640545.731,868.2753164556963
1360640545.795,216.54647435897436
1360640545.859,3984.375
1360640545.795,2886.71875
1360640545.858,456.6200657894737
1360640545.858,3734.375
1360640545.922,269.375
1360640545.986,3786.4583333333335
1360640545.986,1000.8445945945945
1360640545.986,5695.3125
1360640546.049,4875.0
1360640546.049,116.22431506849315
1360640546.113,7875.0
1360640546.113,286.0243055555556
1360640546.113,2576.8407534246576
1360640546.113,702.5240384615385
1360640546.176,8437.5
1360640546.345,264.70588235294116
1360640546.345,561.0119047619048
1360640541.673,47338.6524822695
1360640541.86,3381.971153846154
1360640541.86,19618.88586956522
1360640541.863,361.77884615384613
1360640541.863,36398.86675824176
1360640541.863,465.86538461538464
1360640541.863,826.4423076923076
1360640541.863,28737.46565934066
1360640541.863,465.86538461538464
1360640546.469,4750.0
1360640541.861,1138.3605072463768
1360640541.861,466.34615384615387
1360640547.104,107.73026315789473
1360640547.168,3690.340909090909
1360640539.037,1143.726145038168
1360640542.876,952.8061224489795
1360640544.962,589.7606382978723
1360640546.175,1040.0
1360640540.793,625.0982704402516
1360640548.87,6168.143656716418
1360640548.87,9112.82169117647
1360640548.79,3576.7045454545455
1360640548.79,7708.639705882353
1360640541.619,47185.11363636364
1360640549.743,368.7279929577465
1360640549.87,103.26597744360902
1360640550.707,442.6751592356688
1360640548.872,8096.875000000001
1360640548.872,12396.875
1360640548.872,1561.0795454545455
1360640548.872,7785.361842105262
1360640548.872,38062.5
1360640548.871,11406.25
1360640548.871,8984.375
1360640549.123,14549.278846153848
1360640549.123,30562.5
1360640549.122,1822.1153846153845
1360640549.122,4867.1875
1360640549.186,22050.223214285714
1360640549.185,4867.1875
1360640550.171,6534.090909090909
1360640550.107,1360.4166666666665
1360640550.994,15265.625
1360640551.057,20130.208333333332
1360640550.991,13187.5
1360640551.221,3432.2916666666665
1360640548.749,42395.833333333336
1360640548.748,8970.3125
1360640548.748,39169.034090909096
1360640548.748,12003.125
1360640549.001,17613.839285714286
1360640549.0,4867.1875
1360640549.127,6937.5
1360640549.91,3364.5833333333335
1360640549.91,57562.5
1360640549.972,7187.5
1360640550.535,10104.166666666666
1360640550.729,14400.390625
1360640550.708,13642.578125
1360640550.77,15023.4375
1360640550.962,1679.6875
1360640550.003,58994.791666666664
1360640550.374,14209.375
1360640550.373,55716.517857142855
1360640549.38,160968.75
1360640549.954,70936.5234375
1360640550.334,73177.08333333333
1360640550.334,4445.3125
1360640558.595,4281.25
1360640558.913,7822.916666666667
1360640559.585,6706.25
1360640559.383,17640.625
1360640559.319,150.06510416666666
1360640559.508,34851.5625
1360640558.86,23796.875
1360640595.806,69.64285714285714
1360640597.942,2242.1875
1360640598.006,3437.5
1360640597.853,2242.1875
1360640597.913,2625.0
1360640603.999,228.06490384615387
1360640601.555,407.8663793103448
1360640601.813,2179.6875
1360640603.386,838.5416666666666
1360640603.986,232.53676470588235
1360640600.4,3254.261363636364
1360640600.973,1478.515625
1360640607.203,1976.5625
1360640604.394,157.3329207920792
1360640607.936,2737.5
1360640603.647,17124.1238317757
1360640603.647,22551.98598130841
1360640607.999,317.30769230769226
1360640603.643,24333.382009345794
1360640607.867,289.2530487804878
1360640601.392,1007.9225352112675
1360640609.263,717.3295454545454
1360640605.47,100.36057692307693
1360640610.837,25421.875
1360640610.9,14265.625
1360640598.035,19.921875
1360640603.564,20973.71495327103
1360640603.564,24869.88901869159
1360640603.564,22768.691588785045
1360640603.945,86.63366336633663
1360640604.262,298.828125
1360640608.485,2866.431451612903
1360640608.612,9500.0
1360640600.931,278.71621621621625
1360640601.313,1081.6461267605634
1360640601.441,2388.28125
1360640609.056,92.44791666666667
1360640601.44,1040.804856115108
1360640609.439,16437.5
1360640597.947,19.921875
1360640597.818,19.4359756097561
1360640603.258,1853.9341517857142
1360640612.115,53.85044642857143
1360640618.179,2156.25
1360640618.178,2156.25
1360640601.967,164.24209770114942
1360640600.708,1367.0572916666665
1360640604.321,5619.86301369863
1360640607.558,13894.53125
1360640617.749,12.037037037037036
1360640617.748,12.037037037037036
1360640624.113,3539.0625
1360640617.932,12.126865671641792
1360640607.94,6035.4729729729725
1360640608.003,9768.075980392156
1360640608.003,23187.5
1360640608.003,16812.922297297297
1360640608.761,110165.36458333333
1360640609.077,19587.139423076922
1360640609.077,3184.2672413793107
1360640609.077,2819.444444444445
1360640609.076,11078.125
1360640609.056,14656.25
1360640609.056,14859.375
1360640609.055,18125.0
1360640609.369,123085.9375
1360640609.497,55020.833333333336
1360640609.497,22734.375
1360640610.489,6959.821428571428
1360640610.489,6959.821428571428
1360640610.805,5992.1875
1360640610.805,6065.104166666667
1360640610.803,5992.1875
1360640611.184,29520.833333333332
1360640611.184,12125.0
1360640611.119,3214.0625
1360640611.183,12125.0
1360640611.309,60859.375
1360640607.888,7527.1875
1360640607.887,15485.197368421053
1360640608.833,5201.069078947368
1360640608.96,14625.0
1360640608.96,2916.6666666666665
1360640608.959,26167.410714285714
1360640608.959,18233.173076923078
1360640608.959,36372.5
1360640608.959,12107.862903225807
1360640608.959,2344.618055555555
1360640609.022,32862.132352941175
1360640609.501,9445.3125
1360640609.881,3171.875
1360640609.941,5148.4375
1360640610.36,5510.416666666667
1360640610.68,6065.104166666667
1360640610.68,6065.104166666667
1360640610.675,6065.104166666667
1360640611.185,17921.875
1360640611.37,39015.625
1360640611.054,12125.0
1360640611.18,60859.375
1360640608.236,16662.5
1360640608.68,160968.75
1360640612.231,136656.25
1360640612.799,10706.25
1360640612.799,45992.1875
1360640612.111,8802.989130434784
1360640612.616,5296.875
1360640638.938,3539.0625
1360640625.817,11375.0
1360640625.443,6421.875
1360640654.026,3539.0625
1360640660.457,94.49404761904762
1360640608.679,3596.492583436341
1360640607.523,2764.715909090909
1360640660.313,3437.5
1360640660.313,3437.5
1360640608.409,3703.2212130541875
1360640660.376,4484.375
1360640608.6,3014.195766378245
1360640660.376,99.21875
1360640608.916,7026.502179327522
1360640665.259,23.55072463768116
1360640665.245,24.253731343283583
1360640669.018,3132.8125
1360640684.117,3132.8125
1360640685.258,2156.25
1360640685.257,2156.25
1360640678.113,6.040892193308551
1360640678.744,5.866425992779783
1360640714.759,7078.125
1360640728.714,3132.8125
1360640743.736,3539.0625
1360640758.692,7078.125
1360640773.616,3539.0625
1360640759.132,30906.25
1360640782.758,11140.625
1360640782.351,5929.6875
1360640782.536,5281.25
1360640783.905,2359.375
1360640783.786,3166.6666666666665
1360640788.688,3539.0625
1360640784.7,242.08333333333334
1360640784.763,141.89877717391306
1360640784.826,47.119140625
1360640785.271,71.82173295454545
1360640782.927,59.13765822784811
1360640783.8,1036.6950757575758
1360640784.181,103.67838541666667
1360640784.943,110.76388888888889
1360640782.598,44.97549019607843
1360640782.663,2421.875
1360640783.04,11262.867647058823
1360640783.359,555.560947204969
1360640783.293,3734.375
1360640783.292,4126.201923076924
1360640783.523,9039.0625
1360640783.649,9196.42857142857
1360640783.649,5510.416666666667
1360640782.037,15329.861111111111
1360640782.478,20401.47569444444
1360640782.859,3624.080882352941
1360640783.302,53652.34375
1360640783.088,233.33333333333334
1360640783.404,4439.453125
1360640783.471,7712.890625
1360640783.341,17937.5
1360640783.468,4735.416666666667
1360640803.672,7078.125
1360640783.005,2658.8541666666665
1360640784.214,42125.0
1360640784.214,42890.625
1360640784.213,6343.75
1360640784.213,3105.46875
1360640784.212,3105.46875
1360640784.651,10296.875
1360640784.777,5101.5625
1360640785.45,4866.477272727272
1360640785.703,78781.25
1360640785.765,133585.9375
1360640785.765,75601.5625
1360640785.765,111382.8125
1360640784.083,41718.75
1360640784.018,17406.25
1360640784.082,8091.517857142858
1360640784.081,1030.048076923077
1360640784.081,3105.46875
1360640784.081,3105.46875
1360640784.081,7320.3125
1360640784.08,9140.625
1360640784.143,5539.0625
1360640784.519,6942.708333333333
1360640784.519,32317.708333333336
1360640784.627,140586.4583333333
1360640785.637,10093.75
1360640785.637,68328.125
1360640785.637,91960.9375
1360640785.022,160968.75
1360640790.433,85.01344086021504
1360640832.578,69.29347826086956
1360640833.271,74.70703125
1360640834.583,3539.0625
1360640834.583,2242.1875
1360640834.646,3437.5
1360640834.646,3437.5
1360640841.721,11.861313868613138
1360640842.642,10.906040268456376
1360640863.498,3953.125
1360640856.069,5929.6875
1360640856.195,5281.25
1360640857.465,133.25140449438203
1360640857.953,5651.041666666667
1360640858.387,2341.5178571428573
1360640859.064,689.2556179775281
1360640864.045,2365.625
1360640861.183,141.41949152542375
1360640869.756,1976.5625
1360640860.346,256.9444444444444
1360640870.032,11109.375
1360640855.623,1393.4403153153155
1360640856.754,452.7915396341464
1360640864.41,68291.82692307692
1360640873.176,1112.3383620689656
1360640873.43,40828.125
1360640857.174,10691.812094155845
1360640873.62,12026.041666666666
1360640873.747,15579.719387755102
1360640873.747,1946.875
1360640873.811,19964.84375
1360640873.811,3570.3125
1360640873.806,1020.5078125
1360640877.648,4750.0
1360640877.648,4750.0
1360640874.0,13327.414772727274
1360640874.127,12325.148809523811
1360640874.191,23332.03125
1360640874.365,5778.645833333333
1360640874.556,3570.3125
1360640874.555,2380.2083333333335
1360640858.616,49.13072183098591
1360640878.518,3000.0
1360640874.998,1503.125
1360640871.339,503.08866279069764
1360640879.273,1597.470238095238
1360640856.712,131.78913738019168
1360640856.835,4540.464743589743
1360640857.093,17482.5487012987
1360640857.093,10404.829545454544
1360640857.092,14771.712662337663
1360640857.092,431.49038461538464
1360640873.665,1198.2421875
1360640873.664,8044.270833333334
1360640877.563,4536.458333333333
1360640874.045,1079.2151162790697
1360640877.565,4718.75
1360640877.629,3843.75
1360640877.629,9003.90625
1360640874.236,19339.84375
1360640874.216,1185.267857142857
1360640874.471,3570.3125
1360640874.471,3570.3125
1360640874.47,2380.2083333333335
1360640858.534,90.95394736842105
1360640878.052,8652.34375
1360640874.91,2380.2083333333335
1360640878.746,9011.71875
1360640871.256,176.23546511627907
1360640876.312,8398.4375
1360640877.606,370.35472972972974
1360640873.894,1619.7916666666667
1360640871.267,1969.3859011627908
1360640871.266,1660.6104651162789
1360640876.576,2698.263888888889
1360640873.117,2838.267543859649
1360640877.596,265.83614864864865
1360640873.691,148.76302083333334
1360640873.691,149.73958333333334
1360640873.946,1024.5028409090908
1360640871.248,2509.0042372881353
1360640856.097,271.25489556135767
1360640884.624,2296.875
1360640881.1,595.5703883495146
1360640873.227,1259.3537414965988
1360640881.227,238.21271929824562
1360640881.291,20546.875
1360640881.291,12929.6875
1360640873.733,4047.2222222222226
1360640881.861,4925.78125
1360640877.635,238.59797297297297
1360640877.697,99.4140625
1360640886.207,10234.375
1360640874.495,1599.7205284552845
1360640886.38,12265.625
1360640874.858,95.40142276422763
1360640874.858,86.0010162601626
1360640874.794,280.7203389830508
1360640883.176,884.765625
1360640883.176,880.859375
1360640874.92,1298.796106557377
1360640875.302,272.35991379310343
1360640875.366,1632.608695652174
1360640883.812,1722.65625
1360640884.321,4339.84375
1360640884.796,3648.4375
1360640881.209,20140.625
1360640881.209,20546.875
1360640881.209,20140.625
1360640881.209,20640.625
1360640873.267,114.15816326530611
1360640881.716,14265.625
1360640881.843,1853.125
1360640877.551,811.2331081081081
1360640877.55,90.0390625
1360640877.554,128.16722972972974
1360640877.553,1958.59375
1360640874.198,477.1825396825397
1360640886.168,9929.6875
1360640882.648,20878.90625
1360640877.848,1397.4184782608697
1360640882.647,4260.416666666667
1360640877.911,322.2128378378378
1360640874.774,95.52845528455285
1360640874.774,121.0619918699187
1360640883.219,1869.7916666666667
1360640883.283,2381.6964285714284
1360640875.218,1602.6589912280701
1360640887.856,10203.125
1360640871.289,6933.699324324324
1360640871.351,6364.051870748299
1360640871.351,2603.954081632653
1360640881.198,375.60876623376623
1360640871.296,6923.575680272108
1360640881.832,43.10897435897436
1360640881.185,270.05208333333337
1360640881.819,146.3815789473684
1360640881.819,930.0480769230769
1360640887.911,1896.2264150943395
1360640873.301,1639.5188053097345
1360640873.285,10802.298553719009
1360640873.515,13231.496710526315
1360640873.768,12470.703125
1360640876.951,230.79427083333334
1360640876.931,230.79427083333334
1360640877.184,897.0734126984127
1360640877.716,16522.002551020407
1360640877.908,351.806640625
1360640877.968,1478.515625
1360640604.318,137111.11111111112
1360640880.404,66218.75
1360640880.783,17196.428571428572
1360640881.161,6177.083333333333
1360640881.209,6468.039772727272
1360640881.209,3161.71875
1360640881.144,6009.191176470588
1360640881.208,296.5625
1360640881.208,16451.171875
1360640881.398,7717.1875
1360640881.398,6193.75
1360640881.398,6298.4375
1360640881.839,8722.426470588236
1360640881.838,9233.3984375
1360640881.965,1875.0
1360640881.963,1875.0
1360640882.405,1550.78125
1360640882.95,30148.4375
1360640881.287,134472.65625
1360640882.106,8572.172619047618
1360640882.102,8539.434523809523
1360640882.275,5612.215909090909
1360640882.275,6259.375
1360640882.717,6866.2109375
1360640882.715,10160.15625
1360640882.715,8315.257352941177
1360640882.904,7766.927083333333
1360640883.347,1734.375
1360640883.831,65734.375
1360640883.957,86049.21875
1360640882.366,5909.375
1360640884.218,90541.66666666667
1360640881.88,90125.0
1360640881.879,7559.895833333333
1360640882.202,3968.75
1360640882.31,44449.21875
1360640882.501,125.0
1360640882.69,53656.25
1360640884.949,867.4045138888888
1360640885.255,1807.2916666666667
1360640886.308,334078.125
1360640885.333,4525.240384615385
1360640886.029,525296.875
1360640886.157,153914.0625
1360640886.155,50734.375
1360640886.102,57437.5
1360640890.615,4520.833333333333
1360640891.74,10859.375
1360640913.0,3539.0625
1360640924.438,1494.7916666666667
1360640924.372,2414.0625
1360640924.372,1494.7916666666667
1360640873.647,2978.6556603773583
1360640924.3,1494.7916666666667
1360640927.944,7078.125
1360640882.032,11337.911308623297
1360640942.896,3539.0625
1360640947.873,2156.25
1360640946.521,13765.625
1360640947.787,2156.25
1360640869.801,1576.3744322482967
1360640956.791,5121.228448275862
1360640956.855,4642.857142857143
1360640956.855,7497.209821428572
1360640956.854,3754.934210526316
1360640956.854,5020.454545454546
1360640957.171,4376.953125
1360640954.578,1971.3541666666667
1360640955.086,62873.75
1360640955.085,31372.5
1360640955.085,77533.75
1360640956.711,3460.9375
1360640956.711,2983.004385964912
1360640956.711,4161.458333333333
1360640956.71,3617.1875
1360640956.71,5301.136363636363
1360640956.71,4276.041666666667
1360640957.589,6385.416666666667
1360640954.877,11140.625
1360640955.004,60847.5
1360640955.191,5479.166666666667
1360640959.474,1972.65625
1360640956.755,15301.983173076924
1360640956.755,18553.549757281555
1360640962.795,179106.25
1360640963.303,6520.647321428572
1360640963.302,1437.5
1360640963.302,1437.5
1360640963.302,1437.5
1360640963.43,4548.491379310345
1360640963.43,6231.481481481482
1360640963.361,8083.333333333334
1360640958.817,667.8571428571428
1360640967.583,7250.0
1360640968.349,11140.625
1360640959.772,123674.17279411765
1360640964.805,21864.583333333332
1360640964.804,16171.875
1360640963.127,7890.625
1360640963.288,7644.097222222223
1360640963.352,4243.990384615385
1360640963.352,3664.496527777778
1360640963.224,1437.5
1360640963.351,4176.682692307692
1360640963.351,4368.990384615385
1360640963.351,8344.429347826088
1360640963.351,5441.1057692307695
1360640966.743,13916.666666666666
1360640966.932,13416.666666666666
1360640965.101,580.7658450704225
1360640965.09,12223.151408450703
1360640956.817,1597.0149253731342
1360640956.77,6315.453980099503
1360640956.77,4736.473880597015
1360640964.893,283.10032894736844
1360640969.691,5588.541666666667
1360640969.691,2225.669642857143
1360640969.626,7632.482394366197
1360640969.626,3973.9583333333335
1360640969.626,3468.75
1360640969.685,5333.333333333333
1360640973.464,863.6363636363636
1360640965.719,1398.565573770492
1360640965.846,568.9036885245902
1360640970.326,2918.9453125
1360640970.385,269.0677966101695
1360640973.908,4444.921875
1360640970.323,19437.184343434343
1360640970.387,71025.0
1360640970.387,155.45550847457625
1360640970.514,1459.8214285714287
1360640974.268,5052.083333333333
1360640974.14,3789.0625
1360640958.076,3138.1215469613257
1360640958.076,1880.8701657458564
1360640958.075,3206.4053867403313
1360640970.811,132.51201923076923
1360640958.139,2982.993784530387
1360640958.138,2126.8991712707184
1360640954.554,115.98557692307693
1360640974.33,5182.291666666667
1360640958.202,2115.67679558011
1360640954.613,7874.332264957265
1360640974.647,3884.375
1360640958.454,2051.2251420454545
1360640958.454,1399.236505681818
1360640958.454,1620.3835227272727
1360640958.454,2233.487215909091
1360640958.513,1933.5714285714284
1360640958.513,1229.2857142857142
1360640958.513,1928.2142857142856
1360640958.58,287.71551724137936
1360640954.996,2610.1973684210525
1360640974.963,970.108695652174
1360640974.835,4875.0
1360640971.699,393.4659090909091
1360640975.027,4438.125
1360640971.699,361.5056818181818
1360640974.899,784.5052083333334
1360640975.089,9925.78125
1360640958.96,645.3031437125748
1360640972.207,643.2291666666666
1360640964.335,8712.842987804877
1360640972.335,653.7828947368422
1360640968.428,14078.125
1360640976.172,6023.4375
1360640972.626,744.140625
1360640956.69,1301.4614427860695
1360640956.689,839.609375
1360640956.689,17341.8065920398
1360640972.878,951.0416666666666
1360640969.546,167.03345070422534
1360640969.546,2116.417253521127
1360640969.546,3473.9583333333335
1360640953.225,900.9777607361963
1360640969.545,813.8204225352113
1360640965.637,1783.2991803278687
1360640973.7,5384.447674418604
1360640970.243,35376.82291666667
1360640970.307,105140.625
1360640970.242,5447.916666666667
1360640970.306,156.77966101694915
1360640970.306,1310.9110169491526
1360640970.306,1884.375
1360640974.017,2161.739864864865
1360640974.145,4450.892857142857
1360640957.997,1586.757596685083
1360640974.189,8064.732142857142
1360640957.933,1240.6767955801106
1360640954.476,180.1509533898305
1360640958.124,1083.3908839779006
1360640957.995,3517.6104972375692
1360640957.995,1176.3392857142858
1360640958.059,2390.8839779005525
1360640958.058,2252.7624309392268
1360640971.239,5664.772727272728
1360640954.919,53.111293859649116
1360640971.303,587.5
1360640971.366,537.828947368421
1360640958.374,1684.4815340909092
1360640958.433,957.4353448275862
1360640958.433,1772.8987068965519
1360640971.553,1247.65625
1360640974.821,784.5052083333334
1360640964.256,5710.746951219512
1360640958.814,643.3062130177515
1360640969.644,705.3257042253521
1360640969.707,397.7678571428571
1360640969.835,368.10661764705884
1360640969.835,10300.464527027027
1360640969.899,1516.0914179104477
1360640969.898,240.4384328358209
1360640970.41,1206.832627118644
1360640970.409,6530.985169491525
1360640970.409,3638.241525423729
1360640969.702,305.13392857142856
1360640969.826,9708.639705882353
1360640969.826,531.25
1360640969.826,1316.40625
1360640969.889,149.0205223880597
1360640969.889,1815.7649253731342
1360640970.4,1175.052966101695
1360640970.4,1201.271186440678
1360640967.318,3136.3901869158876
1360640954.303,541.8511580381471
1360640984.568,3973.9583333333335
1360640984.567,3786.4583333333335
1360640976.887,2353.515625
1360640984.694,4960.9375
1360640977.077,251.48809523809524
1360640977.393,2605.46875
1360640977.389,1777.34375
1360640981.358,9500.0
1360640977.837,2859.375
1360640977.837,3343.75
1360640973.485,6344.460227272728
1360640977.9,15421.875
1360640978.345,13851.5625
1360640970.345,46266.17566079296
1360640981.672,6250.0
1360640971.411,3415.3988486842104
1360640971.411,10531.325483091789
1360640974.674,161.59018987341773
1360640971.346,10085.086633663366
1360640982.609,14296.875
1360640971.664,6694.444444444444
1360640974.926,2042.708333333333
1360640982.542,4640.625
1360640979.854,4651.041666666667
1360640971.918,115.57334710743801
1360640980.045,9143.229166666666
1360640971.98,6024.68487394958
1360640972.362,1756.7754424778761
1360640983.173,6156.25
1360640984.133,7960.9375
1360640984.321,7726.5625
1360640984.325,5703.125
1360640984.325,5976.5625
1360640984.325,7070.3125
1360640984.516,2833.3333333333335
1360640984.516,3755.2083333333335
1360640984.643,3854.1666666666665
1360640976.642,3191.7317708333335
1360640984.75,14937.5
1360640972.845,132.0754716981132
1360640976.687,159.7576530612245
1360640981.099,11703.125
1360640973.417,103.15688775510203
1360640977.958,17953.125
1360640973.606,5262.462797619048
1360640978.086,3013.0208333333335
1360640978.275,21695.3125
1360640970.275,42839.95126146789
1360640981.73,9906.25
1360640978.53,16250.0
1360640978.525,3343.75
1360640978.525,2859.375
1360640981.789,11125.0
1360640978.593,6429.6875
1360640981.856,11250.0
1360640981.919,5367.1875
1360640982.046,7421.875
1360640974.489,123.64969135802468
1360640979.228,14906.25
1360640974.556,287.109375
1360640974.62,143.4659090909091
1360640979.1,1634.837962962963
1360640971.27,12565.052599009901
1360640971.269,8409.160539215685
1360640971.333,11679.6875
1360640971.333,11931.980721393036
1360640971.332,15966.956967213115
1360640979.268,1878.90625
1360640971.459,190.6001984126984
1360640974.723,2100.416666666667
1360640971.65,112.90322580645162
1360640972.094,556.0344827586207
1360640980.411,7843.75
1360640983.483,22578.125
1360640983.801,9500.0
1360640983.801,7597.65625
1360640984.056,14046.875
1360640984.248,6380.208333333333
1360640984.376,4239.583333333333
1360640973.553,577.1381578947369
1360640976.879,5072.222222222222
1360640977.001,1814.3168604651164
1360640973.161,546.7202970297029
1360640973.991,176.49147727272725
1360640971.43,1424.7596153846155
1360640974.885,16752.89351851852
1360640976.729,15437.83244680851
1360640976.792,4382.133152173913
1360640976.792,3339.673913043478
1360640976.792,2703.804347826087
1360640976.792,5384.171195652174
1360640976.856,5482.63888888889
1360640984.781,6507.8125
1360640984.777,3526.0416666666665
1360640984.781,6992.1875
1360640984.78,1216.3461538461538
1360640984.78,107.39715189873418
1360640985.606,6429.6875
1360640985.605,5898.4375
1360640985.605,7289.0625
1360640985.732,214.28571428571428
1360640986.114,121.24208860759494
1360640983.714,1198.0698529411764
1360640984.289,260.9953703703703
1360640985.021,4468.75
1360640985.654,6057.291666666667
1360640970.227,24864.342206790123
1360640986.353,3739.5833333333335
1360640974.192,130.39921465968587
1360640971.287,9071.494222689076
1360640984.204,197.19145569620252
1360640984.204,301.93014705882354
1360640984.268,226.27314814814815
1360640971.67,267.85714285714283
1360640971.985,468.75
1360640971.473,234.375
1360640972.878,146.32701421800948
1360640973.986,13234.615384615385
1360640972.757,312.5
1360640993.083,3539.0625
1360640981.68,17638.791079812207
1360640978.713,21384.067062043792
1360640970.968,22697.630494505494
1360640970.968,17054.82594936709
1360640970.978,11378.13293147208
1360640970.914,25380.96668956044
1360640977.63,28906.25
1360640977.629,10110.795454545456
1360640980.632,11979.166666666666
1360640980.695,10093.75
1360640977.361,1310.223509933775
1360640977.678,3587.0535714285716
1360640979.4,58578.125
1360640979.399,28031.25
1360640979.399,31197.916666666668
1360640979.526,53656.25
1360640977.574,46156.25
1360640977.574,40646.484375
1360640979.108,27031.25
1360640979.344,72250.0
1360640979.344,67010.41666666667
1360640979.344,5526.5625
1360640980.676,172765.625
1360640980.676,162562.5
1360640978.507,2156.25
1360640978.507,9660.037878787878
1360640979.013,20032.894736842107
1360640979.013,460.17287234042556
1360640980.386,9062.5
1360640977.787,25.049603174603178
1360640978.962,5031.25
1360640978.834,2830.7291666666665
1360640980.643,20369.791666666668
1360640984.539,2118.1640625
1360640984.727,6546.875
1360640984.791,9890.625
1360640981.329,5395.833333333333
1360640984.378,77187.5
1360640981.221,646.756329113924
1360640982.542,681.15234375
1360640983.748,249.58881578947367
1360640984.127,10846.875
1360640984.665,8789.0625
1360640984.128,16234.375
1360641008.109,7078.125
1360640985.556,49.709915611814345
1360640986.637,148553.564453125
1360640984.83,3875.0
1360640985.579,32.89473684210526
1360640985.554,14218.75
1360640985.809,29234.375
1360640987.11,51.7515923566879
1360640986.253,30765.625
1360640986.314,33352.430555555555
1360641014.329,781.25
1360641014.146,781.25
1360641014.273,4484.375
1360641010.793,65.74292452830188
1360641014.391,203.125
1360640972.254,3635.930386949924
1360640993.315,6203.125
1360640993.378,17875.0
1360641023.289,7078.125
1360641032.295,2156.25
1360641007.762,15.723892405063292
1360641038.475,3539.0625
1360641017.222,67.75700934579439
1360640978.15,2555.6026137463696
1360641043.443,73.5576923076923
1360641053.519,1315.1041666666667
1360641051.971,11.77536231884058
1360641037.787,15.773809523809524
1360641068.436,7078.125
1360641083.326,1769.53125
1360641067.756,15.773809523809524
1360641098.423,7078.125
1360641113.467,7078.125
1360641097.572,61.78707224334601
1360641097.695,15.824044585987261
1360641128.427,3539.0625
1360641143.465,3539.0625
1360641127.632,15.723892405063292
1360641158.408,3539.0625
1360640856.706,77835.3515625
1360641173.355,7078.125
1360641158.388,19.008757961783438
1360641188.407,3539.0625
1360641178.045,85.07853403141362
1360641188.454,15.723892405063292
1360641218.404,3539.0625
1360641233.468,2359.375
1360641218.509,15.723892405063292
1360641248.389,7078.125
1360641263.383,7078.125
1360641247.565,15.773809523809524
1360641278.329,3539.0625
1360641259.104,9000.0
1360641293.227,7078.125
1360641278.453,15.824044585987261
1360641323.264,3539.0625
1360641308.461,15.874600638977638
1360641338.273,7078.125
1360641353.042,1315.1041666666667
1360641338.177,15.824044585987261
1360641367.955,3539.0625
1360641383.072,707.8125
1360641368.117,15.723892405063292
1360641398.17,7078.125
1360641413.011,3539.0625
1360641398.197,15.773809523809524
1360641428.13,7078.125
1360641443.141,3539.0625
1360641427.958,15.773809523809524
1360641458.097,3539.0625
1360641473.227,7078.125
1360641477.771,11109.375
1360641477.442,2957.03125
1360641457.721,14.03061224489796
1360641477.613,45041.33522727273
1360641482.332,1314.236111111111
1360641482.396,25961.566091954024
1360641482.903,5554.6875
1360641475.384,1348.6242711370262
1360641477.297,128.6706349206349
1360641497.796,4614.583333333333
1360641497.859,5963.541666666667
1360641497.859,7937.5
1360641498.05,4406.25
1360641498.109,13062.5
1360641498.049,9463.8671875
1360641497.651,55115.625
1360641499.315,197617.1875
1360641497.715,6312.5
1360641499.675,60515.625
1360641499.928,14718.75
1360641499.992,14843.75
1360641500.626,3921.875
1360641500.626,1407.8125
1360641500.813,1822.0108695652173
1360641497.712,6932.291666666667
1360641497.775,4442.708333333333
1360641497.775,4916.666666666667
1360641497.903,7492.1875
1360641497.902,11476.5625
1360641497.965,12255.208333333334
1360641497.961,11523.4375
1360641498.028,12833.333333333334
1360641501.866,2138.3928571428573
1360641497.128,1971.3541666666667
1360641497.255,105417.96875
1360641497.506,135.95545977011494
1360641497.57,7296.875
1360641497.634,11390.625
1360641497.57,8710.9375
1360641497.633,11515.625
1360641499.424,14703.125
1360641499.487,14828.125
1360641499.359,12671.875
1360641499.55,13500.0
1360641499.781,9281.25
1360641499.783,12687.5
1360641499.974,60921.875
1360641500.543,4750.0
1360641477.292,365.2289944903581
1360641477.864,65.31418010752688
1360641501.824,108.97435897435898
1360641501.823,108.97435897435898
1360641501.743,108.97435897435898
1360641497.573,1187.6092657342658
1360641500.758,28.81170382165605
1360641503.625,175.45391061452514
1360641497.696,6671.875
1360641497.695,16400.0
1360641497.534,392.2574626865671
1360641497.597,48476.5625
1360641498.406,80484.375
1360641501.254,31113.486842105263
1360641501.254,93828.125
1360641501.254,67049.10714285714
1360641501.432,170362.84722222222
1360641501.185,36921.875
1360641501.185,63109.375
1360641501.185,44071.875
1360641501.376,40937.5
1360641501.375,110839.84375
1360641500.788,208.73015873015873
1360641500.788,300.39682539682536
1360641499.866,11272.727272727274
1360641500.538,8421.875
1360641500.657,164.73214285714286
1360641517.472,101.19047619047619
1360641502.337,4036.458333333333
1360641503.792,229.10714285714286
1360641544.149,1694.1964285714287
1360641544.341,1865.625
1360641544.596,5570.3125
1360641533.817,107.59493670886076
1360641545.319,8397.32142857143
1360641549.762,4472.65625
1360641549.949,38015.625
1360641545.337,5203.125
1360641545.461,15414.0625
1360641546.931,10960.9375
1360641545.586,6648.4375
1360641547.122,3222.65625
1360641547.439,3394.53125
1360641547.438,4750.0
1360641533.453,14.023851590106007
1360641544.332,343.75
1360641549.451,9179.6875
1360641545.014,2770.8333333333335
1360641545.204,14687.5
1360641548.051,5406.25
1360641548.243,9720.703125
1360641548.37,4695.3125
1360641551.824,2371.875
1360641548.852,10269.23076923077
1360641527.145,17.105263157894736
1360641549.929,535.3515625
1360641549.929,299.0234375
1360641550.918,2972.537878787879
1360641550.855,386.9140625
1360641550.855,442.7734375
1360641550.855,653.515625
1360641547.832,226.13188976377953
1360641546.427,89.53373015873017
1360641552.03,1169.921875
1360641552.156,1145.1171875
1360641561.553,2156.25
1360641545.232,669.034090909091
1360641563.079,60622.395833333336
1360641556.477,10.620915032679738
1360641545.102,12703.125
1360641545.356,27917.763157894737
1360641545.1,2783.0459770114944
1360641545.358,8469.572368421053
1360641544.917,20547.050561797754
1360641545.043,5489.762931034483
1360641545.043,14934.765625
1360641544.85,1095.5636160714287
1360641545.032,21373.798076923078
1360641542.974,2516.7236328125
1360641544.278,252.58027522935777
1360641545.281,4734.375
1360641546.66,61584.82142857143
1360641546.659,49747.767857142855
1360641546.659,101796.875
1360641546.786,135968.75
1360641547.039,54593.75
1360641548.109,43576.704545454544
1360641548.424,52346.354166666664
1360641548.679,37454.1015625
1360641548.933,9808.59375
1360641549.812,6373.883928571428
1360641546.603,72817.70833333333
1360641549.802,41379.16666666667
1360641548.24,20140.22435897436
1360641548.367,36598.958333333336
1360641548.74,3500.0
1360641545.908,223.90988372093022
1360641546.095,38.45872365339578
1360641547.836,4513.75
1360641547.899,27.71670854271357
1360641547.899,133.26059850374065
1360641547.963,17.1205919395466
1360641548.154,44.45590101522843
1360641548.763,613.3824481865286
1360641546.413,169.1527446300716
1360641546.833,4023.399758454106
1360641547.086,2227.1341463414633
1360641547.086,1119.6897921760392
1360641547.086,1059.6417682926829
1360641547.086,4538.011919315403
1360641547.591,233.7890625
1360641547.781,28.972989949748744
1360641548.097,27.19465648854962
1360641549.009,134.68198992443325
1360641550.271,243.3813672922252
1360641570.404,185.01420454545456
1360641562.91,34.33641975308642
1360641547.1,9717.298288508557
1360641564.355,1075.0679347826087
1360641564.355,766.1830357142857
1360641564.355,324.66517857142856
1360641564.609,63.425925925925924
1360641576.192,20171.875
1360641571.391,126.42045454545456
1360641571.39,272.3721590909091
1360641571.706,1135.8173076923076
1360641571.706,2590.116279069767
1360641563.832,7179.880401234568
1360641563.959,1327.6515151515152
1360641565.268,469.3080357142857
1360641565.268,602.7901785714286
1360641565.268,812.9496402877699
1360641565.206,1112.8348214285716
1360641565.27,983.2427536231884
1360641565.27,461.16071428571433
1360641565.906,81.73076923076923
1360641565.904,52.20445736434109
1360641550.691,94.4777397260274
1360641550.69,78.16780821917808
1360641546.389,6235.759032634032
1360641562.711,6615.763888888889
1360641580.221,9899.739583333334
1360641580.475,7384.191176470588
1360641580.475,14397.248641304348
1360641580.475,37926.64473684211
1360641589.238,170.41015625
1360641582.851,1697.265625
1360641581.399,15171.699438202246
1360641581.844,979.7453703703703
1360641590.097,1689.732142857143
1360641590.54,11109.375
1360641569.081,7817.708333333333
1360641569.733,7395.833333333333
1360641572.93,1236.5552325581396
1360641572.93,24812.5
1360641573.245,3666.6666666666665
1360641573.348,1970.4427083333333
1360641576.999,113.64778820375335
1360641576.998,433.3528820375335
1360641597.988,6718.75
1360641573.924,139.8084916864608
1360641598.114,9856.104651162792
1360641574.05,10954.8031026253
1360641574.05,86.5900954653938
1360641598.241,6171.875
1360641598.366,2488.28125
1360641574.744,230.69852941176472
1360641574.744,141.812193627451
1360641598.803,5937.5
1360641598.743,20140.625
1360641574.743,136.22089460784315
1360641574.743,200.59742647058823
1360641599.296,425.1302083333333
1360641571.515,10605.929312227074
1360641600.25,11804.6875
1360641588.984,401.18243243243245
1360641588.984,358.1081081081081
1360641589.174,113.83928571428571
1360641600.502,14468.75
1360641600.693,13328.125
1360641600.757,10734.375
1360641597.429,34703.125
1360641597.615,18475.625
1360641597.615,4812.818877551021
1360641576.946,26.30697050938338
1360641597.937,24796.875
1360641577.981,26.377688172043012
1360641590.909,46.047794117647065
1360641598.975,1740.7670454545455
1360641590.91,40.716911764705884
1360641599.038,7648.4375
1360641574.91,241.8154761904762
1360641599.037,23002.604166666668
1360641599.037,359.7383720930232
1360641599.037,6914.0625
1360641599.037,4750.0
1360641599.29,4114.583333333333
1360641599.289,3661.4583333333335
1360641599.478,506.51041666666663
1360641575.666,170.61121323529412
1360641575.666,210.24816176470588
1360641575.666,211.47365196078434
1360641575.666,204.96323529411765
1360641600.236,9500.0
1360641597.652,590.909090909091
1360641581.586,472.9662698412698
1360641589.905,358.02364864864865
1360641589.905,70.10135135135135
1360641589.905,398.4375
1360641589.905,401.0135135135135
1360641589.905,357.60135135135135
1360641601.616,11406.25
1360641590.159,56.802486187845304
1360641590.222,46.70138888888889
1360641601.613,15421.875
1360641601.613,11953.125
1360641577.421,132.2779605263158
1360641601.677,5953.125
1360641598.539,2482.1428571428573
1360641598.539,854.2729591836735
1360641598.539,41685.0
1360641598.539,2307.716836734694
1360641577.044,18.006350267379677
1360641598.616,352.2727272727273
1360641599.191,3204.044117647059
1360641589.775,507.2575136612022
1360641600.872,875.0
1360641601.123,70.13494318181817
1360641606.743,5914.0625
1360641606.743,165.24621212121212
1360641606.87,2112.5
1360641588.599,736.083984375
1360641600.496,742.7884615384615
1360641601.687,197.38924050632912
1360641601.687,226.27314814814815
1360641601.751,4005.208333333333
1360641602.039,116.57303370786516
1360641607.477,2924.5923913043475
1360641599.795,14581.208881578947
1360641599.922,3122.295673076923
1360641599.857,2997.8885135135138
1360641608.047,2156.25
1360641608.11,474.375
1360641601.536,267.6028481012658
1360641601.599,5132.8125
1360641601.727,4750.0
1360641601.727,4786.458333333333
1360641606.798,119.53125
1360641609.846,25997.713414634145
1360641609.97,11109.375
1360641619.519,2371.875
1360641619.836,188.24404761904762
1360641620.629,1947.2064393939395
1360641620.946,574.282786885246
1360641620.946,378.8422131147541
1360641620.945,1765.8811475409836
1360641598.692,18674.479166666668
1360641600.69,26289.0625
1360641600.753,16171.875
1360641601.165,85.32303370786516
1360641601.696,19687.5
1360641626.696,573.9889705882352
1360641607.443,688.9481707317074
1360641606.244,2118.808962264151
1360641609.251,112.99435028248587
1360641606.597,4320.772058823529
1360641606.596,4081.0546875
1360641606.781,224.39024390243904
1360641607.472,4787.683823529412
1360641607.467,4309.742647058823
1360641607.471,3588.8671875
1360641607.47,1736.607142857143
1360641642.459,2371.875
1360641642.776,223.17216981132077
1360641647.098,1482.421875
1360641647.601,5554.6875
1360641648.72,8796.875
1360641649.347,4398.4375
1360641643.025,158516.92708333334
1360641649.001,1488.28125
1360641650.087,11031.25
1360641649.252,687.5
1360641655.261,1687.5
1360641649.819,3375.0
1360641656.122,1984.375
1360641656.186,5005.208333333333
1360641656.312,3375.0
1360641656.376,3375.0
1360641648.624,6395.833333333333
1360641648.941,7507.8125
1360641650.174,1687.5
1360641656.5,1372.767857142857
1360641652.721,1687.5
1360641656.979,4398.4375
1360641657.107,8796.875
1360641657.741,21343.75
1360641649.737,2932.2916666666665
1360641649.736,5213.541666666667
1360641638.577,11367.1875
1360641638.201,6421.875
1360641662.239,7507.8125
1360641657.05,4210.9375
1360641662.428,1687.5
1360641662.871,11031.25
1360641662.871,1687.5
1360641656.313,331.39534883720927
1360641660.983,1687.5
1360641661.364,8796.875
1360641661.938,2606.7708333333335
1360641662.001,8796.875
1360641657.981,1125.0
1360641660.023,179.6875
1360641662.795,8796.875
1360641662.859,966.5178571428571
1360641662.731,4777.34375
1360641642.371,3854.2351973684213
1360641643.028,421.3489057239057
1360641643.701,179.24528301886792
1360641643.097,393.93939393939394
1360641670.285,8796.875
1360641670.411,1687.5
1360641670.538,3375.0
1360641670.98,19984.375
1360641671.17,1687.5
1360641671.403,11234.375
1360641672.402,11234.375
1360641668.81,1687.5
1360641665.1,360.82175925925924
1360641669.827,1125.0
1360641670.654,4398.4375
1360641671.104,6398.4375
1360641671.148,8796.875
1360641671.211,5953.125
1360641663.274,242.05942622950818
1360641671.209,3910.15625
1360641671.335,5005.208333333333
1360641672.51,11031.25
1360641665.782,1687.5
1360641649.141,305.2536231884058
1360641670.196,3375.0
1360641673.52,1687.5
1360641647.006,141265.625
1360641647.006,130315.25735294119
1360641647.197,153755.20833333334
1360641647.804,66514.20454545454
1360641647.804,47031.25
1360641647.804,56656.25
1360641648.12,46148.4375
1360641648.12,33880.208333333336
1360641647.718,65000.0
1360641647.718,132520.83333333334
1360641648.034,35453.125
1360641648.034,51734.375
1360641648.033,169140.625
1360641648.033,57000.0
1360641648.923,507.00589970501477
1360641649.806,27.98507462686567
1360641648.497,244.09203980099502
1360641648.812,1076.7222568578554
1360641646.788,1516.9454225352113
1360641648.178,9226.5625
1360641648.178,488.0787037037037
1360641648.367,8906.25
1360641648.682,421.0262345679012
1360641650.375,785.3260869565217
1360641650.437,182023.4375
1360641650.131,420796.875
1360641651.023,460.50347222222223
1360641654.25,325.0
1360641654.313,406.25
1360641654.249,325.0
1360641654.312,406.25
1360641650.897,177.33970207253884
1360641651.209,2968.75
1360641654.193,406.25
1360641674.128,1125.0
1360641674.128,3750.0
1360641670.538,545.0721153846155
1360641674.833,6393.229166666667
1360641674.896,4398.4375
1360641674.954,3906.25
1360641675.022,8796.875
1360641677.574,1687.5
1360641678.462,2957.03125
1360641678.721,625.8223684210526
1360641675.199,1687.5
1360641674.089,1687.5
1360641675.81,1125.0
1360641674.34,4398.4375
1360641674.882,2976.5625
1360641677.759,1687.5
1360641670.304,511.1360497237569
1360641674.463,370.45940170940173
1360641671.644,440.2006172839506
1360641648.156,8096.526465028356
1360641671.964,682.7229299363057
1360641671.685,409.5496894409938
1360641671.94,54.6875
1360641682.248,2102.8502747252746
1360641682.247,1985.7486263736264
1360641682.247,4518.028846153846
1360641682.247,3674.278846153846
1360641682.247,1776.7857142857142
1360641682.311,3129.464285714286
1360641682.31,97.56944444444444
1360641682.31,63.02083333333333
1360641682.374,219.80337078651684
1360641682.564,950.0
1360641674.563,438.2102272727273
1360641681.217,636.536214953271
1360641683.002,1900.0
1360641681.342,1900.0
1360641681.342,484.07738095238096
1360641681.341,147.61904761904762
1360641662.78,58.87372013651877
1360641681.404,334.82142857142856
1360641682.042,57.89473684210526
1360641681.466,2982.421875
1360641683.193,226.15131578947367
1360641683.193,142.4753289473684
1360641681.528,2629.464285714286
1360641681.528,2250.0
1360641681.591,1049.375
1360641681.591,5312.5
1360641681.591,2407.96875
1360641683.446,4453.125
1360641680.009,164.0625
1360641680.009,2389.8026315789475
1360641684.68,274.68297101449275
1360641684.997,9343.75
1360641680.389,142.80790441176472
1360641684.997,136.94852941176472
1360641682.947,4250.0
1360641685.25,2671.875
1360641685.249,2813.701923076923
1360641680.833,2098.0561023622045
1360641674.944,228.6811440677966
1360641685.503,2655.6818181818185
1360641677.629,1943.873355263158
1360641686.328,17296.875
1360641678.37,224.89754098360658
1360641686.498,3726.9021739130435
1360641678.69,1741.6537267080746
1360641683.162,1955.8722527472528
1360641683.162,23270.432692307695
1360641675.165,266.0472972972973
1360641683.229,430.5555555555556
1360641683.229,4238.194444444445
1360641683.229,923.0769230769231
1360641683.292,678.5714285714286
1360641683.292,2028.4722222222222
1360641683.292,918.75
1360641683.292,702.5983146067416
1360641675.735,293.2692307692308
1360641682.135,1685.4556074766356
1360641682.199,866.5978773584906
1360641682.261,107.14285714285714
1360641683.989,1634.0663580246915
1360641682.261,247.61904761904762
1360641683.924,5266.416139240507
1360641683.987,726.5625
1360641683.987,1573.4953703703704
1360641684.051,313.9391447368421
1360641682.514,1582.96875
1360641682.514,449.0625
1360641682.514,252.5
1360641682.401,226.6398514851485
1360641684.129,1512.1527777777776
1360641682.4,213.69485294117646
1360641682.4,1168.1621287128714
1360641684.192,985.625
1360641682.462,4433.59375
1360641682.462,1354.6875
1360641682.461,5625.0
1360641688.091,1317.7083333333333
1360641682.649,3746.09375
1360641680.215,772.2886029411765
1360641684.887,4718.75
1360641680.274,229.94402985074626
1360641685.585,43232.57211538461
1360641685.712,4616.5625
1360641688.719,3942.7083333333335
1360641688.719,3942.7083333333335
1360641685.903,4217.7526595744675
1360641681.584,582.922149122807
1360641678.64,1367.1875
1360641678.751,425.4127358490566
1360641677.984,12136.859939759037
1360641678.307,54425.154320987655
1360641678.306,17848.572530864196
1360641678.37,7588.509316770186
1360641682.786,15234.89010989011
1360641682.785,1777.815934065934
1360641679.966,113.31018518518518
1360641678.297,2687.307098765432
1360641682.776,7328.983516483517
1360641682.84,1122.1788194444443
1360641679.893,13468.978102189782
1360641684.875,974.7869318181818
1360641694.093,25734.375
1360641690.944,1185.9375
1360641692.561,697.6102941176471
1360641692.686,2375.0
1360641693.765,1769.53125
1360641695.076,7132.8125
1360641702.282,492.8385416666667
1360641702.278,25419.03409090909
1360641694.532,97.49119718309859
1360641698.692,8819.66911764706
1360641694.532,1038.1181318681317
1360641698.69,158.7890625
1360641699.262,765.625
1360641692.553,3134.7222222222226
1360641692.553,9164.126016260163
1360641692.553,732.7724358974359
1360641692.553,2766.1591880341884
1360641692.553,823.7179487179487
1360641692.553,5217.41452991453
1360641692.553,5537.793803418803
1360641692.616,123.68697478991596
1360641692.744,3022.34100877193
1360641688.263,330.92029816513764
1360641699.01,741.2109375
1360641693.124,1305.5555555555557
1360641693.124,168.5474537037037
1360641693.251,1032.871462264151
1360641704.766,985.6770833333334
1360641693.759,729.6006944444445
1360641693.759,475.46728971962614
1360641688.829,283.3614864864865
1360641688.892,106.90438034188034
1360641694.14,404.3817934782609
1360641688.955,157.78540462427745
1360641694.139,404.3817934782609
1360641688.955,45.2492774566474
1360641694.394,553.9772727272727
1360641705.528,11109.375
1360641689.462,11039.204545454546
1360641694.371,133.05921052631578
1360641694.814,174.18981481481484
1360641695.388,329.6493902439024
1360641699.608,3703.125
1360641691.797,5562.1337890625
1360641691.986,4555.75
1360641691.986,18066.125
1360641700.178,6716.875
1360641698.641,2365.625
1360641692.344,103.59768907563026
1360641692.471,1598.5576923076924
1360641692.471,4491.98717948718
1360641696.306,573.0698529411765
1360641692.658,307.2916666666667
1360641692.661,1331.2774122807018
1360641693.042,824.074074074074
1360641693.679,1705.1977040816325
1360641693.679,615.4513888888888
1360641693.679,72.06632653061224
1360641693.678,115.81688596491229
1360641693.678,101.63043478260869
1360641693.933,1109.6906565656566
1360641688.749,55.067567567567565
1360641694.061,199.51923076923077
1360641688.876,39.92052023121388
1360641694.06,199.51923076923077
1360641694.315,372.44591346153845
1360641694.315,18461.292613636364
1360641686.313,2329.615724381625
1360641694.441,153.33946078431373
1360641702.632,1971.3541666666667
1360641702.926,3194.3359375
1360641694.672,6798.2088414634145
1360641694.928,112.53324468085106
1360641699.029,18978.61842105263
1360641702.611,2873.046875
1360641699.793,4682.091346153846
1360641699.793,7408.75
1360641699.856,4590.625
1360641702.528,13109.375
1360641699.773,9097.35576923077
1360641699.837,4163.75
1360641699.837,8361.875
1360641688.377,93.09895833333333
1360641693.304,1650.829081632653
1360641702.271,172.99107142857142
1360641705.086,101.5625
1360641710.458,3933.59375
1360641705.149,580.2364864864866
1360641705.212,730.7692307692307
1360641705.465,613.9112903225806
1360641702.968,1349.47400990099
1360641705.654,449.21875
1360641699.253,793.7104430379746
1360641699.253,1042.7476415094338
1360641687.218,191.8645251396648
1360641691.761,1547.158061594203
1360641709.059,349.609375
1360641709.756,500.0
1360641709.82,1094.429347826087
1360641710.456,1226.5625
1360641710.965,1362.2159090909092
1360641706.034,1871.5277777777776
1360641706.034,241.49816176470588
1360641699.44,210.7657967032967
1360641699.798,1441.835260115607
1360641707.67,3009.895833333333
1360641712.083,2986.9791666666665
1360641708.62,929.6875
1360641708.811,474.375
1360641702.699,2483.455882352941
1360641687.636,848.7633689839572
1360641702.612,700.6643700787401
1360641702.612,1350.1536885245903
1360641703.506,32296.7202970297
1360641705.614,2379.1360294117644
1360641699.02,4744.333791208791
1360641699.084,848.8432320441989
1360641702.603,3282.0184426229507
1360641702.603,1361.6993801652893
1360641703.497,20693.533415841586
1360641703.497,25495.204207920793
1360641701.501,2062.263257575758
1360641705.532,2890.3985507246375
1360641694.093,375.0
1360641694.094,312.5
1360641721.168,1583.3333333333333
1360641709.519,1672.3845108695652
1360641709.583,1104.0521978021977
1360641709.583,592.3763736263736
1360641710.854,263.3272058823529
1360641719.844,2365.625
1360641698.593,1941.5
1360641709.506,1044.9862637362637
1360641709.506,781.4217032967033
1360641709.507,1037.2596153846155
1360641709.507,664.320054945055
1360641705.923,469.96595330739297
1360641699.085,21426.774364406778
1360641711.5,5531.4453125
1360641699.786,1833.1359329446063
1360641712.201,484.79446308724835
1360641705.541,4216.882470119522
1360641705.541,3023.59312749004
1360641705.541,6667.922430830039
1360641705.541,3744.584163346614
1360641705.541,7677.975597609562
1360641705.541,6273.036067193676
1360641705.541,6352.458003952569
1360641705.541,7620.082171314741
1360641699.776,5606.488269794721
1360641705.523,2099.72609561753
1360641705.523,3151.581175298805
1360641705.523,7011.080677290836
1360641705.586,3063.058035714286
1360641705.522,8044.88296812749
1360641705.522,3343.1274900398407
1360641705.522,3680.1543824701193
1360641705.586,7401.72371031746
1360641705.586,1426.5252976190477
1360641699.055,12896.114864864865
1360641699.81,8775.462962962964
1360641699.81,6921.2962962962965
1360641699.81,6171.2962962962965
1360641699.81,9680.555555555555
1360641699.811,8775.462962962964
1360641699.811,7039.351851851852
1360641699.875,17194.71153846154
1360641699.863,10415.0
1360641700.053,78.125
1360641699.728,8775.462962962964
1360641699.727,9112.98076923077
1360641699.726,5207.5
1360641699.726,15331.018518518518
1360641699.726,8775.462962962964
1360641699.726,9680.555555555555
1360641699.84,312.5
1360641701.149,267.85714285714283
1360641701.195,312.5
1360641699.954,312.5
1360641700.943,2113.839285714286
1360641701.005,232.14285714285714
1360641721.66,3177.734375
1360641705.786,58.07291666666667
1360641709.77,48.909505208333336
1360641709.77,916.8009020618557
1360641710.406,44.127747252747255
1360641723.266,2497.3958333333335
1360641706.396,2039.7959183673468
1360641706.522,3110.2074795081967
1360641709.687,115.48223350253807
1360641721.206,87.25421348314606
1360641721.27,471.875
1360641709.684,480.4284793814433
1360641702.574,44248.958333333336
1360641705.703,1450.4557291666667
1360641705.985,175.78125
1360641706.296,165.44117647058823
1360641710.074,270.8333333333333
1360641710.073,232.14285714285714
1360641710.137,157.88612565445027
1360641726.203,141.31944444444443
1360641726.392,250.35919540229884
1360641720.528,49.222103004291846
1360641726.894,495.34574468085106
1360641722.002,49.982734806629836
1360641736.129,1769.53125
1360641720.426,59.13765822784811
1360641725.983,1063.5221962616822
1360641726.364,338.1806930693069
1360641711.087,2065.725806451613
1360641711.385,2527.777777777778
1360641715.219,106.10219594594594
1360641723.119,182.14831804281346
1360641723.183,288.8695987654321
1360641737.993,671.875
1360641719.7,3447.9166666666665
1360641721.826,2574.21875
1360641719.264,11479.166666666666
1360641719.871,2421.875
1360641719.868,19002.23214285714
1360641720.244,3938.078703703704
1360641720.984,3295.7589285714284
1360641720.983,106531.25
1360641721.046,3175.78125
1360641720.98,148.97423664122135
1360641720.98,2756.4655172413795
1360641721.044,4621.09375
1360641721.044,4484.375
1360641721.107,7406.25
1360641721.17,9765.625
1360641721.296,1602.1634615384614
1360641721.839,718.75
1360641722.151,4867.1875
1360641722.151,3670.1388888888887
1360641722.188,2974.21875
1360641722.252,2996.09375
1360641722.251,1775.462962962963
1360641722.25,2996.09375
1360641722.429,2799.278846153846
1360641720.125,6718.1712962962965
1360641720.926,4656.25
1360641720.926,4603.693181818182
1360641720.926,2347.65625
1360641720.989,13616.586538461539
1360641721.052,9869.791666666666
1360641720.923,3442.7083333333335
1360641720.923,1585.9375
1360641720.986,7355.46875
1360641722.913,2760.4166666666665
1360641723.987,68437.5
1360641724.05,237062.5
1360641723.865,34225.0
1360641723.869,27500.0
1360641730.541,1859.7623966942149
1360641731.667,1208.3984375
1360641751.201,7078.125
1360641731.596,403.4505208333333
1360641732.544,39.09518828451883
1360641731.855,68519.79166666666
1360641732.907,20828.125
1360641731.733,8421.875
1360641731.864,658.8541666666666
1360641732.786,3493.3035714285716
1360641732.786,19982.421875
1360641732.781,20828.125
1360641738.955,23106.05053191489
1360641749.924,60.339630225080384
1360641747.818,6774.878102836879
1360641770.289,74.70703125
1360641774.856,1312.5
1360641771.563,61.88725490196079
1360641722.152,5593.1657117008435
1360641781.142,3539.0625
1360641762.869,5470.301418439717
1360641779.188,12.126865671641792
1360641778.725,11.861313868613138
1360641774.95,11253.305288461539
1360641805.179,44203.125
1360641805.496,45015.625
1360641805.56,5106.142241379311
1360641807.381,8226.5625
1360641805.292,48375.0
1360641815.949,94646.875
1360641816.266,17820.3125
1360641816.456,18843.75
1360641813.849,20700.657894736843
1360641819.533,43440.0
1360641818.248,43925.0
1360641818.311,4122.159090909091
1360641816.007,78607.8125
1360641816.007,41725.35211267605
1360641817.499,868.4895833333334
1360641817.434,1462.34375
1360641817.433,481.7708333333333
1360641818.168,958.3333333333334
1360641818.235,643.465909090909
1360641815.929,31396.022727272724
1360641815.929,85104.75352112677
1360641815.929,39567.96875
1360641818.485,46485.9375
1360641820.468,68578.125
1360641820.467,92986.11111111111
1360641818.907,1822.9166666666667
1360641817.429,868.4895833333334
1360641817.365,161.94852941176472
1360641831.26,92972.22222222223
1360641826.111,1315.1041666666667
1360641810.234,55649.14772727273
1360641806.892,2896.484375
1360641811.225,30690.104166666668
1360641811.413,7351.5625
1360641812.002,5942.708333333333
1360641814.322,4103.5
1360641814.42,109000.0
1360641811.88,3291.6666666666665
1360641812.995,81.5142463235294
1360641832.92,178.38541666666666
1360641833.047,457.03125
1360641839.052,1445.3125
1360641839.116,3473.9583333333335
1360641839.307,9500.0
1360641832.55,851.4093137254903
1360641832.803,200.84635416666666
1360641837.827,29550.0
1360641838.336,70793.75
1360641839.037,3473.9583333333335
1360641839.037,2359.375
1360641817.092,347.4591988130564
1360641815.365,36359.375
1360641815.363,50406.25
1360641818.393,51.656151419558356
1360641818.393,51.656151419558356
1360641818.684,135.1161858974359
1360641816.825,2395.6638313609465
1360641815.242,299550.78125
1360641817.673,1091.0976080246915
1360641818.569,265.97444089456866
1360641816.449,44.13377192982456
1360641816.572,375.0
1360641818.558,266.86507936507934
1360641816.699,2388.59697640118
1360641816.697,2490.5051622418882
1360641816.697,951.171875
1360641817.957,985.1923076923077
1360641811.785,5818.315823327616
1360641848.065,4846.354166666667
1360641848.065,15710.9375
1360641848.065,1573.4375
1360641848.443,334.82142857142856
1360641848.443,292.96875
1360641848.443,292.96875
1360641848.443,334.82142857142856
1360641848.443,884.375
1360641848.443,487.5
1360641848.506,546.875
1360641845.912,272.4609375
1360641845.975,31682.904411764706
1360641846.803,7213.541666666667
1360641846.802,41859.375
1360641815.119,5691.960066162571
1360641847.987,4781.25
1360641847.987,1442.7083333333333
1360641847.986,17709.375
1360641848.365,292.96875
1360641848.365,31214.84375
1360641848.429,727.6785714285714
1360641848.428,196.69117647058823
1360641846.729,43617.1875
1360641846.729,25062.5
1360641846.729,118396.63461538461
1360641838.407,2958.8509316770187
1360641838.982,63.249143835616444
1360641814.473,5780.711206896552
1360641848.045,19438.30128205128
1360641848.045,262.4198717948718
1360641847.981,4275.493421052632
1360641848.044,1236.912393162393
1360641848.298,922.2898230088496
1360641848.298,899.0597345132744
1360641848.298,1088.0807522123894
1360641850.472,7858.766233766234
1360641850.472,3319.8180379746836
1360641848.423,1566.0191441441443
1360641850.47,28383.928571428572
1360641848.422,23973.28629032258
1360641850.47,142.998417721519
1360641848.422,213.68243243243242
1360641848.846,204.47716346153845
1360641848.974,315.1041666666667
1360641848.844,204.17668269230768
1360641857.355,14432.291666666666
1360641850.955,5617.1875
1360641848.971,168.50490196078434
1360641851.016,202.00892857142858
1360641849.479,918.3843085106383
1360641849.542,876.5120967741935
1360641849.542,454.63709677419354
1360641849.478,812.5
1360641849.606,794.8588709677418
1360641849.478,569.3151595744681
1360641849.477,3560.00664893617
1360641849.541,1545.673076923077
1360641846.789,1130.3013392857142
1360641846.789,10165.885416666666
1360641846.853,409.94318181818187
1360641847.044,12164.299242424242
1360641847.97,540.1400862068966
1360641847.969,103.89957264957266
1360641847.969,268.16239316239313
1360641848.032,235.8695652173913
1360641848.223,1215.9845132743362
1360641848.223,806.0011061946902
1360641848.223,921.4601769911504
1360641850.333,1421.875
1360641848.348,2334.5170454545455
1360641848.348,3575.284090909091
1360641848.284,7285.754504504504
1360641848.347,2045.608108108108
1360641848.347,1727.7590090090089
1360641850.457,1089.84375
1360641848.535,130.93171296296296
1360641848.788,204.17668269230768
1360641850.708,9276.041666666666
1360641848.979,724.7242647058823
1360641848.978,269.1831683168317
1360641850.75,196.02272727272725
1360641849.272,257.96875
1360641849.399,1851.159793814433
1360641849.399,792.4528301886793
1360641849.399,1140.4587765957447
1360641849.398,939.3284574468084
1360641849.398,982.2140957446809
1360641846.71,304.35267857142856
1360641849.398,706.9481382978723
1360641849.462,608.0309139784946
1360641849.462,198.252688172043
1360641849.462,608.1989247311827
1360641846.773,361.9318181818182
1360641847.154,401.0009765625
1360641847.154,1525.3125
1360641847.282,197.80585106382978
1360641850.694,128.57142857142856
1360641850.694,9437.5
1360641850.694,3839.285714285714
1360641847.683,1367.7884615384614
1360641848.066,1240.5686936936936
1360641849.151,5173.371010638298
1360641849.023,6047.36328125
1360641849.279,1356.657608695652
1360641849.151,3241.5226063829787
1360641850.109,314.67563291139237
1360641848.045,325.69444444444446
1360641848.304,186.03971962616822
1360641849.003,5428.385416666667
1360641849.13,2297.3845108695655
1360641849.386,134.89583333333331
1360641838.534,169.7287087912088
1360641855.39,14471.619897959183
1360641855.581,620.5512152777778
1360641859.799,122.99679487179486
1360641858.2,564.623786407767
1360641858.264,1062.1936274509806
1360641858.196,624.3932038834952
1360641858.195,121.96601941747574
1360641858.578,167.15494791666666
1360641858.578,1005.6378865979381
1360641858.577,4750.0
1360641858.576,2890.625
1360641857.328,8181.490384615385
1360641859.054,4846.006944444444
1360641859.307,5468.75
1360641854.696,4657.742834394904
1360641855.504,949.9782986111112
1360641855.503,6178.168402777777
1360641858.12,132.43325242718444
1360641858.12,1542.96875
1360641858.12,1055.5889423076924
1360641858.119,7213.641826923076
1360641856.387,15957.451923076922
1360641856.386,1233.0426356589148
1360641858.976,203.64583333333334
1360641859.226,190.58866279069767
1360641839.015,2132.102272727273
1360641563.174,178017.78846153847
1360641846.099,30752.82118055556
1360641873.008,5656.25
1360641873.015,5031.25
1360641849.581,18965.625
1360641847.314,11853.515625
1360641848.293,12643.75
1360641854.721,1062.5
1360641853.758,12062.5
1360641576.559,164270.39930555553
1360641857.321,32975.694444444445
1360641855.933,172179.6875
1360641857.914,101015.625
1360641857.914,31500.0
1360641857.975,15562.5
1360641858.376,16534.977064220184
1360641856.643,23562.5
1360641858.433,7986.11111111111
1360641856.577,8503.255208333334
1360641854.771,120667.96875
1360641854.775,539.0625
1360641854.88,5141.826923076924
1360641855.694,82083.33333333333
1360641857.781,12385.416666666666
1360641856.51,7614.583333333333
1360641856.444,19491.31944444444
1360641858.538,9256.25
1360641859.477,89968.75
1360641859.232,144949.21875
1360641888.026,1332.5892857142858
1360641885.428,24683.699324324323
1360641885.428,67758.41346153847
1360641885.255,39490.38461538461
1360641885.382,13852.195945945945
1360641885.382,21593.327702702703
1360641885.381,49740.70945945946
1360641886.165,514.8087686567164
1360641886.1,784.6064814814815
1360641886.223,397.9640151515151
1360641894.672,2859.375
1360641886.02,958.4490740740741
1360641886.02,506.712962962963
1360641886.079,518.5401119402985
1360641886.143,312.14755639097746
1360641894.656,2625.0
1360641872.623,48.26732673267327
1360641872.748,2438.75
1360641901.056,3132.8125
1360641899.069,2156.25
1360641883.377,48592.26190476191
1360641883.045,11781.25
1360641885.42,24603.125
1360641888.034,17.105263157894736
1360641889.117,95042.96875
1360641902.758,4520.833333333333
1360641886.684,7936.633403361345
1360641903.882,7583.333333333333
1360641909.467,17234.375
1360641909.779,11455.208333333334
1360641933.485,2156.25
1360641924.047,1625.0
1360641963.498,2156.25
1360641686.531,343076.171875
1360642036.062,7078.125
1360642076.114,959.051724137931
1360642079.693,3321.7147435897436
1360642093.874,711.8055555555555
1360642097.412,42367.36111111111
1360642097.539,24441.666666666668
1360642097.539,4645.833333333333
1360642097.539,15797.453703703704
1360642099.267,1598.3455882352941
1360642097.46,3225.694444444445
1360642097.46,2957.7546296296296
1360642097.587,1117.1875
1360642082.093,1716.724537037037
1360642086.194,5828.125
1360642085.687,73506.69642857143
1360642107.604,502.1446078431373
1360642104.361,1746.09375
1360642094.335,2465.0
1360642118.223,12458.059210526315
1360642118.604,1619.140625
1360642098.779,541.7504019292605
1360642107.327,243.45930232558138
1360642118.523,2404.296875
1360642096.894,68.85512232415903
1360642098.394,48.37740384615385
1360642115.599,84.375
1360641838.02,56247.8125
1360641838.023,46477.76442307692
1360641838.087,58010.318396226416
1360641838.023,54783.482142857145
1360642136.182,4281.25
1360642136.427,7833.333333333333
1360642182.596,2164.0625
1360642182.595,3122.265625
1360642182.326,6822.311046511629
1360642182.516,3736.2804878048782
1360642182.516,18369.53125
1360642182.515,1035.4420731707316
1360642196.641,2156.25
1360642196.563,1437.5
1360642182.65,8421.875
1360642201.077,11382.8125
1360642200.229,89.53078635014838
1360642247.188,7976.5625
1360642260.597,1853.125
1360642260.596,1078.125
1360642258.227,2768.2605421686744
1360642258.227,111.42676767676768
1360642258.29,1345.1206140350878
1360642258.29,307.1546052631579
1360642258.288,8092.790570175438
1360642258.48,1796.875
1360642257.196,16613.051470588234
1360642259.593,865.625
1360642259.529,70.64494680851064
1360642259.529,239.02925531914892
1360642259.597,3283.8541666666665
1360642259.978,2375.0
1360642260.042,18765.625
1360642258.156,9067.86616161616
1360642258.219,272.5903614457831
1360642258.154,1743.3423913043478
1360642258.217,630.6195175438597
1360642259.484,507.97872340425533
1360642259.484,409.2420212765958
1360642259.527,865.625
1360642259.44,8906.25
1360642246.846,2418.402777777778
1360642258.555,2979.8240291262136
1360642258.552,947.2845873786407
1360642264.081,2208.455882352941
1360642260.431,67.4342105263158
1360642260.43,225.1972087378641
1360642258.482,869.6905339805825
1360642258.482,691.064927184466
1360642258.482,1853.003640776699
1360642258.48,1286.938713592233
1360642259.789,479.56081081081084
1360642254.334,70681.91964285714
1360642254.711,11656.25
1360642258.89,29.41176470588235
1360642258.89,4593.75
1360642258.954,11509.375
1360642258.889,4175.0
1360642258.889,6900.390625
1360642259.268,1412.9464285714287
1360642259.583,10343.75
1360642257.629,29710.9375
1360642257.5,38165.92261904762
1360642256.28,316.8859649122807
1360642257.816,82824.65277777777
1360642257.749,18757.8125
1360642257.982,8421.875
1360642258.799,16542.96875
1360642258.799,16737.98076923077
1360642258.862,81877.60416666667
1360642258.862,9343.75
1360642258.862,11493.30357142857
1360642258.765,21312.5
1360642258.765,4246.875
1360642259.149,2265.625
1360642258.833,7025.0
1360642258.833,18769.791666666668
1360642258.832,1843.75
1360642259.081,1756.5104166666667
1360642259.212,7187.5
1360642260.265,7164.0625
1360642263.58,17468.75
1360642263.77,33250.0
1360642260.248,149972.65625
1360642263.045,198713.54166666666
1360642290.834,3539.0625
1360642290.587,454.8611111111111
1360642275.595,6421.875
1360642275.952,7828.125
1360642314.202,74.70703125
1360642314.391,75.89285714285714
1360642259.47,3130.857122260669
1360642322.875,11.948529411764705
1360642322.629,11.861313868613138
1360642336.23,2156.25
1360642336.229,2156.25
1360642378.023,9164.0625
1360642377.91,15703.125
1360642378.114,2136.8408203125
1360642394.853,1497.2426470588236
1360642394.853,670.0367647058823
1360642394.765,3267.1130952380954
1360642394.462,10912.828947368422
1360642394.778,669.1176470588235
1360642386.501,2267.4278846153848
1360642392.367,5828.125
1360642392.047,78447.11538461539
1360642391.921,8234.375
1360642394.71,11921.875
1360642395.248,8421.875
1360642413.968,1064.4736842105262
1360642420.265,4520.833333333333
1360642420.511,12281.25
1360642473.96,2156.25
1360642473.958,2156.25
1360642504.706,9500.0
1360642504.705,9500.0
1360642504.957,1119.7916666666667
1360642503.567,4015.625
1360642502.985,8026.041666666666
1360642503.556,2320.3125
1360642503.811,1072.265625
1360642504.321,7803.125
1360642505.395,1750.0
1360642501.375,773.6695544554455
1360642501.375,2425.608407079646
1360642501.439,16258.951822916668
1360642501.502,742.1171171171171
1360642505.338,255.73575949367088
1360642502.198,120.04573170731707
1360642502.198,121.52777777777777
1360642502.302,533.4109042553191
1360642500.854,7652.994791666667
1360642501.361,412.5928217821782
1360642501.36,1471.875
1360642502.245,527.796052631579
1360642502.855,62171.875
1360642501.222,92421.875
1360642502.048,40937.5
1360642502.048,147786.45833333334
1360642502.685,160968.75
1360642501.587,24191.964285714286
1360642503.124,42348.958333333336
1360642503.124,64635.41666666667
1360642503.757,126875.0
1360642503.756,15078.125
1360642504.01,13796.875
1360642504.009,5039.0625
1360642504.071,11979.166666666666
1360642500.836,12125.0
1360642501.466,118926.33928571429
1360642501.889,38093.75
1360642502.266,1916.6666666666667
1360642502.266,21613.28125
1360642502.266,1568.181818181818
1360642502.266,5550.0
1360642502.266,16843.75
1360642503.021,64101.5625
1360642503.632,8421.875
1360642503.628,18093.75
1360642503.884,9062.5
1360642503.628,130734.375
1360642503.884,1510.4166666666667
1360642503.945,14375.0
1360642503.944,2906.25
1360642504.325,484062.5
1360642502.923,7803.125
1360642503.495,289078.125
1360642505.325,161.69507575757575
1360642502.882,8031.25
1360642502.946,3571.6145833333335
1360642503.442,164570.3125
1360642519.65,4281.25
1360642519.779,7822.916666666667
1360642540.228,541.6666666666666
1360642552.546,45203.125
1360642552.549,23687.5
1360642549.319,2156.25
1360642552.962,45015.625
1360642560.625,3437.5
1360642560.625,3437.5
1360642552.628,4096.590909090909
1360642502.052,4515.402762582057
1360642545.848,34.72222222222222
1360642557.157,2461.805555555555
1360642560.277,58694.444444444445
1360642578.689,763.7867647058823
1360642575.392,15560.837765957445
1360642575.71,12170.014880952382
1360642575.837,8044.140625000001
1360642575.709,996.6517857142857
1360642576.727,122715.22177419355
1360642575.64,1750.7440476190477
1360642575.767,1898.6742424242425
1360642560.905,3927.0833333333335
1360642561.135,10925.0
1360642575.375,12250.0
1360642576.635,179460.9375
1360642575.88,12531.25
1360642578.739,145.07060669456067
1360642609.198,2156.25
1360642614.732,5652.199074074075
1360642615.783,232.12064676616913
1360642615.783,4245.5649563318775
1360642617.488,30755.208333333332
1360642617.487,25614.583333333332
1360642620.568,4281.25
1360642621.05,4546.875
1360642626.047,19411.458333333332
1360642628.912,109.15114613180515
1360642656.613,24078.125
1360642656.738,23796.875
1360642656.801,24109.375
1360642656.8,15500.0
1360642657.368,10687.5
1360642657.368,7484.375
1360642657.366,19109.375
1360642657.366,28363.28125
1360642657.747,8531.25
1360642657.666,9500.0
1360642654.337,21984.375
1360642654.527,22343.75
1360642654.781,9937.5
1360642654.78,6476.5625
1360642654.967,4885.416666666667
1360642654.967,6484.375
1360642655.162,4093.75
1360642655.162,21661.458333333332
1360642655.162,19078.125
1360642655.162,19390.625
1360642655.225,18843.75
1360642655.352,16015.625
1360642655.352,22484.375
1360642655.416,23843.75
1360642655.475,3895.3125
1360642655.411,22187.5
1360642655.603,14859.375
1360642655.415,12031.25
1360642655.479,9140.625
1360642655.671,5098.958333333333
1360642655.671,54566.40625
1360642655.671,29348.958333333332
1360642655.543,169843.75
1360642655.542,10984.375
1360642655.606,22390.625
1360642655.67,75390.625
1360642655.734,10312.5
1360642655.862,25074.21875
1360642655.926,15000.0
1360642655.926,10812.5
1360642656.053,5828.125
1360642656.117,57796.875
1360642656.117,27046.875
1360642656.181,24531.25
1360642656.181,11468.75
1360642656.5,7648.4375
1360642656.564,23828.125
1360642656.5,5343.75
1360642656.564,17875.0
1360642656.628,15390.625
1360642656.599,23406.25
1360642656.662,22265.625
1360642656.662,22875.0
1360642656.662,22765.625
1360642656.725,23406.25
1360642656.788,54125.0
1360642656.724,15343.75
1360642656.724,14125.0
1360642656.978,7617.1875
1360642653.891,55351.5625
1360642657.542,9125.0
1360642657.542,4671.875
1360642642.758,5309.931506849315
1360642654.277,93401.04166666667
1360642654.277,68429.6875
1360642654.34,25937.5
1360642654.382,118238.28125
1360642654.254,4822.916666666667
1360642654.254,2707.03125
1360642654.445,10726.5625
1360642654.316,97614.58333333333
1360642654.443,3604.1666666666665
1360642654.506,6445.3125
1360642654.698,148550.0
1360642654.698,9093.75
1360642654.696,6507.8125
1360642654.888,102904.01785714286
1360642654.888,6911.458333333333
1360642654.887,73738.28125
1360642655.263,7648.4375
1360642655.331,11468.75
1360642655.331,14343.75
1360642655.266,56515.625
1360642655.266,23671.875
1360642655.329,38828.125
1360642655.393,11375.0
1360642655.457,21359.375
1360642655.393,9421.875
1360642655.521,23656.25
1360642655.712,56671.875
1360642655.52,23536.458333333332
1360642655.776,15843.75
1360642655.776,23843.75
1360642655.835,10718.75
1360642655.579,58796.875
1360642655.967,27500.0
1360642655.775,11921.875
1360642656.094,9953.125
1360642655.902,7640.625
1360642655.966,35197.916666666664
1360642655.966,13031.25
1360642658.724,106.25
1360642658.724,106.25
1360642658.724,106.25
1360642658.976,5585.9375
1360642659.04,8953.125
1360642659.146,15562.5
1360642654.598,1256.8221830985915
1360642654.913,222.31012658227849
1360642658.523,14078.125
1360642658.65,106.25
1360642658.65,106.25
1360642658.774,10093.75
1360642658.901,17937.5
1360642659.217,15671.875
1360642659.28,6390.625
1360642654.796,14741.815476190477
1360642659.958,11031.25
1360642646.761,4399.038461538462
1360642654.461,1561.936936936937
1360642654.283,1820.4545454545455
1360642653.799,12281.25
1360642655.906,5815.625
1360642656.282,18050.78125
1360642654.481,9674.299568965518
1360642654.734,5062.5
1360642655.114,9043.75
1360642655.215,4293.478260869565
1360642655.591,2713.9423076923076
1360642655.529,1685.4166666666665
1360642672.848,162.36979166666669
1360642659.013,29.719955489614243
1360642680.42,2156.25
1360642657.316,8037.5
1360642658.343,45375.0
1360642657.201,26078.125
1360642659.024,42578.125
1360642657.936,1305.6640625
1360642659.211,2396.484375
1360642658.367,6052.083333333333
1360642657.501,3286.25
1360642658.778,49656.25
1360642658.906,11828.125
1360642658.9,26093.75
1360642657.937,189401.04166666666
1360642660.323,12156.25
1360642659.929,114687.5
1360642725.069,6701.605902777777
1360642725.069,7123.0996621621625
1360642725.068,436.2980769230769
1360642725.131,970.3824626865671
1360642729.541,8164.0625
1360642726.339,2343.75
1360642723.369,653.6847014925373
1360642723.369,1296.6382575757575
1360642723.56,1505.514705882353
1360642723.559,1242.9315476190477
1360642723.559,1395.7555970149253
1360642728.093,8148.4375
1360642724.997,6730.574324324324
1360642724.997,6274.375
1360642725.06,987.4067164179105
1360642724.996,6217.27195945946
1360642725.058,614.7388059701493
1360642729.714,11015.625
1360642723.313,560.3693181818182
1360642723.485,6962.535511363637
1360642723.478,1229.1666666666667
1360642723.546,1504.1307471264367
1360642724.792,63.249143835616444
1360642724.982,64.57604895104895
1360642724.982,8904.054752066117
1360642725.109,280.02232142857144
1360642728.885,6536.072530864198
1360642725.108,2692.56161971831
1360642728.948,17195.60185185185
1360642730.479,1909.5982142857142
1360642730.479,10912.667410714286
1360642722.537,71.73687845303868
1360642734.247,2375.0
1360642730.919,12827.81862745098
1360642734.242,2375.0
1360642734.481,3665.625
1360642723.343,515.1627218934912
1360642723.343,148.0654761904762
1360642723.342,326.45089285714283
1360642723.47,1015.625
1360642723.406,2259.636976047904
1360642734.797,3859.375
1360642723.469,7746.987951807229
1360642723.66,164.8773006134969
1360642734.924,3539.0625
1360642735.749,10148.4375
1360642735.876,9023.4375
1360642736.26,7835.9375
1360642736.004,1725.0
1360642736.131,7781.25
1360642727.747,1784.0346534653465
1360642736.387,12781.25
1360642728.321,8774.479166666668
1360642732.671,390.869140625
1360642729.855,5507.8125
1360642732.671,4750.0
1360642732.735,8273.4375
1360642724.735,63.249143835616444
1360642724.905,70.25786713286713
1360642724.903,7921.745867768595
1360642724.903,4021.565082644628
1360642728.87,5690.200617283951
1360642728.87,1740.547839506173
1360642730.403,1470.1450892857142
1360642730.403,1949.7767857142858
1360642730.402,3998.604910714286
1360642730.402,3671.316964285714
1360642725.664,432.69230769230774
1360642729.819,1226.923076923077
1360642730.843,9630.208333333334
1360642731.033,5411.458333333333
1360642723.225,2881.617647058824
1360642723.352,5876.122754491018
1360642723.264,824.4977678571429
1360642731.393,16390.625
1360642723.392,9657.661897590362
1360642723.264,7480.561755952382
1360642723.456,10658.146237864077
1360642723.455,10909.771126760565
1360642723.455,9263.658216783217
1360642723.582,156.7292944785276
1360642735.863,7354.166666666667
1360642735.926,9007.8125
1360642732.74,431.06617647058823
1360642734.198,624.7596153846154
1360642734.198,1179.5742753623188
1360642734.134,1659.330985915493
1360642734.198,772.5183823529411
1360642734.198,694.1636029411765
1360642733.871,191.3109756097561
1360642734.061,1864.2165492957747
1360642734.125,951.5165441176471
1360642734.124,1019.9908088235294
1360642734.124,1162.590579710145
1360642734.124,748.641304347826
1360642734.124,1027.1739130434783
1360642734.124,466.552734375
1360642722.894,2314.0092329545455
1360642727.036,1956.8101415094338
1360642727.964,1073.6607142857142
1360642724.83,143.19490131578945
1360642727.756,3001.2228260869565
1360642734.98,408.004981884058
1360642735.936,37.52413127413128
1360642749.911,3539.0625
1360642732.592,15742.1875
1360642729.045,2461.3008720930234
1360642729.83,32.89473684210526
1360642734.592,5040.625
1360642733.079,33869.48529411764
1360642733.079,19320.3125
1360642733.078,19420.758928571428
1360642734.316,4656.25
1360642734.505,3431.25
1360642734.44,43453.125
1360642734.503,8578.125
1360642734.757,2220.2380952380954
1360642735.812,13328.125
1360642736.128,2396.484375
1360642735.936,16289.0625
1360642735.936,11828.125
1360642736.314,6078.125
1360642732.917,76503.125
1360642732.979,89406.25
1360642732.978,39855.46875
1360642732.978,29248.046875
1360642732.978,29955.078125
1360642734.415,8578.125
1360642735.021,5296.875
1360642735.714,50390.625
1360642735.841,16265.625
1360642742.759,4281.25
1360642743.013,7588.541666666667
1360642764.921,7078.125
1360642749.314,29.017857142857142
1360642779.936,7078.125
1360642795.019,7078.125
1360642800.484,3539.0625
1360642802.703,2156.25
1360642802.703,2156.25
1360642816.987,10078.125
1360642817.112,4457.03125
1360642810.262,12843.75
1360642810.197,12882.8125
1360642817.364,8937.5
1360642810.324,8317.86616161616
1360642810.324,9102.138157894737
1360642810.323,11246.71052631579
1360642810.323,6827.4671052631575
1360642809.744,40453.125
1360642810.702,7886.39705882353
1360642814.959,4750.0
1360642815.277,4671.875
1360642815.211,8765.625
1360642815.337,4265.625
1360642815.719,1225.4464285714287
1360642816.166,5803.125
1360642817.058,7354.166666666667
1360642817.058,1427.0833333333333
1360642813.281,1319.4444444444443
1360642810.117,3671.875
1360642817.413,15562.5
1360642817.476,7835.9375
1360642817.602,6390.625
1360642810.943,3468.581989247312
1360642810.942,303.32341269841265
1360642811.641,4854.166666666667
1360642814.904,2320.3125
1360642815.222,4640.625
1360642815.222,9500.0
1360642815.221,347.0982142857143
1360642815.39,2320.3125
1360642812.635,14687.5
1360642810.316,1224.8225982532751
1360642810.316,8910.343886462882
1360642817.054,84.85772357723577
1360642810.245,8563.182314410482
1360642809.583,3117.3270089285716
1360642810.706,9357.142857142857
1360642810.833,38015.625
1360642811.444,12817.708333333334
1360642811.822,2032.2916666666665
1360642812.01,35765.625
1360642810.583,6695.101351351352
1360642810.71,13161.684782608696
1360642810.71,14210.9375
1360642811.341,2619.4852941176473
1360642813.147,10687.5
1360642815.751,9906.25
1360642816.815,48515.625
1360642813.224,341203.125
1360642814.91,11031.25
1360642814.974,6390.625
1360642815.032,47875.0
1360642814.908,8421.875
1360642814.797,3773.4375
1360642815.113,1543.8701923076924
1360642815.048,19447.916666666668
1360642816.949,11828.125
1360642816.944,26093.75
1360642817.195,13312.5
1360642817.321,12156.25
1360642816.849,26093.75
1360642817.079,2128.472222222222
1360642828.537,4281.25
1360642828.888,7828.125
1360642855.056,3437.5
1360642854.876,781.25
1360642845.313,848.5576923076923
1360642873.025,14250.0
1360642873.278,7531.25
1360642873.461,5015.625
1360642872.009,38638.392857142855
1360642872.392,2906.25
1360642854.8,479.1666666666667
1360642874.097,4760.416666666667
1360642874.537,2181.640625
1360642875.555,10093.75
1360642875.555,107.59493670886076
1360642875.539,107.59493670886076
1360642875.666,1223.2142857142858
1360642875.793,8953.125
1360642875.92,7781.25
1360642876.047,15671.875
1360642876.111,6390.625
1360642874.531,4265.625
1360642874.595,9500.0
1360642874.786,547.5772471910112
1360642875.614,11031.25
1360642875.614,8968.75
1360642872.444,3499.131944444445
1360642872.524,58.64319620253165
1360642888.588,2156.25
1360642888.571,2156.25
1360642871.879,442.55809294871796
1360642872.509,56.187913907284766
1360642872.698,279.68227424749165
1360642869.53,3032.458810888252
1360642869.91,38.720845481049565
1360642872.813,151.0242474916388
1360642873.18,678.6476109215017
1360642873.496,242.45876736111111
1360642894.165,7062.5
1360642874.453,33.825549450549445
1360642894.101,9921.875
1360642875.09,53.7666349809886
1360642891.281,99.24450549450549
1360642891.345,173.09027777777777
1360642875.536,105.1025390625
1360642875.536,49.37744140625
1360642875.663,38.262795275590555
1360642875.79,50.8893280632411
1360642891.954,109.375
1360642891.952,111.1328125
1360642891.952,111.5234375
1360642873.893,80.79403914590748
1360642872.997,241.94915254237287
1360642874.019,1907.986111111111
1360642893.474,7914.0625
1360642893.855,154614.58333333334
1360642874.372,149.95421245421244
1360642874.566,80.32407407407408
1360642874.694,107.33442164179105
1360642875.011,42.24096958174905
1360642891.203,97.01236263736264
1360642891.267,169.27083333333334
1360642875.329,195.5547480620155
1360642875.456,105.1025390625
1360642875.584,78.74015748031496
1360642891.9,112.5
1360642874.36,143.60119047619045
1360642892.866,2045.5357142857142
1360642892.866,3373.660714285714
1360642892.866,1710.8630952380952
1360642893.247,97.1875
1360642893.691,621.9758064516129
1360642891.866,134.42665289256198
1360642891.866,79.4163223140496
1360642891.866,79.94791666666666
1360642891.866,252.47395833333337
1360642891.93,193.40861344537817
1360642891.865,199.609375
1360642891.865,275.051652892562
1360642891.865,81.11979166666666
1360642891.865,249.21875
1360642891.865,79.80371900826447
1360642891.929,81.11979166666666
1360642891.929,195.2468487394958
1360642891.929,192.75210084033614
1360642892.565,88.06818181818183
1360642892.814,1116.8154761904764
1360642892.814,1546.279761904762
1360642891.814,77.86673553719008
1360642891.814,79.54545454545455
1360642891.877,80.98958333333334
1360642891.812,138.54166666666669
1360642891.812,80.44938016528926
1360642891.876,252.10084033613444
1360642891.871,80.59895833333333
1360642891.871,81.25
1360642891.875,81.6701680672269
1360642893.492,87.5
1360642893.488,149.4318181818182
1360642890.812,13569.310897435898
1360642891.194,42463.541666666664
1360642891.127,36306.06617647059
1360642891.19,130734.375
1360642892.626,8010.937500000001
1360642891.384,102.23509933774834
1360642891.638,11726.5625
1360642892.015,203234.375
1360642892.013,11329.963235294117
1360642892.267,39838.541666666664
1360642892.687,5062.5
1360642893.448,4006.696428571429
1360642893.512,7414.0625
1360642893.446,5078.125
1360642891.109,24406.25
1360642892.059,188148.4375
1360642892.123,31203.125
1360642894.714,57189.23611111112
1360642892.918,13008.522727272726
1360642893.357,26078.125
1360642893.61,3032.8663793103447
1360642893.61,7159.375
1360642893.61,468703.125
1360642894.534,4750.0
1360642894.534,20062.5
1360642894.47,566031.25
1360642893.177,13968.75
1360642893.493,802875.0
1360642895.29,375.0
1360642923.936,14.52020202020202
1360642923.935,14.52020202020202
1360642923.935,14.52020202020202
1360642925.245,18.196202531645568
1360642923.819,14.375
1360642923.819,14.375
1360642923.879,14.52020202020202
1360642950.535,2156.25
1360642950.534,2156.25
1360643027.307,19315.020161290326
1360643031.822,420.6730769230769
1360643031.882,674.1898148148148
1360643031.882,21732.63888888889
1360643032.811,332.93269230769226
1360643032.811,1274.8842592592594
1360643032.811,256.36574074074076
1360643032.81,391.2037037037037
1360643032.746,546.875
1360643032.938,336.4955357142857
1360643032.809,798.9583333333334
1360643029.544,1468.285891089109
1360643034.023,462.7130681818182
1360643034.781,234.375
1360643034.781,240.70945945945945
1360643038.428,240.92741935483872
1360643031.802,98.4375
1360643031.862,4294.292355371901
1360643036.724,393.4659090909091
1360643034.877,1494.7916666666667
1360643034.94,1721.047794117647
1360643032.719,396.58505154639175
1360643032.717,323.19819819819816
1360643032.717,228.5674778761062
1360643032.717,293.0397727272727
1360643033.95,87.79761904761904
1360643045.328,364.33531746031747
1360643041.549,298.9864864864865
1360643041.675,169.27083333333334
1360643045.643,3456.25
1360643045.832,2229.1666666666665
1360643046.148,5401.041666666667
1360643046.463,5343.75
1360643029.089,12514.534883720931
1360643029.089,13177.527730375426
1360643029.089,14678.556397306398
1360643042.856,500.72674418604646
1360643042.856,245.9435096153846
1360643046.312,6562.5
1360643042.855,255.45058139534882
1360643042.855,308.1395348837209
1360643046.753,9442.708333333334
1360643046.88,4625.0
1360643046.752,1429.6875
1360643046.815,611.8421052631578
1360643047.26,6531.25
1360643044.796,443.75
1360643044.796,423.6111111111111
1360643045.621,2083.3333333333335
1360643037.621,1676.498724489796
1360643029.997,25355.84332191781
1360643030.001,14494.737413194445
1360643030.001,9901.005993150686
1360643027.308,4177.083333333333
1360643030.118,3349.6218152866245
1360643032.398,1012.3005319148937
1360643032.398,10686.59420289855
1360643032.398,618.0803571428571
1360643032.462,312.5
1360643032.462,312.5
1360643032.457,1668.850806451613
1360643032.314,6045.0
1360643032.314,1695.3125
1360643032.377,1526.8862612612613
1360643032.377,2616.866438356164
1360643032.633,312.5
1360643032.44,312.5
1360643032.822,200.89285714285714
1360643032.753,165.44117647058823
1360643032.817,200.89285714285714
1360643029.956,1505.5625
1360643032.206,1403.6458333333333
1360643032.269,2405.149647887324
1360643032.269,312.5
1360643032.269,267.85714285714283
1360643032.269,376.3020833333333
1360643032.331,312.5
1360643032.395,589.0625
1360643032.266,7929.6875
1360643032.266,8976.236979166666
1360643032.266,375.0
1360643032.33,312.5
1360643032.329,375.0
1360643032.554,312.5
1360643032.554,267.85714285714283
1360643032.681,187.5
1360643032.552,267.85714285714283
1360643032.552,175.78125
1360643055.421,3539.0625
1360643047.229,1675.9375
1360643045.358,118.67559523809523
1360643034.641,5477.843915343916
1360643032.572,360.5769230769231
1360643032.64,951.0416666666666
1360643032.825,625.0
1360643035.318,6978.629032258064
1360643036.074,1229.3882978723404
1360643036.433,200.89285714285714
1360643036.816,92.66561514195584
1360643036.816,618.3035714285714
1360643037.13,1618.0555555555557
1360643037.257,1711.3486842105262
1360643037.257,1592.516447368421
1360643037.383,200.89285714285714
1360643037.383,175.78125
1360643037.383,165.44117647058823
1360643034.652,93.75
1360643035.138,165.68396226415095
1360643035.2,170.45454545454544
1360643035.576,85.52631578947368
1360643036.56,234.375
1360643036.687,104.63258785942492
1360643037.064,1775.9146341463415
1360643037.128,1670.641447368421
1360643037.128,1660.7730263157894
1360643037.128,1682.9769736842106
1360643037.233,175.78125
1360643038.12,200.89285714285714
1360643039.169,2412.9464285714284
1360643039.551,5163.851351351352
1360643042.302,2171.0737179487182
1360643042.302,2892.5
1360643042.3,3411.005434782609
1360643042.247,2980.46875
1360643042.246,3671.0737179487182
1360643042.523,81.52173913043478
1360643044.012,1559.0277777777776
1360643044.329,35559.21052631579
1360643042.367,187.5
1360643042.367,28.554459064327485
1360643042.41,175.78125
1360643041.896,2903.6458333333335
1360643042.47,75.0
1360643041.958,2311.4583333333335
1360643042.595,78.125
1360643043.768,110.29411764705883
1360643047.441,17023.4375
1360643045.49,24478.125
1360643046.041,3755.2083333333335
1360643050.876,73.06547619047619
1360643050.978,7822.916666666667
1360643086.778,2625.0
1360643086.777,3437.5
1360643081.593,18.421052631578945
1360643087.638,1718.75
1360643087.702,70.94594594594594
1360643087.701,3437.5
1360643081.517,26.973684210526315
1360643073.868,15.478971962616823
1360643079.298,13.541666666666668
1360643108.128,1078.125
1360643104.044,15.430900621118012
1360643134.666,15.52734375
1360643165.786,14.524647887323944
1360643184.637,20445.3125
1360643202.344,1783.2446808510638
1360643205.441,105.38837448559671
1360643205.456,147.06829896907217
1360643239.088,2156.25
1360643292.94,90.29796511627906
1360643292.939,884.765625
1360643294.128,7640.625
1360643294.383,7492.1875
1360643292.783,1187.5
1360643294.223,17234.375
1360643292.221,59.41480891719745
1360643292.221,61.33021390374332
1360643294.174,53.85044642857143
1360643307.646,7078.125
1360643292.458,8777.173913043478
1360643293.215,17430.027173913044
1360643293.215,4879.261363636363
1360643293.215,3683.779761904762
1360643293.215,8166.666666666666
1360643293.341,4234.375
1360643293.341,15194.375
1360643293.341,2898.4375
1360643293.341,9651.041666666666
1360643293.32,2548.75
1360643293.32,2175.0
1360643293.382,375.0
1360643293.822,15742.1875
1360643293.886,5672.8515625
1360643293.885,24238.28125
1360643294.202,9743.75
1360643294.2,6612.5
1360643294.392,3994.7916666666665
1360643294.454,3308.238636363636
1360643294.518,3639.0625
1360643294.518,3639.0625
1360643291.726,13046.875
1360643292.342,7804.6875
1360643292.341,3348.505434782609
1360643293.093,10645.833333333334
1360643293.097,11348.958333333334
1360643293.223,25979.166666666668
1360643293.223,9341.594827586207
1360643293.223,16609.375
1360643293.223,4234.375
1360643293.223,2739.5833333333335
1360643293.223,1636.71875
1360643293.223,1637.5
1360643293.223,2550.0
1360643293.223,1057.2916666666667
1360643293.223,1637.5
1360643293.223,1565.1041666666667
1360643294.084,3432.2916666666665
1360643294.084,6612.5
1360643294.275,4891.927083333333
1360643294.274,3032.5520833333335
1360643294.837,152298.07692307694
1360643293.143,5638.392857142857
1360643293.649,80484.375
1360643295.066,5828.125
1360643295.066,29708.333333333332
1360643295.066,7785.15625
1360643295.76,198.18278588807786
1360643294.946,8539.0625
1360643294.946,10406.25
1360643294.946,10031.25
1360643322.739,3539.0625
1360643337.586,7078.125
1360643354.736,24609.375
1360643351.531,3437.5
1360643351.53,437.5
1360643354.107,2375.0
1360643354.107,2375.0
1360643351.453,3437.5
1360643352.466,7796.875
1360643354.034,1415.625
1360643353.419,2693.1818181818185
1360643354.883,3566.40625
1360643354.041,95.87191358024691
1360643368.805,7078.125
1360643354.01,47.119140625
1360643353.247,56.7759900990099
1360643354.21,88.55540897097626
1360643354.336,131.38262599469496
1360643354.336,113.6853448275862
1360643354.335,57.402188328912466
1360643354.335,131.38262599469496
1360643354.335,159.56564986737402
1360643354.335,18.73342175066313
1360643354.335,49.6031746031746
1360643354.652,99.74028150134048
1360643352.658,1569.0687189054727
1360643354.154,131.38262599469496
1360643354.154,112.8564323607427
1360643354.154,131.38262599469496
1360643354.153,519.7695623342175
1360643354.153,574.5606763925729
1360643354.153,112.73209549071618
1360643354.153,131.38262599469496
1360643354.212,159.9386604774536
1360643354.28,160.36402925531914
1360643354.343,99.20833333333333
1360643354.471,100.0084005376344
1360643354.342,29.625
1360643354.73,38.44516348773842
1360643354.73,12470.236073369564
1360643355.492,19.498239436619716
1360643355.556,266.551906779661
1360643364.124,1818.7924208144798
1360643355.411,67.89852528089888
1360643356.239,31.70687134502924
1360643356.237,31.614431486880466
1360643353.808,429.1279840848806
1360643353.8,69.58720159151194
1360643415.874,5622.596153846154
1360643416.587,27068.75
1360643416.969,20046.875
1360643416.905,8765.625
1360643416.969,127768.75
1360643416.969,15765.625
1360643417.097,73746.52777777777
1360643417.097,61160.51136363637
1360643417.862,37093.75
1360643417.861,41093.75
1360643417.861,12765.625
1360643418.628,49468.75
1360643418.5,78851.5625
1360643418.5,13812.5
1360643418.5,54125.0
1360643416.95,17546.875
1360643416.949,2930.288461538462
1360643417.077,12277.34375
1360643417.077,22896.306818181816
1360643417.268,3253.90625
1360643415.281,6812.5
1360643417.841,14890.625
1360643417.841,17546.875
1360643418.608,10812.5
1360643418.48,53937.5
1360643418.48,11437.5
1360643418.48,13687.5
1360643415.959,2984.375
1360643417.275,5963.541666666667
1360643418.831,2266.544117647059
1360643427.75,4078.125
1360643432.145,13941.40625
1360643432.401,5181.25
1360643428.305,64359.375
1360643428.305,99242.1875
1360643432.273,30664.0625
1360643428.304,44296.875
1360643428.432,98593.75
1360643432.847,28333.984375
1360643428.943,19125.0
1360643428.943,22875.0
1360643428.943,7458.333333333333
1360643429.007,11437.5
1360643429.071,11437.5
1360643429.135,12312.5
1360643429.134,18171.875
1360643433.422,20031.25
1360643433.426,96960.9375
1360643429.202,52536.458333333336
1360643429.202,15447.916666666666
1360643429.262,56369.791666666664
1360643429.262,77554.6875
1360643433.614,12447.916666666666
1360643433.422,19296.875
1360643429.39,64593.75
1360643433.486,73848.95833333333
1360643429.517,3093.75
1360643429.517,8018.750000000001
1360643433.549,53746.09375
1360643429.581,2640.625
1360643433.805,14614.583333333334
1360643433.997,20281.25
1360643429.965,18984.375
1360643433.932,11015.625
1360643433.996,77679.6875
1360643433.996,11140.625
1360643434.38,8937.5
1360643430.219,100789.0625
1360643434.251,9062.5
1360643434.251,10515.625
1360643430.283,35687.5
1360643430.347,9648.4375
1360643434.571,26843.75
1360643430.347,2171.875
1360643434.379,8937.5
1360643430.347,9398.4375
1360643430.857,35843.75
1360643430.921,19375.0
1360643428.103,56265.625
1360643432.263,12015.625
1360643428.295,82343.75
1360643428.295,35921.875
1360643428.298,29546.875
1360643428.362,32671.875
1360643428.554,41427.083333333336
1360643432.582,35687.5
1360643428.55,49968.75
1360643432.774,24281.25
1360643428.933,207148.4375
1360643428.933,9562.5
1360643428.933,7541.666666666667
1360643433.413,36671.875
1360643429.061,12312.5
1360643429.124,15515.625
1360643429.124,25385.416666666668
1360643433.54,41046.875
1360643433.54,6195.3125
1360643433.412,94250.0
1360643433.412,16671.875
1360643429.252,29796.875
1360643429.316,98867.1875
1360643433.54,93281.25
1360643430.707,11807.291666666666
1360643433.667,8718.75
1360643429.507,7036.458333333333
1360643433.667,15398.4375
1360643429.574,2917.96875
1360643433.786,20531.25
1360643433.786,13697.916666666666
1360643433.786,18281.25
1360643433.978,55703.125
1360643429.946,9468.75
1360643433.978,11265.625
1360643434.041,90960.9375
1360643430.137,11921.875
1360643434.233,8937.5
1360643434.233,8937.5
1360643434.233,9687.5
1360643430.265,26625.0
1360643430.329,3390.625
1360643434.232,8937.5
1360643434.36,21843.75
1360643434.36,5791.666666666667
1360643430.264,22875.0
1360643434.36,6875.0
1360643430.328,2402.777777777778
1360643434.488,10125.0
1360643434.552,10187.5
1360643430.712,6226.5625
1360643430.902,26125.0
1360643431.403,16484.375
1360643411.009,162742.1875
1360643413.739,295.2058605341246
1360643414.178,8421.875
1360643410.884,186285.15625
1360643414.054,8421.875
1360643414.054,8421.875
1360643414.052,8421.875
1360643414.052,8421.875
1360643416.062,35.37735849056604
1360643439.766,26281.25
1360643435.862,14000.0
1360643439.894,23968.75
1360643439.894,44343.75
1360643440.022,26468.75
1360643439.894,51937.5
1360643440.022,22843.75
1360643440.022,7508.928571428572
1360643440.149,24218.75
1360643440.213,15479.166666666666
1360643440.213,20054.6875
1360643440.277,57875.0
1360643440.66,21093.75
1360643435.538,7864.583333333333
1360643435.538,10546.875
1360643435.538,6289.0625
1360643437.97,21093.75
1360643435.666,24625.0
1360643435.665,23812.5
1360643434.385,1106.6176470588236
1360643439.184,21943.359375
1360643435.727,24625.0
1360643435.855,10546.875
1360643439.887,49687.5
1360643439.887,19375.0
1360643439.887,23593.75
1360643440.015,23468.75
1360643440.015,17395.833333333332
1360643435.855,9822.916666666666
1360643440.015,15479.166666666666
1360643440.206,15979.166666666666
1360643440.206,16895.833333333332
1360643440.27,59500.0
1360643440.398,42187.5
1360643440.653,19375.0
1360643437.26,4381.25
1360643435.531,8052.083333333334
1360643435.531,32820.3125
1360643435.531,12312.5
1360643439.113,24531.25
1360643447.869,55515.625
1360643448.061,49697.916666666664
1360643448.444,24625.0
1360643448.572,2093.75
1360643448.572,2503.472222222222
1360643448.572,3184.027777777778
1360643443.259,132218.75
1360643443.259,19171.875
1360643448.827,5681.25
1360643443.259,9760.416666666666
1360643443.387,22031.25
1360643443.323,28921.875
1360643449.023,7431.25
1360643449.402,19375.0
1360643443.513,25875.0
1360643443.513,19375.0
1360643443.512,16625.0
1360643443.64,21093.75
1360643442.743,24497.76785714286
1360643448.053,41427.083333333336
1360643448.436,24625.0
1360643448.436,35687.5
1360643448.564,6031.25
1360643448.564,4635.416666666667
1360643448.563,8031.25
1360643443.251,61473.958333333336
1360643443.251,9093.75
1360643443.251,14890.625
1360643449.202,11921.875
1360643443.378,22281.25
1360643443.505,17875.0
1360643443.505,30625.0
1360643443.505,31875.0
1360643435.907,633.0457089552239
1360643431.116,1658.3686440677968
1360643454.544,26818.75
1360643455.119,19375.0
1360643454.927,10640.625
1360643454.927,12640.625
1360643454.92,31203.125
1360643450.005,1583.4651898734178
1360643450.378,125.0
1360643470.666,24625.0
1360643470.794,12046.875
1360643470.794,2605.113636363636
1360643470.794,6901.041666666667
1360643470.794,6817.708333333333
1360643470.794,2122.159090909091
1360643470.986,1275.8152173913045
1360643471.241,11921.875
1360643470.392,49968.75
1360643470.647,24625.0
1360643470.775,2093.75
1360643471.223,11843.75
1360643471.355,9687.5
1360643451.513,11734.375
1360643481.197,2156.25
1360643473.294,1796.7431434599157
1360643511.136,2156.25
1360643521.491,4265.625
1360643521.487,4265.625
1360643521.487,2132.8125
1360643521.933,6398.4375
1360643521.933,6398.4375
1360643522.061,37476.5625
1360643522.38,1644.0972222222224
1360643522.38,4265.625
1360643522.38,2884.375
1360643522.7,12796.875
1360643522.572,6398.4375
1360643522.763,6398.4375
1360643521.286,56328.125
1360643521.478,4265.625
1360643521.477,1418.75
1360643521.477,4265.625
1360643521.669,3199.21875
1360643521.669,2559.375
1360643521.669,972.0982142857143
1360643521.924,6398.4375
1360643521.924,6398.4375
1360643522.052,30867.1875
1360643522.371,4265.625
1360643522.371,4265.625
1360643522.375,4265.625
1360643522.555,6398.4375
1360643522.555,6398.4375
1360643522.747,6398.4375
1360643522.746,6398.4375
1360643522.746,6398.4375
1360643522.874,12796.875
1360643523.815,4265.625
1360643522.919,6398.4375
1360643522.966,4265.625
1360643523.03,4265.625
1360643524.054,1421.875
1360643524.054,3199.21875
1360643524.246,6398.4375
1360643524.309,24625.0
1360643524.629,5378.90625
1360643524.82,2415.625
1360643524.82,1306.361607142857
1360643523.22,6398.4375
1360643523.347,12796.875
1360643525.203,7947.916666666667
1360643523.479,12796.875
1360643523.729,12796.875
1360643523.729,12796.875
1360643523.729,35687.5
1360643523.728,12796.875
1360643522.576,1421.875
1360643523.791,3199.21875
1360643522.895,12796.875
1360643522.958,6398.4375
1360643522.958,4265.625
1360643524.045,1289.7727272727273
1360643524.045,2559.375
1360643524.237,12312.5
1360643524.811,8302.083333333334
1360643524.811,8343.75
1360643524.815,2865.625
1360643525.067,6898.4375
1360643525.195,12385.416666666666
1360643523.594,12796.875
1360643525.45,9687.5
1360643523.529,12796.875
1360643523.721,12796.875
1360643523.784,3199.21875
1360643523.72,12796.875
1360643523.848,4265.625
1360643523.774,3199.21875
1360643522.878,11984.375
1360643522.942,12796.875
1360643523.838,2132.8125
1360643522.878,11984.375
1360643533.646,12796.875
1360643534.863,41427.083333333336
1360643531.525,181.11559139784947
1360643533.636,54953.125
1360643534.838,4806.25
1360643535.094,6145.833333333333
1360643540.32,21843.75
1360643539.171,1962.0535714285713
1360643541.47,8447.916666666666
1360643541.47,7864.583333333333
1360643541.534,23812.5
1360643541.598,5162.5
1360643541.469,21093.75
1360643541.533,24625.0
1360643541.725,13921.875
1360643541.462,3647.3214285714284
1360643541.462,41927.083333333336
1360643541.462,24625.0
1360643539.35,11976.151315789475
1360643541.717,1825.5208333333333
1360643543.379,21468.75
1360643535.378,461.07456140350877
1360643543.827,20281.25
1360643526.113,1478.063725490196
1360643536.446,87.5
1360643537.396,1148.917597765363
1360646192.445,10.724852071005916
1360646215.135,604.1666666666666
1360646215.436,258.92857142857144
1360646215.467,129.46428571428572
1360646260.922,1208.3333333333333
1360646273.181,2718.75
1360646270.447,543.75
1360646277.202,3625.0
1360646304.191,8.522727272727272
1360646310.613,2114.5833333333335
1360646321.114,29.876373626373628
1360646328.765,2718.75
1360646360.138,10.106877323420074
1360646363.802,35.639044943820224
1360646368.475,12.674825174825173
1360646371.491,106.61764705882352
1360646378.012,14.616935483870966
1360646692.833,31.914893617021274
1360648031.729,28.61952861952862
1360648031.728,38.56382978723404
1360649006.053,61.49193548387097
1360649157.171,48.87820512820513
1360654981.312,2718.75
1360655019.192,14.384920634920634
1360655026.942,40.57835820895522
1360655037.361,151.04166666666666
1360655037.425,226.5625
1360655037.424,45.3125
1360655037.488,209.1346153846154
1360655038.27,226.5625
1360655038.204,339.84375
1360655038.331,164.77272727272725
1360655038.331,241.66666666666666
1360655038.712,181.25
1360655045.238,906.25
1360655045.475,258.92857142857144
1360655042.649,145.0
1360655047.996,15.425531914893616
1360655049.076,84.9609375
1360655049.429,906.25
1360655050.063,906.25
1360655053.497,1359.375
1360655053.877,52.28365384615385
1360655055.443,906.25
1360655057.45,164.77272727272725
1360655060.496,23.040254237288135
1360655061.925,5.923202614379084
1360655062.54,543.75
1360655063.552,181.25
1360655066.082,73.47972972972973
1360655067.0,2718.75
1360655073.955,8.576498422712934
1360655077.872,679.6875
1360655078.547,8.651551312649165
1360655089.262,755.2083333333334
1360655105.748,11.618589743589745
1360655108.776,258.92857142857144
1360655108.328,906.25
1360655106.265,1812.5
1360655107.958,6.998069498069498
1360655109.027,194.19642857142858
1360655109.469,42.64705882352941
1360655109.659,604.1666666666666
1360655110.295,35.53921568627451
1360655112.923,11.375523012552302
1360655117.272,20.75381679389313
1360655115.932,302.0833333333333
1360655116.312,543.75
1360655118.553,5.753968253968254
1360655128.188,169.921875
1360655131.356,453.125
1360655132.654,1359.375
1360655137.075,2718.75
1360655134.249,1812.5
1360655137.255,3625.0
1360655141.705,453.125
1360655139.99,164.77272727272725
1360655146.44,18.685567010309278
1360655151.34,302.0833333333333
1360655151.817,543.75
1360655154.235,1812.5
1360655155.785,16.552511415525114
1360655156.102,1359.375
1360655160.081,38.97849462365591
1360655160.023,2265.625
1360655166.118,377.6041666666667
1360655170.039,181.25
1360655170.923,4.367469879518072
1360655170.912,66.63602941176471
1360655180.161,906.25
1360655179.823,106.61764705882352
1360655189.859,1812.5
1360655188.462,453.125
1360655186.57,604.1666666666666
1360655198.477,40.27777777777778
1360655205.522,2718.75
1360655212.436,95.39473684210527
1360655215.628,6.891634980988593
1360655223.261,30.854430379746837
1360655223.451,604.1666666666666
1360655223.19,23.734177215189874
1360655231.994,151.04166666666666
1360655237.213,1359.375
1360655236.059,725.0
1360655236.499,1208.3333333333333
1360655246.475,7.080078125
1360655250.668,13.425925925925926
1360655260.057,1812.5
1360655259.485,4531.25
1360655268.48,1812.5
1360655278.773,11.92434210526316
1360655279.777,1812.5
1360655283.466,6.688191881918819
1360655292.062,33.25688073394495
1360655299.763,1812.5
1360655301.809,7.880434782608695
1360655302.632,9.108040201005025
1360655305.882,302.0833333333333
1360655310.123,2718.75
1360655313.088,679.6875
1360655325.522,26.65441176470588
1360655322.258,3625.0
1360655328.024,5.717665615141956
1360655336.336,1812.5
1360655347.371,362.5
1360655360.087,8.713942307692308
1360655367.352,2718.75
1360655367.945,906.25
1360655408.033,1359.375
1360655418.962,12.854609929078014
1360655432.957,226.5625
1360655459.216,159.92647058823528
1360655463.89,5.362426035502958
1360655472.608,6.567028985507246
1360655481.311,1812.5
1360655490.846,9.593465045592705
1360655493.476,151.04166666666666
1360655499.766,32.36607142857143
1360655508.782,1812.5
1360655520.125,50.34722222222222
1360655552.96,7.080078125
1360655567.812,14.938186813186814
1360655577.806,5.41044776119403
1360655597.92,1359.375
1360655667.138,302.0833333333333
1360657314.851,16.843971631205672
1360662735.158,35.326086956521735
1360662736.793,34.57446808510638
1360663415.969,15.734265734265735
1360665889.331,37.760416666666664
1360668515.581,953.125
1360668732.592,38.69047619047619
1360673400.126,34.57446808510638
1360676799.035,11.289739884393065
1360677185.669,15.401785714285715
1360677185.527,30.585106382978722
1360678696.124,15.957446808510637
1360680300.157,57.765151515151516
1360683246.521,15.957446808510637
1360683870.996,10.83815028901734
1360685547.92,32.608695652173914
1360687613.657,33.333333333333336
1360689804.13,9.698275862068966
1360692685.252,18.246644295302016
1360692688.306,16.622340425531913
1360692786.316,16.843971631205672
1360692786.21,18.494897959183675
1360693064.904,16.96428571428571
1360693064.807,18.880208333333332
1360699219.843,27.777777777777775
1360699223.508,32.608695652173914
1360699220.78,28.30188679245283
1360699848.35,12.175324675324676
1360706993.006,8718.75
1360707004.774,40183.59375
1360707005.092,34429.6875
1360706988.178,4036.458333333333
1360706992.701,84.01639344262294
1360706992.263,129.86760124610592
1360706992.767,3663.8104838709673
1360707003.405,11890.625
1360707022.56,4281.25
1360707022.704,7593.75
1360707052.956,1078.125
1360707053.254,479.1666666666667
1360707042.148,17790.29605263158
1360707043.199,1669.2708333333333
1360707083.127,2156.25
1360707089.368,1625.0
1360707119.012,39053.385416666664
1360707119.757,1712.5
1360707119.751,1412.5
1360707120.804,18671.875
1360707121.994,3531.25
1360707103.459,7822.916666666667
1360707103.015,4520.833333333333
1360707118.71,79.46428571428571
1360707118.71,2057.6041666666665
1360707126.091,1765.625
1360707115.428,67.21047794117648
1360707136.252,7062.5
1360707132.858,2156.25
1360707114.905,6443.661971830986
1360707115.158,57512.74671052631
1360707117.414,6493.130387931034
1360707117.414,1413.3152173913045
1360707117.412,3512.364130434783
1360707115.658,230656.25
1360707115.657,6177.455357142857
1360707116.09,32612.499999999996
1360707117.347,2222.2521551724135
1360707117.347,10792.391304347826
1360707117.347,1825.5657327586207
1360707118.488,12421.875
1360707115.542,17316.40625
1360707115.542,43008.18452380953
1360707116.949,5921.875
1360707117.77,70189.453125
1360707114.919,30332.03125
1360707115.775,88140.625
1360707115.774,57218.75
1360707115.838,57328.125
1360707115.838,388.63031914893617
1360707116.027,1871.09375
1360707116.826,586.2718871595331
1360707116.825,8085.9375
1360707119.049,11054.6875
1360707119.112,1454.5454545454545
1360707120.73,285734.375
1360707118.913,3862.5
1360707118.976,7382.8125
1360707153.372,3531.25
1360707158.714,4187.5
1360707158.968,92546.875
1360707158.968,4656.25
1360707159.032,8640.625
1360707159.031,2615.625
1360707158.967,59640.625
1360707159.091,8464.84375
1360707159.03,89857.14285714286
1360707159.03,2856.25
1360707155.634,10040.17857142857
1360707156.455,49000.0
1360707156.758,14492.1875
1360707156.758,9265.625
1360707156.758,31354.166666666668
1360707156.949,30414.0625
1360707156.948,7906.25
1360707157.075,29828.125
1360707157.202,46671.875
1360707157.266,45062.5
1360707157.33,89468.75
1360707157.329,82539.0625
1360707157.329,8742.1875
1360707157.393,9101.5625
1360707157.456,9406.25
1360707157.456,7617.1875
1360707157.584,59528.645833333336
1360707157.583,7859.375
1360707157.711,53840.40178571428
1360707157.711,48150.0
1360707157.838,53699.21875
1360707157.965,7559.375
1360707158.346,81191.40625
1360707158.577,2368.75
1360707158.705,7770.833333333333
1360707158.64,3847.65625
1360707158.895,80093.75
1360707158.894,21859.375
1360707158.83,17593.75
1360707159.272,3269.53125
1360707156.386,55210.9375
1360707156.743,14859.375
1360707156.743,12796.875
1360707156.741,21882.8125
1360707156.869,18554.6875
1360707156.996,6531.25
1360707156.804,15437.5
1360707156.867,17609.375
1360707156.867,21432.291666666668
1360707157.123,68593.75
1360707157.122,44895.833333333336
1360707157.313,161750.0
1360707157.121,81968.75
1360707157.313,104015.625
1360707157.121,30531.25
1360707157.185,19906.25
1360707157.377,153031.25
1360707157.44,74250.0
1360707157.566,21085.9375
1360707157.629,54978.125
1360707160.828,47190.104166666664
1360707157.756,58427.083333333336
1360707158.264,69101.5625
1360707158.264,2953.125
1360707165.323,406.25
1360707162.73,718.75
1360707149.582,3753.2051282051284
1360707174.591,390.625
1360707153.647,91551.33928571429
1360707154.093,11656.25
1360707155.766,11453.125
1360707156.751,89039.0625
1360707157.071,126848.95833333333
1360707157.13,17046.875
1360707157.363,3140.625
1360707157.426,14246.875
1360707157.016,11511.160714285714
1360707156.946,8437.5
1360707157.206,2442.5
1360707157.246,4531.25
1360707159.67,19898.4375
1360707160.663,7.222222222222222
1360707160.727,54398.4375
1360707160.584,7.222222222222222
1360707160.899,46343.75
1360707160.898,6119.791666666667
1360707160.339,7.222222222222222
1360707160.271,88189.23611111111
1360707160.655,29062.5
1360707160.717,75265.625
1360707160.649,39000.0
1360707160.649,9031.25
1360707180.723,5414.0625
1360707175.237,5367.1875
1360707175.305,7583.333333333333
1360707198.516,13875.0
1360707198.579,16940.625
1360707199.591,3269.53125
1360707196.705,7619.791666666667
1360707196.684,7619.791666666667
1360707196.684,14010.416666666666
1360707197.129,11666.666666666666
1360707196.937,4359.375
1360707200.961,31796.875
1360707201.024,9281.25
1360707198.396,15203.125
1360707199.516,1960.9375
1360707196.603,4682.291666666667
1360707196.603,4197.916666666667
1360707196.598,7619.791666666667
1360707196.793,15765.625
1360707196.791,5714.84375
1360707180.918,598.7882653061225
1360707197.3,65841.14583333333
1360707200.563,8796.875
1360707200.622,9765.625
1360707200.689,3208.3333333333335
1360707197.808,1675.3472222222224
1360707197.68,6523.4375
1360707206.787,36242.1875
1360707207.42,12546.875
1360707207.737,10843.75
1360707196.789,20.99867724867725
1360707204.596,334.82142857142856
1360707204.724,359.375
1360707204.531,292.96875
1360707204.507,292.96875
1360707207.342,8378.125
1360707207.654,6539.0625
1360707207.911,2179.6875
1360707204.453,292.96875
1360707204.453,292.96875
1360707204.453,39.95253164556962
1360707204.517,334.82142857142856
1360707204.517,334.82142857142856
1360707204.517,292.96875
1360707204.58,609.375
1360707210.877,20.483193277310924
1360707210.982,23.89705882352941
1360707196.954,894.8784722222223
1360707196.956,498.50299401197606
1360707198.199,14595.0
1360707196.777,81.5548780487805
1360707196.777,87.57485029940119
1360707196.903,199.45987654320987
1360707197.193,739.6438953488372
1360707201.45,48364.583333333336
1360707199.844,105315.625
1360707199.713,836.6983372921615
1360707225.335,19801.339285714286
1360707226.035,6539.0625
1360707226.035,21539.0625
1360707214.554,123.68222891566265
1360707225.092,5289.0625
1360707225.773,17390.625
1360707225.9,62007.8125
1360707226.025,3269.53125
1360707210.002,7000.0
1360707209.283,26775.0
1360707209.267,1270.8333333333333
1360707208.444,347.2132731958763
1360707208.994,84734.375
1360707209.055,28450.0
1360707209.054,4437.5
1360707209.118,85.6907894736842
1360707226.578,1707.1814903846155
1360707231.429,19740.625
1360707231.811,17398.4375
1360707231.811,72942.70833333333
1360707231.81,97181.25
1360707231.845,105751.953125
1360707232.163,107040.17857142857
1360707232.161,92265.625
1360707232.288,99026.78571428571
1360707232.474,4359.375
1360707232.794,2179.6875
1360707225.113,167.15604026845637
1360707225.939,1222.0394736842106
1360707231.721,13484.375
1360707231.721,114568.359375
1360707231.721,114554.6875
1360707231.829,27668.75
1360707196.818,3741.6418228279385
1360707232.082,90008.92857142857
1360707232.142,39062.5
1360707232.335,72023.4375
1360707232.394,43025.0
1360707232.588,21500.0
1360707223.96,5.952380952380952
1360707225.846,99.58584337349397
1360707226.123,52.796052631578945
1360707226.186,57.42801047120419
1360707226.186,121.00098944591028
1360707250.559,10333.333333333334
1360707249.671,19765.625
1360707250.116,4859.375
1360707250.116,6058.59375
1360707250.116,6984.375
1360707250.116,3021.875
1360707250.372,15640.625
1360707250.627,14375.0
1360707228.452,5.126182965299685
1360707250.23,9773.4375
1360707250.857,11890.625
1360707233.493,1132.5757575757575
1360707250.86,49750.0
1360707250.86,7591.145833333333
1360707250.73,6533.482142857143
1360707250.73,6857.142857142857
1360707251.874,3269.53125
1360707250.417,162618.20652173914
1360707250.676,54891.82692307692
1360707251.099,2615.625
1360707251.163,9539.0625
1360707251.163,6247.395833333333
1360707251.417,6460.9375
1360707251.48,8609.375
1360707250.689,389.68460648148147
1360707251.438,406.63485221674875
1360707249.588,6.885593220338983
1360707250.658,350.3731343283582
1360707250.763,598.2074386503068
1360707249.841,105.18292682926828
1360707250.024,87.39035087719297
1360707250.405,6867.1875
1360707267.135,24828.125
1360707267.516,3056.7129629629626
1360707271.483,34312.5
1360707267.893,6539.0625
1360707271.673,6539.0625
1360707268.763,19705.729166666668
1360707269.207,46397.72727272727
1360707269.207,27187.5
1360707270.831,6539.0625
1360707267.434,8535.15625
1360707267.686,13078.125
1360707271.59,134985.9375
1360707267.686,21500.0
1360707269.126,172757.52314814815
1360707269.126,49005.68181818182
1360707269.126,2751.0416666666665
1360707269.125,1529.375
1360707269.124,51359.375
1360707250.644,27718.75
1360707250.641,376.8382352941176
1360707251.084,131.93359375
1360707251.146,24671.875
1360707252.073,1131.5609830097087
1360707252.071,3732.120901639344
1360707252.199,65062.5
1360707252.261,61.0655737704918
1360707252.578,141.61631419939576
1360707254.197,10.284810126582277
1360707251.022,10804.6875
1360707252.204,72.4009900990099
1360707254.051,10.284810126582277
1360707271.247,817.5060679611651
1360707279.886,2156.25
1360707268.37,1857.2850318471337
1360707276.817,8266.927083333334
1360707277.641,17234.375
1360707278.216,17460.9375
1360707282.343,23421.875
1360707278.884,6539.0625
1360707278.325,3269.53125
1360707282.944,17187.5
1360707282.944,22085.9375
1360707282.944,46511.36363636363
1360707282.943,54354.6875
1360707283.196,1868.3035714285713
1360707283.26,1122.5
1360707284.212,2179.6875
1360707288.115,20820.3125
1360707288.306,4359.375
1360707277.667,1324.4140625
1360707282.76,54265.625
1360707282.823,1044.501582278481
1360707283.458,1887.3355263157894
1360707287.488,24792.96875
1360707287.804,17109.375
1360707287.931,6539.0625
1360707267.339,104.4921875
1360707267.7,4291.466346153846
1360707267.888,709.2524509803922
1360707267.252,282.25961538461536
1360707277.599,171.03192446043167
1360707270.984,37718.75
1360707271.299,5034.375
1360707272.074,3762.5
1360707301.338,1338.4712837837837
1360707294.355,29.51388888888889
1360707306.19,21093.75
1360707306.19,34034.375
1360707282.673,56.42832880434782
1360707283.06,159.7728779840849
1360707283.562,56.03448275862069
1360707284.005,126479.16666666667
1360707282.876,2125.0
1360707283.565,1179.6474358974358
1360707283.759,40604.166666666664
1360707307.182,37213.8671875
1360707307.245,43795.955882352944
1360707287.275,248.85447214076245
1360707307.689,19083.984375
1360707308.193,38569.444444444445
1360707308.324,2179.6875
1360707306.366,29646.38157894737
1360707306.43,22828.125
1360707307.448,39796.875
1360707307.575,46565.84821428572
1360707308.019,22945.3125
1360707308.271,5875.0
1360707308.653,6539.0625
1360707306.16,23450.36764705882
1360707306.159,27564.0625
1360707291.572,307.48945147679325
1360707288.591,666.1320364238411
1360707319.666,56724.330357142855
1360707319.666,18963.541666666668
1360707319.665,62798.07692307692
1360707319.665,9640.625
1360707320.173,2615.625
1360707309.285,203.4970238095238
1360707320.849,2179.6875
1360707309.644,11.13013698630137
1360707319.15,20190.104166666668
1360707319.594,8312.5
1360707319.593,73067.70833333333
1360707320.483,17375.0
1360707306.155,399.58243534482756
1360707306.658,406.25
1360707306.901,64.61352657004831
1360707306.967,148.51334951456312
1360707306.971,1625.0
1360707308.715,125.1945020746888
1360707321.47,10.279605263157896
1360707338.993,18.258426966292134
1360707342.846,26239.583333333332
1360707343.706,7132.8125
1360707341.81,11756.25
1360707319.492,609.375
1360707319.876,17195.3125
1360707319.876,14392.361111111111
1360707319.917,10220.703125
1360707319.912,10156.25
1360707320.545,42453.125
1360707320.545,24903.125
1360707320.987,4421.875
1360707320.311,9792.96875
1360707321.425,48455.078125
1360707321.425,75937.5
1360707322.182,16781.25
1360707354.545,406.25
1360707346.351,1830.357142857143
1360707351.32,69.6875
1360707362.559,109.97854077253218
1360707355.752,4.539106145251397
1360707362.642,126.83823529411764
1360707391.664,4359.375
1360707391.664,1960.9375
1360707391.73,3213.5416666666665
1360707391.919,6539.0625
1360707391.982,4812.5
1360707392.109,10609.375
1360707392.424,4640.625
1360707390.405,5802.083333333333
1360707390.787,13031.25
1360707390.978,15125.0
1360707391.105,28234.375
1360707391.524,4398.4375
1360707391.588,10796.875
1360707391.839,9765.625
1360707390.003,24937.5
1360707390.745,7500.0
1360707390.936,13859.375
1360707399.269,16716.145833333332
1360707399.767,32508.92857142857
1360707399.767,27488.541666666668
1360707399.834,11485.9375
1360707400.386,33932.291666666664
1360707400.89,19014.423076923078
1360707401.141,23709.375
1360707401.395,1453.125
1360707399.696,8600.0
1360707399.696,43063.368055555555
1360707399.694,28699.21875
1360707400.362,19802.41935483871
1360707400.553,23272.727272727272
1360707400.68,33095.703125
1360707400.611,50913.69047619047
1360707390.347,569.7198275862069
1360707401.924,6270.833333333333
1360707402.307,4359.375
1360707399.831,558.0658783783784
1360707409.27,91625.0
1360707409.27,4199.21875
1360707410.156,14348.958333333334
1360707410.582,4359.375
1360707408.742,19658.854166666668
1360707409.184,8596.354166666666
1360707409.183,5195.3125
1360707409.183,33417.067307692305
1360707409.183,8531.25
1360707409.689,4359.375
1360707391.042,74.19217687074831
1360707391.041,214.0731292517007
1360707391.104,324.6580547112462
1360707393.075,1793.6753412969283
1360707392.473,421.03324915824913
1360707392.961,146.33105802047783
1360707409.859,472.7879213483146
1360707409.191,491.2574404761905
1360707422.43,2156.25
1360707402.726,18234.375
1360707403.063,119390.625
1360707403.599,7168.75
1360707400.301,129.4398907103825
1360707403.226,115390.625
1360707411.371,75661.45833333333
1360707411.497,24102.678571428572
1360707411.496,95156.25
1360707410.134,19622.76785714286
1360707410.013,6378.90625
1360707412.091,3260.4166666666665
1360707412.288,16781.25
1360707430.831,160.15625
1360707449.962,3437.5
1360707449.962,3437.5
1360707431.067,198.01682692307693
1360707460.673,410.7142857142857
1360707450.075,17.106681034482758
1360707471.492,7.965686274509803
1360707595.816,12852.67857142857
1360707596.262,3308.59375
1360707596.261,5335.9375
1360707596.577,3722.65625
1360707596.176,35207.03125
1360707593.768,812.5
1360707593.898,3474.2005813953488
1360707653.76,1078.125
1360707827.532,35031.25
1360707827.639,6132.8125
1360707827.633,13692.708333333334
1360707826.945,20000.0
1360707832.092,20096.875
1360707827.096,4359.375
1360707832.471,23948.863636363636
1360707834.903,64152.90178571429
1360707833.458,23447.19827586207
1360707833.458,2593.070652173913
1360707833.458,5186.789772727272
1360707834.759,42657.36607142857
1360707827.429,897.9279891304349
1360707835.998,4182.8125
1360707832.535,16445.494186046515
1360707835.283,21055.625
1360707835.535,34201.76630434783
1360707836.513,871.875
1360707835.573,16560.26785714286
1360707835.952,19003.125
1360707833.391,11223.071808510638
1360707837.548,3269.53125
1360707835.562,28345.394736842107
1360707835.688,29513.221153846152
1360707827.948,2607.371794871795
1360707827.312,355.4258241758242
1360707827.789,1713.0240683229813
1360707827.148,164.4021739130435
1360707827.211,895.1612903225806
1360707856.133,9765.625
1360707857.259,32546.875
1360707854.431,11603.515625
1360707854.977,3213.0681818181815
1360707855.231,1648.4375
1360707855.74,2069.359756097561
1360707855.803,7593.75
1360707856.29,14117.1875
1360707856.8,4398.4375
1360707856.8,1960.9375
1360707856.8,4359.375
1360707856.927,4820.3125
1360707851.87,1746.09375
1360707857.051,6539.0625
1360707857.115,9625.0
1360707833.37,314.63278931750745
1360707857.241,4640.625
1360707854.896,8703.125
1360707854.895,21584.134615384617
1360707855.823,3062.5
1360707856.711,10796.875
1360707833.395,48.73511904761905
1360707835.445,1884.375
1360707837.273,2212.112171837709
1360707860.969,6539.0625
1360707860.257,2503.787878787879
1360707860.257,11442.708333333334
1360707861.855,16877.23214285714
1360707860.509,3269.53125
1360707857.816,3420.918367346939
1360707862.364,13473.011363636364
1360707862.363,28977.022058823528
1360707862.363,14381.076388888889
1360707859.864,20162.5
1360707865.487,1751.953125
1360707860.426,7087.5
1360707862.256,752.34375
1360707862.256,5937.5
1360707862.827,2615.625
1360707863.333,1624.5888157894738
1360707855.005,172.27128623188406
1360707862.221,57205.89953271028
1360707854.468,172.95258620689654
1360707854.531,77.73824257425743
1360707854.53,519.2407024793389
1360707881.412,11229.166666666666
1360707877.698,14156.25
1360707879.639,3565.848214285714
1360707880.245,6457.589285714285
1360707880.623,9040.625
1360707880.75,11300.78125
1360707882.789,9230.46875
1360707880.855,9675.0
1360707860.758,703.9930555555555
1360707860.758,405.7459677419355
1360707856.973,661.9015957446809
1360707857.638,245.08426966292134
1360707860.608,4013.888888888889
1360707860.104,2441.7925824175827
1360707860.511,782.9861111111112
1360707863.076,46159.855769230766
1360707881.26,8945.3125
1360707881.381,17890.625
1360707862.694,23379.464285714286
1360707861.993,356.7073170731707
1360707861.988,213.81152849740934
1360707862.539,415.8266129032258
1360707862.665,15913.194444444445
1360707863.585,311.875
1360707886.949,3437.5
1360707881.019,6532.904411764706
1360707865.575,47756.25
1360707866.044,14860.795454545456
1360707866.777,4421.875
1360707865.004,117.71924083769633
1360707865.98,42291.666666666664
1360707868.895,8656.25
1360707877.864,91473.95833333333
1360707877.993,44479.166666666664
1360707878.729,20554.6875
1360707878.728,68986.60714285714
1360707880.164,25904.947916666668
1360707876.79,20494.140625
1360707877.708,53521.875
1360707878.569,59417.96875
1360707878.566,20171.875
1360707879.936,3794.2708333333335
1360707881.445,67101.5625
1360707880.745,3881.0763888888887
1360707884.249,41081.35775862069
1360707881.748,21593.75
1360707888.669,1101.6626602564104
1360707888.794,242.21294788273616
1360707888.794,21461.53846153846
1360707888.794,19453.125
1360707888.794,5931.332236842105
1360707885.938,10925.0
1360707888.096,902.7393196202531
1360707888.538,28728.125
1360707888.538,65.35016286644951
1360707885.236,1178.125
1360707887.208,11468.75
1360707913.805,1642.361111111111
1360707914.37,1631.25
1360707911.523,2156.25
1360707895.771,429.9172794117647
1360707914.898,1045.4545454545455
1360707912.331,76.32211538461539
1360707891.335,1859.375
1360707914.264,1703.125
1360707917.774,5710.9375
1360707917.773,4750.0
1360707917.836,1896.875
1360707916.108,646.3589449541284
1360707916.107,3927.0833333333335
1360707917.963,2356.25
1360707916.234,260.53370786516854
1360707916.297,412.36413043478257
1360707918.153,4671.875
1360707918.153,3984.375
1360707918.153,5151.041666666667
1360707918.153,1662.109375
1360707918.152,7394.53125
1360707918.152,6380.208333333333
1360707918.216,2384.375
1360707918.276,1286.931818181818
1360707918.276,2468.75
1360707918.275,3250.0
1360707918.343,425.1302083333333
1360707918.343,1220.486111111111
1360707918.343,1135.9375
1360707918.469,1054.6875
1360707918.469,2688.9204545454545
1360707918.596,1607.421875
1360707918.596,1593.75
1360707918.977,2644.53125
1360707916.416,2179.6875
1360707916.608,3503.90625
1360707916.48,24187.5
1360707919.103,2847.65625
1360707919.167,4750.0
1360707919.166,1580.7291666666667
1360707916.586,284.6200980392157
1360707919.401,9500.0
1360707916.643,295.20089285714283
1360707915.046,593.75
1360707915.046,956.0546875
1360707916.964,1448.4375
1360707916.644,2687.5
1360707917.027,1218.75
1360707916.706,2833.3333333333335
1360707916.833,6085.9375
1360707917.148,859.375
1360707916.958,1165.3645833333333
1360707917.212,1593.75
1360707912.793,7884.022887323944
1360707912.793,4746.808978873239
1360707912.792,9204.555457746477
1360707912.984,7181.696428571428
1360707912.984,110.84905660377359
1360707913.048,2905.643203883495
1360707912.967,3820.612980769231
1360707917.505,2571.875
1360707917.505,2812.5
1360707917.632,4542.96875
1360707917.695,7195.3125
1360707917.949,14046.875
1360707918.071,9500.0
1360707916.219,4750.0
1360707918.075,3802.0833333333335
1360707918.139,2309.375
1360707918.203,3150.0
1360707918.202,3162.5
1360707918.202,2915.625
1360707918.266,2125.0
1360707918.266,1340.625
1360707918.266,1271.875
1360707918.266,1123.4375
1360707918.393,1187.5
1360707916.344,8054.6875
1360707918.519,2019.0972222222224
1360707916.469,7679.6875
1360707916.532,3802.0833333333335
1360707916.532,389.39950980392155
1360707919.091,7386.71875
1360707916.531,5976.5625
1360707916.507,4785.15625
1360707919.321,14390.625
1360707919.447,9500.0
1360707914.966,593.75
1360707916.758,5367.1875
1360707919.446,15289.0625
1360707916.758,5554.6875
1360707916.756,1752.6041666666667
1360707916.688,1980.1136363636365
1360707916.751,5601.5625
1360707914.959,382.8125
1360707916.755,5718.75
1360707916.882,1218.75
1360707916.882,1372.3958333333333
1360707916.882,292.96875
1360707916.882,1437.5
1360707916.881,868.3035714285714
1360707916.945,55.12152777777778
1360707916.88,668.75
1360707916.88,1179.6875
1360707916.88,151.14795918367346
1360707912.884,3248.798076923077
1360707912.951,14069.78155339806
1360707915.974,2820.406626506024
1360707915.027,1801.6826923076924
1360707912.335,1224.5997536945813
1360707917.806,335.08663366336634
1360707924.077,20.3125
1360707919.432,13.771186440677965
1360707908.11,42640.625
1360707912.283,26152.34375
1360707915.081,8614.2578125
1360707932.607,1133.2236842105262
1360707913.05,84312.25263852242
1360707918.2,63.638663967611336
1360707918.263,61.29404362416108
1360707932.529,1132.8125
1360707919.086,44.18859649122807
1360707915.452,1677.455357142857
1360707915.45,4218.75
1360707915.509,125046.875
1360707913.264,153.68470149253733
1360707915.95,4078.125
1360707914.156,1970.3947368421052
1360707914.154,71.875
1360707914.382,1564.5833333333335
1360707916.097,850.0
1360707916.16,687.5
1360707915.109,11203.125
1360707912.864,41298.828125
1360707914.046,267.85714285714283
1360707916.606,1282.5520833333333
1360707916.974,1931.25
1360707916.974,1704.6875
1360707916.972,2136.71875
1360707915.142,904.5454545454545
1360707916.836,85.22727272727272
1360707916.9,7267.857142857143
1360707917.026,10109.375
1360707917.718,576.5625
1360707916.896,1799.005681818182
1360707939.56,7532.552083333333
1360707940.454,105120.53571428571
1360707940.454,9191.964285714286
1360707940.453,8361.607142857143
1360707940.837,50371.875
1360707940.901,110755.20833333333
1360707941.219,5106.25
1360707941.155,6984.375
1360707941.542,78851.5625
1360707941.537,6843.75
1360707941.537,27062.5
1360707941.729,7625.0
1360707941.92,18796.875
1360707940.177,45697.916666666664
1360707940.113,14296.875
1360707940.432,7888.392857142857
1360707940.432,4120.535714285715
1360707940.432,8477.67857142857
1360707940.879,4636.71875
1360707940.815,80065.10416666667
1360707940.879,6507.8125
1360707940.879,30576.171875
1360707941.138,4963.541666666667
1360707941.261,8773.4375
1360707941.516,13484.375
1360707941.516,1393.3823529411764
1360707941.516,9479.166666666666
1360707941.707,33395.833333333336
1360707917.584,9718.75
1360707918.819,4382.8125
1360707943.437,1078.125
1360707940.444,850.796568627451
1360707931.205,8050.022482014388
1360707931.205,10952.00892857143
1360707931.205,21781.795058139538
1360707931.205,23867.279411764706
1360707931.15,23443.266369047622
1360707931.15,14361.471036585366
1360707947.033,75.65789473684211
1360707931.748,14555.80357142857
1360707929.542,6250.705645161291
1360707931.972,234.375
1360707931.972,208.33333333333334
1360707931.592,12242.62152777778
1360707929.392,25376.220703125
1360707929.45,10437.255859375
1360707934.086,5765.625
1360707934.084,28225.446428571428
1360707939.336,5.142405063291139
1360707883.268,52775.52560366362
1360707938.254,53.286852589641434
1360707938.251,1129.2558365758755
1360707939.218,460750.0
1360707942.405,23328.125
1360707942.999,67015.625
1360707942.998,49817.708333333336
1360707944.016,7010.416666666667
1360707944.203,7281.25
1360707943.943,21339.285714285714
1360707943.943,84731.77083333333
1360707944.898,4854.166666666667
1360707945.024,133.92857142857142
1360707955.032,353.6416330645161
1360707967.302,325.0
1360707956.006,17312.5
1360707970.231,350.9760895883777
1360707970.165,210.46458837772397
1360707970.1,32.384987893462466
1360707930.034,5599.527685361217
1360707997.308,4484.375
1360707997.56,582.4535472972973
1360707988.146,17328.125
1360708018.225,20140.625
1360708018.589,21500.0
1360708018.716,6539.0625
1360708019.347,18812.5
1360708019.537,13078.125
1360708024.832,45203.125
1360708024.895,23687.5
1360708003.412,30250.0
1360708037.018,89.84375
1360708036.873,130.20833333333334
1360707888.127,2153.3065463477146
1360708018.15,14375.0
1360708018.087,6769.53125
1360708017.954,17046.875
1360708018.078,4542.410714285715
1360708018.621,2812.5
1360708018.811,58010.416666666664
1360708018.811,54156.25
1360708021.312,87.89528639618138
1360708024.325,4941.40625
1360708027.031,13533.482142857143
1360708027.03,7380.859375
1360708030.27,375.0
1360708030.337,312.5
1360708030.272,1107.142857142857
1360708031.571,165.44117647058823
1360708029.888,2801.8772482014388
1360708029.951,267.85714285714283
1360708031.249,88.58755506607929
1360708031.38,234.375
1360708031.546,187.5
1360708031.669,200.89285714285714
1360708035.047,4289.21875
1360708035.045,3236.521291208791
1360708035.045,3166.8669871794873
1360708035.045,3662.7604166666665
1360708035.109,5167.3248626373625
1360708035.107,4738.6049723756905
1360708036.643,375.0
1360708035.106,3471.173128342246
1360708035.106,4390.213815789473
1360708036.332,3325.829802259887
1360708036.639,3366.5254237288136
1360708036.639,3310.3571428571427
1360708035.913,3271.710526315789
1360708035.913,2318.309294871795
1360708035.913,3597.2861842105262
1360708035.913,4100.233843537415
1360708035.917,10942.25543478261
1360708035.981,5695.352979274611
1360708035.981,3556.888812154696
1360708035.98,5092.368784530387
1360708036.194,3663.907284768212
1360708036.485,3192.506906077348
1360708036.482,5534.098756906077
1360708036.892,2767.80303030303
1360708035.769,3451.041666666667
1360708066.982,3437.5
1360708048.282,104.64810924369748
1360708066.907,3437.5
1360708031.956,4945.655906593407
1360708045.581,200.89285714285714
1360708044.618,2139.600409836066
1360708044.898,187.5
1360708045.081,187.5
1360708045.37,187.5
1360708045.434,200.89285714285714
1360708066.923,52.54120879120879
1360708077.137,11.77536231884058
1360708091.346,6631.709039548023
1360708091.346,5379.876592356688
1360708091.346,4944.82697740113
1360708091.346,4698.003472222222
1360708091.345,5962.611607142857
1360708091.345,6031.776685393258
1360708091.345,5900.347222222222
1360708091.345,5555.295138888889
1360708091.345,4496.267361111111
1360708091.341,5646.826675257732
1360708092.134,7534.722222222223
1360708092.134,7500.1610824742265
1360708092.197,6526.071428571429
1360708092.197,5491.928317535545
1360708092.197,7914.109281437126
1360708092.196,5779.913101604278
1360708092.196,6817.361111111111
1360708092.196,5400.776836158192
1360708092.196,6136.337652439025
1360708092.257,4866.586538461538
1360708090.587,55.475917431192656
1360708094.483,7851.7137096774195
1360708094.483,9837.05357142857
1360708094.546,6982.548701298701
1360708094.33,7488.9455782312925
1360708094.394,4472.909902597403
1360708111.147,15354.10391566265
1360708131.129,6210.9375
1360708135.157,30593.75
1360708156.599,1145.8333333333333
1360708156.789,1718.75
1360708111.199,6656.183885754584
1360708111.326,29568.16983122363
1360708156.52,859.375
1360708156.713,1312.5
1360708027.073,5285.484668644906
1360708153.162,5367.1875
1360708153.411,5687.5
1360708157.108,1625.0
1360708126.055,4612.764550264551
1360708131.011,16203.32324106113
1360708212.868,718.75
1360708212.866,718.75
1360708225.909,4434.895833333333
1360708229.857,3289.0625
1360708229.983,1256.0096153846155
1360708225.94,539.2156862745097
1360708229.165,8513.671875
1360708239.998,1823.5677083333333
1360708233.502,6086.805555555556
1360708243.115,365.49479166666663
1360708236.554,28852.232142857145
1360708240.469,1151.0059931506848
1360708237.989,3356.971153846154
1360708239.101,5734.375
1360708240.151,74.95704467353951
1360708240.341,24138.020833333332
1360708258.573,724.948347107438
1360708261.426,3390.625
1360708261.936,2273.4375
1360708292.128,1329.3087121212122
1360708291.545,938.96642394822
1360708291.545,43.852459016393446
1360708321.111,2156.25
1360708309.328,105.80842391304347
1360708027.107,57596.03658536585
1360708310.963,366.47135416666663
1360708341.734,2198.828125
1360708329.136,198.01682692307693
1360708344.029,843.5997596153845
1360708330.128,5683.59375
1360708350.862,1060.2409638554218
1360708341.952,2897.336409395973
1360708341.952,139.32291666666666
1360708362.009,111.33928571428571
1360708376.096,1146.139705882353
1360708239.052,14796.423371440897
1360708387.314,270.8333333333333
1360708388.23,287.5
1360708388.357,464.2857142857143
1360708373.091,76.11083984375
1360708387.362,151.98863636363635
1360708378.669,5431.640625
1360708378.542,445.105421686747
1360708378.54,2760.15625
1360708378.54,6002.232142857143
1360708383.153,3957.578316953317
1360708383.153,3650.0303398058254
1360708383.152,4007.4513381995134
1360708383.216,3097.053793532338
1360708383.216,3262.100563909775
1360708383.216,4304.441585956416
1360708383.152,3692.771541262136
1360708383.215,3713.4656326034064
1360708383.02,3167.252444987775
1360708383.02,3927.0067401960787
1360708383.024,3470.0646033653848
1360708383.024,3951.434795673077
1360708383.024,4272.798978365385
1360708383.024,3728.290264423077
1360708383.087,2973.0798192771085
1360708383.087,2956.626506024096
1360708383.087,3385.1280120481924
1360708383.087,3751.254562043796
1360708383.087,2621.5538847117796
1360708383.086,4202.701662561576
1360708383.086,3914.840637450199
1360708379.039,18984.96462264151
1360708378.89,7464.148116438357
1360708412.618,64563.29113924051
1360708393.903,4520.833333333333
1360708394.214,7578.125
1360708412.81,32594.00826446281
1360708126.398,134028.46746575343
1360708126.33,125745.93321917808
1360708406.553,2132.943019093079
1360708409.892,3406.287924757282
1360708409.891,2668.484669811321
1360708409.952,3670.447716346154
1360708409.948,3025.625
1360708409.948,3351.267688679245
1360708410.079,3017.6271984924624
1360708410.26,2160.724940334129
1360708410.262,2931.994416873449
1360708410.326,3141.980421686747
1360708410.93,2808.4701946472023
1360708411.28,2444.624352331606
1360708411.28,2754.7291162227607
1360708411.279,2499.1966580976864
1360708409.763,2914.6748812351543
1360708409.826,3549.6651785714284
1360708410.051,2752.237382629108
1360708410.233,2248.758761682243
1360708410.295,1432.3163507109005
1360708410.358,1623.6510791366907
1360708424.525,17328.125
1360708412.57,13405.952380952382
1360708429.065,5096.486581920904
1360708454.058,112.3046875
1360708454.057,130.6818181818182
1360708433.944,9410.511363636364
1360708448.889,76058.2005033557
1360708437.853,8708.035714285714
1360708437.979,8655.46875
1360708438.041,6233.203125
1360708438.104,8800.967261904763
1360708438.481,12288.109756097561
1360708439.155,8808.59375
1360708439.28,57140.625
1360708438.231,7004.464285714285
1360708438.419,7971.484375
1360708438.647,11050.872093023258
1360708438.966,12106.944444444443
1360708439.154,146921.875
1360708465.048,5406.25
1360708441.878,156.25
1360708446.419,1625.0
1360708465.151,2733.0729166666665
1360708476.548,286.4583333333333
1360708382.721,2562.7026450511944
1360708474.23,57161.576704545456
1360708476.531,312.5
1360708382.641,2619.589297886844
1360708382.641,2364.6646031207597
1360708459.213,312.5
1360708458.846,1164.0625
1360708465.023,8906.25
1360708470.653,234.73173515981736
1360708473.205,964.3361581920904
1360708473.205,324.21875
1360708473.205,123683.03571428571
1360708473.079,1008.2236842105264
1360708476.813,479.1666666666667
1360708476.874,1625.0
1360708478.31,313.6265673981191
1360708507.722,2156.25
1360708459.394,15608.644257221458
1360708484.566,6648.67912371134
1360708484.629,3736.6677989130435
1360708484.629,4419.756355932203
1360708484.629,4444.905598958333
1360708484.629,5740.542763157895
1360708484.629,4796.071428571428
1360708484.628,5415.838068181818
1360708484.628,4742.937853107344
1360708484.628,2860.9884510869565
1360708484.628,3969.460227272727
1360708484.628,4894.67292746114
1360708484.628,3197.8283898305085
1360708484.673,3329.456676136364
1360708484.401,4672.762784090909
1360708484.399,4937.946428571428
1360708484.399,4232.820680628272
1360708484.399,4592.950994318182
1360708484.399,5042.169744318182
1360708484.399,8863.38141025641
1360708484.398,5783.59375
1360708488.336,1476.5034634760705
1360708488.336,1247.0578880407124
1360708488.336,2100.2906976744184
1360708488.21,2001.674107142857
1360708474.847,11639.575800619834
1360708511.808,23406.25
1360708511.807,12093.44951923077
1360708511.807,14255.45634920635
1360708511.807,15081.676136363636
1360708511.807,11963.14858490566
1360708511.807,16467.548076923078
1360708511.871,13149.27455357143
1360708511.678,15684.26724137931
1360708511.678,12445.723684210525
1360708511.677,17274.34593023256
1360708511.677,18394.886363636364
1360708511.677,13253.90625
1360708511.677,18417.65873015873
1360708511.677,17884.56156716418
1360708511.677,12781.597222222223
1360708511.677,16547.1875
1360708511.674,18840.46052631579
1360708511.67,14772.017045454544
1360708511.67,13478.860294117647
1360708511.67,18408.627717391304
1360708535.97,2625.0
1360708514.602,25340.353260869568
1360708514.322,28180.027173913044
1360708514.421,21205.16304347826
1360708514.484,25756.009615384617
1360708519.655,66.87843406593406
1360708519.781,35971.52777777778
1360708542.049,5846.354166666667
1360708523.288,2226.5625
1360708542.237,5267.0284431137725
1360708542.241,6207.589285714285
1360708545.228,436.81768558951967
1360708542.128,11302.083333333334
1360708542.733,3259.0035529715765
1360708552.242,62587.555066079294
1360708552.26,1628.407579787234
1360708575.067,2156.25
1360708564.808,2682.5064432989693
1360708564.807,2285.27706185567
1360708564.807,2554.748062015504
1360708564.777,2857.3966408268734
1360708564.78,2965.004832474227
1360708564.78,3214.8939588688945
1360708564.78,3900.4913015463917
1360708564.78,4051.413143382353
1360708564.78,2733.1233850129197
1360708564.843,3376.291989664083
1360708565.665,2946.7861757105943
1360708565.665,2982.280927835052
1360708565.665,3256.881476683938
1360708565.665,4198.775773195876
1360708565.664,3762.7180232558144
1360708565.728,2601.3601036269433
1360708565.663,3129.711662371134
1360708565.726,3373.385012919897
1360708565.726,4124.352331606218
1360708565.661,3577.96350129199
1360708565.724,4292.584196891192
1360708565.724,2234.7383720930234
1360708565.724,2403.625645994832
1360708573.019,461.59771126760563
1360708573.919,3077.1484375
1360708523.424,22875.31746908127
1360708543.647,11963.76729843562
1360708553.082,28293.14604685212
1360708582.083,6663.793103448275
1360708591.046,557.250656167979
1360708591.172,664.6190633245383
1360708591.425,1276.3201871657755
1360708591.424,1301.8372703412074
1360708591.424,665.5833333333333
1360708589.868,810.8076196473552
1360708590.182,610.6608478802992
1360708590.559,1147.1684644670052
1360708591.728,580.7291666666666
1360708592.044,917.3400395778364
1360708592.295,1549.5397286821706
1360708592.295,1330.798796791444
1360708592.295,731.2916666666666
1360708592.359,1098.1065683646111
1360708592.294,914.1878342245989
1360708592.294,1029.375
1360708592.358,777.0304144385026
1360708592.358,733.7466487935657
1360708592.358,1117.1263054830288
1360708595.983,1625.0
1360708598.417,7822.916666666667
1360708598.043,4520.833333333333
1360708620.767,94497.1875
1360708602.374,428.8023399014778
1360708602.858,2470.9821428571427
1360708615.334,1916.694297082228
1360708616.216,1728.5003263707572
1360708616.279,1250.984589041096
1360708616.279,1037.7568493150684
1360708616.278,1738.9730926430518
1360708619.403,135.9986033519553
1360708619.507,1816.1178691275168
1360708619.507,915.4469936708861
1360708619.571,1658.819211409396
1360708619.57,1358.5423197492164
1360708619.57,1074.156746031746
1360708619.501,39612.215909090904
1360708619.565,1122.8051839464883
1360708619.564,1778.7361987381703
1360708619.564,1484.1293238993712
1360708619.563,1207.2010869565217
1360708620.315,1196.9791666666667
1360708620.44,1315.0167785234898
1360708620.44,794.0104166666667
1360708620.439,877.1756329113924
1360708620.375,997.6511437908496
1360708620.439,17566.761363636364
1360708620.438,866.3082797427653
1360708624.875,600.4464285714286
1360708626.272,30593.75
1360708631.091,19189.477040816328
1360708631.002,68.8493816254417
1360708630.831,4354.166666666667
1360708631.714,5828.125
1360708620.461,7709.865749097473
1360708638.759,3837.941753926702
1360708648.148,21164.713541666668
1360708648.147,14556.743421052632
1360708648.147,20990.70945945946
1360708648.147,6291.313559322034
1360708648.147,23679.6875
1360708648.211,8851.831896551725
1360708648.211,13741.07142857143
1360708648.21,16524.553571428572
1360708648.145,27291.015625
1360708648.145,17282.608695652176
1360708648.209,18908.943965517243
1360708648.209,20521.875
1360708648.208,23809.495192307695
1360708649.031,21591.372282608696
1360708649.03,18939.0243902439
1360708649.03,11066.89453125
1360708649.094,8178.066037735849
1360708649.094,23250.0
1360708649.094,14140.988372093023
1360708649.027,15586.845930232557
1360708649.027,18789.899553571428
1360708649.027,23783.577127659573
1360708649.09,12415.33430232558
1360708650.843,258.8141025641026
1360708658.437,53760.416666666664
1360708688.966,2156.25
1360708676.106,6765.625
1360708675.984,1591.0382231404958
1360708681.583,54.755434782608695
1360708683.872,10976.058467741936
1360708683.872,4641.100543478261
1360708683.936,2710.1528384279472
1360708683.936,4146.334134615385
1360708683.935,8989.80034722222
1360708683.934,3985.1255458515284
1360708683.934,3684.770742358078
1360708683.934,2024.0174672489081
1360708683.998,7092.725409836065
1360708683.997,6757.056451612903
1360708683.997,4894.691780821918
1360708683.997,15290.44117647059
1360708683.996,4641.649590163935
1360708683.808,4902.973790322581
1360708683.803,3993.859170305677
1360708683.807,9932.291666666666
1360708683.869,11089.348591549297
1360708683.804,32927.083333333336
1360708683.804,6568.296370967742
1360708683.868,2014.185855263158
1360708683.867,3335.297131147541
1360708683.863,5570.184426229508
1360708703.896,78.20723684210526
1360708703.896,74226.67253521127
1360708658.333,3473.4563253012047
1360708715.89,1145.8333333333333
1360708703.013,10499.167319749215
1360708658.911,6889.274691358025
1360708699.411,13781.25
1360708729.751,2156.25
1360708735.606,37676.33928571428
1360708735.337,6953.125
1360708735.337,31392.755681818184
1360708736.458,3445.3125
1360708718.002,464.7836538461538
1360708718.436,187.68601190476193
1360708718.608,859.7301136363636
1360708718.446,899.5535714285714
1360708719.623,897.9166666666667
1360708742.947,20274.553571428572
1360708746.679,3437.5
1360708746.679,3437.5
1360708723.017,285.01506024096386
1360708726.192,164171.875
1360708726.255,6998.046875
1360708726.255,14892.361111111111
1360708726.251,10345.238095238095
1360708726.251,17000.0
1360708726.189,27306.25
1360708726.253,18643.75
1360708725.563,17193.125
1360708726.043,14469.951923076924
1360708726.111,8703.629032258064
1360708726.11,14602.67857142857
1360708726.109,114609.375
1360708726.045,15875.0
1360708726.109,7012.0192307692305
1360708726.109,8598.790322580646
1360708726.108,9536.458333333334
1360708450.012,16971.318493150688
1360708449.628,60293.62416107382
1360708740.039,4520.833333333333
1360708740.284,7588.541666666667
1360708770.454,2156.25
1360708775.829,1718.75
1360708775.872,49.744897959183675
1360708775.872,1718.75
1360708775.817,1718.75
1360708775.816,1718.75
1360708775.815,1718.75
1360708375.854,8406.953312051079
1360708786.03,87863.15789473684
1360708771.968,10731.119791666666
1360708776.477,812.5
1360708786.897,105028.23464912281
1360708803.214,4988.28125
1360708799.437,2156.25
1360708786.579,71.54605263157895
1360708782.513,546.2415540540541
1360708803.888,131867.1875
1360708786.02,84.08368644067797
1360708786.208,13718.75
1360708786.208,9805.555555555555
1360708786.208,10277.64423076923
1360708786.207,6370.028409090909
1360708786.271,9002.403846153848
1360708786.142,16085.597826086958
1360708786.269,11534.85576923077
1360708786.268,11820.833333333332
1360708785.944,19002.9296875
1360708786.008,21192.3828125
1360708786.008,3353.4375
1360708786.008,22636.160714285714
1360708786.008,9862.379807692309
1360708786.008,10110.085227272726
1360708786.071,10743.30357142857
1360708786.071,14006.69642857143
1360708785.917,16378.348214285716
1360708785.981,13875.0
1360708785.981,15427.083333333334
1360708786.044,17581.597222222223
1360708520.227,56560.049019607846
1360708520.101,171663.9150943396
1360708800.556,73.95067401960783
1360708800.807,7817.708333333333
1360708800.874,610.8483250620347
1360708830.713,1078.125
1360708811.043,4100.415512465374
1360708811.106,2642.578125
1360708811.042,1195.941091954023
1360708811.042,1393.0495689655174
1360708811.042,2819.586267605634
1360708811.041,2986.0522598870057
1360708811.105,2744.718309859155
1360708811.104,1567.9935158501441
1360708811.104,1871.3642659279778
1360708811.291,1397.972733711048
1360708813.061,1854.1666666666667
1360708811.962,175.78125
1360708811.961,175.78125
1360708811.959,175.78125
1360708811.959,175.78125
1360708810.921,2230.0275482093666
1360708810.92,2365.436422413793
1360708810.92,2448.6481741573034
1360708810.92,2715.4329608938547
1360708810.92,1558.184956395349
1360708810.919,1322.1084770114942
1360708810.982,2484.11312849162
1360708810.982,2623.6979166666665
1360708810.982,2818.944209039548
1360708811.169,1878.764005602241
1360708811.168,3030.2202722063034
1360708811.168,1087.857142857143
1360708811.168,2411.0811281337046
1360708811.232,2805.0637393767706
1360708786.515,5452.893650341686
1360708826.687,589.7335423197492
1360708543.075,96348.27586206896
1360708849.398,105.4248595505618
1360708845.162,1513.888888888889
1360708851.921,4468.71064231738
1360708851.984,3790.768194070081
1360708852.048,3488.856281725888
1360708851.983,4281.566455696202
1360708852.047,4767.120591939546
1360708851.983,4125.986426767677
1360708852.357,804.9075704225353
1360708851.861,2818.214514066496
1360708851.86,4415.119363395225
1360708851.86,4015.3085443037976
1360708851.859,4086.8192257217847
1360708851.986,3341.1739864864867
1360708851.921,4213.118654822335
1360708852.049,3219.759366925065
1360708852.029,3859.092377260982
1360708860.726,94.37667112299465
1360708867.271,578.8433908045977
1360708883.174,3206.125585480094
1360708883.173,3485.568317422434
1360708883.169,4244.816004672897
1360708883.169,2618.2502983293557
1360708883.169,3052.1330548926016
1360708883.168,3128.952863961814
1360708883.171,3622.501491646778
1360708883.171,4374.926643192488
1360708883.171,3548.25477326969
1360708883.17,3989.421351674641
1360708883.17,3667.884844868735
1360708883.17,2969.1229116945105
1360708883.054,3933.6963007159907
1360708883.053,5359.128548895898
1360708887.996,46.183268229166664
1360708891.717,5500.0
1360708891.309,1091.1458333333333
1360708891.47,5411.458333333333
1360708891.528,8234.375
1360708891.652,7828.125
1360708916.999,115.19970414201184
1360708911.144,4587.890625
1360708937.761,11656.25
1360708913.238,5898.477979274611
1360708913.162,12201.586787564765
1360708913.964,13058.988994743759
1360708940.081,3279.187817258883
1360708940.081,1938.1416062801932
1360708940.081,3730.9934701492534
1360708940.08,1516.107005141388
1360708940.079,3239.5833333333335
1360708940.143,2908.2178841309824
1360708940.143,3512.7946650124068
1360708939.958,66.04803493449782
1360708939.957,2533.555979643766
1360708939.957,3695.9522332506203
1360708939.957,2754.9679487179487
1360708939.957,2709.0349740932643
1360708939.957,3665.0319343065694
1360708939.957,2842.1717171717173
1360708939.957,2545.234375
1360708982.911,13950.617283950616
1360708972.919,51565.885416666664
1360708972.63,62.76824034334764
1360708981.349,178184.375
1360708981.98,23416.51785714286
1360708981.98,26763.75
1360708982.044,18085.464015151516
1360708982.039,19992.80753968254
1360708982.107,16267.968750000002
1360708982.107,14415.625
1360708982.107,19416.33064516129
1360708982.106,15971.217105263158
1360708982.827,22811.5234375
1360708982.825,15682.291666666666
1360708982.953,21245.59294871795
1360708982.825,12797.36328125
1360708982.947,17250.80128205128
1360708984.961,43640.625
1360708988.174,3165.1785714285716
1360709007.55,170.83333333333334
1360708703.345,195495.0969827586
1360709016.106,74704.89804964539
1360708852.256,2131.570001875469
1360708972.639,9893.642103580563
1360708852.445,2172.8673431040966
1360708852.572,2460.7818959037954
1360708852.508,2489.7868144252443
1360708852.678,1816.601635953366
1360708852.677,2051.95415257422
1360708852.053,2049.5806784107945
1360708852.369,2483.28324567994
1360708852.368,2474.3651426962074
1360708972.688,4828.824328644501
1360709007.032,195.5102848101266
1360709016.094,26966.39030612245
1360709014.914,103843.75
1360709014.906,529.8996913580247
1360709032.155,256.3733552631579
1360709022.654,1625.0
1360709022.589,1625.0
1360709030.494,2782.4229222520107
1360709030.556,3497.1000692520774
1360709030.491,4772.773972602739
1360709030.491,4555.354683195592
1360709030.553,3547.6973684210525
1360709030.553,3110.3950296735907
1360709030.553,3857.755602240896
1360709030.553,3747.4177170868347
1360709030.553,3856.4589136490254
1360709031.311,4638.234773371105
1360709030.436,2696.365870786517
1360709030.436,2172.335914454277
1360709030.435,4642.487281976744
1360709030.435,2586.3238324175827
1360709030.435,3581.320028011204
1360709030.435,2926.8859329446063
1360709030.435,3997.3376396648046
1360709030.435,3868.776114206128
1360709030.435,2910.32223796034
1360709031.193,3385.227272727273
1360709052.956,607.1428571428571
1360709052.956,406.25
1360709046.425,1232.9545454545455
1360709047.35,11734.375
1360709076.326,1366.0714285714287
1360709076.326,882.8125
1360709073.792,2895.703125
1360709070.335,1478.8773148148148
1360709075.378,462.7976190476191
1360709075.378,3790.9226190476193
1360709076.053,1461.8055555555557
1360709073.075,290.9007352941176
1360709069.93,201.84948979591837
1360709075.624,42490.05681818182
1360709074.526,1171.875
1360709075.275,2809.523809523809
1360709075.274,5882.440476190476
1360709075.592,3190.625
1360709075.636,2488.9423076923076
1360709074.528,1448.9329268292684
1360709074.592,1466.820987654321
1360709074.592,1466.820987654321
1360709075.739,253.22420634920633
1360709079.908,88793.75
1360709080.226,2386.71875
1360709076.568,382.96568627450984
1360708852.245,2259.0962647720876
1360709076.756,1318.816489361702
1360709069.907,5949.741242038216
1360709081.662,710.0694444444445
1360708808.637,11555.493273542601
1360709081.91,1765.625
1360709082.357,14125.0
1360709079.283,8084.375
1360709075.248,132.14285714285714
1360709075.248,13802.455357142857
1360709075.375,10704.910714285716
1360709080.146,1765.625
1360709077.01,339.2857142857143
1360709077.136,928.125
1360709080.715,2989.415322580645
1360709076.678,7838.541666666667
1360709069.763,19012.19758064516
1360709081.899,2354.1666666666665
1360708933.994,2939.6546991655687
1360709030.377,2956.3878080415047
1360709030.377,2801.5361543450067
1360709030.377,2510.7688556566973
1360709075.293,88466.51785714286
1360709075.165,746.4285714285714
1360709075.484,3027.1634615384614
1360709075.586,285.218253968254
1360709080.158,204.6875
1360709085.946,2354.1666666666665
1360709078.961,111.06178977272728
1360709092.226,7062.5
1360709092.226,7062.5
1360709085.86,1765.625
1360709072.958,1359.5588235294117
1360709075.675,325.67401960784315
1360709075.205,2189.598880597015
1360709075.366,1423.2456140350878
1360709079.779,95.52725118483413
1360709076.82,171.2189885496183
1360709074.186,4961.88446969697
1360709076.683,657.9861111111112
1360709079.009,8715.625
1360709077.108,8095.898437500001
1360709076.186,423.54910714285717
1360709077.874,16536.057692307695
1360709078.89,89.8663294797688
1360709078.821,12890.625
1360709079.434,4324.21875
1360709079.43,8246.09375
1360709077.604,3276.0416666666665
1360709079.688,76109.375
1360709080.812,592718.75
1360709079.906,11789.0625
1360709080.285,12363.28125
1360709080.348,989.5055970149253
1360709079.721,7984.375
1360709080.167,4531.25
1360709080.483,112229.91071428571
1360709082.017,21750.0
1360709092.741,88.96974885844749
1360709102.171,22393.75
1360709106.51,1078.125
1360709077.189,4018.6771953405014
1360709112.705,539.0625
1360709112.768,164.77272727272725
1360709112.894,89.84375
1360709112.815,3437.5
1360709092.909,787.3641304347826
1360709092.736,402.14646464646466
1360709110.142,20671.875
1360709112.737,1625.0
1360709137.08,50843.75
1360709138.699,884.9431818181818
1360709122.601,3936.616847826087
1360709122.601,1869.091386554622
1360709122.601,3658.7239583333335
1360709122.601,4957.902070063694
1360709122.601,3476.270746887967
1360709122.601,3375.716145833333
1360709122.601,34.07903899721448
1360709122.601,3163.415605095541
1360709122.601,3228.948744769875
1360709122.6,2646.09375
1360709120.797,90.63331117021276
1360709122.414,3834.5471398305085
1360709122.414,2531.1141304347825
1360709122.478,2369.5478723404253
1360709122.414,3821.0597826086955
1360709122.478,2198.641304347826
1360709122.478,1747.1467391304348
1360709122.478,3649.4565217391305
1360709122.478,3704.2197452229298
1360709122.478,3163.932291666667
1360709122.477,3115.217391304348
1360709122.477,2540.828804347826
1360709122.477,4690.896739130435
1360709122.477,3424.252717391304
1360709122.477,3088.994565217391
1360709122.477,13411.71875
1360709137.422,68017.578125
1360709139.165,6281.25
1360709145.574,5416.015625
1360709145.574,6684.895833333333
1360709145.451,7242.1875
1360709145.449,1271.9594594594594
1360709137.067,9538.766891891893
1360709153.833,4797.173566878981
1360709153.833,6963.968579234972
1360709153.833,3686.104910714286
1360709153.833,6733.087225274725
1360709153.709,5167.510474860335
1360709153.704,5611.26592356688
1360709153.683,5528.75
1360709162.476,47501.5625
1360709162.476,21247.007978723403
1360709162.475,22363.095238095237
1360709162.475,20189.338235294115
1360709162.474,1108.125
1360709162.474,5472.311046511628
1360709162.474,20960.582386363636
1360709162.474,22363.73546511628
1360709162.474,24523.4375
1360709162.474,24912.642045454548
1360709162.474,19811.23310810811
1360709162.474,24667.119565217392
1360709162.349,26810.855263157893
1360709162.349,20746.199324324323
1360709162.349,21266.304347826084
1360709162.349,21828.819444444445
1360709162.349,19626.953125
1360709162.348,25006.036931818184
1360709176.627,109246.44886363635
1360709176.357,15149.967783505153
1360709176.42,38787.04202586207
1360709164.306,1137.5
1360709192.678,1078.125
1360709184.27,268.3555825242718
1360709176.31,36.27968337730871
1360709202.621,812.5
1360709202.749,3437.5
1360709202.749,3437.5
1360709202.808,3437.5
1360709145.843,49067.97226914414
1360709202.733,2625.0
1360709184.178,12125.0
1360709205.392,53132.62195121951
1360709205.388,79.24107142857143
1360709205.764,75159.12162162163
1360709202.281,82.56091101694915
1360709202.602,1625.0
1360709202.788,1625.0
1360709217.243,1010.2306547619047
1360709216.149,30593.75
1360709229.71,9801.598837209303
1360709229.71,14403.706395348838
1360709229.71,27296.493902439026
1360709229.709,22930.902777777777
1360709229.709,12810.594512195123
1360709229.709,16167.66826923077
1360709229.709,24996.629901960783
1360709229.709,30096.50735294118
1360709229.709,20779.647435897434
1360709229.585,21745.09803921569
1360709229.585,25747.479838709674
1360709229.585,22998.046875
1360709229.585,17515.02403846154
1360709229.585,23390.950520833332
1360709229.585,18902.26063829787
1360709229.584,29113.451086956524
1360709229.584,21301.970108695652
1360709229.584,23376.905487804877
1360709229.584,1939.1660662824208
1360709229.561,18836.458333333332
1360709229.561,20839.09574468085
1360709229.561,16763.297872340427
1360709229.561,18309.29487179487
1360709229.625,14679.086538461539
1360709252.423,548223.3455882353
1360709252.035,102350.27305825242
1360709243.239,7578.125
1360709242.929,6781.25
1360709252.036,52699.63515228427
1360709257.568,8267.954192546584
1360709262.555,3437.5
1360709262.554,3437.5
1360709205.293,4953.509507829977
1360709257.545,108875.0
1360709262.471,3437.5
1360709272.984,2156.25
1360709251.812,157.1377840909091
1360709257.263,8083.333333333334
1360709279.064,27992.1875
1360708981.967,40704.84203296703
1360708982.229,44524.5786516854
1360709292.93,479.1666666666667
1360709282.598,17046.875
1360709282.468,2265.625
1360709295.445,40987.41554054054
1360709297.804,160.92754777070064
1360709302.982,2156.25
1360709286.809,52.0698051948052
1360709288.517,9828.804347826088
1360709288.517,11990.31690140845
1360709288.581,9947.916666666666
1360709288.581,8991.477272727274
1360709288.581,13395.559210526315
1360709288.581,12702.628968253968
1360709288.581,11523.065476190477
1360709288.516,2283.706507731959
1360709288.58,19447.36842105263
1360709288.58,12765.112704918034
1360709288.897,9458.333333333334
1360709288.96,312.5
1360709288.896,14384.09090909091
1360709288.896,11044.034090909092
1360709288.959,312.5
1360709289.003,312.5
1360709289.633,267.85714285714283
1360709289.633,267.85714285714283
1360709289.632,312.5
1360709288.394,14084.051724137931
1360709288.394,13776.400862068966
1360709288.462,9725.877192982456
1360709288.462,13678.728070175439
1360709288.462,6661.197916666667
1360709288.461,13715.33203125
1360709288.461,12557.291666666666
1360709288.778,6276.194852941177
1360709288.778,9858.642578125
1360709288.714,14014.150943396226
1360709288.777,10314.488636363636
1360709288.84,267.85714285714283
1360709288.904,267.85714285714283
1360709288.903,267.85714285714283
1360709288.903,312.5
1360709288.879,267.85714285714283
1360709289.323,312.5
1360709289.321,312.5
1360709289.511,234.375
1360709289.511,234.375
1360709289.51,312.5
1360709312.106,7828.125
1360709296.769,18322.916666666668
1360709297.507,6062.5
1360709313.28,94749.41259398496
1360708988.402,100175.65000000001
1360709304.803,121.15263819095478
1360709304.977,11375.0
1360709312.595,4875.0
1360709312.595,6546.875
1360709312.475,4875.0
1360709334.684,2156.25
1360709319.5,23493.10661764706
1360709319.564,23746.448863636364
1360709319.564,39801.846590909096
1360709319.564,29000.0
1360709319.564,21375.0
1360709319.564,27565.504807692305
1360709319.564,20591.30859375
1360709319.563,32255.37109375
1360709319.563,29245.967741935485
1360709319.563,28689.73214285714
1360709319.563,20284.564393939396
1360709319.387,27743.20652173913
1360709319.387,24417.613636363636
1360709319.387,27001.644736842107
1360709319.387,32424.030172413793
1360709319.386,18193.892045454548
1360709319.45,31912.80241935484
1360709319.446,25555.397727272728
1360709319.446,28930.625
1360709319.447,28766.071428571428
1360709319.447,6200.892857142857
1360709319.447,29257.161458333332
1360709319.447,24021.428571428572
1360709319.447,23262.78409090909
1360709313.182,7152.487961476726
1360709364.688,2156.25
1360709344.955,387.060546875
1360709348.571,136.1111111111111
1360709350.073,9655.505952380952
1360709350.073,16919.354838709674
1360709350.136,20830.729166666668
1360709350.136,15510.788690476189
1360709350.199,10423.491379310346
1360709350.179,6816.3109756097565
1360709350.18,14646.354166666666
1360709350.179,16784.62837837838
1360709350.179,10776.88953488372
1360709349.989,11544.471153846152
1360709349.989,9266.351744186046
1360709350.052,23043.75
1360709349.988,13929.166666666668
1360709350.052,12077.604166666668
1360709350.052,13246.22844827586
1360709350.052,9099.676724137931
1360709350.052,14860.219594594595
1360709350.052,14345.3125
1360709350.052,12490.625
1360709350.051,10329.215116279069
1360709352.994,2625.0
1360709352.994,1812.5
1360709352.859,906.25
1360709365.552,105666.36029411765
1360709359.604,12203.125
1360709363.027,4117.1875
1360709082.342,128728.18791946309
1360709083.75,123068.94841269842
1360709365.506,4364.583333333333
1360709365.502,4875.0
1360709366.428,117.46108949416342
1360709366.68,3911.4583333333335
1360709365.387,4875.0
1360709396.392,2156.25
1360709376.357,15264.008620689654
1360709376.357,18253.977272727272
1360709376.357,15529.296875
1360709376.361,17484.126984126986
1360709376.425,14073.567708333334
1360709376.36,20519.75235849057
1360709376.424,15104.166666666666
1360709376.424,16526.960784313727
1360709376.424,20418.181818181816
1360709378.111,24431.57327586207
1360709378.174,25264.70588235294
1360709378.11,13638.392857142857
1360709376.246,14952.12765957447
1360709376.31,18100.9837962963
1360709376.31,19526.59574468085
1360709376.244,18351.004464285714
1360709376.243,22424.386160714286
1360709376.243,16494.212962962964
1360709376.243,14236.019736842105
1360709376.306,14022.836538461539
1360709376.306,18205.150462962964
1360709376.306,20026.988636363636
1360709376.306,17804.14870689655
1360709376.306,14802.771226415094
1360709399.302,22250.0
1360709360.111,11815.594623329282
1360709412.774,2625.0
1360709412.708,147.72727272727275
1360709412.772,1312.5
1360709412.77,1718.75
1360709355.638,3529.0603979820626
1360709426.446,2156.25
1360709412.386,1625.0
1360709421.599,2846.927966101695
1360709421.72,15703.125
1360709424.168,85.76388888888889
1360709425.541,3815.295649509804
1360709425.541,2447.1507352941176
1360709425.541,2267.496943765281
1360709425.541,1813.416870415648
1360709425.541,1749.0234375
1360709425.605,1391.0603715170278
1360709425.605,1847.0515970515971
1360709425.605,1458.8835995085997
1360709425.54,2779.1158536585367
1360709425.539,2202.437347188264
1360709425.603,1799.5623464373464
1360709425.417,1998.242665036675
1360709425.417,1869.3321078431372
1360709425.417,2019.1396699266502
1360709425.417,2491.0279805352798
1360709425.417,1863.013174019608
1360709425.417,1452.5137530562347
1360709425.417,2370.1100244498775
1360709425.481,1754.153963414634
1360709425.481,2034.9355036855034
1360709425.481,1905.789312039312
1360709425.48,2080.920649509804
1360709425.48,3195.7698170731705
1360709438.553,19626.833545918365
1360709438.5,66862.78257978724
1360709438.493,97501.0162601626
1360709438.541,3085.0348605577688
1360709442.094,2140.625
1360709443.47,7822.916666666667
1360709451.758,26039.583333333332
1360709451.652,26716.666666666664
1360709451.651,6475.0
1360709459.166,52164.97269417476
1360709469.814,6890.625
1360709452.038,36335.52631578947
1360709451.973,26388.671875
1360709452.032,34055.6640625
1360709452.032,29009.86842105263
1360709452.036,25743.53448275862
1360709452.035,19991.536458333332
1360709452.035,30793.198529411766
1360709452.034,33311.580882352944
1360709452.162,30110.0
1360709452.033,30287.32638888889
1360709452.097,29911.458333333332
1360709452.222,7873.641304347826
1360709452.285,21919.11764705882
1360709451.856,30740.625
1360709451.919,37404.21195652174
1360709451.917,27408.717105263157
1360709451.981,22869.591346153848
1360709451.916,14706.875
1360709452.105,26748.697916666668
1360709452.164,10064.236111111111
1360709459.132,145111.77884615384
1360709459.118,11319.524295252226
1360709487.829,87.4439461883408
1360709501.994,2156.25
1360709484.635,1272.4056603773586
1360709490.037,57.10659898477157
1360709491.466,5760.884831460675
1360709491.465,5327.427455357143
1360709491.465,6471.754807692308
1360709491.465,5505.944293478261
1360709491.463,4519.838483146067
1360709491.463,21296.875
1360709491.463,5134.304775280899
1360709491.463,5855.318509615385
1360709491.463,6731.10119047619
1360709491.463,6525.056306306306
1360709491.463,2505.2083333333335
1360709491.463,4250.558035714285
1360709491.463,6696.649774774774
1360709491.331,3098.596256684492
1360709491.331,3381.880733944954
1360709491.331,6606.127106741573
1360709491.331,2871.2075242718447
1360709491.33,4437.349759615385
1360709491.328,5462.946428571428
1360709491.328,5936.298076923076
1360709491.328,5155.570652173913
1360709491.328,4296.428571428572
1360709491.328,2162.7976190476193
1360709491.328,5433.314732142857
1360709526.778,134160.9375
1360709508.274,6421.875
1360709509.405,13385.416666666666
1360709511.912,866.1684782608695
1360709526.693,59078.256302521004
1360709526.639,25555.218446601943
1360709522.253,4700.542355371901
1360709522.316,3435.8317057291665
1360709522.316,3851.6689373297004
1360709522.316,3682.377754820937
1360709522.316,4216.5236398963725
1360709522.439,2915.920487106017
1360709522.25,4274.333333333334
1360709522.314,4746.09375
1360709522.314,4018.4316353887402
1360709522.314,3823.6546321525884
1360709522.314,3390.7877604166665
1360709522.314,4353.327922077921
1360709522.44,4302.85439944134
1360709523.19,2216.4172535211264
1360709523.19,3321.0264360313317
1360709523.19,2643.6478201634877
1360709523.187,3945.2256944444443
1360709523.187,3595.119201030928
1360709523.186,3879.0871934604907
1360709523.186,3341.9642857142853
1360709523.311,2971.641919889503
1360709524.305,4076.628521126761
1360709547.945,277912.9464285714
1360709526.334,41.57282282282283
1360709526.525,3543.484669811321
1360709544.486,2756.284916201117
1360709567.802,2156.25
1360709567.8,2156.25
1360709547.954,11743.70616232465
1360709557.948,223.35304054054052
1360709558.612,18859.375
1360709559.912,160.83559782608694
1360709560.214,5974.498327759197
1360709560.277,4590.737336601307
1360709560.277,3763.6245674740485
1360709560.403,2974.4920494699645
1360709560.403,6302.83453525641
1360709560.403,4515.733506944444
1360709560.403,3050.513698630137
1360709562.571,6958.088898916968
1360709561.092,5128.14670138889
1360709561.092,5837.388029315961
1360709561.156,4464.714403973509
1360709561.156,4651.903973509934
1360709561.156,5375.5952380952385
1360709561.156,6291.112956810632
1360709561.282,3680.138221153846
1360709561.282,4358.045212765957
1360709561.282,5453.449394463668
1360709561.282,4872.97549833887
1360709561.281,4389.461974110032
1360709561.281,3406.920379537954
1360709587.012,1041.6666666666667
1360709547.946,13940.954660404625
1360709295.252,145973.79032258064
1360709577.379,20473.80514705882
1360709583.519,7593.75
1360709583.143,6421.875
1360709599.373,789.702868852459
1360709607.346,8195.3125
1360709607.346,9743.521341463415
1360709607.598,15634.046052631578
1360709607.598,17278.04487179487
1360709607.598,38207.46527777778
1360709607.597,41762.15277777778
1360709607.597,20907.196969696968
1360709607.597,11712.5
1360709608.709,183562.5
1360709607.218,28247.96195652174
1360709607.216,9912.98076923077
1360709607.216,19154.86111111111
1360709607.216,13994.53125
1360709607.215,14910.89527027027
1360709607.465,21733.59375
1360709607.469,14190.524193548388
1360709607.532,9294.354838709678
1360709607.467,11488.38141025641
1360709607.467,13823.71794871795
1360709611.209,80.5986147757256
1360709613.294,67630.68664965987
1360709617.867,35.95074152542373
1360709622.79,91.47593896713616
1360709613.76,4015.625
1360709636.221,206.31377551020407
1360709642.767,122311.54336734694
1360709635.209,21874.469339622643
1360709652.102,3437.5
1360709560.325,2226.475331241283
1360709356.063,145046.875
1360709356.127,133792.3387096774
1360709635.531,10437.5
1360709635.402,12687.5
1360709643.435,4628.576807228916
1360709648.511,211046.875
1360709648.511,168984.375
1360709648.511,108640.625
1360709648.575,53550.78125
1360709652.531,6781.25
1360709653.01,7828.125
1360709560.322,1404.6489096163953
1360709677.122,6890.625
1360709119.997,7676.708556301947
1360709682.078,3437.5
1360709610.646,3716.803875448029
1360709560.245,1863.710260115607
1360709681.996,3437.5
1360709682.06,3437.5
1360709682.596,143.38235294117646
1360709686.759,8820.3125
1360709686.503,582.9905063291139
1360709688.923,115.0483630952381
1360709690.413,2650.913592896175
1360709690.412,3264.21618852459
1360709690.474,1349.1866438356165
1360709690.538,3897.100601604278
1360709690.538,1956.1747994652405
1360709690.538,20154.647435897434
1360709690.666,1504.661602209945
1360709690.538,3116.226604278075
1360709690.664,1223.1526243093922
1360709690.294,3480.634973404255
1360709690.294,1486.9791666666667
1360709690.293,2197.972972972973
1360709690.352,3415.3333333333335
1360709690.292,2409.665300546448
1360709690.356,2333.5669525065964
1360709690.356,1306.4640410958903
1360709690.419,2045.8447802197802
1360709690.418,9011.9140625
1360709690.418,1889.9109543010752
1360709690.418,13960.746951219513
1360709711.82,2156.25
1360709695.591,243.0261299435028
1360709720.808,174118.27956989247
1360709721.047,141615.45907079644
1360709720.864,8536.260775862069
1360709734.806,788.0859375
1360709688.732,13308.561643835617
1360709718.366,44093.75
1360709718.366,41122.395833333336
1360709718.366,41031.25
1360709718.365,56028.645833333336
1360709718.365,32054.6875
1360709718.181,173734.375
1360709718.246,7105.143229166667
1360709718.246,43510.416666666664
1360709718.245,28084.821428571428
1360709718.244,53785.71428571428
1360709718.244,21667.96875
1360709721.332,1594.4420163170164
1360709746.064,3437.5
1360709729.8,103.64029255319149
1360709753.045,6651.041666666667
1360709735.115,11812.5
1360709748.909,152.91341145833334
1360709750.85,7242.1875
1360709750.849,876.8682065217391
1360709755.35,122.09733201581027
1360709755.602,7583.333333333333
1360709785.03,2156.25
1360709790.712,314163.77314814815
1360709792.086,56124.78885135135
1360709774.557,3204.3117088607596
1360709774.557,2607.7927215189875
1360709774.556,3033.2908163265306
1360709774.619,3452.3581288343557
1360709774.619,1959.0585443037976
1360709774.619,1746.9512195121952
1360709774.683,2955.812101910828
1360709774.682,1839.2714968152866
1360709774.682,3727.7199074074074
1360709774.682,1349.8208598726114
1360709774.682,2902.10262345679
1360709774.562,951.8312101910828
1360709774.562,2034.8632812499998
1360709774.434,2884.777607361963
1360709774.562,1239.9482484076434
1360709774.497,2255.374203821656
1360709774.56,1819.8646496815288
1360709784.749,9063.31576305221
1360709784.066,8146.936274509803
1360709784.605,16873.4375
1360709784.36,159.1235632183908
1360709784.488,19798.4375
1360709806.678,2625.0
1360709749.715,3040.133426966292
1360709791.551,2345.703125
1360709610.761,115956.59722222223
1360709610.825,99180.35714285714
1360710015.446,62.83244680851063
1360710024.607,57.017543859649116
1360710024.607,43.333333333333336
1360710024.671,56.6860465116279
1360710024.671,50.78125
1360710024.671,56.6860465116279
1360710024.671,39.959016393442624
1360710024.671,59.45121951219512
1360710024.735,62.5
1360710024.671,45.990566037735846
1360710024.989,60.9375
1360710024.988,49.24242424242424
1360710025.243,54.16666666666667
1360710025.243,53.27868852459016
1360710024.62,54.16666666666667
1360710024.62,50.78125
1360710024.616,38.0859375
1360710024.615,50.78125
1360710024.615,40.625
1360710030.212,29.017857142857142
1360710022.528,15.625
1360710030.004,64.48412698412699
1360709749.127,1910.0621654772524
1360709784.538,229460.09615384616
1360710296.803,121.875
1360711453.285,68.45238095238096
1360711458.49,6037.259615384615
1360711453.191,1038.330078125
1360711453.295,24.78448275862069
1360711457.307,3157.8947368421054
1360711457.051,47105.20833333333
1360711459.319,5976.973684210527
1360711463.906,13778.645833333334
1360711493.578,2156.25
1360711495.305,122696.99754901961
1360711495.498,5215.277777777777
1360711495.562,6112.847222222223
1360711495.562,5709.077380952382
1360711495.562,6538.165983606557
1360711495.562,4533.854166666667
1360711495.562,4336.174242424242
1360711495.56,3341.6193181818185
1360711495.56,3201.849489795918
1360711495.56,5765.625
1360711495.56,3769.0217391304345
1360711495.56,7803.879310344827
1360711495.122,12687.5
1360711495.122,860.9730113636364
1360711495.438,5774.147727272728
1360711495.437,9792.564655172415
1360711495.437,3178.472222222222
1360711495.437,16364.955357142857
1360711495.437,4725.142045454546
1360711495.437,3806.534090909091
1360711495.437,16845.78804347826
1360711495.437,15590.9375
1360711495.437,9896.875
1360711517.19,2156.25
1360711495.645,8685.812282229967
1360711514.807,753.90625
1360711505.914,78.75844594594594
1360711510.004,392.7951388888889
1360711505.77,6039.0625
1360711518.133,152755.20833333334
1360711524.184,102.91164658634538
1360711524.063,104.71398305084746
1360711525.791,438.57758620689657
1360711529.131,10706.011546184738
1360711529.08,15250.0
1360711529.287,8453.125
1360711536.612,11140.625
1360711554.823,3437.5
1360711554.822,1718.75
1360711554.745,1718.75
1360711554.744,1718.75
1360711554.744,1312.5
1360711556.826,93.6748798076923
1360711454.828,3069.0152829684994
1360711454.689,32199.22291889007
1360711555.126,1625.0
1360711557.082,173.92601431980907
1360711564.323,5859.375
1360711574.103,702.34375
1360711575.381,11726.5625
1360711614.816,3437.5
1360711614.77,3437.5
1360711562.036,14586.625152811735
1360711494.761,11077.924357945425
1360711620.325,46197.28387850467
1360711620.325,12307.661290322581
1360711633.497,2156.25
1360711633.433,1078.125
1360711620.267,463.8611963190184
1360711620.582,82052.08333333333
1360711620.152,8853.125
1360711649.988,287.5
1360711646.368,2365.567585301837
1360711653.519,13706.043956043955
1360711655.749,14596.93287037037
1360711655.812,12322.088068181818
1360711655.812,15655.048076923076
1360711655.812,17867.99568965517
1360711655.748,18467.329545454548
1360711655.743,17684.17553191489
1360711655.807,17921.05263157895
1360711655.807,16104.525862068964
1360711655.811,13320.667613636364
1360711653.352,12852.916666666668
1360711653.351,11879.557291666666
1360711653.415,14088.028169014084
1360711653.349,10971.6796875
1360711655.54,18977.678571428572
1360711655.603,19775.240384615383
1360711655.647,16513.104838709674
1360711655.647,12321.377840909092
1360711655.582,17454.57175925926
1360711655.582,24401.5625
1360711655.645,22805.245535714286
1360711655.645,16880.64236111111
1360711655.645,15013.194444444443
1360711655.645,19167.22972972973
1360711620.226,24035.261143931257
1360711688.546,109295.64144736843
1360711688.071,184.64006696428572
1360711709.923,3437.5
1360711709.987,3437.5
1360711709.922,3437.5
1360711725.98,12120.535714285714
1360711723.03,1746.09375
1360711704.897,6039.0625
1360711710.177,1625.0
1360711730.388,27812.5
1360711730.172,263734.375
1360711726.524,119.16977611940298
1360711722.037,1566.9642857142858
1360711726.447,151.4246323529412
1360711753.904,2156.25
1360711776.249,1657.350352112676
1360711776.372,16296.875
1360711779.451,91.16456834532374
1360711781.08,51606.25
1360711781.144,30821.875
1360711781.143,43638.020833333336
1360711781.017,47378.90625
1360711783.202,1068.2605421686746
1360711796.877,8644.340034965035
1360711790.363,1753.2291666666665
1360711797.213,1130.2083333333333
1360711798.414,3350.4464285714284
1360711809.438,88901.04166666667
1360711809.437,33757.8125
1360711809.436,24684.375
1360711809.322,16857.14285714286
1360711809.322,46850.0
1360711809.321,96093.75
1360711809.321,2046.183628318584
1360711796.895,12643.867442810457
1360711796.895,29062.37234477124
1360711823.673,8421.875
1360711856.877,2156.25
1360711856.877,2156.25
1360711866.076,1718.75
1360711778.558,4087.4954346238133
1360711896.292,23148.74387254902
1360711896.355,76736.03723404255
1360711896.291,144651.80619266056
1360711896.154,210.5654761904762
1360711888.723,206.10841423948222
1360711896.292,69.65537383177569
1360711926.108,27812.5
1360711916.787,15755.565068493152
1360711916.55,102031.00393700787
1360711918.897,812.5
1360711922.656,7002.604166666667
1360711922.656,4088.109756097561
1360711922.655,6323.660714285715
1360711922.654,5845.982142857143
1360711922.475,677.7012711864406
1360711937.721,2162.4599358974356
1360711937.721,2219.3008814102564
1360711937.783,1178.6073151125402
1360711937.783,1327.9265873015872
1360711937.783,16400.240384615383
1360711937.783,1691.1676045016077
1360711937.783,2563.0508814102564
1360711937.846,3819.6522887323945
1360711937.609,1998.1529552715656
1360711937.608,2472.0156752411576
1360711937.608,3003.826530612245
1360711937.608,2604.0603741496598
1360711937.544,1084.9859775641025
1360711937.672,2304.907570422535
1360711937.672,1618.1778169014085
1360711937.607,2146.352491961415
1360711937.607,2188.3459394904457
1360711937.606,1348.2142857142858
1360711953.39,1385.7581967213116
1360711938.799,3207.3093220338983
1360711938.799,4851.847627737226
1360711938.863,2440.901360544218
1360711938.989,2367.562071917808
1360711938.682,3547.3345588235293
1360711938.866,1573.683647260274
1360711975.609,5414.0625
1360711956.7,1821.4699074074074
1360711959.199,88.82575757575758
1360711959.258,94522.72727272726
1360711983.547,2156.25
1360711978.114,406.25
1360711978.114,2437.5
1360711978.113,3437.5
1360711971.828,19390.625
1360711969.731,446006.25
1360711987.289,35561.29807692308
1360711975.409,147.76976495726495
1360711975.48,9062.5
1360711970.179,9917.646452145214
1360711916.232,9955.19237465181
1360711958.939,46302.91748046875
1360712008.081,3437.5
1360712008.08,3437.5
1360711985.939,64.08045977011494
1360711996.362,2531.25
1360711996.106,158.41346153846152
1360712008.358,1625.0
1360712008.237,1625.0
1360712026.824,479.1666666666667
1360712015.214,80512.95986622074
1360712014.093,6323.660714285715
1360712013.963,6287.946428571428
1360712014.026,12285.15625
1360711986.097,3443.8500615763546
1360712040.884,10335.9375
1360712031.519,50.954634464751955
1360712057.814,87.68550228310502
1360712055.149,1388.7061403508771
1360712056.455,18125.0
1360712075.815,167669.64285714287
1360712073.639,55232.954545454544
1360712058.896,2209.2881944444443
1360712058.896,3856.302668539326
1360712058.896,2639.0086206896553
1360712058.895,1769.3713450292398
1360712058.895,2102.589285714286
1360712058.895,2026.9642857142856
1360712058.894,2769.8946220930234
1360712058.894,29617.1875
1360712058.894,3051.024011299435
1360712058.894,1908.8443396226417
1360712058.894,2417.359104046243
1360712058.953,2027.5892857142858
1360712059.061,2786.3669590643276
1360712058.701,4631.09756097561
1360712058.701,3773.934248554913
1360712058.741,4497.454353932584
1360712058.741,4728.669241573034
1360712058.741,3700.8322010869565
1360712058.742,2317.857142857143
1360712058.742,2670.267857142857
1360712058.742,2419.8096264367814
1360712058.742,2811.2710674157306
1360712058.931,1760.2919161676646
1360712072.576,134.4551282051282
1360712072.704,336828.5472972973
1360712076.477,4281.25
1360712076.736,5875.0
1360712102.468,10484.375
1360712106.175,2156.25
1360712088.956,1824.6753246753246
1360712090.297,8039.0625
1360712092.287,283.4767512077295
1360712093.846,15480.020491803278
1360712093.845,4326.366341991342
1360712093.845,3304.6521493212667
1360712093.909,12745.762711864407
1360712093.972,44161.458333333336
1360712093.972,7466.517857142857
1360712094.732,12594.41489361702
1360712093.734,5441.4592760181
1360712093.734,3831.1651583710404
1360712093.734,3075.794956140351
1360712093.734,2737.697963800905
1360712093.797,7926.2609649122805
1360712093.797,3454.190340909091
1360712093.797,4187.571022727273
1360712093.86,11730.667372881357
1360712093.86,7496.930803571428
1360712093.86,6784.375
1360712093.856,9433.872767857143
1360712093.856,7150.688559322034
1360712093.924,5357.366071428572
1360712093.86,6568.638392857143
1360712093.923,7305.113636363636
1360712097.51,2861.458333333333
1360712097.319,2397.890406162465
1360712102.029,81277.9605263158
1360712072.297,2576.6369047619046
1360712117.869,2975.3445817490497
1360712118.119,52465.27777777778
1360712118.183,24669.43359375
1360712118.183,49081.0546875
1360712118.183,46105.46875
1360712118.183,43262.64880952381
1360712118.183,44574.869791666664
1360712118.183,34844.375
1360712118.182,52360.73369565217
1360712118.182,27490.104166666664
1360712118.182,48104.6875
1360712118.94,54265.625
1360712118.993,36212.357954545456
1360712119.057,27936.820652173916
1360712119.057,20322.65625
1360712119.057,45874.131944444445
1360712119.057,47999.131944444445
1360712119.057,50932.6171875
1360712119.057,11140.151515151516
1360712119.056,58360.19736842105
1360712119.056,45286.458333333336
1360712119.056,37955.46875
1360712119.056,24006.25
1360712145.606,35131.98138297872
1360712138.63,12562.5
1360712158.758,3437.5
1360712158.758,162.5
1360712158.757,3437.5
1360712158.706,3437.5
1360712145.52,71.5260922330097
1360712145.647,22236.05124521073
1360712145.774,314437.7029220779
1360712159.002,1625.0
1360712158.886,1625.0
1360712176.014,53606.501436781604
1360712176.014,39271.086165048546
1360712176.257,77037.30867346938
1360712164.267,27317.708333333332
1360712164.33,20975.08445945946
1360712164.33,29798.477564102566
1360712164.33,9908.482142857143
1360712164.33,25830.46875
1360712164.33,16166.964285714286
1360712164.33,6723.090277777777
1360712164.265,4127.7707122093025
1360712164.328,12512.586805555555
1360712164.328,12436.279296875
1360712164.328,24349.095394736843
1360712164.328,31538.651315789473
1360712164.328,19861.979166666668
1360712164.453,5533.7171052631575
1360712163.099,4.022277227722772
1360712164.149,23708.93895348837
1360712164.213,21850.260416666668
1360712164.213,35248.697916666664
1360712164.213,28352.5641025641
1360712164.213,17031.25
1360712164.213,19051.41129032258
1360712164.148,19815.020161290326
1360712164.212,39638.28125
1360712164.212,18775.914634146342
1360712164.212,20203.125
1360712164.654,70.97085674157304
1360712135.303,3397.706834532374
1360712135.43,15350.28545673077
1360712176.062,74.41603535353536
1360712186.141,43610.97756410256
1360712135.231,5415.917266187051
1360712186.579,53865.010245901634
1360712172.707,18906.25
1360712175.127,10512.276785714286
1360712192.114,15852.864583333334
1360712195.94,179.6875
1360712196.895,624747.7022058823
1360712204.323,41545.13888888888
1360712192.099,87.59715025906736
1360712204.6,195937.21461187216
1360712185.939,10041.758578431372
1360712211.727,298.3352803738318
1360712204.352,137.54562043795622
1360712204.662,44097.265625
1360712208.683,6140.625
1360712225.941,14437.5
1360712225.876,840.4628962536023
1360712230.155,113.95676691729322
1360712228.773,84.57095709570957
1360712228.588,101.28073770491804
1360712232.262,7118.526785714285
1360712232.767,4087.7878289473683
1360712232.698,1404.4709158415842
1360712232.766,4878.424657534247
1360712232.829,22282.894736842107
1360712232.829,4144.74826388889
1360712232.829,5216.362847222223
1360712232.893,9135.087025316456
1360712232.765,3491.25
1360712232.828,25812.5
1360712232.827,6098.541666666667
1360712232.827,7560.855263157895
1360712232.827,9049.961419753086
1360712232.164,6668.113425925925
1360712232.65,4262.5411184210525
1360712232.646,12695.963541666666
1360712232.713,17335.15625
1360712232.713,6527.844551282051
1360712232.648,8186.472039473685
1360712232.648,19707.03125
1360712232.648,9969.178082191782
1360712232.711,10494.791666666666
1360712232.711,9360.957278481013
1360712232.711,6415.5016447368425
1360712258.446,1078.125
1360712249.852,30914.53313253012
1360712249.98,38095.15625
1360712241.274,11125.0
1360712240.105,33564.33823529412
1360712258.457,37995.71078431372
1360712258.187,49162.970430107525
1360712258.187,99612.33108108108
1360712243.032,9828.125
1360712247.867,88.14102564102565
1360712247.931,11656.25
1360712247.744,4635.416666666667
1360712263.048,38568.293539325845
1360712265.82,32978.53535353536
1360712262.869,24672.50631313131
1360712238.956,35362.16517857143
1360712278.333,3437.5
1360712278.332,3437.5
1360712278.396,1062.5
1360712277.493,164697.47340425532
1360712277.936,112430.39772727274
1360712278.254,3437.5
1360711986.624,296473.3796296296
1360712265.005,2712.5
1360712265.367,7578.125
1360712265.869,1914.501404494382
1360712294.86,2156.25
1360712288.623,44166.57608695653
1360712277.446,1371.6831841432224
1360712277.51,1383.2982512953367
1360712277.505,1416.9471153846155
1360712277.509,1258.2386363636365
1360712277.092,69.96719613259668
1360712277.387,1096.9551282051282
1360712277.387,1035.456730769231
1360712277.387,1559.4473007712081
1360712278.459,270.8333333333333
1360712289.06,296136.71875
1360712301.422,201.83011049723757
1360712301.422,694.359756097561
1360712301.422,694.359756097561
1360712301.422,694.359756097561
1360712301.422,641.8711656441718
1360712301.421,547.6280120481928
1360712301.421,90.1946107784431
1360712301.421,554.3064024390244
1360712301.421,550.9469696969696
1360712301.421,90.73795180722892
1360712301.421,90.1946107784431
1360712299.969,25916.036184210527
1360712301.371,694.359756097561
1360712301.371,90.73795180722892
1360712301.371,90.1946107784431
1360712301.369,641.8711656441718
1360712301.369,688.6432926829268
1360712301.944,312.5
1360712301.944,267.85714285714283
1360712301.943,312.5
1360712301.943,312.5
1360712301.943,312.5
1360712301.943,267.85714285714283
1360712301.943,312.5
1360712301.943,312.5
1360712301.942,312.5
1360712301.942,267.85714285714283
1360712301.942,267.85714285714283
1360712302.001,267.85714285714283
1360712302.001,267.85714285714283
1360712302.005,375.0
1360712302.005,267.85714285714283
1360712302.068,267.85714285714283
1360712300.262,3501.8415178571427
1360712301.761,312.5
1360712301.825,267.85714285714283
1360712301.829,267.85714285714283
1360712301.828,312.5
1360712301.828,267.85714285714283
1360712301.892,312.5
1360712301.892,312.5
1360712301.572,1545.2272727272727
1360712301.891,267.85714285714283
1360712301.891,312.5
1360712301.891,312.5
1360712301.824,312.5
1360712301.824,375.0
1360712302.144,38.52739726027397
1360712301.824,312.5
1360712301.823,267.85714285714283
1360712301.886,234.375
1360712301.95,375.0
1360712303.578,271.7897022332506
1360712303.578,344.69696969696975
1360712303.577,322.58234797297297
1360712303.091,283.0264857881137
1360712303.279,323.828125
1360712303.468,326.09326625386996
1360712303.911,174.9551971326165
1360712318.857,6.812796208530806
1360712329.365,210.63701923076923
1360712348.911,48.36309523809524
1360712334.16,210.63701923076923
1360712331.749,117.33774038461539
1360712332.231,210.63701923076923
1360712332.359,210.63701923076923
1360712333.6,210.63701923076923
1360712337.68,209.9640575079872
1360712360.506,18666.666666666668
1360712356.934,69.22743055555556
1360712339.231,210.63701923076923
1360712376.971,140794.53125
1360712359.901,8.977900552486188
1360712356.628,2644.0217391304345
1360712361.104,7569.791666666666
1360712362.345,210.63701923076923
1360712359.176,209.9640575079872
1360712359.238,95.76612903225806
1360712360.183,305.2210365853659
1360712361.628,116.96285942492013
1360712362.296,210.63701923076923
1360712363.6,210.63701923076923
1360712363.979,209.9640575079872
1360712367.915,210.63701923076923
1360712367.977,14.561518324607329
1360712369.043,209.9640575079872
1360712386.903,18137.369791666668
1360712377.089,141.51503164556962
1360712394.493,40239.85180412371
1360712389.021,209.9640575079872
1360712386.868,508.63095238095235
1360712393.846,209.9640575079872
1360712392.437,116.96285942492013
1360712393.07,209.9640575079872
1360712392.941,209.9640575079872
1360712394.311,209.9640575079872
1360712414.168,1783.2446808510638
1360712417.118,12120.535714285714
1360712395.027,6101.5625
1360712395.344,4117.1875
1360712397.54,280.84935897435895
1360712399.045,280.84935897435895
1360712421.352,162.29838709677418
1360712417.861,161.95101351351352
1360712387.708,6045.977540500737
1360712430.478,371.52777777777777
1360712430.405,371.52777777777777
1360712412.61,1193.8244047619046
1360712416.902,280.4351993865031
1360712419.435,222.33796296296296
1360712425.01,6652.5297619047615
1360712425.01,7270.445478723404
1360712425.01,8081.232244318182
1360712425.01,6619.265292553192
1360712425.008,7119.051846590909
1360712425.008,5204.545454545454
1360712425.008,4076.4248704663214
1360712425.008,6918.60119047619
1360712425.008,6598.514573991031
1360712425.008,7977.072864321608
1360712427.122,6550.493421052632
1360712427.122,4910.753676470588
1360712427.119,4159.953034682081
1360712427.246,187.5
1360712427.245,200.89285714285714
1360712427.498,107.14285714285714
1360712427.497,110.29411764705883
1360712427.497,110.29411764705883
1360712427.497,110.29411764705883
1360712425.824,6979.779411764705
1360712425.824,7938.157126168225
1360712425.824,7965.43337264151
1360712425.824,7275.032722513089
1360712425.824,4753.289473684211
1360712425.824,5000.14534883721
1360712425.824,6459.537146226415
1360712425.824,5335.678317535545
1360712427.004,6041.176470588235
1360712427.002,8114.351114649681
1360712427.001,7987.28950777202
1360712427.129,175.78125
1360712427.128,165.44117647058823
1360712427.128,200.89285714285714
1360712427.187,175.78125
1360712427.379,107.14285714285714
1360712427.506,113.63636363636363
1360712438.1,262.0065789473684
1360712427.359,239.58333333333334
1360712427.425,107.14285714285714
1360712427.425,104.16666666666667
1360712428.286,500.89285714285717
1360712428.476,220.58823529411765
1360712429.401,375.0
1360712427.305,110.29411764705883
1360712430.41,312.5
1360712430.531,375.0
1360712460.621,3437.5
1360712459.838,1625.0
1360712490.38,3437.5
1360712468.575,557.2916666666666
1360712473.537,5104.166666666667
1360712495.785,307.2916666666667
1360712477.509,4727.315989847716
1360712477.509,2384.7598973607037
1360712477.489,1164.3469887955182
1360712477.489,2246.4007452574524
1360712477.423,3894.2469676549867
1360712477.423,4165.25576368876
1360712477.486,2722.236935028249
1360712477.486,2232.734806629834
1360712477.741,2348.2371794871797
1360712478.298,3020.7140585241727
1360712478.298,4030.4487179487182
1360712478.362,2046.1900684931509
1360712478.362,4749.30282152231
1360712478.361,3579.1930379746836
1360712478.361,1656.51187150838
1360712478.361,2131.921419098143
1360712478.361,2981.00897606383
1360712478.361,2455.5
1360712478.36,2312.01171875
1360712478.36,1785.0825471698113
1360712478.676,1349.690082644628
1360712478.676,3458.8184931506853
1360712479.797,2569.419642857143
1360712495.748,36348.75
1360712493.019,473.6979166666667
1360712493.941,86.25
1360712495.254,312.5
1360712496.012,5867.1875
1360712277.465,1795.9880983520795
1360712413.038,535.8965286054828
1360712503.753,37580.729166666664
1360712504.048,14489.2578125
1360712504.126,29004.375
1360712504.797,34026.041666666664
1360712504.918,23420.036764705885
1360712505.361,225734.375
1360712289.263,1836.3676217575437
1360712531.775,31.25
1360712238.874,267414.0625
1360712540.572,70.04310344827586
1360711914.512,3091.5850808489135
1360712249.865,418854.1666666667
1360712527.233,2566.89453125
1360712528.992,1482.03125
1360712528.992,1570.3125
1360712528.991,2165.625
1360712529.117,6789.0625
1360712552.764,2156.25
1360712550.368,3437.5
1360712550.368,3437.5
1360712478.111,1961.3938053097347
1360712552.687,1078.125
1360712550.288,39.40217391304348
1360712263.456,303621.49784482754
1360712550.565,1625.0
1360712419.868,3919.2150222401942
1360712574.259,3687.5
1360712574.512,5561.197916666667
1360712580.377,212.5
1360712580.377,375.0
1360712580.377,212.5
1360712580.377,214.84375
1360712580.376,286.4583333333333
1360712574.136,60.09615384615385
1360712586.482,331.94813829787233
1360712578.53,126334.19117647059
1360712574.212,1057.5892857142858
1360712574.439,126101.5625
1360712574.319,12551.041666666666
1360712578.14,1108.0729166666667
1360712604.651,79.04411764705883
1360712604.903,64.19136597938143
1360712610.187,583.0592105263158
1360712634.431,2156.25
1360712612.653,3250.0
1360712612.538,1764.3229166666667
1360712612.538,5828.125
1360712612.538,3273.4375
1360712299.984,9360.152547393365
1360712658.557,123.046875
1360712661.593,31.25
1360712609.23,4663.181758872652
1360712750.984,135.41666666666666
1360712736.655,3382.5969827586205
1360712765.008,221.5909090909091
1360712761.168,730.324074074074
1360712782.1,1783.2446808510638
1360712767.184,5381.569602272728
1360712767.184,3335.1490825688074
1360712767.184,6924.365942028985
1360712767.184,6466.796875
1360712767.247,7066.455696202532
1360712767.247,6948.742378048781
1360712767.183,5477.107558139534
1360712767.247,4575.0
1360712767.183,5437.881097560975
1360712767.247,7357.291666666667
1360712767.311,4401.503164556962
1360712767.183,4675.14534883721
1360712767.31,12063.766891891892
1360712767.31,7475.868055555556
1360712764.138,326.5224358974359
1360712767.056,4826.298701298701
1360712767.056,8383.306962025317
1360712767.183,10663.020833333332
1360712767.053,8630.281690140846
1360712767.053,7173.333333333333
1360712767.053,6059.2206790123455
1360712767.116,5956.289556962025
1360712767.116,5677.777777777778
1360712767.116,11539.583333333332
1360712767.116,13688.11677631579
1360712785.283,512.5
1360712785.33,528.0671296296297
1360712812.072,718.75
1360712809.688,5695.3125
1360712812.112,10147.727272727274
1360712815.196,995.7561728395061
1360712836.778,170381.39204545453
1360712834.94,26305.644132653062
1360712834.939,18492.361111111113
1360712820.642,9648.274739583334
1360712820.642,4871.9038018433175
1360712820.641,9653.545673076924
1360712820.705,7108.556222707423
1360712820.705,6873.228092783505
1360712820.641,8765.815548780487
1360712820.769,7556.007420091324
1360712820.705,7900.297619047618
1360712820.705,8038.849431818182
1360712820.705,10244.395380434784
1360712820.704,10392.543859649124
1360712820.704,7345.505617977528
1360712820.768,4032.661897590361
1360712822.818,138.57886904761904
1360712820.53,9124.812874251496
1360712820.53,8251.290760869566
1360712820.525,6702.260638297872
1360712820.593,8334.16863207547
1360712820.529,8693.368212669684
1360712820.593,9055.687203791469
1360712820.656,4790.960451977401
1360712820.656,5810.724431818182
1360712837.204,7583.333333333333
1360712835.77,1167.6136363636365
1360712869.485,2156.25
1360712574.333,62242.78846153846
1360712870.246,816.304347826087
1360712870.308,278.24519230769226
1360712874.555,133.97339357429718
1360712895.504,2156.25
1360712895.504,1078.125
1360712877.171,6241.262755102041
1360712877.165,6519.53125
1360712877.168,3578.125
1360712877.232,4772.970617529881
1360712877.232,4077.6328740157483
1360712877.232,5554.933562992126
1360712877.232,5089.76593625498
1360712877.232,6464.705882352941
1360712878.051,70.21310432569975
1360712878.175,82.25986005089058
1360712877.068,6995.372596153846
1360712877.068,4095.695281124498
1360712877.068,5186.34033203125
1360712877.068,5962.5
1360712877.068,6325.629752851711
1360712877.132,5644.595286885246
1360712877.132,5599.142156862746
1360712877.132,4847.989341085271
1360712877.132,6115.612399193548
1360712877.132,5299.677958015267
1360712877.131,5423.89705882353
1360712877.131,4607.0989173228345
1360712877.131,5646.081349206349
1360712878.297,234.19117647058823
1360712878.597,246.75324675324674
1360712901.175,4281.25
1360712902.12,559.4618055555555
1360712903.299,944.718567251462
1360712901.397,4550.0
1360712930.871,1217.7734375
1360712914.283,5006.787909836065
1360712914.283,3317.0731707317073
1360712914.347,5147.438909774436
1360712914.347,3756.944444444445
1360712914.347,3796.971450617284
1360712914.347,5295.23689516129
1360712914.347,3918.4126420454545
1360712914.346,9073.084677419354
1360712914.346,6078.541666666666
1360712914.282,4234.569099378881
1360712914.346,4414.794921875
1360712914.346,4988.809121621622
1360712914.345,6218.538851351352
1360712914.345,3668.231865284974
1360712914.148,5534.8379629629635
1360712914.147,12260.416666666666
1360712914.081,4968.9885496183215
1360712914.145,11162.259615384615
1360712914.144,3529.541015625
1360712914.699,828.125
1360712916.291,5236.695544554455
1360712916.354,5445.857558139534
1360712919.15,110.29411764705883
1360712918.104,147.02263779527559
1360712919.276,110.29411764705883
1360712961.013,1078.125
1360712971.869,22250.0
1360712975.901,3437.5
1360712975.964,3437.5
1360712975.9,1718.75
1360712763.292,7474.196428571428
1360712820.121,1871.5862422997945
1360712976.913,1718.75
1360712821.07,1558.4830595482547
1360712821.07,1640.4132443531828
1360713079.878,6890.625
1360713111.544,94951.94575471699
1360713115.629,55301.682692307695
1360713116.967,347.9287790697674
1360713101.012,15593.75
1360713100.947,1610.479797979798
1360713107.207,9742.077464788732
1360713107.206,5556.451612903226
1360713107.206,14851.232394366198
1360713107.206,11905.113636363636
1360713107.206,9123.459507042255
1360713107.206,10828.361742424242
1360713107.206,9585.35447761194
1360713107.27,9291.087962962964
1360713107.205,7595.48611111111
1360713107.205,4381.167763157895
1360713107.205,14093.455188679245
1360713107.205,8399.671052631578
1360713107.205,4434.966216216216
1360713107.205,6504.660087719298
1360713107.269,12469.6875
1360713107.269,10293.367346938776
1360713107.093,7490.808823529412
1360713107.092,12201.420454545454
1360713107.092,16341.249999999998
1360713107.092,12620.95905172414
1360713107.092,11866.502192982456
1360713107.092,11063.59649122807
1360713107.092,10690.97222222222
1360713107.092,11745.065789473685
1360713125.631,15449.21875
1360713122.635,1808.4239130434783
1360713109.693,87.10106382978724
1360713110.179,44.7943864229765
1360713111.666,12872.64150943396
1360713115.095,1477.4305555555557
1360713134.77,93374.18619791667
1360713136.399,8896.899606299214
1360713136.257,21776.5376984127
1360713126.344,80.7992053789731
1360713126.597,98.63523573200993
1360713149.693,6763.706140350878
1360713149.757,10082.32276119403
1360713149.689,6210.9375
1360713149.756,7592.350746268657
1360713149.82,6026.315789473684
1360713150.075,8352.67857142857
1360713150.075,12098.473837209303
1360713150.138,11154.861111111111
1360713150.138,8479.166666666666
1360713134.841,144061.82065217392
1360713104.026,11119.582794307891
1360713136.341,2311.2590252707582
1360713149.494,6162.715517241379
1360713149.493,6967.830882352941
1360713149.621,4226.201923076923
1360713149.621,8685.355392156864
1360713149.748,5087.658898305085
1360713150.065,6762.5
1360713150.001,6076.622596153846
1360713150.065,10671.519886363636
1360713150.065,11220.668859649124
1360713150.065,6966.631355932203
1360713150.065,5880.3125
1360713150.065,4603.064903846154
1360713151.592,3941.840277777778
1360713134.635,8684.375
1360713152.81,211.20084269662922
1360713161.445,213.0681818181818
1360713152.761,211.20084269662922
1360713152.761,211.20084269662922
1360713147.51,48.24395770392749
1360713147.51,38949.04891304348
1360713148.033,24127.568493150688
1360713147.728,16414.811643835616
1360713152.61,146.60369774919616
1360713149.82,6220.074152542373
1360713153.113,1580.357142857143
1360713153.805,375.0
1360713153.805,375.0
1360713153.805,375.0
1360713152.862,134.765625
1360713171.246,385.22376543209873
1360713154.302,225312.74960063896
1360713172.568,161.06525157232704
1360713186.617,1141.826923076923
1360713190.521,179.6875
1360713190.521,179.6875
1360713188.289,51.79073033707865
1360713188.127,3215.625
1360713188.127,6609.375
1360713188.127,658.7357954545454
1360713188.29,16195.560954063605
1360713189.198,10691.57037815126
1360713189.198,4925.4645270270275
1360713189.198,7487.903225806452
1360713189.198,6326.593137254901
1360713189.262,13252.213541666666
1360713189.262,4505.113636363636
1360713189.261,5954.30424528302
1360713189.261,4920.955882352941
1360713189.261,119.26882239382239
1360713189.448,5988.118489583333
1360713189.444,7976.480263157895
1360713189.447,6609.70744680851
1360713189.447,7364.042207792208
1360713190.561,1500.8081896551723
1360713189.08,5676.700367647059
1360713189.08,13771.435950413224
1360713189.14,6191.685267857143
1360713189.14,6969.471153846154
1360713189.14,8078.637295081967
1360713189.143,6264.922752808989
1360713189.143,6333.096590909091
1360713189.33,5045.557228915663
1360713189.33,5891.566265060242
1360713189.33,375.0
1360713218.899,2156.25
1360713250.277,687.5
1360713250.277,687.5
1360713250.34,687.5
1360713250.531,1145.8333333333333
1360713248.728,53.24074074074074
1360713250.222,687.5
1360713250.349,687.5
1360713187.985,8423.480858170606
1360713250.424,46.47435897435898
1360713250.54,1625.0
1360713250.604,1625.0
1360713269.277,17087.890625
1360713272.524,875.0
1360713271.618,4697.395833333333
1360713271.744,950.8928571428571
1360713271.807,980.324074074074
1360713271.459,1559.4791666666667
1360713278.737,16246.09375
1360713281.188,5111.413043478261
1360713281.187,6353.5
1360713281.251,8805.6640625
1360713281.251,4929.175204918032
1360713281.251,3831.714527027027
1360713281.251,11011.968085106384
1360713281.251,9556.441326530612
1360713281.251,5287.781762295082
1360713283.482,5015.169902912621
1360713281.129,5604.796974522294
1360713281.129,8312.83244680851
1360713281.129,12514.399509803921
1360713281.129,8309.170081967213
1360713281.129,6170.611213235295
1360713281.064,7607.1875
1360713281.064,3667.309253246753
1360713281.128,6303.328804347826
1360713281.128,2956.3978040540537
1360713281.128,9091.598731884058
1360713283.306,2224.9177631578946
1360713283.303,3581.9602272727275
1360713311.164,129.46428571428572
1360713311.989,72333.22704081633
1360713311.91,33667.03869047619
1360713296.575,4520.833333333333
1360713296.944,7583.333333333333
1360713312.287,130519.45153061226
1360713310.948,4354.166666666667
1360713357.373,2156.25
1360713357.235,2156.25
1360713186.639,3270.7013623741755
1360713382.911,13996.09375
1360713111.275,156798.24561403508
1360713411.878,65165.37408759125
1360713411.761,19083.57900943396
1360713399.511,19468.75
1360713399.511,9242.1875
1360713401.132,95.78598484848484
1360713399.161,1888.9910130718954
1360713399.224,2474.375
1360713401.331,11375.0
1360713403.737,184.43080357142858
1360713409.006,3622.938654353562
1360713409.006,2234.9837662337663
1360713409.07,2722.930194805195
1360713409.069,2546.749329758713
1360713409.069,4128.133245382585
1360713409.069,2889.6103896103896
1360713408.882,3952.5946475195824
1360713408.946,1870.4020182291667
1360713409.91,2578.199582338902
1360713421.585,3517.3773364485983
1360713421.649,4301.6715116279065
1360713421.585,4712.294600938967
1360713421.775,312.5
1360713421.775,312.5
1360713421.775,312.5
1360713421.46,3671.4369158878503
1360713421.46,4287.683823529412
1360713421.455,4250.894823788546
1360713421.455,4004.7305045871562
1360713421.455,4314.970930232558
1360713437.738,21724.52445652174
1360713421.864,312.5
1360713421.927,375.0
1360713422.116,375.0
1360713421.805,312.5
1360713421.805,375.0
1360713421.996,312.5
1360713421.995,375.0
1360713146.775,72612.4237804878
1360713437.629,89426.6544117647
1360713432.251,3911.97731316726
1360713432.484,3616.636410788382
1360713432.133,3825.635593220339
1360713432.133,4534.237132352941
1360713432.133,3847.2472924187728
1360713434.981,3955.186170212766
1360713435.083,3453.6756607929515
1360713434.374,2412.208686440678
1360713434.31,6055.186170212765
1360713434.436,6386.29105839416
1360713434.5,6604.1094322344325
1360713434.688,6105.7692307692305
1360713411.867,4899.071498691099
1360713460.82,2156.25
1360713460.771,2156.25
1360713445.941,12647.710755813954
1360713445.941,12730.385638297872
1360713445.94,9518.802966101695
1360713445.936,10025.602409638554
1360713445.936,9430.729166666668
1360713445.936,11638.719512195123
1360713448.804,451.2310606060606
1360713445.825,10956.433823529413
1360713445.823,8653.735632183909
1360713445.887,11541.9921875
1360713449.777,375.0
1360713449.838,267.85714285714283
1360713490.773,1718.75
1360713490.836,3437.5
1360713433.702,2665.614478114478
1360713490.698,1718.75
1360713490.697,1312.5
1360713490.761,3437.5
1360713490.76,3437.5
1360713437.544,3166.9179734620025
1360713497.919,4195.3125
1360713497.15,2796.875
1360713497.15,5240.625
1360713491.039,1625.0
1360713492.155,4976.357984293194
1360713493.275,2812.5
1360713493.272,2812.5
1360713492.035,65731.77083333333
1360713492.835,3618.3647260273974
1360713493.101,1512.5
1360713493.161,4218.75
1360713515.128,8390.625
1360713515.061,8390.625
1360713497.491,295.29389880952385
1360713497.491,118.39657738095238
1360713497.495,150.71614583333334
1360713497.495,124.86049107142857
1360713497.621,88.60404191616766
1360713497.621,114.1532874617737
1360713497.621,160.55045871559633
1360713497.492,141.63901179941
1360713497.684,82.43865030674846
1360713497.684,98.8784509202454
1360713497.492,212.47209821428572
1360713497.492,95.28459821428571
1360713497.619,111.76085329341318
1360713497.683,123.26923076923077
1360713497.682,88.66947852760735
1360713497.746,62.30886850152905
1360713497.362,89.84375
1360713497.426,132.53513313609466
1360713497.362,112.90922619047619
1360713497.488,125.7645259938838
1360713497.551,124.56995412844037
1360713497.551,106.73888036809815
1360713497.55,123.1786809815951
1360713497.55,146.875
1360713496.104,1036.328125
1360713496.295,1202.990687679083
1360713496.287,1160.9509312320915
1360713497.298,1543.0718475073313
1360713497.298,34.87960339943343
1360713498.29,1680.4450757575758
1360713497.986,59.63776276276276
1360713518.26,2703.6033163265306
1360713518.259,6020.408163265306
1360713518.255,542.7295918367347
1360713518.255,3302.942961165049
1360713518.255,4138.392857142857
1360713518.319,3218.588917525773
1360713518.323,4116.835585585585
1360713518.323,4111.146907216495
1360713518.323,4557.241586538462
1360713518.323,3317.007211538462
1360713518.323,4904.277912621359
1360713518.323,3489.933894230769
1360713518.386,2690.5339805825242
1360713518.768,3102.6041666666665
1360713518.768,5154.702970297029
1360713518.768,4637.620192307692
1360713518.768,3031.4236111111113
1360713515.37,1636.685924369748
1360713516.178,16862.253289473683
1360713518.188,3912.1492346938776
1360713518.188,131.21811224489795
1360713518.188,4123.883928571428
1360713518.251,4414.626288659794
1360713518.315,3463.2731958762884
1360713518.696,3185.8552631578946
1360713518.696,2691.5690104166665
1360713518.696,4775.265957446808
1360713402.915,3487.4364293361887
1360713509.783,3210.9375
1360713521.707,51.79625984251968
1360713518.12,2986.9140625
1360713518.003,217.93376865671644
1360713518.066,3878.968253968254
1360713518.066,4687.152777777777
1360713518.117,4768.75
1360713515.863,3607.18047752809
1360713524.662,4766.522988505747
1360713509.91,7828.125
1360713518.504,1229.3622013651877
1360713539.556,1734.375
1360713539.555,1871.685606060606
1360713536.073,12269.09722222222
1360713536.836,1091.844512195122
1360713536.836,731.3988095238095
1360713518.431,1134.1371107266436
1360713518.431,1345.1318027210884
1360713518.431,6465.406128404669
1360713518.431,1397.8074596774193
1360713539.481,1060.4166666666665
1360713539.481,1385.9953703703704
1360713539.481,1976.7992424242425
1360713539.544,501.46484375
1360713535.512,13914.930555555555
1360713536.019,10888.888888888889
1360713536.768,633.1845238095239
1360713536.768,713.9136904761905
1360713536.767,2263.3928571428573
1360713536.767,669.6947674418606
1360713518.274,2079.3071546052633
1360713518.884,306.4759036144578
1360713519.071,39.0625
1360713519.074,37.5
1360713519.201,303.30882352941177
1360713519.2,286.4583333333333
1360713519.643,78.125
1360713519.643,171.65492957746477
1360713520.438,64.2123287671233
1360713541.481,276.0416666666667
1360713530.974,1383.6206896551723
1360713518.339,191.40625
1360713518.654,1344.4730077120823
1360713518.717,5422.794117647059
1360713518.764,302.8273809523809
1360713518.954,31.25
1360713518.952,38.26530612244898
1360713518.952,30.737704918032787
1360713519.52,79.22535211267606
1360713519.518,171.65492957746477
1360713520.317,64.2123287671233
1360713522.871,187.5
1360713522.938,165.44117647058823
1360713523.021,165.44117647058823
1360713542.003,186.07954545454544
1360713542.003,1943.75
1360713542.003,2642.3611111111113
1360713542.003,439.17410714285717
1360713542.003,1271.205357142857
1360713538.034,152.94715447154474
1360713542.194,4435.185185185185
1360713545.969,7496.875
1360713545.968,7631.25
1360713546.537,568.6141304347826
1360713535.144,2184.8569651741295
1360713543.464,1258.003048780488
1360713543.464,858.2317073170732
1360713543.464,1143.359375
1360713536.013,5474.544701986755
1360713536.013,1326.25
1360713544.519,1746.09375
1360713536.266,3798.9130434782605
1360713536.266,97.08333333333333
1360713536.266,1721.1277173913045
1360713536.394,1848.0902777777776
1360713536.393,2161.111111111111
1360713536.393,2105.208333333333
1360713536.393,2232.8125
1360713536.393,2716.4930555555557
1360713536.393,2959.2013888888887
1360713536.584,504.3992718446602
1360713536.584,1373.634708737864
1360713536.584,133.37053571428572
1360713536.584,133.64684466019418
1360713536.584,2143.6589805825242
1360713536.583,3529.9202127659573
1360713536.647,754.2873475609756
1360713536.643,2663.449754901961
1360713536.707,1927.7537128712872
1360713536.707,959.1584158415841
1360713536.707,996.1324257425742
1360713536.646,131.80693069306932
1360713536.646,964.1768292682927
1360713536.646,759.9085365853658
1360713536.71,11747.22009202454
1360713536.71,1614.325495049505
1360713536.71,3523.97896039604
1360713536.773,1185.15625
1360713545.093,25921.875
1360713545.221,6674.479166666667
1360713545.22,8413.352272727274
1360713541.312,1103.311567164179
1360713541.885,201.48026315789474
1360713541.949,2590.277777777778
1360713541.948,2443.359375
1360713541.948,3029.296875
1360713541.948,1451.388888888889
1360713545.851,2380.2083333333335
1360713545.978,5964.285714285715
1360713545.914,4307.291666666667
1360713542.585,2384.6153846153848
1360713542.457,2234.375
1360713542.585,18780.729166666668
1360713542.585,3415.8653846153848
1360713542.564,1168.269230769231
1360713546.463,2741.8478260869565
1360713534.69,312.6775568181818
1360713543.392,384.765625
1360713531.104,878.41796875
1360713535.518,3802.6649746192893
1360713535.517,7199.317893401015
1360713536.154,3688.0040322580644
1360713536.217,2691.0665760869565
1360713536.345,2632.0398351648355
1360713536.344,785.4166666666666
1360713536.344,4009.581367924528
1360713536.344,1034.9864130434783
1360713536.344,1023.7847222222223
1360713536.344,1444.2085597826087
1360713536.344,4029.2119565217395
1360713536.344,2217.718160377359
1360713536.344,3327.256944444445
1360713547.928,1980.46875
1360713536.471,192.1002538071066
1360713536.535,2312.955097087379
1360713536.535,1989.9878640776699
1360713536.471,192.1002538071066
1360713536.598,219.97549019607843
1360713536.598,227.328431372549
1360713536.598,996.4748475609756
1360713536.598,938.0716463414634
1360713536.598,772.8658536585366
1360713536.662,1829.5173267326732
1360713536.662,847.9269801980198
1360713536.662,2692.8125
1360713536.662,4994.1212871287125
1360713536.662,1607.0544554455446
1360713545.174,5964.0625
1360713545.11,1089.84375
1360713545.174,4371.875
1360713527.315,61909.970238095244
1360713528.203,28187.5
1360713528.203,29226.5625
1360713540.021,1398.7707345971564
1360713549.016,543.1818181818182
1360713536.494,6215.033783783783
1360713536.683,11911.050451807228
1360713535.004,5718.75
1360713536.747,764.2708333333334
1360713540.356,10313.701923076924
1360713549.591,61.700581395348834
1360713562.062,163.46153846153845
1360713550.416,7.334183673469388
1360713550.48,7.046568627450981
1360713550.48,7.046568627450981
1360713550.48,7.046568627450981
1360713550.543,8.167613636363637
1360713550.543,8.03072625698324
1360713548.072,1920.6521739130435
1360713550.365,8.214285714285714
1360713550.428,7.151741293532338
1360713550.428,7.151741293532338
1360713550.492,7.1875
1360713550.428,7.046568627450981
1360713550.492,7.151741293532338
1360713550.492,8.03072625698324
1360713550.492,8.309248554913294
1360713550.492,7.941988950276244
1360713549.34,71.2890625
1360713541.165,20030.225409836068
1360713542.986,8571.42857142857
1360713543.113,375.0
1360713543.79,1634.375
1360713545.341,3781.25
1360713545.533,1906.25
1360713542.352,30036.931818181816
1360713542.964,11922.767857142857
1360713543.659,3255.2083333333335
1360713543.658,2231.25
1360713543.785,6182.291666666667
1360713543.72,22601.222826086956
1360713543.912,375.0
1360713544.034,375.0
1360713543.91,312.5
1360713543.973,3068.5096153846152
1360713544.036,267.85714285714283
1360713544.036,3396.1397058823527
1360713545.894,3500.0
1360713546.646,3256.7934782608695
1360713546.71,31328.125
1360713546.714,1395.0892857142858
1360713546.84,11762.15277777778
1360713546.839,3497.159090909091
1360713547.896,3223.214285714286
1360713547.959,3187.5
1360713548.402,27187.5
1360713548.695,15417.410714285714
1360713548.566,11.503067484662576
1360713546.545,20312.5
1360713547.785,21461.647727272728
1360713547.849,2334.8214285714284
1360713547.784,1946.4285714285713
1360713548.459,6867.621527777777
1360713548.457,9263.888888888889
1360713549.155,686.5808823529411
1360713549.153,1106.6176470588236
1360713549.216,358.80761173184356
1360713550.391,4.697712418300654
1360713550.391,4.823825503355705
1360713550.454,4.713114754098361
1360713550.518,4.759933774834437
1360713550.518,4.728618421052632
1360713560.493,2536.4191729323306
1360713560.493,1849.9824438202247
1360713560.493,404.375
1360713560.493,1100.7272012578617
1360713560.684,1289.295708955224
1360713560.684,1773.2585877862593
1360713560.491,2385.210396039604
1360713560.491,727.0891853932584
1360713560.491,2109.2601102941176
1360713560.491,1827.65507518797
1360713560.491,852.7151639344263
1360713550.47,4.759933774834437
1360713567.405,30.563186813186814
1360713560.423,736.9025735294118
1360713560.423,1275.9284420289855
1360713560.423,724.314024390244
1360713560.423,2235.595703125
1360713560.423,1597.2481343283582
1360713560.423,2105.916030534351
1360713560.613,1319.8950381679388
1360713560.613,417.4494219653179
1360713560.421,876.4880952380952
1360713560.421,699.1038602941177
1360713560.421,654.1819852941177
1360713560.421,834.1165413533835
1360713560.421,1687.1501865671642
1360713560.421,1844.584923664122
1360713560.421,1205.5736940298507
1360713560.421,1596.493320610687
1360713550.437,16.44736842105263
1360713550.815,47.79411764705882
1360713550.815,45.138888888888886
1360713550.815,46.875
1360713550.815,46.875
1360713550.874,45.138888888888886
1360713550.874,50.78125
1360713550.878,38.793103448275865
1360713550.942,45.990566037735846
1360713550.878,46.875
1360713550.878,47.79411764705882
1360713550.942,45.990566037735846
1360713550.942,49.744897959183675
1360713550.877,50.78125
1360713550.941,45.990566037735846
1360713550.941,46.875
1360713551.005,51.861702127659576
1360713550.94,44.31818181818182
1360713550.94,45.990566037735846
1360713550.94,47.79411764705882
1360713550.635,38.00675675675676
1360713550.697,44.31818181818182
1360713550.76,46.875
1360713550.76,47.79411764705882
1360713550.76,49.744897959183675
1360713550.76,43.526785714285715
1360713550.76,49.744897959183675
1360713550.76,46.875
1360713550.76,48.75
1360713550.76,47.79411764705882
1360713550.76,49.744897959183675
1360713550.76,50.78125
1360713550.823,46.875
1360713550.759,45.138888888888886
1360713550.759,48.75
1360713550.759,46.875
1360713550.823,44.31818181818182
1360713550.823,45.990566037735846
1360713550.819,49.744897959183675
1360713550.818,46.875
1360713573.765,17080.729166666668
1360713579.493,93.75
1360713580.508,175.0
1360713580.452,221.875
1360713580.452,131.25
1360713580.369,101.5625
1360713580.433,286.1842105263158
1360713581.262,325.0
1360713581.262,270.8333333333333
1360713560.142,235.55276381909547
1360713581.609,101.70454545454545
1360713581.609,40.40948275862069
1360713560.698,1865.6952247191011
1360713560.698,1178.0772900763359
1360713560.699,1229.976851851852
1360713560.698,602.8173575129534
1360713560.695,2632.720588235294
1360713560.695,1114.2824909747294
1360713560.695,1755.594135802469
1360713560.695,1198.8944043321299
1360713560.695,1218.883547008547
1360713560.604,1865.6952247191011
1360713560.6,1865.6952247191011
1360713560.6,1965.051775147929
1360713560.6,1243.7968164794006
1360713560.663,1779.4436416184972
1360713562.98,178.2507183908046
1360713581.854,107.06018518518519
1360713581.98,94.49404761904762
1360713586.331,9500.0
1360713582.932,87.83783783783784
1360713578.963,4993.489583333333
1360713579.022,3293.75
1360713579.026,5300.0
1360713579.026,4014.4736842105262
1360713579.026,2081.25
1360713579.026,1801.4802631578948
1360713579.025,2103.6783854166665
1360713579.089,3913.815789473684
1360713578.961,586.9693396226415
1360713579.025,897.2507911392405
1360713579.025,935.6210443037975
1360713579.088,2766.9547872340427
1360713579.024,2462.3355263157896
1360713579.024,3019.7368421052633
1360713579.024,3907.8947368421054
1360713579.024,6169.516509433963
1360713579.152,5504.368279569892
1360713579.088,2596.409574468085
1360713579.087,5210.855263157895
1360713579.151,286.6263440860215
1360713580.403,48.460144927536234
1360713580.403,49.906716417910445
1360713580.403,52.24609375
1360713581.231,77.38095238095238
1360713581.295,95.83333333333334
1360713581.295,60.79545454545455
1360713581.295,75.23148148148148
1360713581.231,59.70982142857143
1360713581.231,55.72916666666667
1360713581.295,57.650862068965516
1360713581.359,130.6818181818182
1360713581.803,88.54166666666667
1360713581.928,92.29651162790698
1360713582.605,71.61458333333333
1360713578.953,4232.894736842106
1360713578.953,908.4256329113924
1360713578.953,1342.9276315789473
1360713578.888,378.2552083333333
1360713578.952,4673.355263157894
1360713578.952,4682.894736842106
1360713579.016,6132.8125
1360713578.951,2753.6184210526317
1360713579.015,2053.3577127659573
1360713579.015,1211.2699468085107
1360713579.015,5747.340425531915
1360713579.015,2714.9268617021276
1360713579.078,3178.2594086021504
1360713579.078,1551.747311827957
1360713579.206,3144.129672897196
1360713576.77,2083.727904040404
1360713581.158,55.72916666666667
1360713581.222,60.79545454545455
1360713581.158,59.70982142857143
1360713581.158,93.25396825396825
1360713581.222,57.650862068965516
1360713581.222,59.70982142857143
1360713581.222,57.650862068965516
1360713581.222,77.00892857142857
1360713581.222,47.91666666666667
1360713581.222,84.05172413793103
1360713569.989,4459.821428571428
1360713572.538,4281.25
1360713572.775,5691.40625
1360713579.181,10364.80614973262
1360713593.161,14206.25
1360713578.977,951.306216931217
1360713578.976,905.9193121693122
1360713574.392,6638.786764705882
1360713578.48,30.46875
1360713581.525,58.467741935483865
1360713580.516,54.92424242424242
1360713580.515,39.40217391304348
1360713581.32,58.27702702702703
1360713602.199,312.5
1360713586.959,160.02604166666669
1360713586.667,60.759052924791085
1360713586.552,8437.5
1360713586.551,67.21698113207547
1360713602.116,2372.9073660714284
1360713602.116,1538.2254464285713
1360713602.115,3357.7008928571427
1360713602.243,1033.2386363636363
1360713602.179,2402.59009009009
1360713602.179,438.59265734265733
1360713602.307,1312.9300458715595
1360713602.307,3871.34009009009
1360713602.307,308.3428899082569
1360713602.179,775.7190265486726
1360713602.306,3932.8125
1360713602.306,2255.8772935779816
1360713602.306,677.0355504587155
1360713602.306,4021.645642201835
1360713602.306,3995.98623853211
1360713602.306,2072.869318181818
1360713602.305,3152.130681818182
1360713601.307,154.48588709677418
1360713601.307,94.38004032258064
1360713602.0,1998.8541666666665
1360713602.063,1755.9840425531913
1360713602.063,3144.503546099291
1360713602.254,598.6238532110092
1360713602.173,1582.2443181818182
1360713602.173,1303.2670454545455
1360713602.237,1458.806818181818
1360713602.237,5021.502293577982
1360713602.237,3146.5022935779816
1360713602.237,3204.5454545454545
1360713602.237,2601.9886363636365
1360713609.229,300.5514705882353
1360713609.252,1297.2027972027972
1360713609.188,2191.964285714286
1360713609.316,2662.481398809524
1360713609.316,440.6622023809524
1360713609.316,3840.5633223684213
1360713609.252,2416.327662721894
1360713609.252,2571.9827586206898
1360713609.315,2199.277052238806
1360713609.315,3432.3846726190473
1360713609.315,2380.301339285714
1360713609.315,6148.263888888889
1360713609.315,1900.6510416666667
1360713609.315,2111.9990458015263
1360713613.917,159.66796875
1360713602.178,781.7581300813008
1360713609.113,208.8623046875
1360713609.176,2391.022245762712
1360713609.239,2014.4589552238808
1360713609.239,1475.3472222222222
1360713609.109,5938.786764705882
1360713609.109,1574.1356382978724
1360713609.172,479.31654676258995
1360713609.172,2848.151408450704
1360713609.236,1924.6527777777778
1360713609.236,2853.6086309523807
1360713609.236,5013.786764705882
1360713609.236,585.7514880952382
1360713609.236,1783.5884353741496
1360713609.236,2514.122596153846
1360713609.236,3413.9524647887324
1360713601.445,1619.5360429447853
1360713603.171,955.4398148148148
1360713614.212,1475.6944444444443
1360713614.148,592.2379032258065
1360713617.987,1856.93359375
1360713617.987,2528.947368421053
1360713614.466,2117.444248826291
1360713614.466,1692.3415492957747
1360713614.461,1888.3304195804196
1360713623.038,3292.7631578947367
1360713623.102,2733.0452127659573
1360713623.102,2066.8218085106387
1360713623.102,4040.059840425532
1360713623.102,1819.1489361702127
1360713623.102,1356.8816489361702
1360713623.102,3069.388440860215
1360713623.102,404.90591397849465
1360713617.937,1640.953947368421
1360713614.096,2044.0
1360713614.415,2871.3678728070176
1360713618.127,3463.104838709677
1360713614.394,1317.6354895104896
1360713614.394,1742.8477112676057
1360713614.394,1817.4808951965065
1360713618.105,3072.782258064516
1360713622.777,2090.082908163265
1360713622.776,1804.4642857142856
1360713622.84,2471.005154639175
1360713622.967,1357.142857142857
1360713623.03,388.55229591836735
1360713623.03,5462.701612903226
1360713623.03,2103.662634408602
1360713623.03,3010.1396276595747
1360713623.03,2170.3629032258063
1360713623.03,1837.1010638297873
1360713623.03,323.59375
1360713623.03,394.61436170212767
1360713602.994,6996.184593023256
1360713609.193,824.8991935483872
1360713609.257,866.4037216828478
1360713606.056,260.7020547945205
1360713633.503,90.07352941176471
1360713623.058,2133.6009174311926
1360713623.502,2711.7034313725494
1360713632.371,2156.25
1360713632.371,2156.25
1360713633.513,1078.125
1360713614.759,277.9850746268657
1360713613.84,136.4795918367347
1360713616.794,467.7556818181818
1360713620.51,80054.34782608696
1360713620.93,91490.76704545454
1360713644.157,9512.5
1360713644.47,7533.854166666667
1360713644.917,15067.708333333334
1360713645.044,11300.78125
1360713645.172,875.0
1360713646.424,8218.75
1360713646.232,25427.083333333332
1360713621.839,30242.1875
1360713627.014,1737.0657099697885
1360713627.014,4098.460820895522
1360713626.843,8171.875
1360713645.674,5510.416666666667
1360713645.113,158712.35795454547
1360713647.634,9480.46875
1360713632.889,28484.375
1360713653.661,7732.75
1360713644.478,26359.375
1360713644.477,17227.964743589746
1360713644.003,13903.645833333334
1360713647.074,67541.19318181819
1360713645.969,993.1640625
1360713646.072,234.375
1360713647.436,24513.020833333332
1360713650.335,424.76851851851853
1360713652.811,2136.812200956938
1360713671.199,116.07142857142857
1360713672.469,126.83823529411764
1360713671.148,79.61309523809523
1360713671.148,437.5
1360713671.212,375.0
1360713655.316,987.7142137096773
1360713653.941,665.8653846153845
1360713657.055,200.89285714285714
1360713657.054,187.5
1360713653.887,13784.298780487805
1360713654.834,203.4952606635071
1360713656.07,1495.9239130434783
1360713656.07,933.5558252427184
1360713656.069,1495.9239130434783
1360713656.069,4301.339285714285
1360713656.936,200.89285714285714
1360713656.936,175.78125
1360713679.603,16283.00561797753
1360713679.603,3047.5772471910113
1360713683.633,2543.75
1360713683.629,2384.375
1360713683.629,2240.625
1360713683.614,2833.3333333333335
1360713683.678,2816.40625
1360713683.932,2258.9285714285716
1360713683.931,1392.857142857143
1360713683.995,1553.8194444444443
1360713680.664,5667.96875
1360713676.245,383.0030487804878
1360713683.859,730.7692307692307
1360713684.114,8062.5
1360713684.304,3300.78125
1360713684.368,3984.375
1360713684.368,3802.0833333333335
1360713680.528,3796.3483146067415
1360713684.431,6380.208333333333
1360713684.303,3863.28125
1360713680.527,4464.536516853933
1360713680.527,4205.056179775281
1360713684.622,3085.9375
1360713684.493,4359.375
1360713684.557,2146.875
1360713684.812,2082.589285714286
1360713681.164,1176.6826923076924
1360713684.876,1511.1607142857142
1360713684.811,2250.0
1360713684.939,1489.5833333333333
1360713684.875,1569.1964285714287
1360713681.588,1847.65625
1360713681.588,1542.96875
1360713685.236,3214.84375
1360713685.298,2812.5
1360713685.298,4542.96875
1360713682.093,2375.0
1360713682.093,2218.75
1360713682.094,2375.0
1360713685.677,6375.0
1360713685.805,11390.625
1360713660.183,107.14285714285714
1360713661.199,110.29411764705883
1360713660.126,80.35714285714286
1360713660.317,104.16666666666667
1360713682.97,289.45974576271186
1360713680.077,9940.046296296297
1360713680.079,4937.847222222223
1360713684.174,187.0216836734694
1360713680.461,303.37732919254654
1360713680.461,61.924846625766875
1360713681.329,406.875
1360713682.897,1237.2754491017963
1360713679.82,2127.81613372093
1360713680.012,6753.576807228916
1360713680.011,2352.0611702127662
1360713684.107,244.79166666666666
1360713684.107,169.59635416666666
1360713684.647,93.90943877551021
1360713681.313,2577.1837349397592
1360713685.28,225.0
1360713682.013,8578.53835978836
1360713669.776,7895.764802631579
1360713671.65,344.63595360824746
1360713671.774,84.55882352941177
1360713680.235,118.56060606060606
1360713701.064,429.6875
1360713701.128,491.07142857142856
1360713685.378,54.276315789473685
1360713679.69,20483.173076923078
1360713680.232,16149.4140625
1360713681.433,2820.3125
1360713682.601,153.8622654155496
1360713681.617,36301.13636363637
1360713681.492,1105.2083333333333
1360713683.074,26597.65625
1360713680.169,51476.5625
1360713681.437,86737.13235294117
1360713681.423,19689.73214285714
1360713681.993,4489.583333333333
1360713684.072,4600.0
1360713684.072,6812.5
1360713684.072,3851.5625
1360713683.944,45.82725947521866
1360713684.007,5401.785714285715
1360713684.069,59.4284188034188
1360713684.617,34828.125
1360713684.626,61984.375
1360713683.15,39567.708333333336
1360713683.148,1174.21875
1360713683.716,7244.791666666667
1360713683.907,32.2179203539823
1360713684.328,8132.8125
1360713684.517,33046.875
1360713684.515,1143.3823529411764
1360713684.832,4687.5
1360713684.831,4075.892857142857
1360713684.893,6140.625
1360713684.893,1550.0
1360713704.449,154.01785714285714
1360713704.448,93.75
1360713704.448,130.6818181818182
1360713704.702,110.57692307692307
1360713705.02,221.875
1360713704.313,338.9945652173913
1360713704.377,125.0
1360713704.372,119.79166666666667
1360713704.376,75.65789473684211
1360713680.312,88963.24282786886
1360713644.214,4736.024844720497
1360713704.886,202.38095238095238
1360713684.444,77187.5
1360713684.761,2638.3928571428573
1360713685.401,6640.625
1360713711.53,4255.208333333333
1360713711.721,8773.4375
1360713713.635,8937.5
1360713710.306,14296.875
1360713710.562,17546.875
1360713710.113,21894.53125
1360713710.369,45697.916666666664
1360713710.561,15765.625
1360713710.561,8765.625
1360713710.561,13364.583333333334
1360713710.689,19373.798076923078
1360713710.689,16348.263888888887
1360713711.201,3735.7954545454545
1360713711.264,2978.125
1360713713.614,5312.5
1360713710.541,17546.875
1360713710.541,127768.75
1360713710.669,60048.828125
1360713710.669,2892.3611111111113
1360713710.733,16307.291666666668
1360713710.925,2853.3653846153848
1360713714.22,7625.0
1360713713.644,9840.909090909092
1360713713.644,14336.647727272726
1360713714.983,50093.75
1360713713.636,2079.5454545454545
1360713713.696,5393.75
1360713715.103,18796.875
1360713702.155,9642.137096774193
1360713702.037,8323.074494949495
1360713702.1,7482.536764705882
1360713702.106,9513.410433070867
1360713702.106,10945.816532258064
1360713702.056,14116.510826771653
1360713702.056,16804.227941176472
1360713702.06,5881.300403225806
1360713702.446,7241.319444444444
1360713703.566,121.875
1360713703.754,154.76190476190476
1360713705.308,148.02631578947367
1360713703.327,6500.868055555556
1360713704.503,89.84375
1360713704.567,159.7222222222222
1360713704.503,125.0
1360713704.502,81.25
1360713704.63,121.875
1360713704.566,147.72727272727275
1360713704.565,180.55555555555554
1360713704.565,159.7222222222222
1360713704.629,152.34375
1360713704.627,130.6818181818182
1360713706.116,140.625
1360713705.822,196.04885057471265
1360713705.821,195.941091954023
1360713734.324,479.1666666666667
1360713734.192,334.82142857142856
1360713649.448,47391.03773584905
1360713734.247,541.6666666666666
1360713734.247,406.25
1360713708.563,5765.625
1360713708.561,31583.059210526317
1360713707.93,44939.58333333333
1360713715.991,703.0117753623189
1360713716.736,55.60661764705882
1360713716.735,1198.454181494662
1360713734.027,9187.5
1360713762.536,2156.25
1360713761.173,1600.8254716981132
1360713701.738,6201.392453798768
1360713701.596,2252.0394398766703
1360713769.923,4140.625
1360713779.433,22567.708333333332
1360713769.123,10896.780303030302
1360713769.997,607.9545454545454
1360713771.543,360.744724025974
1360713789.499,4520.833333333333
1360713789.689,7817.708333333333
1360713794.397,4482.380319148936
1360713797.602,9500.887784090908
1360713815.726,287.5
1360713815.754,374.1319444444444
1360713697.918,8977.915366614665
1360713806.362,10625.0
1360713813.378,11437.5
1360713813.864,270593.75
1360713813.989,11963.341346153848
1360713813.989,6984.700520833333
1360713814.745,16724.82638888889
1360713814.743,11575.520833333334
1360713815.6,11561.38392857143
1360713818.015,17835.9375
1360713851.359,270.8333333333333
1360713851.359,232.14285714285714
1360713853.938,425.0
1360713851.307,232.14285714285714
1360713851.29,243.75
1360713850.412,9818.75
1360713833.309,7828.125
1360713832.956,6781.25
1360713854.994,281.25
1360713542.93,5547.4910394265235
1360713884.413,19771.306818181816
1360713884.348,4330.208333333333
1360713884.665,3957.589285714286
1360713884.108,22248.798076923078
1360713884.741,1859.375
1360713884.909,1096.3541666666667
1360713891.053,3817.7083333333335
1360713891.245,6961.805555555556
1360713892.324,3897.1354166666665
1360713892.297,14219.401041666666
1360713892.297,6686.197916666667
1360713893.821,5825.0
1360713892.243,7146.780303030303
1360713892.687,359.375
1360713892.687,359.375
1360713893.004,12693.125
1360713892.983,6152.34375
1360713894.849,11862.171052631578
1360713896.819,2479.6875
1360713901.269,718.75
1360713901.65,11205.078125
1360713901.65,1690.3409090909092
1360713901.65,3730.902777777778
1360713901.65,9046.875
1360713902.032,8589.84375
1360713902.16,2273.4375
1360713895.028,1261.3636363636365
1360713895.599,1327.0833333333335
1360713892.133,18598.513719512193
1360713897.106,4198.514344262296
1360713892.498,28205.29197080292
1360713901.577,904.5138888888888
1360713902.278,2308.59375
1360713894.213,6288.194444444444
1360713885.667,23632.8125
1360713906.584,2455.7291666666665
1360713902.74,21448.71794871795
1360713906.964,3322.9166666666665
1360713907.09,6250.0
1360713907.154,3014.0625
1360713907.154,6993.303571428572
1360713907.149,247.71341463414635
1360713903.376,3376.953125
1360713907.781,38970.982142857145
1360713907.785,2660.15625
1360713904.328,4156.25
1360713904.455,1130.859375
1360713904.391,1000.0
1360713908.039,3195.3125
1360713904.581,27135.110294117647
1360713908.037,2437.5
1360713908.207,4541.666666666667
1360713904.751,9683.238636363636
1360713908.27,1893.2291666666667
1360713908.265,4559.895833333333
1360713908.397,5352.430555555556
1360713905.195,9617.1875
1360713905.448,12505.208333333334
1360713905.575,2235.7954545454545
1360713905.575,9067.708333333334
1360713905.638,8870.3125
1360713908.901,13019.53125
1360713909.092,18786.458333333332
1360713905.956,5300.4807692307695
1360713906.148,16194.097222222223
1360713909.091,22039.0625
1360713909.091,30734.375
1360713901.73,13894.270833333334
1360713909.727,10343.75
1360713906.632,5618.75
1360713906.885,675.78125
1360713902.853,3204.9632352941176
1360713906.949,1107.421875
1360713906.884,4072.916666666667
1360713903.36,2722.916666666667
1360713903.995,3576.171875
1360713903.995,8313.4765625
1360713908.128,4833.333333333333
1360713904.863,15856.25
1360713904.863,17062.5
1360713908.319,8187.5
1360713904.99,26300.78125
1360713908.571,2656.25
1360713905.366,6882.8125
1360713908.566,1484.375
1360713905.56,3515.625
1360713905.56,15026.041666666666
1360713905.624,1417.4107142857142
1360713905.814,5942.1875
1360713908.886,14054.6875
1360713905.814,3631.25
1360713905.94,5817.708333333333
1360713902.095,11745.689655172415
1360713902.217,318.5483870967742
1360713813.517,11773.169525065963
1360713891.127,11640.625
1360713910.778,18791.666666666668
1360713898.086,234.69225888324874
1360713901.808,284125.0
1360713901.454,938.75
1360713901.937,7934.027777777777
1360713901.937,3025.0
1360713902.837,34333.705357142855
1360713903.603,8352.627840909092
1360713927.758,68.45238095238096
1360713934.111,10335.9375
1360713911.182,8301.339285714286
1360713958.364,2156.25
1360713970.614,2156.25
1360714022.606,12515.625
1360714018.763,4110.699152542373
1360714022.556,29640.625
1360714022.556,9250.0
1360714017.75,1189.236111111111
1360714018.415,64.84375
1360714022.573,3691.964285714286
1360714025.413,13903.125
1360714023.093,7484.375
1360714024.288,11727.67857142857
1360714025.178,46880.208333333336
1360714025.432,2270.3125
1360714025.496,12240.885416666666
1360714023.128,1408.685064935065
1360714027.381,78.69944852941177
1360714019.991,3895.0407608695655
1360714019.991,16291.940789473685
1360714019.991,4501.019021739131
1360714022.316,8437.5
1360714019.846,4448.13829787234
1360714019.846,49425.78125
1360714022.217,8437.5
1360714022.216,4058.59375
1360714037.642,1470.0797872340424
1360714022.86,2757.8125
1360714023.167,8354.166666666666
1360714023.167,65296.875
1360714023.542,30515.625
1360714025.038,197343.75
1360714047.784,90.19886363636363
1360714031.288,15515.625
1360714031.599,4918.2692307692305
1360714054.822,658.2532051282052
1360714031.452,55569.8929028133
1360714046.558,221.34629909365557
1360714047.846,1078.125
1360714048.014,131.04838709677418
1360714077.729,390.625
1360714077.728,390.625
1360714078.661,390.625
1360714078.66,390.625
1360714086.719,12361.111111111111
1360714208.074,9.146341463414634
1360715408.047,8671.875
1360715408.215,27812.5
1360715637.841,13929.6875
1360715683.193,3819.602272727273
1360715683.065,160.15625
1360715683.55,7084.821428571428
1360715708.851,6890.625
1360715704.483,689.7321428571429
1360715705.402,5970.48611111111
1360715705.532,2267.8571428571427
1360715703.986,3252.155172413793
1360715704.113,2670.1388888888887
1360715704.112,3885.625
1360715704.491,312.5
1360715705.475,375.0
1360715743.351,162.5
1360715743.351,325.0
1360715759.471,11.873100303951368
1360715920.951,17140.625
1360715921.078,10707.386363636364
1360716151.871,8417.96875
1360716153.162,882.8125
1360716215.084,22393.75
1360716240.684,4195.3125
1360716239.683,2447.4431818181815
1360716239.533,2097.65625
1360716230.489,692.0955882352941
1360716243.298,85454.47392086331
1360716256.671,4195.3125
1360716239.601,49.469339622641506
1360716256.597,8734.375
1360716256.848,8390.625
1360716235.713,8021.875
1360716238.586,78875.0
1360716238.537,123130.20833333333
1360716238.277,2362.963780918728
1360716239.221,109759.375
1360716240.213,18664.0625
1360716240.211,7581.597222222223
1360716240.275,368.7734962406015
1360716240.147,99.36797752808988
1360716240.206,18140.625
1360716240.206,11190.97222222222
1360716240.209,9818.75
1360716240.08,293.6563670411985
1360716240.08,22125.0
1360716240.079,9979.166666666666
1360716240.079,7633.680555555556
1360716240.142,239.36795112781957
1360716240.076,29609.375
1360716240.076,17945.3125
1360716240.076,13718.75
1360716240.076,8216.517857142857
1360716241.238,176078.125
1360716240.991,124.6352140077821
1360716267.095,36341.959635416664
1360716272.975,8390.625
1360716273.164,26203.125
1360716273.353,8390.625
1360716256.697,45.42286245353159
1360716277.714,1803.6971830985915
1360716278.141,227.27272727272725
1360716277.643,860.3395061728395
1360716277.643,267.96875
1360716277.642,3516.4695945945946
1360716277.642,569.0586419753087
1360716278.247,41000.45289855073
1360716274.657,862.9201680672269
1360716257.236,29359.375
1360716257.236,353.4578402366864
1360716283.812,219.47337962962962
1360716282.884,171.0453539823009
1360716282.948,175.22321428571428
1360716283.196,67.70833333333333
1360716283.386,135.41666666666666
1360716273.207,91.31040892193307
1360716277.559,893.0963010204082
1360716283.749,60.18518518518518
1360716278.303,22229.789402173916
1360716278.303,20731.56415343915
1360716278.303,553.2377577319587
1360716278.303,35088.15789473685
1360716278.302,1693.4880239520958
1360716279.637,124.58053691275167
1360716279.636,123.75
1360716282.899,26.20967741935484
1360716283.126,20.3125
1360716283.502,89.84375
1360716284.543,22.569444444444443
1360716284.543,22.569444444444443
1360716278.906,18726.102941176472
1360716278.906,22889.69494047619
1360716278.908,20784.274193548386
1360716278.908,1278.3354922279793
1360716291.626,91.66666666666666
1360716291.113,91.49096385542168
1360716290.907,179.6875
1360716291.032,1357.638888888889
1360716291.095,54.16666666666667
1360716291.285,64.36567164179105
1360716280.852,947.1326164874552
1360716272.631,1986.62644092219
1360716294.7,353.96634615384613
1360716290.722,67.98986486486487
1360716290.785,83.85416666666666
1360716290.725,91.75531914893617
1360716290.852,115.55232558139535
1360716292.323,54.418103448275865
1360716296.528,932.2916666666666
1360716291.779,70.4656862745098
1360716294.946,1260.6534090909092
1360716290.653,91.75531914893617
1360716290.653,91.75531914893617
1360716290.717,148.70689655172416
1360716290.78,145.5792682926829
1360716273.596,97.83380681818183
1360716273.844,143.40753424657535
1360716273.589,1289.1639610389611
1360716273.653,1023.3360389610389
1360716278.322,63882.8125
1360716278.889,4218.75
1360716278.953,3329.4270833333335
1360716278.953,4900.17361111111
1360716278.952,6027.083333333334
1360716278.952,5598.6328125
1360716278.952,5504.340277777777
1360716278.952,4068.1818181818185
1360716279.015,1435.825892857143
1360716278.518,410.3382616487455
1360716278.579,444.69424460431657
1360716278.834,5764.322916666667
1360716278.834,5258.272058823529
1360716278.834,6806.818181818182
1360716278.681,2343.1311881188117
1360716278.806,5920.8984375
1360716278.802,5933.59375
1360716278.869,828.125
1360716278.868,959.375
1360716279.124,221.7987804878049
1360716279.187,208.33333333333334
1360716283.725,88.44339622641509
1360716284.489,76.01351351351352
1360716284.55,24.47289156626506
1360716284.673,80.35714285714286
1360716282.154,55.28846153846153
1360716283.502,93.75
1360716283.437,806.6860465116279
1360716284.517,113.63636363636363
1360716285.186,46.875
1360716285.566,55.14705882352941
1360716286.557,137.19512195121953
1360716286.873,32.327586206896555
1360716286.871,30.241935483870968
1360716286.427,46.875
1360716286.49,39.473684210526315
1360716296.42,117.610559566787
1360716291.543,62.5
1360716291.542,65.0
1360716291.541,250.0
1360716291.416,75.5813953488372
1360716291.416,500.0
1360716291.54,432.39795918367344
1360716291.597,242.78846153846155
1360716291.784,79.8611111111111
1360716291.847,47.79411764705882
1360716291.847,56.6860465116279
1360716289.328,29.296875
1360716291.887,48.75
1360716291.577,375.0
1360716295.254,95.58823529411764
1360716320.618,134.765625
1360716320.682,143.75
1360716320.682,143.75
1360716320.682,143.75
1360716320.682,134.765625
1360716320.682,134.765625
1360716320.617,119.79166666666667
1360716320.681,143.75
1360716320.677,143.75
1360716320.681,134.765625
1360716320.681,134.765625
1360716320.681,126.83823529411764
1360716320.681,134.765625
1360716302.73,97.51157407407408
1360716320.544,126.83823529411764
1360716320.608,143.75
1360716320.608,143.75
1360716320.607,134.765625
1360716320.607,170.13888888888889
1360716320.543,134.765625
1360716320.607,262.5
1360716320.607,134.765625
1360716320.606,134.765625
1360716299.117,133.935546875
1360716334.697,65.3409090909091
1360716321.201,203.125
1360716350.629,134.765625
1360716350.626,101.01744186046511
1360716350.577,134.765625
1360716297.912,104835.98622661123
1360716407.335,13101.5625
1360716407.256,4195.3125
1360716407.577,8390.625
1360716407.469,44.86443014705882
1360716418.856,53342.30025773196
1360716422.518,8390.625
1360716422.582,8973.958333333334
1360716422.816,8390.625
1360716407.471,2474.690082644628
1360716407.576,359.89583333333337
1360716407.769,133.46354166666666
1360716407.454,63.28451882845189
1360716407.451,33125.0
1360716410.468,19289.0625
1360716409.499,122.15334008097166
1360716409.749,11375.0
1360716437.048,2135.4166666666665
1360716433.203,1410.0877192982457
1360716422.612,42.26912313432836
1360716439.244,2156.25
1360716439.945,5175.0
1360716434.182,215.83946078431373
1360716439.868,2234.375
1360716423.0,32796.875
1360716422.999,29765.625
1360716422.878,9510.416666666666
1360716439.901,2917.1674679487182
1360716436.569,255.625
1360716437.942,52.294075144508675
1360716439.568,1619.04296875
1360716440.398,215.17857142857144
1360716430.432,4300.919117647059
1360716432.618,709.6207865168539
1360716430.431,975.4638671875
1360716432.472,1264.945652173913
1360716432.472,459.48911516853934
1360716432.467,227.97701949860723
1360716432.471,2140.625
1360716432.725,35.74740356083086
1360716430.154,4912.712464589235
1360716430.154,15734.977506426736
1360716435.562,14349.431818181818
1360716435.752,47884.82142857143
1360716433.075,10674.161585365853
1360716435.481,69231.77083333333
1360716435.729,10023.4375
1360716435.846,7123.4375
1360716438.0,842.7933673469388
1360716437.008,4531.25
1360716436.939,28486.11111111111
1360716436.737,49848.958333333336
1360716436.801,1734.375
1360716436.737,26358.630952380954
1360716436.8,2815.1041666666665
1360716436.925,5558.59375
1360716440.522,1793.4305111821088
1360716441.722,11812.5
1360716440.664,55290.625
1360716440.981,90.0297619047619
1360716440.981,9359.375
1360716440.981,5984.375
1360716441.08,20281.25
1360716448.468,58.865181268882175
1360716470.921,2156.25
1360716499.84,270.8333333333333
1360716520.978,27992.1875
1360716740.505,9359.375
1360716765.51,29456.25
1360716800.45,215.37162162162164
1360716803.122,95.83333333333334
1360716796.131,497.9166666666667
1360716818.701,7132.8125
1360716818.637,3723.9583333333335
1360716797.038,707.5
1360716816.865,2135.4166666666665
1360716795.504,4472.65625
1360716795.563,5944.791666666666
1360716795.858,2684.3516791044776
1360716795.914,133.92857142857142
1360716796.517,7361.355633802817
1360716796.516,410.2822580645161
1360716796.579,3596.5786637931037
1360716796.579,307.3204419889503
1360716796.573,501.2085635359116
1360716796.572,2182.405821917808
1360716795.44,8783.967391304348
1360716795.439,6560.126582278481
1360716795.502,7611.607142857143
1360716797.387,1171.376811594203
1360716799.895,1785.5113636363635
1360716799.472,3275.0
1360716799.47,6267.017326732673
1360716799.948,1020.5479452054796
1360716816.25,130.81660583941607
1360716816.445,149.50980392156862
1360716804.696,1199.21875
1360716803.054,507.8125
1360716816.162,44.015066964285715
1360716809.986,1312.9664179104477
1360716809.263,1057.8703703703704
1360716812.31,26250.0
1360716815.699,7945.3125
1360716815.757,29968.75
1360716815.985,20046.875
1360716816.239,22234.375
1360716816.564,8437.5
1360716816.863,14540.17857142857
1360716818.297,68837.05357142857
1360716818.678,143.15422661870502
1360716823.275,11.979166666666668
1360716836.279,5.659448818897638
1360716851.973,33.482142857142854
1360716836.687,3.7928759894459105
1360716849.977,9.502923976608187
1360716865.465,5.742049469964664
1360716958.286,2911.4583333333335
1360716958.214,1398.4375
1360716959.545,1678.125
1360716938.284,66.54411764705883
1360716963.983,1015.2698863636365
1360716964.046,5186.837923728813
1360716964.046,3330.575980392157
1360716967.147,4078.125
1360716963.241,2448.016826923077
1360716963.241,11814.967105263158
1360716963.24,2190.848214285714
1360716967.652,950.0
1360716967.78,1028.6458333333333
1360716968.033,516.3043478260869
1360716963.976,2551.2447033898306
1360716963.976,3765.0862068965516
1360716963.976,2780.7904411764707
1360716966.211,1055.8035714285713
1360716963.161,6178.936298076924
1360716967.576,2549.4791666666665
1360716967.575,1055.5555555555557
1360716967.511,346.7881944444444
1360716964.03,61.63194444444445
1360716967.575,156.76795580110496
1360716958.187,39.62690114068441
1360716962.659,1086.5384615384614
1360716967.615,2325.067934782609
1360716957.525,100880.20833333333
1360716957.825,184.28697183098592
1360716958.612,9191.40625
1360716958.608,102.89115646258503
1360716958.608,8906.25
1360716959.435,5494.791666666667
1360716958.385,7591.796875
1360716958.385,5163.461538461538
1360716958.384,8613.28125
1360716958.384,8020.833333333334
1360716981.57,997.2826086956522
1360716981.698,681.0661764705882
1360716982.267,443.3035714285714
1360716982.649,653.90625
1360716980.599,1187.5
1360716983.22,348.2142857142857
1360716978.995,3476.5625
1360716983.411,490.38461538461536
1360716983.474,478.79464285714283
1360716981.015,8062.5
1360716963.227,199.94028662420382
1360716983.707,570.9635416666666
1360716981.208,4671.875
1360716981.207,7726.5625
1360716981.203,2851.5625
1360716981.27,1364.4153225806454
1360716981.27,223.5137195121951
1360716981.515,960.5978260869565
1360716981.515,1012.7840909090909
1360716981.515,1023.0978260869565
1360716981.514,426.18534482758616
1360716963.977,27679.906542056073
1360716982.003,655.5989583333334
1360716982.194,478.5714285714286
1360716982.571,411.0991379310345
1360716978.919,215.087890625
1360716978.918,314.98893805309734
1360716983.525,527.5
1360716981.092,1453.125
1360716981.151,7390.625
1360716981.218,197.19145569620252
1360716971.49,1277.1990740740741
1360716981.136,257.8125
1360716981.2,3984.375
1360716981.264,3193.75
1360716981.199,4785.15625
1360716981.262,2543.75
1360716981.387,2833.3333333333335
1360716984.393,1514.3229166666667
1360716984.904,2109.375
1360716984.966,3027.34375
1360716962.76,579.1720360824743
1360716964.359,10555.397727272726
1360716964.364,175.78125
1360716967.14,1775.669642857143
1360716967.268,20006.167763157893
1360716967.213,6680.338541666667
1360716967.646,2417.410714285714
1360716966.473,26620.833333333332
1360716968.447,4075.6909547738696
1360716969.587,4716.036676646707
1360716993.543,4195.3125
1360716980.96,63.88449367088607
1360716984.975,1542.6136363636365
1360716985.17,216.86746987951807
1360716993.488,8734.375
1360716985.551,92.74193548387098
1360716993.726,8390.625
1360716983.281,91.22983870967742
1360716968.008,4625.679347826087
1360716973.245,343.11224489795916
1360716972.486,4.823825503355705
1360716970.602,750.5387931034483
1360716976.23,806.25
1360716976.229,3567.434210526316
1360716976.922,170.45454545454544
1360716976.922,142.04545454545456
1360716977.162,163.04347826086956
1360716977.096,156.25
1360716998.959,718.75
1360716983.341,75.79097510373444
1360716983.341,62.24489795918367
1360716980.947,34.11645683453238
1360717002.596,3838.5416666666665
1360716991.202,78.125
1360717002.594,791.6666666666666
1360716985.339,65.05681818181819
1360716979.235,1875.0
1360716981.759,4125.0
1360716981.41,82.29447439353099
1360716982.235,53.708217270194986
1360716980.984,537.7358490566038
1360716981.941,59.97181697612732
1360716982.949,50.04340277777778
1360716982.451,677.0833333333334
1360716982.45,118.1985294117647
1360716983.125,312.5
1360716983.187,38.40782122905028
1360716983.564,267.85714285714283
1360716983.564,113.03571428571428
1360717005.559,1120.3125
1360716993.589,46.17275280898876
1360717009.781,8390.625
1360717005.875,102.22138554216868
1360717005.875,2625.0
1360717005.875,1915.1785714285713
1360717006.001,3162.5
1360717004.335,1835.9375
1360717004.335,2597.222222222222
1360717006.319,9085.9375
1360717006.254,6070.3125
1360717002.572,12211.107336956522
1360717002.572,4826.086956521739
1360717002.635,5352.850274725275
1360717002.635,5627.747252747253
1360717004.81,3087.5
1360717004.936,194.7265625
1360717004.935,1195.3125
1360717004.935,1320.3125
1360717002.819,427.0833333333333
1360717005.119,917.0673076923077
1360717011.644,8734.375
1360717009.254,4195.3125
1360717005.539,944.4444444444445
1360717005.535,1282.986111111111
1360717005.601,1342.013888888889
1360717005.601,1572.9166666666667
1360717003.937,650.0
1360717005.728,1625.0
1360717005.728,1569.1964285714287
1360717005.728,2082.589285714286
1360717005.791,1927.0833333333333
1360717005.917,2644.53125
1360717005.917,2984.375
1360717006.171,12859.375
1360717006.106,8437.5
1360717006.296,222.2222222222222
1360717002.556,3990.041208791209
1360717002.556,245.24456521739128
1360717002.554,4443.92523364486
1360717002.745,427.0833333333333
1360717004.856,1901.0416666666667
1360716988.6,69.67067988668556
1360717004.856,1914.0625
1360717004.855,369.9845679012346
1360717004.855,3839.84375
1360717004.851,220.82078313253012
1360717005.107,1059.8958333333333
1360717011.477,2796.875
1360717009.171,6730.46875
1360716984.946,6640.625
1360716988.745,3390.625
1360716992.926,3312.9750844594596
1360717011.999,4195.3125
1360717001.631,1922.5109011627908
1360717002.538,61.547256097560975
1360716993.922,293.93510452961675
1360716993.921,368.35801393728224
1360716994.293,395.3514234875445
1360716993.983,163.65131578947367
1360716994.174,96.57039711191335
1360717006.414,53.453947368421055
1360717024.424,3743.3035714285716
1360717024.459,1198.6607142857142
1360717025.031,8390.625
1360717004.144,1732.421875
1360717002.872,1348.9583333333333
1360717004.087,804.6875
1360717004.77,8543.75
1360717002.945,2954.1015625
1360717003.008,646.6346153846155
1360717005.464,1238.8392857142858
1360717005.589,59949.65277777778
1360717002.82,1852.4305555555557
1360717005.18,42953.125
1360717005.412,2542.96875
1360717006.249,35.0130890052356
1360717006.564,48.791666666666664
1360717009.615,3021.2339743589746
1360717009.504,735.088174273859
1360717009.504,2348.9583333333335
1360717020.068,497.26775956284155
1360717009.501,51.70265780730897
1360717012.229,352.50946969696975
1360717012.228,357.4810606060606
1360717012.043,347.1433080808081
1360717011.984,934.1517857142857
1360717016.139,133.27205882352942
1360717042.193,4195.3125
1360717042.12,4195.3125
1360717020.859,5639.3849206349205
1360717024.764,13085.9375
1360717024.828,5229.166666666667
1360717025.308,33.1811797752809
1360717024.643,43437.5
1360717044.741,37613.81740196079
1360717032.099,239.89520958083833
1360717036.811,4.656160458452722
1360717059.03,49188.22115384615
1360717065.232,479.1666666666667
1360717069.162,13884.615384615385
1360717069.288,2303.3854166666665
1360717065.293,194.6875
1360717069.087,33478.091032608696
1360717071.839,215.51724137931032
1360717057.302,51.571800595238095
1360717077.661,76.42663043478261
1360717076.184,157.0945945945946
1360717071.788,595.8333333333334
1360717071.851,171.98581560283688
1360717071.85,171.98581560283688
1360717069.162,12344.325153374233
1360717069.161,20985.89285714286
1360717069.161,18581.87071917808
1360717076.168,203.125
1360717068.477,61.99363425925926
1360717068.541,811.1319124423964
1360717069.021,2348.2954545454545
1360717069.085,20488.784509202455
1360717069.083,13500.390625
1360717090.065,350.2604166666667
1360717084.24,143.75
1360717086.797,317.2743055555556
1360717086.86,182.47767857142858
1360717086.86,176.18534482758622
1360717086.774,176.18534482758622
1360717068.849,1423.4375
1360717069.323,921.3541666666667
1360717069.319,101.09289617486338
1360717068.787,24142.530487804877
1360717069.132,1065.625
1360717069.196,5824.652777777777
1360717069.196,772.9166666666667
1360717069.194,1211.8055555555557
1360717069.193,545.0994318181818
1360717069.38,312.5
1360717072.445,54.54545454545454
1360717085.916,1482.8653381642512
1360717094.739,342.5
1360717086.865,63.75718390804598
1360717087.117,107.07720588235294
1360717097.322,417.6136363636364
1360717097.322,424.7159090909091
1360717086.784,3899.604885057471
1360717094.848,369.1123188405797
1360717094.912,297.79411764705884
1360717094.847,410.7789855072464
1360717086.911,248.0137711864407
1360717095.42,338.5416666666667
1360717095.419,323.84072580645164
1360717099.043,858.0729166666666
1360717099.037,640.625
1360717091.297,134.84768907563026
1360717091.486,339.92346938775506
1360717091.484,628.1887755102041
1360717074.628,48.491379310344826
1360717074.752,36.05769230769231
1360717075.112,58.59375
1360717075.233,31.25
1360717076.659,34.72222222222222
1360717076.17,28.409090909090907
1360717076.239,10.114107883817429
1360717073.933,100.0
1360717074.786,34.090909090909086
1360717075.202,156.25
1360717075.893,34.090909090909086
1360717076.019,32.327586206896555
1360717075.042,27.98507462686567
1360717075.521,28.846153846153847
1360717075.772,31.779661016949152
1360717077.888,56.74342105263158
1360717078.77,10.727611940298507
1360717100.193,186.1758474576271
1360717094.875,181.32267441860463
1360717095.382,146.65178571428572
1360717095.381,356.7708333333333
1360717100.801,256.25
1360717100.988,138.29787234042553
1360717101.114,163.659793814433
1360717101.178,136.04797979797982
1360717099.578,363.0514705882353
1360717099.639,333.48214285714283
1360717095.238,245.53571428571428
1360717098.916,180.83639705882354
1360717099.233,338.1076388888889
1360717101.023,116.9407894736842
1360717101.022,151.57860824742266
1360717084.398,35.95132743362832
1360717084.753,38.69047619047619
1360717086.244,543.3035714285714
1360717086.37,673.125
1360717087.273,631.5406976744185
1360717087.04,32.327586206896555
1360717087.168,360.23116438356163
1360717086.935,566.2878787878788
1360717101.151,132.26232394366198
1360717101.215,78.78989361702128
1360717101.215,155.0817757009346
1360717109.403,527.34375
1360717107.962,379.0178571428571
1360717108.024,561.5808823529411
1360717108.087,405.79044117647055
1360717110.26,124.42129629629629
1360717086.641,74952.78857655502
1360717104.711,502.0559210526315
1360717090.787,125.0
1360717092.115,140.625
1360717092.238,593.3441558441559
1360717091.794,133.92857142857142
1360717095.485,430.078125
1360717122.533,1822.265625
1360717122.469,1398.4375
1360717122.532,968.75
1360717122.532,1542.96875
1360717122.532,1342.013888888889
1360717122.914,2812.5
1360717119.264,95.53571428571428
1360717119.456,101.32575757575756
1360717116.981,4886.346726190476
1360717116.981,5017.279411764706
1360717116.985,4193.638392857143
1360717116.985,1055.5555555555557
1360717121.781,6601.5625
1360717121.781,3802.0833333333335
1360717121.781,7679.6875
1360717121.781,5416.666666666667
1360717121.781,6380.208333333333
1360717110.242,123.40198863636363
1360717122.399,1392.857142857143
1360717122.399,1195.3125
1360717122.399,852.6785714285714
1360717122.399,1413.1944444444443
1360717122.399,1048.9583333333335
1360717122.463,1443.359375
1360717122.463,1400.390625
1360717122.463,1494.140625
1360717122.462,1310.763888888889
1360717122.462,1756.9444444444443
1360717119.195,120.65972222222223
1360717122.97,3255.2083333333335
1360717111.129,91.30130597014926
1360717119.511,932.9044117647059
1360717101.138,67.34538327526133
1360717116.912,4106.584821428572
1360717116.912,3333.5193452380954
1360717116.912,322.74590163934425
1360717116.911,950.0
1360717116.911,1055.5555555555557
1360717121.451,3100.0
1360717098.863,563.5593220338984
1360717098.204,165.44117647058823
1360717099.407,183.17443502824858
1360717101.324,60.96153846153846
1360717098.076,110.29411764705883
1360717101.2,86.7737003058104
1360717101.263,93.75
1360717101.324,98.6842105263158
1360717102.379,32.327586206896555
1360717102.315,85.22727272727272
1360717102.378,27.98507462686567
1360717104.601,446.83441558441564
1360717104.789,61.11623616236162
1360717105.29,63.41911764705882
1360717101.936,34.72222222222222
1360717102.251,37.5
1360717102.251,175.78125
1360717104.795,119.5945945945946
1360717104.794,94.33085501858736
1360717104.857,110.29411764705883
1360717121.771,275.974025974026
1360717121.771,194.921875
1360717118.12,59.84375
1360717122.467,94.87757731958763
1360717124.383,606.534090909091
1360717123.035,13912.298387096775
1360717123.035,507.9941860465116
1360717123.098,483.4208015267176
1360717116.212,1871.8938253012047
1360717117.234,323.6228813559322
1360717121.713,267.7210365853658
1360717121.753,218.19196428571428
1360717122.509,875.0
1360717123.015,81.25
1360717116.769,41116.5780141844
1360717104.731,82.72058823529412
1360717104.553,82.74812734082397
1360717108.07,232.14285714285714
1360717112.033,51570.3125
1360717109.511,1137.5
1360717111.973,6989.583333333333
1360717110.472,1266.3461538461538
1360717125.964,34980.29513888889
1360717116.672,391.40625
1360717116.685,4539.0625
1360717116.567,324.0559895833333
1360717116.576,3571.875
1360717116.576,3571.875
1360717119.558,119.79166666666667
1360717119.747,208.33333333333334
1360717119.747,2536.7647058823527
1360717119.938,140.625
1360717119.259,90.625
1360717119.448,302.0833333333333
1360717119.826,133.92857142857142
1360717119.826,116.07142857142857
1360717122.65,94078.125
1360717124.215,125.0
1360717122.602,11338.541666666666
1360717122.539,44.441909975669105
1360717122.603,2523.4375
1360717134.434,72.43262081784387
1360717136.001,8.838383838383837
1360717140.451,104.38829787234043
1360717151.465,99.9198717948718
1360717147.522,30.873493975903614
1360717174.126,6738.28125
1360717174.125,4195.3125
1360717174.363,2796.875
1360717186.926,781.25
1360717171.066,48047.5
1360717171.745,1483.4558823529412
1360717174.206,8437.5
1360717174.206,27281.25
1360717174.393,13484.375
1360717174.088,82354.16666666667
1360717174.403,547921.875
1360717190.25,4281.25
1360717190.565,11375.0
1360717250.256,2156.25
1360717250.256,2156.25
1360717284.338,22393.75
1360717310.934,16996.09375
1360717313.005,854.1666666666666
1360717309.928,3367.1875
1360717311.114,4439.0625
1360717013.346,88294.97663551402
1360717313.388,1380.3056853582555
1360717310.219,312.5
1360717334.063,1955.9659090909092
1360717318.516,4815.4296875
1360717319.065,4832.648026315789
1360717319.191,3467.045454545455
1360717319.191,3362.0657099697887
1360717319.191,4356.112132352941
1360717319.191,3500.575153374233
1360717319.254,375.0
1360717319.186,2532.4675324675322
1360717319.25,187.5
1360717319.253,200.89285714285714
1360717319.253,375.0
1360717319.253,187.5
1360717319.253,187.5
1360717319.253,187.5
1360717319.253,187.5
1360717319.252,267.85714285714283
1360717319.252,187.5
1360717319.315,165.44117647058823
1360717319.315,175.78125
1360717319.441,3270.1198630136987
1360717319.505,2597.514438943894
1360717319.505,3377.2163120567375
1360717319.504,2093.479671280277
1360717319.504,3596.189784053156
1360717319.567,187.5
1360717319.567,4346.547719594595
1360717319.567,3599.4651845637586
1360717319.566,175.78125
1360717319.566,187.5
1360717319.883,187.5
1360717319.883,187.5
1360717319.881,187.5
1360717319.881,175.78125
1360717320.073,187.5
1360717320.073,187.5
1360717320.073,187.5
1360717320.071,187.5
1360717320.199,175.78125
1360717320.263,200.89285714285714
1360717320.134,175.78125
1360717320.364,175.78125
1360717320.363,165.44117647058823
1360717320.235,187.5
1360717320.427,187.5
1360717320.235,175.78125
1360717320.427,187.5
1360717320.361,165.44117647058823
1360717320.424,187.5
1360717318.391,4407.221045197741
1360717318.579,5138.089970501474
1360717318.938,4092.1004398826976
1360717319.064,2967.96875
1360717319.064,3620.8397832817336
1360717319.064,3463.4469696969695
1360717319.064,312.5
1360717319.128,312.5
1360717319.127,312.5
1360717319.127,267.85714285714283
1360717319.127,200.89285714285714
1360717319.127,375.0
1360717319.127,165.44117647058823
1360717319.127,187.5
1360717319.126,187.5
1360717319.126,267.85714285714283
1360717319.122,187.5
1360717319.38,3171.1482558139537
1360717319.442,165.44117647058823
1360717319.374,3653.413955479452
1360717319.441,3304.1487068965516
1360717319.441,3606.2814597315437
1360717319.441,165.44117647058823
1360717319.758,175.78125
1360717319.757,187.5
1360717319.757,165.44117647058823
1360717319.756,165.44117647058823
1360717319.948,175.78125
1360717319.948,165.44117647058823
1360717320.075,175.78125
1360717320.074,187.5
1360717320.074,165.44117647058823
1360717320.074,175.78125
1360717320.074,175.78125
1360717320.118,200.89285714285714
1360717320.116,187.5
1360717320.115,234.375
1360717319.987,187.5
1360717320.179,175.78125
1360717320.179,200.89285714285714
1360717319.987,187.5
1360717320.05,187.5
1360717320.238,165.44117647058823
1360717320.241,187.5
1360717320.049,187.5
1360717320.113,187.5
1360717320.304,200.89285714285714
1360717320.112,175.78125
1360717320.304,187.5
1360717320.304,175.78125
1360717320.112,175.78125
1360717320.304,200.89285714285714
1360717320.112,187.5
1360717320.304,187.5
1360717320.176,187.5
1360717320.238,187.5
1360717320.298,165.44117647058823
1360717320.302,200.89285714285714
1360717320.302,175.78125
1360717327.57,13541.666666666666
1360717338.625,202.84346846846844
1360717312.706,16912.957194533763
1360717337.514,208.36243016759775
1360717343.106,7583.333333333333
1360717364.085,718.75
1360717353.317,41792.96875
1360717353.572,136106.25
1360717353.951,66708.33333333333
1360717353.945,63229.166666666664
1360717353.973,140795.8333333333
1360717357.754,3349.780701754386
1360717356.273,1556.1342592592594
1360717357.834,126.21323529411765
1360717357.896,4769.297542735043
1360717358.023,4025.0527426160343
1360717358.905,4089.8252369668244
1360717358.905,4551.88679245283
1360717358.905,3521.447523584906
1360717361.269,3382.9479768786127
1360717357.906,4951.766304347826
1360717357.906,3526.4103982300885
1360717358.789,4777.177132701421
1360717358.725,3712.264150943396
1360717358.788,1295.4009433962265
1360717358.788,1448.4817216981132
1360717358.788,3191.6469194312795
1360717358.788,4602.3732311320755
1360717383.542,734.375
1360717372.464,26991.54060509554
1360717372.901,113.09121621621622
1360717362.204,1384.8270440251574
1360717363.414,2821.993670886076
1360717363.401,4240.969967532467
1360717363.332,5198.6328125
1360717368.181,4783.854166666667
1360717378.655,156.444099378882
1360717385.718,222895.0892857143
1360717384.684,170.83333333333334
1360717372.348,4632.401315789473
1360717372.595,267.85714285714283
1360717373.355,312.5
1360717373.603,267.85714285714283
1360717391.588,145739.86235119047
1360717391.778,25898.229166666668
1360717401.341,3437.5
1360717384.953,11781.25
1360717385.835,13218.75
1360717391.593,2360.7047872340427
1360717401.572,869.6489726027397
1360717403.229,753.4722222222222
1360717404.39,5867.1875
1360717411.335,68841.66666666667
1360717411.535,2355.127427184466
1360717424.815,3737.643828451883
1360717424.941,5642.025862068966
1360717424.941,1482.7056623931626
1360717425.005,5148.3154296875
1360717424.812,2588.1840128755366
1360717424.808,2608.570278969957
1360717424.808,3405.9927983539096
1360717424.505,4349.513319672132
1360717424.695,3124.0530303030305
1360717424.694,5103.468642611684
1360717424.694,2592.4030172413795
1360717424.729,3150.4375
1360717424.795,3529.3461134453783
1360717424.922,1215.521694214876
1360717424.984,2994.0200617283954
1360717424.983,2799.773185483871
1360717425.8,2997.177863436123
1360717437.16,2817.9183467741937
1360717436.293,3379.9733709273182
1360717437.825,187.5
1360717437.889,175.78125
1360717438.078,165.44117647058823
1360717438.014,175.78125
1360717438.076,187.5
1360717438.072,175.78125
1360717438.072,175.78125
1360717436.566,1415.5927835051548
1360717437.047,3049.1013601036266
1360717437.109,2802.729221635884
1360717437.773,175.78125
1360717437.77,187.5
1360717437.959,165.44117647058823
1360717437.959,165.44117647058823
1360717439.321,3267.900485436893
1360717464.38,193.5096153846154
1360717412.855,4197.052908415842
1360717401.263,3692.2267587939696
1360717411.137,3636.8901558891453
1360717464.317,224.609375
1360717474.887,27348.958333333332
1360717451.107,4661.602209944752
1360717459.35,11363.671875
1360717459.349,9594.23828125
1360717459.412,13786.057692307691
1360717459.408,7897.177419354839
1360717459.234,8258.086622807017
1360717459.234,3563.0387931034484
1360717459.298,5141.098484848484
1360717459.298,8356.429303278688
1360717459.234,10053.926991150442
1360717459.298,6875.33244680851
1360717459.234,13373.301630434784
1360717459.233,7003.753491620111
1360717459.233,2278.7893700787404
1360717459.296,6543.576388888889
1360717459.296,8372.233072916666
1360717459.296,4944.359756097561
1360717464.489,472.5550518134715
1360717464.489,376.4763779527559
1360717464.553,270.8333333333333
1360717463.053,288.2074004975124
1360717463.494,364.086662371134
1360717463.622,253.42411838790935
1360717483.997,147.67699115044246
1360717354.328,7813.474743947858
1360717466.84,734.375
1360717486.999,42.76315789473684
1360717356.368,2111.4814924314096
1360717487.692,51.861702127659576
1360717487.692,64.14473684210527
1360717488.376,84.05172413793103
1360717488.565,59.45121951219512
1360717488.565,73.86363636363637
1360717488.628,50.78125
1360717486.981,39.959016393442624
1360717319.486,1655.7463500189608
1360717488.244,46.875
1360717488.226,60.9375
1360717488.542,49.744897959183675
1360717486.291,1879.5833333333335
1360717492.3,108.83620689655173
1360717487.179,18.125
1360717487.878,498.6979166666667
1360717487.877,496.9223484848485
1360717484.741,4532.11273006135
1360717488.987,545.8829365079365
1360717488.986,437.25198412698415
1360717484.094,2518.3572404371585
1360717487.353,19.021739130434785
1360717487.796,465.1988636363636
1360717492.786,66.40625
1360717488.149,470.4724409448819
1360717485.394,4123.161764705882
1360717486.157,502.94117647058823
1360717489.035,554.6875
1360717475.654,2038.8257575757577
1360717486.758,368.30357142857144
1360717486.757,633.3069620253165
1360717485.898,4593.2800751879695
1360717485.016,5625.211148648648
1360717486.771,637.3407643312103
1360717486.896,595.610119047619
1360717487.461,624.2138364779875
1360717488.257,409.0909090909091
1360717488.321,347.77777777777777
1360717488.32,368.75
1360717488.32,360.1744186046512
1360717488.7,371.1854460093897
1360717488.7,425.1968503937008
1360717488.7,425.1968503937008
1360717488.759,363.556338028169
1360717489.551,464.5
1360717489.551,471.0
1360717488.127,409.0909090909091
1360717488.19,363.556338028169
1360717488.189,355.2178899082569
1360717488.542,365.27122641509436
1360717488.542,345.15765765765764
1360717489.677,388.26650943396226
1360717489.421,474.7983870967742
1360717489.404,390.10663507109007
1360717489.404,471.0
1360717489.657,379.06976744186045
1360717489.657,486.57024793388433
1360717508.037,4449.7422680412365
1360717508.036,4003.1887755102043
1360717508.035,2743.556701030928
1360717508.225,1207.9545454545455
1360717508.225,2390.1988636363635
1360717508.225,1886.0795454545453
1360717508.224,2485.369318181818
1360717508.223,2751.9886363636365
1360717508.15,935.7954545454545
1360717508.149,2755.113636363636
1360717508.149,2149.431818181818
1360717508.149,1376.1363636363637
1360717508.149,4437.357954545455
1360717508.149,1397.3011363636363
1360717508.149,2326.8465909090905
1360717508.149,4149.715909090909
1360717508.149,2200.568181818182
1360717514.867,3068.75
1360717514.929,2375.0
1360717515.183,8367.1875
1360717507.75,703.4801136363636
1360717492.512,97.5
1360717492.696,90.27777777777777
1360717491.771,88.8671875
1360717491.774,88.8671875
1360717492.084,93.75
1360717492.253,93.75
1360717493.335,81.25
1360717495.905,1150.6201044386423
1360717508.207,705.7669082125603
1360717508.206,357.6388888888889
1360717508.206,286.0054347826087
1360717508.205,1249.1656553398059
1360717508.204,291.893115942029
1360717508.204,893.5831310679612
1360717508.204,933.7833737864078
1360717508.329,1142.233455882353
1360717519.755,2479.1666666666665
1360717509.066,800.4371761658031
1360717516.937,8945.3125
1360717509.064,381.44329896907215
1360717517.38,2481.7708333333335
1360717517.825,6804.6875
1360717513.405,163.75
1360717518.503,1201.5427215189873
1360717508.127,1074.444110576923
1360717508.127,1465.4126213592233
1360717508.127,2177.412014563107
1360717508.131,317.481884057971
1360717508.131,2028.367718446602
1360717508.131,353.1099033816425
1360717508.131,292.2705314009662
1360717508.131,1245.7729468599034
1360717507.71,9891.435731132075
1360717508.86,458.0128205128205
1360717508.987,371.0330310880829
1360717508.987,888.0343264248704
1360717519.802,26562.5
1360717508.986,2170.0846354166665
1360717508.986,895.401554404145
1360717508.986,2445.1497395833335
1360717517.748,6494.791666666667
1360717520.18,1421.875
1360717518.13,9921.875
1360717520.88,7078.125
1360717502.246,14.52020202020202
1360717513.636,133.90456989247312
1360717514.14,94.2914603960396
1360717511.728,1181.25
1360717512.395,234.375
1360717514.264,12468.75
1360717512.27,188.8204225352113
1360717512.269,234.375
1360717512.333,359.375
1360717534.885,226.5625
1360717515.187,3935.7638888888887
1360717514.462,2150.432180851064
1360717515.433,2812.5
1360717517.606,19765.625
1360717517.67,11318.75
1360717517.605,5614.583333333333
1360717517.669,168.87019230769232
1360717515.305,2812.5
1360717516.874,12226.5625
1360717517.061,20744.212962962964
1360717517.548,23519.53125
1360717520.432,72835.06944444444
1360717519.221,37386.71875
1360717519.406,1749.0808823529412
1360717521.51,3359.375
1360717519.092,3909.375
1360717520.561,17343.75
1360717520.623,10052.083333333334
1360717539.984,2156.25
1360717521.041,38593.75
1360717559.128,3166.6666666666665
1360717560.612,1517.5
1360717559.124,804.3799212598425
1360717559.124,825.1722440944882
1360717559.123,956.9389763779528
1360717559.119,35755.75657894737
1360717560.563,682.1905339805825
1360717560.627,495.752427184466
1360717560.627,1588.5416666666667
1360717560.434,2219.4444444444443
1360717560.497,1498.244382022472
1360717560.561,1339.1335227272727
1360717560.561,1784.7055288461538
1360717560.624,1536.256067961165
1360717560.624,1556.128640776699
1360717560.816,571.875
1360717560.624,1571.753640776699
1360717560.816,255.93749999999997
1360717560.814,697.1875
1360717560.814,719.21875
1360717559.047,1948.6958661417323
1360717559.047,1573.393485915493
1360717559.11,1102.5815217391303
1360717559.046,969.4102112676056
1360717559.046,848.9947552447552
1360717560.416,219.80337078651684
1360717560.415,1637.816011235955
1360717560.542,342.8398058252427
1360717560.605,347.8860294117647
1360717560.605,321.3141025641026
1360717560.412,1248.4199438202247
1360717560.475,412.6420454545455
1360717560.475,1983.6647727272727
1360717560.475,886.8689903846155
1360717560.535,304.29025423728814
1360717560.73,633.5597826086956
1360717560.73,2493.75
1360717560.602,434.8290598290598
1360717560.602,1571.6911764705883
1360717560.602,1496.5965346534654
1360717560.728,828.75
1360717560.728,585.0
1360717563.123,486.19186046511624
1360717578.187,4750.0
1360717559.393,125.20833333333334
1360717559.148,150.3482972136223
1360717561.884,375.0
1360717579.288,552.4193548387096
1360717579.288,1215.2777777777776
1360717579.288,2130.3763440860216
1360717579.288,1214.5497311827958
1360717579.287,1829.97311827957
1360717579.287,2342.741935483871
1360717579.287,1032.8414351851852
1360717579.287,113.07123655913978
1360717579.287,292.6747311827957
1360717579.351,303.3002336448598
1360717579.414,1161.5728021978023
1360717579.414,479.9107142857143
1360717578.352,20705.33288043478
1360717579.176,2693.4840425531916
1360717579.219,1683.635752688172
1360717579.219,2070.9005376344085
1360717579.219,7780.092592592592
1360717579.22,6012.600806451613
1360717579.219,4639.784946236559
1360717579.219,1622.983870967742
1360717579.219,877.3521505376344
1360717579.219,1236.7271505376345
1360717579.154,454.5454545454545
1360717579.217,378.36021505376345
1360717579.216,798.7231182795699
1360717579.216,390.4569892473118
1360717579.216,387.60080645161287
1360717579.216,114.58333333333333
1360717579.216,565.6922043010752
1360717579.216,1001.008064516129
1360717579.216,390.4569892473118
1360717579.216,1829.97311827957
1360717578.314,1262.7923976608186
1360717579.43,52.51288659793814
1360717579.428,52.32371794871795
1360717580.616,90755.20833333333
1360717580.738,112620.53571428571
1360717579.905,21413.352272727272
1360717580.086,5871.09375
1360717580.144,5550.347222222223
1360717580.495,6710.9375
1360717311.692,45076.9675925926
1360717597.249,6421.875
1360717597.502,7833.333333333333
1360717627.146,1078.125
1360717657.638,359.375
1360717661.92,371.1845930232558
1360717654.099,45.164800995024876
1360717654.479,166352.12361878454
1360717372.498,142702.2664835165
1360717680.109,24287.5
1360717709.999,2156.25
1360717741.762,234.72744360902257
1360717739.025,71.2679856115108
1360717742.158,277.28713768115944
1360717771.477,431.25
1360717795.472,8499.0234375
1360717806.071,7822.916666666667
1360717805.758,6781.25
1360717821.971,15671.875
1360717822.154,14416.666666666666
1360717864.996,2156.25
1360717845.987,65.3838087248322
1360717875.539,31437.5
1360717869.384,45203.125
1360717868.922,21291.666666666668
1360717869.371,5015.625
1360717869.942,1450.3676470588236
1360717877.433,9272.122524752476
1360717877.793,6367.281626506024
1360717877.793,5889.960106382979
1360717882.133,250.0
1360717875.92,15762.423155737706
1360717877.743,415.5868902439024
1360717877.743,6064.596036585366
1360717877.743,4961.318597560975
1360717877.743,3516.958841463415
1360717877.743,5205.79268292683
1360717877.742,5826.981707317073
1360717877.742,3646.7225609756097
1360717883.06,290.0
1360717886.921,5262.295081967213
1360717883.915,185.66176470588235
1360717888.072,36807.291666666664
1360717884.228,179.6875
1360717868.164,3836.889164305949
1360717875.651,2343.1438577586205
1360717888.768,3656.25
1360717888.768,10451.388888888889
1360717888.768,2701.7045454545455
1360717888.767,5470.703125
1360717889.147,4410.714285714285
1360717889.27,8037.109375
1360717889.337,7603.515625
1360717889.591,3239.5833333333335
1360717889.591,3909.375
1360717869.476,71.61854103343465
1360717889.635,3462.0535714285716
1360717877.79,3838.5674504950493
1360717889.886,7770.833333333333
1360717877.854,4060.0901741293533
1360717877.854,2972.5188442211056
1360717877.858,1354.1143216080402
1360717877.857,1066.9755025125628
1360717877.857,2090.5628109452737
1360717877.857,3282.960199004975
1360717877.857,2951.3976130653264
1360717877.857,1146.121231155779
1360717877.857,2149.1834170854268
1360717877.857,1248.7437185929648
1360717877.921,1606.3456632653063
1360717889.953,10427.083333333334
1360717877.921,1277.8394670050761
1360717877.921,287.46811224489795
1360717877.921,4944.993622448979
1360717890.08,18852.58152173913
1360717890.08,4025.0000000000005
1360717886.624,3193.548387096774
1360717890.715,6610.491071428572
1360717887.576,15546.875
1360717875.223,794.1854508196722
1360717888.022,19600.0
1360717868.097,989.1554532577904
1360717888.7,5796.875
1360717888.7,3299.375
1360717888.699,3970.9821428571427
1360717889.143,5328.125
1360717889.206,10565.625
1360717869.429,71.61854103343465
1360717889.396,2518.2291666666665
1360717869.428,31.059451219512194
1360717869.492,31.154434250764524
1360717889.778,5945.3125
1360717877.682,275.9893216080402
1360717877.806,3725.1243781094527
1360717877.806,3011.116293532338
1360717877.806,2231.78391959799
1360717877.81,1458.7782663316582
1360717877.81,1293.1061557788946
1360717877.809,2199.434673366834
1360717877.745,2958.203125
1360717877.745,1821.796875
1360717889.777,3265.625
1360717877.809,2670.5534825870645
1360717877.873,4515.14668367347
1360717877.873,1080.3234924623116
1360717886.577,833.8068181818182
1360717890.033,7750.0
1360717890.096,7583.333333333333
1360717877.872,2408.1439393939395
1360717890.006,1518.75
1360717891.26,6480.978260869565
1360717891.642,2706.730769230769
1360717891.642,1183.894230769231
1360717869.376,2866.319444444445
1360717870.364,312.5
1360717870.363,375.0
1360717870.363,234.375
1360717870.361,234.375
1360717870.361,267.85714285714283
1360717870.865,375.0
1360717870.241,267.85714285714283
1360717870.241,234.375
1360717870.239,267.85714285714283
1360717870.239,375.0
1360717870.614,375.0
1360717870.617,375.0
1360717870.873,187.5
1360717870.681,267.85714285714283
1360717870.68,375.0
1360717871.045,267.85714285714283
1360717873.441,267.85714285714283
1360717873.439,267.85714285714283
1360717873.439,375.0
1360717872.196,165.44117647058823
1360717872.511,187.5
1360717873.375,267.85714285714283
1360717873.375,312.5
1360717891.594,3976.0416666666665
1360717892.422,197.4031690140845
1360717892.549,569.4962686567164
1360717897.02,12277.138157894737
1360717893.692,43046.875
1360717889.893,65632.12719298246
1360717894.436,4685.546875
1360717891.543,6161.057692307692
1360717891.606,3122.7678571428573
1360717892.18,1425.5514705882354
1360717892.477,213.15298507462688
1360717893.495,12921.875
1360717893.746,6539.0625
1360717893.812,13968.75
1360717895.086,12226.912313432837
1360717876.105,375.0
1360717876.805,312.5
1360717876.914,375.0
1360717877.292,312.5
1360717876.624,375.0
1360717876.6,312.5
1360717877.163,312.5
1360717882.674,175.78125
1360717883.18,208.33333333333334
1360717882.233,267.85714285714283
1360717884.558,175.78125
1360717884.346,175.78125
1360717884.342,175.78125
1360717888.506,10353.344298245614
1360717888.505,31584.821428571428
1360717889.494,4140.625
1360717889.555,184.84669811320757
1360717889.807,234.79352678571428
1360717889.87,853.7946428571429
1360717890.732,9173.611111111111
1360717888.507,3227.430555555555
1360717888.443,11851.732336956522
1360717888.632,1588.8231981981983
1360717888.865,41096.354166666664
1360717889.367,5945.3125
1360717889.933,5380.173141891893
1360717890.1,59695.3125
1360717891.109,3603.1901041666665
1360717891.109,5540.625
1360717891.172,762.5
1360717906.839,2636.3932291666665
1360717889.199,60007.8125
1360717889.198,9261.77536231884
1360717891.97,557.6508620689656
1360717894.393,49359.375
1360717894.959,5042.1875
1360717895.526,10260.216346153848
1360717895.571,312.5
1360717892.424,2720.5882352941176
1360717894.397,107921.875
1360717894.838,9354.166666666666
1360717894.838,5973.958333333333
1360717894.835,2353.515625
1360717895.214,345.45454545454544
1360717895.445,234.375
1360717893.862,414.0625
1360717895.873,6926.809210526316
1360717896.188,9201.923076923076
1360717897.557,5419.270833333333
1360717897.747,652.0833333333334
1360717897.869,4642.815420560748
1360717897.936,2481.076388888889
1360717897.936,5063.839285714285
1360717898.038,312.5
1360717898.352,1081.1820652173913
1360717898.288,3777.1809895833335
1360717898.351,4222.861842105262
1360717898.351,4754.166666666666
1360717898.414,4197.853915662651
1360717898.478,4139.59478021978
1360717898.478,5859.760802469136
1360717898.605,4538.397606382979
1360717898.477,4224.131944444444
1360717896.061,9605.46875
1360717896.25,375.0
1360717897.786,1975.1420454545455
1360717897.717,5053.869047619048
1360717897.912,312.5
1360717897.912,267.85714285714283
1360717897.911,312.5
1360717897.909,312.5
1360717897.909,5754.213483146067
1360717898.353,3113.495879120879
1360717898.353,4417.7734375
1360717898.16,3374.884259259259
1360717898.16,2971.417682926829
1360717898.287,2528.947368421053
1360717922.913,536.8303571428571
1360717906.788,47.8756157635468
1360717903.506,7044.084821428572
1360717903.504,4410.021551724138
1360717900.42,2545.1388888888887
1360717901.087,392.08984375
1360717903.442,3553.0133928571427
1360717928.642,164.0625
1360717928.299,131.25
1360717928.811,114.13043478260869
1360717904.444,1263.0208333333333
1360717906.228,30340.625
1360717928.002,101.25
1360717928.002,61.170212765957444
1360717928.002,110.22727272727273
1360717928.002,95.4861111111111
1360717928.066,39.93055555555555
1360717928.066,107.8125
1360717928.066,58.27702702702703
1360717928.192,158.48214285714286
1360717928.256,133.25471698113208
1360717928.256,97.22222222222223
1360717928.319,76.3888888888889
1360717928.319,147.72727272727275
1360717928.509,86.73469387755102
1360717928.509,154.41176470588235
1360717928.572,114.58333333333333
1360717926.069,118.38942307692307
1360717927.946,131.25
1360717927.946,131.25
1360717927.922,105.0
1360717927.924,44.921875
1360717927.924,57.065217391304344
1360717928.051,74.72826086956522
1360717928.051,125.0
1360717928.114,109.84848484848484
1360717928.114,131.25
1360717928.178,59.895833333333336
1360717928.178,90.51724137931035
1360717928.432,65.0
1360717928.432,76.3888888888889
1360717932.774,248.21428571428572
1360717932.465,1539.2900485436894
1360717932.528,298.10049019607845
1360717932.464,902.4575242718447
1360717932.464,824.4842233009708
1360717932.456,302.8492647058824
1360717932.456,2078.2781862745096
1360717934.599,169.11764705882354
1360717938.408,487.84722222222223
1360717935.652,2920.5729166666665
1360717923.171,1934.3337004405284
1360717940.094,2132.4728260869565
1360717933.363,285.1190476190476
1360717945.329,292.8571428571429
1360717943.566,1706.0185185185187
1360717943.566,546.3169642857143
1360717944.053,342.0138888888889
1360717932.402,10337.81386462882
1360717933.292,1099.2559523809525
1360717945.256,413.6513157894737
1360717945.256,310.6060606060606
1360717939.626,221.05978260869566
1360717943.531,5872.721354166667
1360717943.531,2740.301724137931
1360717943.531,2051.9748263888887
1360717943.595,66.82981927710843
1360717947.751,1058.3333333333333
1360717949.786,265.625
1360717950.148,2179.6875
1360717950.275,3503.90625
1360717950.083,12093.75
1360717950.275,194.921875
1360717941.827,3574.5073891625616
1360717950.53,4250.0
1360717950.274,2851.5625
1360717942.145,5241.128177966102
1360717942.081,1549.501050420168
1360717950.525,3973.9583333333335
1360717942.141,11384.533898305084
1360717950.849,2146.875
1360717950.848,2387.5
1360717950.656,3526.0416666666665
1360717950.912,2359.375
1360717950.848,2915.625
1360717950.976,2571.875
1360717950.847,2178.125
1360717950.847,3162.5
1360717951.166,6070.3125
1360717951.165,8437.5
1360717943.477,10221.571180555555
1360717943.477,2491.810344827586
1360717943.477,2272.6779513888887
1360717945.024,1977.3509174311928
1360717950.263,4083.333333333333
1360717950.709,112.66447368421052
1360717950.708,658.6805555555557
1360717950.708,2375.0
1360717942.77,1845.3722677595626
1360717951.217,5151.041666666667
1360717951.217,2988.28125
1360717951.281,4785.15625
1360717951.217,251.30208333333331
1360717951.263,217.3996913580247
1360717943.006,6404.935024752475
1360717951.454,6359.375
1360717951.453,4057.291666666667
1360717951.449,4005.208333333333
1360717951.513,3085.9375
1360717951.707,5244.791666666667
1360717951.77,1950.0
1360717951.834,2234.375
1360717952.088,6057.291666666667
1360717944.276,327.17803030303025
1360717933.584,267.85714285714283
1360717932.398,1145.5592105263156
1360717932.712,175.78125
1360717936.491,1580.842391304348
1360717938.047,515.625
1360717938.047,515.625
1360717938.046,515.625
1360717939.036,175.78125
1360717939.035,175.78125
1360717937.544,1625.0
1360717938.91,187.5
1360717951.416,111.14386792452831
1360717951.859,92.82178217821782
1360717944.239,283.3710407239819
1360717944.621,291.6867760617761
1360717949.036,126.28424657534245
1360717949.354,1252.2727272727273
1360717950.923,162.80691964285714
1360717950.923,117.32456140350878
1360717947.394,7567.378048780488
1360717955.906,106.90789473684211
1360717950.792,73.52228682170544
1360717943.169,189.01057401812687
1360717951.811,90.94551282051282
1360717952.257,185.33415841584159
1360717939.683,485.1371951219512
1360717940.594,93.75
1360717943.051,2269.886363636364
1360717944.322,635.5846774193549
1360717944.96,3602.3848684210525
1360717944.956,21051.339285714286
1360717969.853,5525.0
1360717969.853,18041.666666666668
1360717969.853,31540.625
1360717970.172,25046.875
1360717970.426,37593.75
1360717967.161,43789.0625
1360717967.353,45697.916666666664
1360717967.288,13484.375
1360717967.548,10510.416666666666
1360717967.544,13364.583333333334
1360717967.735,75450.52083333333
1360717968.182,5136.71875
1360717968.373,7445.3125
1360717969.842,3812.5
1360717969.842,10787.5
1360717969.842,5475.0
1360717970.161,5921.875
1360717967.522,17546.875
1360717967.522,94727.67857142857
1360717967.522,8765.625
1360717967.522,11697.916666666666
1360717967.714,22511.363636363636
1360717967.713,10807.291666666666
1360717967.713,48039.0625
1360717967.777,1920.8984375
1360717967.969,3953.125
1360717968.479,8510.416666666666
1360717968.606,17546.875
1360717943.891,28330.35714285714
1360717944.963,1875.0
1360717943.963,311.949823943662
1360717945.639,7933.7797619047615
1360717945.764,220.58823529411765
1360717952.79,144692.14527027027
1360717946.07,800.3472222222222
1360717946.197,125.0
1360717949.012,2386.71875
1360717949.562,1382.3529411764705
1360717950.727,7375.0
1360717950.916,6479.166666666667
1360717951.298,3906.25
1360717951.168,7570.3125
1360717951.232,19781.25
1360717951.232,4600.0
1360717951.609,105890.625
1360717949.008,601.7992424242424
1360717949.554,34000.0
1360717949.805,15947.916666666666
1360717950.564,16203.125
1360717951.11,13631.25
1360717950.794,35463.541666666664
1360717951.366,77187.5
1360717951.683,5054.6875
1360717952.497,94078.125
1360717951.997,6640.625
1360717975.795,105841.66666666667
1360717971.799,13468.75
1360717971.799,21625.0
1360717970.938,28175.0
1360717971.001,324.82638888888886
1360717971.253,6210.9375
1360717971.316,35606.770833333336
1360717970.63,11945.3125
1360717971.132,6187.5
1360717971.131,25046.875
1360717901.656,47255.754768892155
1360717973.692,12942.908653846152
1360717973.509,9566.576086956522
1360717973.261,6258.5904628331
1360718027.655,113.28125
1360718198.261,3963.5416666666665
1360718199.578,7367.1875
1360718199.959,15067.708333333334
1360718204.934,742.8977272727273
1360717907.507,30715.66901408451
1360718210.399,108.38607594936708
1360718199.243,234.375
1360718200.483,4749.165430267062
1360717883.009,12925.858778625954
1360718211.839,32.375
1360718212.094,28.39781746031746
1360718211.743,61.872489959839356
1360718211.737,29.737903225806452
1360718206.101,31133.522727272728
1360718210.437,159.41722972972974
1360718210.566,465.33203125
1360718210.692,1970.2932098765432
1360718210.755,1497.1474795640327
1360718210.755,1968.1965258855585
1360718210.755,1104.9753289473686
1360718210.626,1803.125
1360718210.689,1502.5773195876288
1360718210.753,1196.217105263158
1360718212.436,835.7047872340426
1360718212.561,77.05479452054794
1360718212.41,600.3807773109244
1360718210.318,2523.7156148867316
1360718210.568,3478.3793604651164
1360718210.635,2263.9126712328766
1360718210.635,1056.903653295129
1360718210.507,1776.7857142857142
1360718210.635,2259.4086021505377
1360718210.571,1379.8592493297588
1360718210.571,1656.5385883905012
1360718210.57,1735.5838108882522
1360718210.634,898.1607629427792
1360718212.289,1284.2085798816568
1360718220.895,10.267857142857142
1360718226.318,728.804347826087
1360718213.035,79.22535211267606
1360718213.035,79.22535211267606
1360718213.092,79.22535211267606
1360718213.537,78.125
1360718213.54,77.05479452054794
1360718213.54,78.125
1360718215.71,65.10416666666667
1360718215.899,65.10416666666667
1360718215.835,64.2123287671233
1360718216.465,38.793103448275865
1360718216.529,38.26530612244898
1360718216.527,38.00675675675676
1360718212.917,78.125
1360718212.917,76.01351351351352
1360718212.979,79.22535211267606
1360718215.141,64.2123287671233
1360718215.586,78.125
1360718215.579,79.22535211267606
1360718215.768,64.2123287671233
1360718216.341,38.00675675675676
1360718216.312,38.52739726027397
1360718216.38,38.52739726027397
1360718235.003,207.421875
1360718228.185,3380.4853723404253
1360718232.546,107.80423280423281
1360718229.077,234.375
1360718234.54,831.2020460358056
1360718234.538,788.9665233415234
1360718260.451,875.0
1360718260.515,1718.75
1360718260.515,1718.75
1360718238.132,817.282196969697
1360718243.398,1232.3173868312758
1360718258.973,1059.8759541984732
1360718258.973,1956.3442211055278
1360718258.972,1236.1794619422571
1360718259.205,1340.89025198939
1360718259.205,11773.958333333332
1360718259.205,1786.812160326087
1360718259.205,1484.7222222222222
1360718259.458,1851.9830028328613
1360718259.457,1879.0865384615386
1360718259.457,1825.0254755434783
1360718258.852,1620.8616955445545
1360718258.766,2313.186813186813
1360718259.08,1982.0
1360718259.334,2106.541450777202
1360718259.398,1808.0100574712644
1360718262.454,2083.3057029177717
1360718263.944,1410.354872881356
1360718268.53,2403.080516014235
1360718270.475,1390.1497148288972
1360718270.538,1806.3988095238094
1360718270.537,1870.5533596837945
1360718280.504,4630.208333333333
1360718306.961,5406.25
1360718286.05,18701.38888888889
1360718286.554,157546.875
1360718286.616,7418.402777777777
1360718284.879,2402.689873417721
1360718284.941,14992.1875
1360718285.86,220.58823529411765
1360718285.86,6937.5
1360718286.617,113.63636363636363
1360718307.01,3124.833776595745
1360718298.497,5953.125
1360718206.312,2696.0475352112676
1360718316.61,5056.818181818182
1360718206.239,4847.737676056338
1360718307.173,9000.0
1360718324.667,6421.875
1360718324.884,11734.375
1360718299.13,19062.887717121586
1360718385.186,1078.125
1360718385.186,2156.25
1360718451.49,341.3178066037736
1360718465.102,928.4420289855072
1360718474.881,1548.991935483871
1360718486.454,91.26984126984127
1360718469.261,1554.8691860465117
1360718469.137,399.8511904761905
1360718469.137,1063.6432926829268
1360718469.132,1078.8690476190477
1360718469.199,165.44117647058823
1360718469.552,267.85714285714283
1360718470.247,375.0
1360718470.563,200.89285714285714
1360718470.563,187.5
1360718470.563,602.6785714285714
1360718470.435,2003.1249999999998
1360718470.563,200.89285714285714
1360718483.72,1230.2410313901346
1360718483.343,30.263157894736842
1360718500.277,314.21875
1360718500.406,1640.0353773584907
1360718515.43,97.5
1360718496.124,721.4543269230769
1360718499.627,375.0
1360718499.626,267.85714285714283
1360718515.385,49.744897959183675
1360718502.161,5562.272451456311
1360718502.161,4341.923701298701
1360718502.161,3798.2657068062827
1360718502.161,3080.515710382514
1360718502.161,4968.465909090909
1360718502.161,3520.0547680412374
1360718502.161,4174.1776315789475
1360718502.161,2695.268361581921
1360718502.161,3127.6737967914437
1360718502.16,7603.236607142857
1360718502.156,4650.199142156863
1360718502.156,8952.626329787234
1360718502.156,2693.4027777777774
1360718502.156,4992.1875
1360718502.039,4282.096674876847
1360718502.039,2645.860602094241
1360718502.039,4471.006944444444
1360718502.039,5981.7947247706425
1360718502.039,4471.467391304348
1360718502.038,4478.561046511629
1360718502.038,3688.236256544503
1360718502.038,3591.796875
1360718502.038,7549.904336734694
1360718502.038,3195.065789473684
1360718502.29,267.85714285714283
1360718514.756,61.04651162790697
1360718514.758,58.333333333333336
1360718537.877,196.02272727272725
1360718473.046,32567.73369036027
1360718546.1,76.50862068965516
1360718546.738,92.9054054054054
1360718455.407,3916.279269972452
1360718545.977,54.56349206349206
1360718546.079,69.07894736842105
1360718545.958,50.48076923076923
1360718546.084,201.38888888888889
1360718546.143,147.72727272727275
1360718566.149,117.66098484848484
1360718568.352,7776.5625
1360718549.217,453.125
1360718563.482,1778.7162162162163
1360718574.905,19.586267605633804
1360718568.203,3206.103133159269
1360718568.011,3571.2890625
1360718569.295,74.65277777777777
1360718569.295,5312.5
1360718290.927,41027.30855855856
1360718290.991,22828.828828828828
1360718290.927,42168.84328358209
1360718595.772,1506.2990837696334
1360718606.19,416.087962962963
1360718595.649,3855.510752688172
1360718589.555,1312.3117469879517
1360718589.679,5140.625
1360718595.017,2773.2954545454545
1360718595.08,3103.8431677018634
1360718595.144,2926.46484375
1360718595.144,1987.5776397515529
1360718595.144,2649.1126543209875
1360718595.144,175.78125
1360718595.079,1705.745341614907
1360718595.143,2808.863993710692
1360718595.143,2412.3315868263476
1360718595.143,175.78125
1360718595.139,175.78125
1360718595.318,200.89285714285714
1360718595.317,175.78125
1360718595.506,165.44117647058823
1360718595.506,110.29411764705883
1360718595.505,175.78125
1360718594.703,3868.4659090909095
1360718594.896,2282.1132596685084
1360718594.959,2770.0224550898206
1360718594.959,2891.207298136646
1360718594.959,2853.7946428571427
1360718595.023,2815.912356321839
1360718595.023,2529.7234195402298
1360718595.023,3073.828125
1360718595.023,1655.2235401459855
1360718595.023,187.5
1360718594.938,3238.936335403727
1360718594.935,3293.1871118012423
1360718594.995,2427.1484375
1360718594.995,1940.5085403726707
1360718594.998,2797.265625
1360718594.998,187.5
1360718595.186,187.5
1360718595.186,175.78125
1360718595.249,165.44117647058823
1360718595.377,165.44117647058823
1360718595.376,200.89285714285714
1360718595.376,165.44117647058823
1360718595.371,165.44117647058823
1360718595.374,175.78125
1360718595.374,200.89285714285714
1360718595.374,187.5
1360718608.172,47.24702380952381
1360718600.78,471.6631355932203
1360718604.48,37.516490765171504
1360718628.506,134.765625
1360718626.615,459.8721590909091
1360718608.279,94468.4375
1360718612.43,362.5262605042017
1360718605.535,1868.0555555555557
1360718606.774,1886.1607142857142
1360718635.548,295.4545454545455
1360718625.337,214.32783018867923
1360718629.496,119.16866028708134
1360718632.464,103957.0761494253
1360718633.224,19708.575581395347
1360718632.385,48.421223958333336
1360718626.111,199.18766578249335
1360718628.897,241.234756097561
1360718629.02,2911.733774038462
1360718628.772,259.0277777777778
1360718628.772,3065.294395465995
1360718628.772,1595.3125
1360718632.691,2977.723214285714
1360718635.763,1625.0
1360718640.103,5910.658713692947
1360718640.103,3585.6748949579833
1360718640.103,3444.2515432098767
1360718640.103,4268.487004950495
1360718640.545,4407.835144927536
1360718640.607,4459.248310810811
1360718640.671,3533.1648284313724
1360718640.647,3818.0851063829787
1360718640.647,4071.649774774775
1360718640.647,2375.956632653061
1360718640.911,3732.921511627907
1360718640.975,4955.264522821577
1360718640.974,4005.8423913043475
1360718640.974,3947.980967078189
1360718640.97,4533.342633928572
1360718640.97,3082.62087264151
1360718641.417,3183.475378787879
1360718641.543,4872.303299492386
1360718641.479,3630.2083333333335
1360718641.522,4148.5699152542375
1360718640.959,165.44117647058823
1360718645.728,2063.4645061728393
1360718672.279,59.895833333333336
1360718669.247,5264.472336065574
1360718669.247,6928.4806910569105
1360718669.247,3964.0151515151515
1360718669.246,5337.616822429907
1360718669.246,4648.0574324324325
1360718669.245,4474.580223880597
1360718669.245,4623.566513761469
1360718669.556,3760.1709905660377
1360718669.556,1893.918918918919
1360718669.555,5163.325471698113
1360718670.049,5309.235074626866
1360718670.117,4644.685734463277
1360718670.116,4828.389830508475
1360718670.115,6679.7490157480315
1360718670.115,5746.759259259259
1360718670.114,2452.60989010989
1360718670.176,1343.353426395939
1360718670.426,5030.434782608696
1360718670.426,5609.035326086956
1360718670.426,5345.424107142857
1360718670.489,4672.334558823529
1360718670.425,4431.708916083916
1360718670.488,6326.603982300885
1360718674.284,4075.7812500000005
1360718700.324,69.16666666666667
1360718699.479,2625.0
1360718725.125,687.5
1360718725.189,687.5
1360718719.012,9270.833333333334
1360718724.93,491.07142857142856
1360718725.248,687.5
1360718725.696,656.25
1360718702.393,4088.541666666667
1360718725.357,28.676470588235293
1360718721.052,3210.9375
1360718721.351,2133.522727272727
1360718725.31,1625.0
1360718725.253,812.5
1360718593.353,3737.801860649248
1360718749.641,15.186915887850468
1360718747.746,10.416666666666666
1360718750.583,10.416666666666666
1360718755.538,10.350318471337578
1360718749.131,10.416666666666666
1360718749.066,10.350318471337578
1360718749.875,10.416666666666666
1360718749.617,10.416666666666666
1360718749.742,10.416666666666666
1360718750.125,10.416666666666666
1360718750.188,10.416666666666666
1360718751.076,10.416666666666666
1360718751.203,10.350318471337578
1360718755.271,10.416666666666666
1360718755.333,10.416666666666666
1360718755.522,10.350318471337578
1360718748.093,10.416666666666666
1360718756.027,15.186915887850468
1360718756.215,10.416666666666666
1360718757.04,10.350318471337578
1360718779.098,22250.0
1360718780.651,2156.25
1360718780.651,2156.25
1360718799.843,4519.642857142857
1360718795.944,4491.2109375
1360718804.728,12282.411317567568
1360718797.907,108494.79166666667
1360718798.352,8437.5
1360718798.415,4218.75
1360718798.414,4218.75
1360718800.961,745.7837301587301
1360718797.788,248380.20833333334
1360718798.299,2812.5
1360718798.299,4218.75
1360718800.838,1628.9724576271187
1360718805.172,5632.360537190083
1360718805.173,8786.70058139535
1360718802.444,15950.892857142857
1360718807.453,1045.3381147540983
1360718807.579,3435.546875
1360718807.579,3837.7976190476193
1360718807.577,1661.811440677966
1360718807.577,4137.0192307692305
1360718807.461,481.1970338983051
1360718807.461,6595.48611111111
1360718807.461,25799.10714285714
1360718807.457,1906.498015873016
1360718807.457,1443.5096153846155
1360718808.699,102767.578125
1360718811.591,29393.229166666668
1360718811.465,5741.586538461538
1360718829.332,4520.833333333333
1360718829.566,7578.125
1360718802.601,19324.70178091398
1360718839.555,72.28434504792332
1360718857.6,1625.0
1360718864.864,37651.041666666664
1360718863.566,13171.875
1360718863.944,43347.91666666667
1360718864.745,323437.5
1360718889.045,2156.25
1360718878.499,5689.732142857143
1360718906.788,27992.1875
1360718838.073,1748.0972782258063
1360718804.742,4151.544744318182
1360718919.015,958.3333333333334
1360718927.099,747.6415094339623
1360718942.041,827.7649769585254
1360718982.529,8.227848101265824
1360718990.529,89.24722906403942
1360719029.45,233.37155963302752
1360719048.739,17421.875
1360719063.809,5007.8125
1360719066.127,140.8390410958904
1360719075.016,139.7058823529412
1360719090.066,8.18639798488665
1360719116.664,15995.535714285714
1360719102.963,181.32362565445027
1360718472.71,10210.122258577998
1360719142.273,8.312020460358058
1360719170.704,55.03472222222222
1360719194.188,8.643617021276595
1360719228.589,5031.25
1360719240.842,34.49519230769231
1360719267.42,12.28035143769968
1360719297.339,12.319711538461538
1360719327.37,12.319711538461538
1360719381.011,12960.9375
1360719378.438,8564.903846153848
1360719380.453,677.1816037735849
1360719377.855,4108.333333333333
1360719381.969,14140.625
1360719381.436,8112.723214285714
1360719381.974,169.22554347826087
1360719382.165,36862.5
1360719440.712,2156.25
1360719435.224,6580.357142857143
1360719438.938,7.738095238095238
1360719494.777,3437.5
1360719492.288,8.248730964467006
1360719518.406,22250.0
1360719495.237,13835.9375
1360719494.935,38.18247126436781
1360719529.216,5031.25
1360719522.799,22.684010152284262
1360719553.531,23.4779792746114
1360720553.272,59.5703125
1360720934.172,57.765151515151516
1360725899.463,57.765151515151516
1360725917.92,15.292553191489361
1360726023.071,57.765151515151516
1360726048.0,57.765151515151516
1360732230.46,14.109848484848486
1360734176.817,4129.934210526316
1360734176.834,4700.0
1360734173.986,2567.3076923076924
1360734175.853,5284.722222222223
1360734178.268,2599.628712871287
1360734236.776,2156.25
1360734275.975,7308.59375
1360734276.855,3859.375
1360734277.81,3355.6985294117644
1360734292.958,152.29885057471265
1360734293.086,188.97058823529412
1360734292.957,158.13253012048193
1360734293.021,152.61627906976744
1360734298.372,823.9583333333334
1360734293.078,131.55241935483872
1360734297.5,268.6737804878049
1360734307.271,2011.1607142857144
1360734308.52,6296.875
1360734287.346,13018.802966101695
1360734288.253,12905.671296296296
1360734292.452,110.29411764705883
1360734292.643,107.14285714285714
1360734292.451,107.14285714285714
1360734292.514,107.14285714285714
1360734291.473,310.38052050473186
1360734293.22,113.63636363636363
1360734293.283,107.14285714285714
1360734293.283,113.63636363636363
1360734293.282,107.14285714285714
1360734293.282,107.14285714285714
1360734293.346,110.29411764705883
1360734293.346,107.14285714285714
1360734293.346,110.29411764705883
1360734293.472,113.63636363636363
1360734309.588,618.4512867647059
1360734311.472,786.5070093457945
1360734295.843,107.14285714285714
1360734297.347,113.63636363636363
1360734298.592,160.71428571428572
1360734295.801,110.29411764705883
1360734297.232,113.63636363636363
1360734297.484,107.14285714285714
1360734297.547,107.14285714285714
1360734299.301,79.22535211267606
1360734299.301,90.55868700265252
1360734300.282,65.10416666666667
1360734317.963,249.6565934065934
1360734318.282,1921.1711711711712
1360734319.235,718.75
1360734319.299,454.2885638297872
1360734319.298,705.1930147058823
1360734317.914,412.181712962963
1360734303.52,219.40104166666666
1360734306.937,468.75
1360734308.218,375.0
1360734314.849,160.9306167400881
1360734313.082,1925.052966101695
1360734315.893,115.84201388888889
1360734318.12,1850.577731092437
1360734321.96,175.78125
1360734324.006,8105.902777777778
1360734324.515,175.78125
1360734335.242,909.4065656565656
1360734328.302,176.0514937106918
1360734328.207,4259.328358208955
1360734328.21,938.5557432432432
1360734347.809,337.63586956521743
1360734348.6,1844.611528822055
1360734348.6,1979.9890350877195
1360734348.6,280.93297101449275
1360734348.6,1308.701441102757
1360734348.599,1435.8984375
1360734348.663,2753.062185929648
1360734348.599,1614.9609375
1360734348.663,1747.734950859951
1360734348.663,1423.4805764411028
1360734348.663,1114.0851449275362
1360734348.725,1596.105527638191
1360734348.789,1904.9511964735518
1360734348.852,1833.175505050505
1360734348.916,1512.0161802030457
1360734348.852,1605.7753164556962
1360734348.851,1231.9681186868688
1360734348.974,107.14285714285714
1360734349.042,110.29411764705883
1360734348.978,107.14285714285714
1360734349.166,107.14285714285714
1360734347.949,1437.5
1360734348.455,1428.4312185929648
1360734348.455,1754.84375
1360734348.519,1111.6520100502512
1360734348.455,2345.47305764411
1360734348.432,2181.2734962406016
1360734348.495,1272.887876884422
1360734348.685,1557.5949367088608
1360734348.685,1890.862341772152
1360734348.685,1620.975378787879
1360734348.811,107.14285714285714
1360734348.874,104.16666666666667
1360734381.336,196.02272727272725
1360734358.844,325.2083333333333
1360734359.711,49.56896551724138
1360734361.876,79.8611111111111
1360734368.623,166.31554307116107
1360734370.897,523.7831858407079
1360734373.027,234.375
1360734375.109,2709.21875
1360734375.549,5161.533273381295
1360734375.862,7001.875
1360734375.865,8146.875
1360734375.865,8016.203703703704
1360734376.055,7409.646739130435
1360734376.784,8314.655172413793
1360734376.784,4274.553571428572
1360734376.783,7501.775568181818
1360734374.919,6291.360294117647
1360734375.363,5206.708715596331
1360734375.363,7076.208726415094
1360734375.426,5489.153519417476
1360734375.426,6214.0625
1360734376.662,4650.669642857143
1360734378.959,8182.291666666666
1360734379.211,13382.586050724636
1360734379.401,8586.11111111111
1360734379.653,165.44117647058823
1360734381.336,312.5
1360734379.221,5321.901483050848
1360734379.285,10317.826704545456
1360734379.285,8434.54391891892
1360734379.284,1138.2211538461538
1360734379.348,837.6736111111112
1360734380.169,1516.4535984848485
1360734396.938,267.80063291139237
1360734393.883,95141.31637168142
1360734389.468,11367.67578125
1360734410.435,2156.25
1360734392.715,690.625
1360734378.624,2406.066372863248
1360734387.702,3894.1322509457755
1360734357.27,4050.232769691781
1360734438.308,2437.5
1360734416.031,4520.833333333333
1360734416.283,5867.1875
1360734438.176,17.427884615384617
1360734432.185,12285.15625
1360734435.196,5235.795454545454
1360734438.185,1625.0
1360734440.803,8034.935141509434
1360734453.038,182.5731981981982
1360734454.227,157.8369140625
1360734453.034,172.01450892857142
1360734454.118,167.69192913385828
1360734454.113,162.2785433070866
1360734448.917,1297.9166666666665
1360734453.3,748.5711651917404
1360734453.848,872.3493303571429
1360734454.039,755.8098591549297
1360734453.988,815.416086350975
1360734453.987,962.6659292035398
1360734454.369,198.82997630331752
1360734454.433,859.8262635379061
1360734454.496,79.22535211267606
1360734454.496,91.14583333333333
1360734454.366,585.5978260869565
1360734454.557,79.22535211267606
1360734453.895,1023.6955705705706
1360734453.895,1039.0842618384402
1360734453.895,799.4342672413793
1360734454.251,629.8336330935251
1360734454.377,89.8972602739726
1360734454.441,78.125
1360734453.864,929.0101156069364
1360734454.245,875.5928184281843
1360734454.245,659.8516949152541
1360734454.241,202.67210144927537
1360734454.241,863.0283273381295
1360734454.305,859.8262635379061
1360734454.372,89.8972602739726
1360734454.372,88.68243243243244
1360734454.436,79.22535211267606
1360734454.436,79.22535211267606
1360734475.063,119.79166666666667
1360734471.414,103.36538461538461
1360734455.569,71.33152173913044
1360734455.636,77.05479452054794
1360734455.7,80.35714285714286
1360734455.7,80.35714285714286
1360734455.7,65.10416666666667
1360734455.699,79.22535211267606
1360734455.699,77.05479452054794
1360734455.699,65.10416666666667
1360734455.699,66.96428571428571
1360734455.699,77.05479452054794
1360734457.069,77.05479452054794
1360734457.069,77.05479452054794
1360734457.068,63.3445945945946
1360734457.068,77.05479452054794
1360734457.068,66.02112676056338
1360734457.615,78.125
1360734457.678,66.02112676056338
1360734457.614,80.35714285714286
1360734457.737,79.22535211267606
1360734457.739,65.10416666666667
1360734457.738,66.02112676056338
1360734457.738,64.2123287671233
1360734458.563,66.02112676056338
1360734458.56,64.2123287671233
1360734458.56,65.10416666666667
1360734455.328,658.9642018779342
1360734455.517,77.05479452054794
1360734455.513,79.22535211267606
1360734455.513,79.22535211267606
1360734455.58,79.22535211267606
1360734455.58,66.02112676056338
1360734455.58,79.22535211267606
1360734455.58,79.22535211267606
1360734455.58,80.35714285714286
1360734455.58,78.125
1360734455.58,77.05479452054794
1360734455.579,72.91666666666667
1360734455.579,78.125
1360734455.832,79.22535211267606
1360734455.831,78.125
1360734456.947,78.125
1360734456.947,80.35714285714286
1360734456.947,77.05479452054794
1360734456.946,65.10416666666667
1360734457.515,66.02112676056338
1360734457.515,79.22535211267606
1360734457.578,64.2123287671233
1360734457.56,66.96428571428571
1360734457.56,65.10416666666667
1360734457.622,66.02112676056338
1360734457.686,66.02112676056338
1360734458.444,65.10416666666667
1360734459.686,66.02112676056338
1360734459.686,64.2123287671233
1360734459.686,65.10416666666667
1360734459.512,65.10416666666667
1360734459.511,65.10416666666667
1360734459.511,64.2123287671233
1360734460.372,64.2123287671233
1360734461.93,65.10416666666667
1360734326.275,6447.472205528846
1360734482.881,113.48684210526316
1360734479.041,101.25
1360734480.756,143.75
1360734481.138,2258.877840909091
1360734481.563,18370.192307692305
1360734482.262,1878.90625
1360734482.453,2415.3451492537315
1360734482.83,122.34042553191489
1360734479.054,3521.6346153846152
1360734471.945,101.84151785714286
1360734480.306,4473.8175675675675
1360734480.305,3993.4475806451615
1360734482.277,23.89705882352941
1360734469.259,242.09104938271605
1360734476.158,66.32653061224491
1360734476.217,42.5531914893617
1360734477.228,104.16666666666667
1360734477.228,66.02112676056338
1360734477.206,81.01851851851852
1360734478.091,91.14583333333333
1360734478.09,83.95522388059702
1360734477.17,105.46875
1360734477.298,66.02112676056338
1360734477.594,105.63380281690141
1360734478.046,104.16666666666667
1360734498.865,82.03125
1360734498.821,55.85106382978723
1360734480.498,93.75
1360734481.005,107.14285714285714
1360734481.131,107.14285714285714
1360734481.258,107.14285714285714
1360734481.555,133.92857142857142
1360734481.681,107.14285714285714
1360734481.68,104.16666666666667
1360734482.374,113.63636363636363
1360734482.627,413.0681818181818
1360734482.691,420.20089285714283
1360734480.382,92.42957746478874
1360734480.504,2142.7951388888887
1360734481.077,99.73404255319149
1360734481.077,113.63636363636363
1360734481.141,107.14285714285714
1360734481.267,110.29411764705883
1360734481.267,142.04545454545456
1360734481.266,66.02112676056338
1360734481.427,79.22535211267606
1360734481.489,66.96428571428571
1360734482.566,373.51190476190476
1360734482.245,107.14285714285714
1360734482.499,480.2295918367347
1360734483.024,2190.3257978723404
1360734483.087,308.2837301587302
1360734483.841,182.9268292682927
1360734484.323,110.29411764705883
1360734484.386,182.9268292682927
1360734484.576,107.14285714285714
1360734484.575,110.29411764705883
1360734484.639,177.36486486486487
1360734485.017,113.63636363636363
1360734485.95,133.92857142857142
1360734485.947,133.92857142857142
1360734482.899,557.6388888888889
1360734483.529,107.14285714285714
1360734483.529,107.14285714285714
1360734483.529,179.5212765957447
1360734483.697,178.57142857142858
1360734483.697,160.0609756097561
1360734484.2,113.63636363636363
1360734484.875,113.63636363636363
1360734486.91,175.78125
1360734486.787,187.5
1360734488.561,80057.67246462264
1360734497.503,213.61803519061584
1360734497.922,61.170212765957444
1360734523.872,269.53125
1360734327.447,3176.946405387861
1360734520.147,291.05392156862746
1360734516.431,119.00252525252525
1360734509.677,264.4396551724138
1360734510.74,143.75
1360734530.558,205.35714285714286
1360734515.536,2378.0691964285716
1360734524.679,1968.5828877005347
1360734524.678,3493.7959558823527
1360734524.806,1303.6529680365297
1360734524.806,215.28716216216216
1360734524.805,865.3218283582089
1360734524.805,1875.7440476190477
1360734524.805,2105.25873655914
1360734524.805,1296.959005376344
1360734524.805,1508.770910780669
1360734524.805,1531.5033783783786
1360734524.805,1557.2916666666667
1360734524.626,3005.2274816176473
1360734524.736,1508.8443396226414
1360734524.738,1466.0966981132076
1360734524.737,1846.5371621621623
1360734524.737,1535.2764423076924
1360734524.673,1342.9430751173709
1360734524.737,47.40366541353384
1360734524.736,2021.4622641509434
1360734524.8,1967.3141891891892
1360734523.577,1062.0471014492755
1360734524.438,61.855279126213595
1360734524.564,256.0221354166667
1360734524.942,1299.4260204081634
1360734525.243,175.69444444444443
1360734524.312,174.10714285714286
1360734524.184,4426.39902676399
1360734524.31,288.98026315789474
1360734524.814,1436.7508561643835
1360734524.92,892.7262931034483
1360734530.684,205.35714285714286
1360734530.893,110.29411764705883
1360734531.209,828.659188034188
1360734534.073,110.29411764705883
1360734531.032,1416.9254658385094
1360734531.032,156.25
1360734531.099,163.04347826086956
1360734552.893,706.25
1360734537.635,57.594476744186046
1360734538.777,154.74397590361446
1360734550.422,13166.666666666666
1360734535.44,104.16666666666667
1360734535.439,110.29411764705883
1360734535.503,107.14285714285714
1360734535.502,110.29411764705883
1360734536.3,66.02112676056338
1360734536.87,65.10416666666667
1360734536.87,64.2123287671233
1360734537.314,864.1759776536313
1360734537.863,915.1659604519774
1360734537.927,1163.7991573033707
1360734537.926,815.8244680851063
1360734537.925,1118.4966216216217
1360734537.925,897.0588235294118
1360734537.925,905.2579365079365
1360734535.201,113.63636363636363
1360734535.39,110.29411764705883
1360734535.39,110.29411764705883
1360734535.39,110.29411764705883
1360734535.389,110.29411764705883
1360734536.019,104.16666666666667
1360734536.757,65.10416666666667
1360734537.767,835.8573717948717
1360734537.809,1076.0360962566845
1360734539.137,65.10416666666667
1360734539.137,65.10416666666667
1360734539.136,66.02112676056338
1360734539.136,65.10416666666667
1360734539.136,87.2093023255814
1360734539.956,79.22535211267606
1360734539.956,79.22535211267606
1360734539.956,77.05479452054794
1360734539.956,79.22535211267606
1360734539.955,93.75
1360734539.954,79.22535211267606
1360734539.954,77.05479452054794
1360734539.954,79.22535211267606
1360734541.132,66.96428571428571
1360734541.262,66.02112676056338
1360734541.26,66.02112676056338
1360734539.022,66.02112676056338
1360734539.022,66.02112676056338
1360734539.021,65.10416666666667
1360734539.021,64.2123287671233
1360734539.021,66.96428571428571
1360734539.021,65.10416666666667
1360734539.842,78.125
1360734539.841,77.05479452054794
1360734539.841,80.35714285714286
1360734541.018,66.02112676056338
1360734541.144,66.02112676056338
1360734541.144,65.10416666666667
1360734541.144,65.10416666666667
1360734541.143,64.2123287671233
1360734541.143,66.96428571428571
1360734541.143,66.02112676056338
1360734560.443,973609.375
1360734543.993,66.02112676056338
1360734543.993,66.02112676056338
1360734543.993,172.6208233890215
1360734543.993,66.02112676056338
1360734544.056,64.2123287671233
1360734544.794,66.02112676056338
1360734543.883,64.2123287671233
1360734543.883,66.02112676056338
1360734543.883,66.02112676056338
1360734543.883,63.3445945945946
1360734543.882,64.2123287671233
1360734543.946,66.96428571428571
1360734544.618,65.3409090909091
1360734570.572,65.3409090909091
1360734553.435,359.375
1360734561.518,795.3869047619048
1360734562.782,2972.2395833333335
1360734562.882,1120.3977272727273
1360734562.946,1510.4356751824816
1360734562.946,3722.227990033223
1360734562.945,1647.6759927797834
1360734563.008,1166.6801948051948
1360734562.944,1452.184364548495
1360734563.008,1631.813524590164
1360734563.003,1437.6031353135315
1360734563.385,1851.6191123188405
1360734564.88,187.5
1360734562.787,3574.84375
1360734562.851,1819.858870967742
1360734562.855,3118.8811188811187
1360734562.854,2796.082427536232
1360734562.854,3516.191123188406
1360734562.918,1354.0558510638298
1360734562.918,3117.244112318841
1360734562.854,1285.568181818182
1360734562.918,1136.1528268551237
1360734562.917,1941.1992049469964
1360734562.917,1215.3147163120568
1360734564.515,1809.7527472527472
1360734564.514,1651.91650390625
1360734564.766,187.5
1360734579.147,7583.333333333333
1360734579.678,3210.9375
1360734587.167,1625.0
1360734609.511,2156.25
1360734609.702,33564.6551724138
1360734616.097,24596.19140625
1360734306.821,16580.62744140625
1360734599.231,2127.569628647215
1360734599.231,2914.2441860465115
1360734599.231,2410.2139778325127
1360734599.227,2674.5833333333335
1360734599.226,2146.0578304597702
1360734599.29,1703.294376693767
1360734599.226,2465.207338902148
1360734599.294,2565.305593922652
1360734599.609,2821.3956489675516
1360734599.609,2198.3580508474574
1360734599.673,2115.6614431486882
1360734599.115,3346.676997245179
1360734599.179,2852.612567204301
1360734600.114,2428.6897590361446
1360734600.304,1764.9438010899182
1360734600.557,2080.8572404371585
1360734600.556,2584.465579710145
1360734603.207,1312.3701523545706
1360734608.863,80.34832015810277
1360734330.242,25005.208333333332
1360734639.481,2156.25
1360734616.283,4539.561170212765
1360734617.356,1407.1428571428573
1360734618.662,154.76190476190476
1360734617.126,6834.84738372093
1360734617.126,5243.354885057471
1360734617.19,5926.215277777777
1360734617.252,6692.14527027027
1360734645.169,84343.75
1360734626.032,375.0
1360734626.031,583.3333333333334
1360734645.083,74773.16576086955
1360734652.891,98166.2612275449
1360734644.285,1405.3171641791046
1360734644.343,69.84973867595819
1360734645.314,1041.5756118881118
1360734645.928,174527.77777777778
1360734663.64,5951.6369047619055
1360734662.99,63405.9375
1360734652.585,40795.13888888888
1360734677.835,1718.75
1360734677.898,406.25
1360734663.594,74126.19650900901
1360734616.233,2083.1990979381444
1360734677.768,491.07142857142856
1360734674.693,12308.215725806453
1360734677.814,35.0
1360734387.037,46256.17283950617
1360734387.166,39603.08441558441
1360734674.911,229397.32142857142
1360734677.03,1625.0
1360734700.523,15255.208333333334
1360734674.618,8918.187862669245
1360734652.907,6720.064252336449
1360734699.529,12.5
1360734701.621,1546.875
1360734701.925,7528.208705357143
1360734702.223,4279.448198198198
1360734432.776,58155.7004969419
1360734778.592,97819.75446428571
1360734763.031,19472.65625
1360734778.488,20723.165760869568
1360734778.163,25813.65352348993
1360734774.259,14802.181603773584
1360734774.259,18436.4406779661
1360734774.259,14417.045454545456
1360734774.323,17491.37931034483
1360734774.323,16487.338362068964
1360734774.258,12376.420454545456
1360734774.257,9393.629807692309
1360734774.257,3641.311813186813
1360734774.257,14807.589285714286
1360734774.257,15124.191810344828
1360734774.321,16868.53448275862
1360734773.945,18243.259803921566
1360734774.072,13851.151315789475
1360734774.072,13102.02205882353
1360734774.072,17672.821969696968
1360734774.072,14365.433673469388
1360734774.072,16152.840909090908
1360734774.071,15715.95982142857
1360734774.071,12190.406976744185
1360734774.071,11118.75
1360734774.071,15904.655612244898
1360734774.071,12245.454545454546
1360734774.135,12859.375
1360734775.188,503.4298780487805
1360734776.541,375.0
1360734822.412,2156.25
1360734819.894,18901.494565217392
1360734819.894,26008.30078125
1360734819.957,10641.16379310345
1360734819.957,26905.0
1360734819.957,19273.214285714286
1360734819.957,19567.12962962963
1360734819.957,19283.48214285714
1360734819.957,18117.45689655172
1360734819.957,21099.39236111111
1360734819.957,17258.73161764706
1360734819.8,26571.23161764706
1360734819.864,22095.625
1360734819.864,22930.320945945947
1360734819.859,18776.988636363636
1360734819.859,23384.650735294115
1360734819.859,14396.139705882353
1360734819.859,28010.890151515152
1360734819.859,20528.35648148148
1360734819.863,20603.860294117647
1360734819.863,20991.97635135135
1360734819.863,25074.908088235294
1360734819.863,15180.17578125
1360734819.863,5608.004385964913
1360734857.233,1145.8333333333333
1360734857.233,1145.8333333333333
1360734857.233,1145.8333333333333
1360734857.296,1718.75
1360734857.262,1718.75
1360734857.134,875.0
1360734857.324,2625.0
1360734879.737,30593.75
1360734879.306,12765.625
1360734900.589,2074.800531914894
1360734904.053,1422.7430555555557
1360734609.296,26811.86224489796
1360734609.187,39718.11224489796
1360734561.393,1729.4956927494616
1360734903.765,1105.9027777777776
1360734931.434,2156.25
1360735221.968,19040.178571428572
1360735223.02,9128.125
1360735221.9,20143.229166666668
1360735221.898,20531.25
1360735222.978,33457.8125
1360735220.92,4286.533273381295
1360735221.595,19110.576923076922
1360735221.658,3153.1752008032126
1360735221.658,79724.375
1360735223.352,101523.4375
1360735224.602,65920.67307692308
1360735224.725,22192.708333333332
1360735224.725,39307.12890625
1360735224.729,875.0
1360735224.729,1982.638888888889
1360735224.723,6968.75
1360735221.807,10839.84375
1360735222.059,56690.104166666664
1360735222.504,37701.704545454544
1360735222.568,894.2687747035574
1360735222.568,3099.750475285171
1360735222.501,66765.625
1360735222.565,9802.884615384615
1360735222.565,1855.9144295302012
1360735224.64,50409.92647058823
1360735224.511,14958.767361111111
1360735224.511,6578.125
1360735224.638,20750.0
1360735224.638,22060.714285714286
1360735224.638,634.4053398058253
1360735223.872,1781.25
1360735224.821,1757.9049556213017
1360735226.933,165.44117647058823
1360735227.249,165.44117647058823
1360735227.737,175.78125
1360735227.989,677.2017045454546
1360735228.75,165.44117647058823
1360735228.621,1669.8203363914372
1360735224.843,375.0
1360735224.843,375.0
1360735225.606,1950.2403846153845
1360735225.384,643.6011904761905
1360735226.338,165.44117647058823
1360735226.823,165.44117647058823
1360735227.518,296.83322192513367
1360735228.215,165.44117647058823
1360735230.255,961.6397471910112
1360735231.246,110.29411764705883
1360735231.687,2738.59126984127
1360735237.11,646.7998281786942
1360735242.415,1034.271408839779
1360735234.891,3590.267857142857
1360735236.511,133.92857142857142
1360735233.273,64.2123287671233
1360735234.798,2341.175426136364
1360735234.798,130.20833333333334
1360735234.86,112.5
1360735236.42,107.14285714285714
1360735236.913,137.86764705882354
1360735237.349,1027.5
1360735237.543,130.20833333333334
1360735237.67,137.86764705882354
1360735237.67,142.04545454545456
1360735237.729,4714.426369863014
1360735237.729,3569.27577014218
1360735238.156,165.44117647058823
1360735238.533,113.63636363636363
1360735238.659,2499.2732558139537
1360735238.785,121.875
1360735238.785,121.875
1360735238.657,104.83870967741936
1360735239.52,328.96056149732624
1360735239.772,223.21428571428572
1360735240.601,250.0
1360735240.468,234.375
1360735240.595,234.375
1360735237.623,2923.581932773109
1360735237.617,3791.128305288462
1360735238.065,113.63636363636363
1360735238.507,104.16666666666667
1360735238.57,142.04545454545456
1360735238.698,121.875
1360735238.674,121.875
1360735238.672,81.25
1360735239.494,250.0
1360735239.302,234.375
1360735239.427,458.69348404255317
1360735239.681,223.21428571428572
1360735240.354,220.58823529411765
1360735240.86,267.85714285714283
1360735240.745,234.375
1360735248.72,3990.7670454545455
1360735268.346,55871.09375
1360735267.128,718.75
1360735249.753,12933.75
1360735250.36,1410.7142857142858
1360735249.827,267.85714285714283
1360735250.077,468.75
1360735250.266,1731.7708333333333
1360735250.266,1578.125
1360735250.377,40.43496621621622
1360735250.95,11335.9375
1360735254.444,6781.25
1360735254.547,10554.6875
1360735267.271,2199.6423192771085
1360735271.427,67158.60215053763
1360735224.067,6897.621548619448
1360735224.064,4974.733643457383
1360735231.936,3594.12411971831
1360735271.386,14950.496495327103
1360735224.022,6186.768457382954
1360735224.022,6045.637004801921
1360735224.022,2903.6051920768305
1360735224.022,4939.188175270108
1360735264.775,30.585106382978722
1360735271.456,21958.333333333332
1360735265.234,36.85897435897436
1360735265.679,46.37096774193549
1360735268.476,73571.875
1360735270.936,257.7044930875576
1360735271.13,2296.875
1360735269.707,221.65084388185656
1360735271.774,2012.991573033708
1360735287.035,92.7827380952381
1360735300.342,2156.25
1360735284.932,2719.650057603687
1360735284.932,3132.7404953917053
1360735284.999,2668.9159930715937
1360735285.631,1477.2862232779098
1360735285.631,2453.3823529411766
1360735284.911,3047.63986013986
1360735284.911,2388.676385681293
1360735285.545,1782.6636904761906
1360735285.545,1946.5130023640663
1360735285.545,1679.6686746987953
1360735223.929,3415.2847009202455
1360735224.056,3306.5476190476193
1360735223.927,4046.8031058282204
1360735224.055,4460.883537989256
1360735224.183,3389.1958109146813
1360735221.868,1596.3814558383233
1360735223.882,3230.9959739263804
1360735223.882,4166.554831288344
1360735223.881,3830.6652607361966
1360735224.009,4006.492415514593
1360735224.009,4119.671658986175
1360735224.629,4000.14400921659
1360735293.653,2790.8898305084745
1360735293.653,3341.1550353356893
1360735293.652,3642.718545751634
1360735293.652,3873.3050847457625
1360735294.556,3492.1604671280274
1360735294.559,3132.1957236842104
1360735294.558,2072.1672661870507
1360735307.758,1625.0
1360735309.89,12337.784090909092
1360735309.887,7951.211734693878
1360735309.887,9108.61280487805
1360735310.795,10328.125
1360735310.794,17132.440476190473
1360735310.794,9181.332236842105
1360735312.359,2325.8928571428573
1360735312.359,693.0147058823529
1360735312.346,26438.920454545452
1360735312.346,30493.75
1360735311.959,18709.375
1360735313.04,23887.152777777777
1360735314.31,74670.83333333333
1360735367.362,1145.8333333333333
1360735367.362,859.375
1360735360.316,4453.267045454545
1360735314.072,7148.606520432692
1360735367.309,1145.8333333333333
1360735367.436,859.375
1360735367.498,656.25
1360735360.179,59388.063524590165
1360735362.012,45138.139204545456
1360735367.354,51.78571428571429
1360735367.307,67.70833333333333
1360735360.792,14.63963963963964
1360735367.81,1625.0
1360735367.762,1625.0
1360735372.83,16904.411764705885
1360735372.83,15444.393382352942
1360735372.83,19464.657738095237
1360735372.83,21328.78989361702
1360735372.83,18909.57446808511
1360735372.83,19000.0
1360735372.83,16776.154891304348
1360735372.83,12931.743421052632
1360735372.83,17976.5625
1360735372.83,17401.785714285714
1360735372.83,19672.1875
1360735372.83,15843.34935897436
1360735372.628,17133.68055555556
1360735372.628,12620.689655172415
1360735372.628,19146.139705882353
1360735372.628,13293.75
1360735372.628,24638.671875
1360735372.628,14341.032608695652
1360735372.628,16990.885416666668
1360735372.628,21218.417553191488
1360735372.628,18844.651442307695
1360735372.628,17825.36764705882
1360735372.628,10207.03125
1360735314.124,49298.221153846156
1360735408.122,15901.785714285714
1360735408.122,21595.74468085106
1360735408.122,16276.785714285716
1360735408.122,12338.541666666666
1360735408.121,17295.372596153848
1360735408.185,13622.974537037036
1360735408.185,13329.166666666668
1360735408.121,15292.220744680852
1360735408.121,16765.625
1360735408.121,20511.11778846154
1360735408.121,16633.63486842105
1360735408.184,17360.76388888889
1360735408.184,15659.30706521739
1360735408.031,17214.74358974359
1360735408.031,18582.236842105263
1360735408.031,14597.95673076923
1360735408.031,10594.921875
1360735408.072,18600.347222222223
1360735408.008,20969.35096153846
1360735408.008,13186.887254901962
1360735408.071,12833.059210526315
1360735408.071,16330.357142857143
1360735408.071,15611.073369565216
1360735440.442,19021.55612244898
1360735440.391,5828.125
1360735457.345,1312.5
1360735457.231,3437.5
1360735459.958,49.55110497237569
1360735460.023,61560.9076433121
1360735460.253,116670.3259698276
1360735477.991,70609.70052083333
1360735478.055,30105.208333333332
1360735440.325,9171.512124316941
1360735477.945,53980.46875
1360735447.071,7626.098242811501
1360735440.348,15802.624829001368
1360735460.651,6255.59284116331
1360735503.906,4427.083333333333
1360735506.273,2049.0131578947367
1360735507.73,1155.5688010899182
1360735507.73,1316.4383561643835
1360735507.73,1578.2856683804628
1360735506.299,9828.125
1360735506.426,2304.666666666667
1360735506.421,2036.901595744681
1360735507.608,927.608543417367
1360735529.031,33548.25367647059
1360735539.04,43189.375
1360735529.896,19232.128267973854
1360735540.037,17186.149691358027
1360735521.572,2755.245535714286
1360735540.745,7460.9375
1360735529.191,97.3328025477707
1360735529.445,43356.336805555555
1360735530.626,11621.875
1360735530.626,8526.041666666666
1360735530.69,7803.427419354839
1360735530.624,11642.361111111111
1360735530.687,9573.78472222222
1360735529.107,53616.2109375
1360735530.473,7332.8125
1360735530.472,3939.2361111111113
1360735530.536,10841.796875
1360735530.472,6837.740384615385
1360735530.6,5273.4375
1360735530.599,5513.88888888889
1360735530.535,11580.208333333334
1360735530.599,11018.880208333334
1360735530.599,9024.4140625
1360735559.427,14974.459134615385
1360735548.768,118.42105263157895
1360735558.525,10691.287878787878
1360735577.841,1145.8333333333333
1360735577.841,875.0
1360735577.841,1145.8333333333333
1360735578.414,20125.0
1360735577.795,1145.8333333333333
1360735577.859,1145.8333333333333
1360735577.922,1718.75
1360735578.113,47852.67857142857
1360735578.177,20210.9375
1360735578.304,20224.448529411762
1360735578.495,11807.291666666666
1360735593.629,15625.0
1360735576.135,52.41935483870968
1360735593.758,8218.75
1360735593.888,9953.125
1360735578.013,1625.0
1360735578.203,86.39322916666667
1360735558.252,4117.520161290322
1360735594.685,40594.15236051502
1360735610.48,45203.125
1360735610.604,1750.0
1360735610.753,31937.5
1360735619.737,1733.0729166666667
1360735625.167,80785.15625
1360735625.294,5101.5625
1360735625.294,7218.75
1360735625.357,6062.5
1360735625.42,34241.47727272727
1360735625.612,5776.041666666667
1360735625.612,5503.90625
1360735625.804,6804.6875
1360735625.867,3723.9583333333335
1360735626.123,115875.0
1360735626.251,10015.625
1360735625.288,34578.125
1360735625.288,4880.208333333333
1360735625.288,63312.5
1360735625.415,24023.4375
1360735625.478,126741.07142857143
1360735625.606,65728.515625
1360735625.414,22523.4375
1360735625.798,8742.1875
1360735625.605,5744.791666666667
1360735611.261,2930.954391891892
1360735578.035,3659.821878147029
1360735593.708,3179.8998569384835
1360735622.948,145.1923076923077
1360735623.244,11382.8125
1360735625.192,11671.875
1360735649.689,2156.25
1360735646.445,15.825320512820513
1360735269.067,3323.053772070626
1360735621.853,4760.14752094972
1360735679.724,2156.25
1360735831.052,14453.125
1360735850.588,9427.083333333334
1360735847.618,1770.279255319149
1360735851.272,4520.833333333333
1360735851.569,58.23170731707317
1360735908.29,2156.25
1360735951.046,33835.9375
1360735951.366,4382.8125
1360735951.302,3174.4791666666665
1360735951.301,7018.75
1360735951.621,96341.51785714286
1360735951.621,35979.91071428572
1360735951.685,4338.541666666667
1360735952.068,14890.625
1360735952.26,22875.0
1360735952.067,17546.875
1360735952.387,10812.5
1360735952.259,53234.375
1360735950.72,14618.75
1360735951.299,6468.75
1360735951.299,106473.95833333333
1360735951.359,10023.4375
1360735951.614,94816.96428571429
1360735951.614,34944.19642857143
1360735952.061,41093.75
1360735952.061,12765.625
1360735952.061,37093.75
1360735952.252,27375.0
1360735952.252,27625.0
1360735952.252,53937.5
1360735952.252,108250.0
1360735952.38,49468.75
1360735952.571,37593.75
1360735947.526,11300.78125
1360735947.653,11300.78125
1360735951.004,8953.125
1360735951.132,8945.3125
1360735960.004,8177.083333333334
1360735960.196,56265.625
1360735960.391,8325.892857142857
1360735960.386,17757.8125
1360735957.76,727.6785714285714
1360735960.38,17556.25
1360735960.571,20382.8125
1360735960.379,31976.5625
1360735966.757,3406.25
1360735966.992,2162.5
1360735962.96,1539.0625
1360735963.024,1539.0625
1360735967.12,1455.5288461538462
1360735961.104,19718.75
1360735963.983,9268.75
1360735964.046,31521.875
1360735964.301,32955.729166666664
1360735964.749,8875.0
1360735964.749,11895.833333333334
1360735964.749,50394.53125
1360735964.876,5791.666666666667
1360735964.876,25729.166666666668
1360735960.588,18044.03409090909
1360735961.803,1049.342105263158
1360735961.802,1482.142857142857
1360735961.802,1089.2857142857142
1360735965.834,1360.9375
1360735966.026,1046.2239583333333
1360735966.026,5175.78125
1360735965.833,4090.625
1360735962.697,1203.9473684210527
1360735962.761,486.7021276595745
1360735966.984,5145.833333333333
1360735963.08,2233.455882352941
1360735967.112,1490.3846153846155
1360735961.096,15960.9375
1360735967.112,1866.0714285714287
1360735963.208,1939.453125
1360735963.91,15068.75
1360735964.102,38777.34375
1360735964.23,33821.875
1360735964.23,9932.291666666666
1360735964.357,12918.75
1360735964.677,7625.0
1360735964.741,13562.5
1360735961.476,37476.5625
1360735961.476,30664.0625
1360735961.795,20886.71875
1360735961.795,1491.6666666666667
1360735961.794,1256.9444444444443
1360735966.326,2299.4791666666665
1360735966.006,4818.75
1360735966.006,2865.625
1360735966.454,4949.21875
1360735967.833,11229.166666666666
1360735968.023,18070.3125
1360735948.054,18156.25
1360735948.667,2812.5
1360735948.667,2812.5
1360735948.665,2812.5
1360735948.578,2812.5
1360735948.578,2812.5
1360735975.237,2979.1666666666665
1360735975.237,1414.5833333333333
1360735975.62,10312.5
1360735975.62,21843.75
1360735975.812,21093.75
1360735972.354,37177.083333333336
1360735972.546,12015.625
1360735972.674,3035.15625
1360735973.824,3338.5416666666665
1360735973.824,27851.5625
1360735973.824,53746.09375
1360735973.824,5070.3125
1360735973.824,39339.84375
1360735974.08,1365.8088235294117
1360735974.08,181921.875
1360735975.23,5958.333333333333
1360735975.23,5958.333333333333
1360735975.23,3229.1666666666665
1360735975.23,3020.8333333333335
1360735975.613,8937.5
1360735975.613,6625.0
1360735975.805,2998.2638888888887
1360735972.539,41427.083333333336
1360735972.794,17843.75
1360735973.177,13359.375
1360735973.305,27774.553571428572
1360735973.816,5507.8125
1360735974.072,22531.25
1360735982.864,29625.0
1360735982.992,21093.75
1360735982.991,9687.5
1360735980.812,167859.375
1360735980.94,9812.5
1360735981.132,21093.75
1360735980.939,10937.5
1360735980.939,23218.75
1360735982.28,43996.09375
1360735982.667,198067.70833333334
1360735982.667,12947.916666666666
1360735982.855,19375.0
1360735982.983,7375.0
1360735980.101,16798.4375
1360735980.931,21718.75
1360735980.931,9687.5
1360735967.323,1972.65625
1360735978.797,1806.3858695652173
1360735982.645,65411.45833333333
1360735961.152,541.6666666666666
1360735969.378,28.180803571428573
1360735981.617,222.73936170212767
1360735977.374,27.326839826839826
1360735982.12,292.4270072992701
1360736001.299,71765.625
1360736038.455,2156.25
1360736182.472,16953.125
1360736182.599,4536.221590909091
1360736345.913,24187.5
1360736345.991,8400.390625
1360736348.105,14734.375
1360736348.424,22601.5625
1360736348.742,63687.5
1360736348.247,22507.8125
1360736348.502,14734.375
1360736348.757,9053.819444444445
1360736349.33,18411.458333333332
1360736346.159,3765.625
1360736355.349,30669.791666666664
1360736355.669,14707.8125
1360736356.244,20650.0
1360736356.372,26851.5625
1360736356.244,30536.458333333332
1360736355.471,10203.125
1360736355.534,33930.28846153846
1360736355.534,2955.7291666666665
1360736355.534,1867.1875
1360736355.662,2056.25
1360736356.237,11895.833333333334
1360736356.237,9632.8125
1360736356.365,36964.84375
1360736356.621,10015.625
1360736349.928,2557.8703703703704
1360736355.294,5812.5
1360736352.022,106568.93382352941
1360736352.51,5890.625
1360736387.781,390.625
1360736374.018,2123.2638888888887
1360736403.868,179.6875
1360736951.622,1770.279255319149
1360736954.501,5202.256944444444
1360736948.373,1238.28125
1360736955.846,4520.833333333333
1360736956.098,7479.166666666667
1360736981.663,308.0357142857143
1360737011.446,2156.25
1360737054.857,13332.589285714286
1360737068.114,3786.4583333333335
1360737069.458,836.1328125
1360737069.397,6109.839108910891
1360737069.461,2555.571933962264
1360737067.125,14281.25
1360737069.355,7128.28125
1360737069.355,2432.96875
1360737069.355,2136.25
1360737069.418,9775.252525252527
1360737067.34,614.3922018348625
1360737067.084,7186.351102941177
1360737067.339,566.8004587155964
1360737068.233,7605.83118556701
1360737055.392,1981.016355140187
1360737063.414,76185.26785714286
1360737063.839,5890.625
1360737067.07,11625.0
1360737067.108,2563.4952229299365
1360737071.431,71.26024590163935
1360737096.22,1732.7586206896553
1360737096.347,18898.4375
1360737097.429,37921.875
1360737097.489,18890.625
1360737100.454,11218.75
1360737099.92,3210.9375
1360737127.061,2156.25
1360737157.062,2156.25
1360737475.321,21343.75
1360737477.07,2683.984375
1360737475.803,1625.0
1360737535.566,2156.25
1360737516.042,15.957446808510637
1360737980.533,6180.555555555556
1360737981.298,8193.75
1360737980.882,8387.5
1360737980.862,131882.8125
1360737981.688,10113.636363636364
1360737990.586,5913.411458333333
1360737990.927,2424.6323529411766
1360738001.876,24187.5
1360738001.75,28250.0
1360738002.195,7398.4375
1360738001.327,22507.8125
1360738001.518,7398.4375
1360738001.452,45203.125
1360738001.961,25281.25
1360738002.344,7398.4375
1360738002.34,24187.5
1360738002.467,16895.833333333332
1360738002.599,19067.708333333332
1360738016.512,6341.517857142857
1360738002.786,250.72674418604652
1360738000.769,6727.430555555556
1360738016.538,18390.625
1360738017.811,45155.48780487805
1360738038.061,1783.2446808510638
1360738020.716,2599.6786347517727
1360738020.843,5460.069444444444
1360738020.839,2524.1828621908126
1360738020.839,2398.7477436823106
1360738020.839,2187.88243006993
1360738020.842,2488.2675438596493
1360738020.842,1646.2870209059233
1360738020.842,1520.8145306859205
1360738020.841,2933.4386281588445
1360738020.841,2601.125437062937
1360738021.032,2669.0140845070423
1360738020.748,185.74018771331058
1360738021.187,6002.232142857143
1360738021.694,2378.2641267123286
1360738021.758,2062.183277027027
1360738021.758,1994.7368421052631
1360738021.738,2412.0268485915494
1360738021.737,1536.660777385159
1360738021.737,1385.153429602888
1360738021.673,1724.1263440860214
1360738021.736,2533.1114620938624
1360738021.736,267.85714285714283
1360738021.735,1142.880721830986
1360738021.862,2143.5371863799282
1360738039.042,7294.544198895028
1360738038.671,13167.325949367088
1360738031.227,3987.147177419355
1360738031.225,1725.4464285714287
1360738038.579,3843.75
1360738041.197,311.00398936170217
1360738043.527,1625.0
1360738068.387,1625.0
1360738088.405,2131.944444444445
1360738038.613,32248.518318965514
1360738097.721,1718.75
1360738097.721,875.0
1360738097.72,1145.8333333333333
1360738097.72,1145.8333333333333
1360738097.72,1145.8333333333333
1360738097.783,1145.8333333333333
1360738097.974,179.6875
1360738098.67,2156.25
1360738097.611,1145.8333333333333
1360738097.675,1718.75
1360738097.675,656.25
1360738097.611,1145.8333333333333
1360738097.738,1145.8333333333333
1360738089.023,645.519578313253
1360738089.149,37533.71710526316
1360738089.268,62783.854166666664
1360738098.35,1625.0
1360738124.794,250.0
1360738125.433,4195.3125
1360738125.433,4195.3125
1360738124.568,762.784090909091
1360738124.567,2382.102272727273
1360738125.395,4195.3125
1360738133.272,4486.979166666667
1360738133.334,2097.65625
1360738133.202,4195.3125
1360738133.46,8218.75
1360738133.332,2097.65625
1360738133.648,4195.3125
1360738115.51,234.375
1360738115.764,267.85714285714283
1360738115.07,14398.584905660377
1360738115.07,9136.079545454546
1360738115.07,10965.625
1360738115.134,9186.5625
1360738115.134,10618.46590909091
1360738115.134,11880.3125
1360738115.134,13089.322916666668
1360738115.389,9843.75
1360738115.452,375.0
1360738115.452,267.85714285714283
1360738115.452,312.5
1360738115.452,312.5
1360738115.452,234.375
1360738115.452,234.375
1360738115.515,312.5
1360738115.515,267.85714285714283
1360738115.066,9378.18287037037
1360738115.13,7717.7526595744675
1360738115.13,9421.57451923077
1360738115.13,13934.895833333334
1360738115.13,10575.383771929826
1360738115.365,13390.625
1360738115.428,375.0
1360738115.678,267.85714285714283
1360738115.678,312.5
1360738115.806,22964.285714285714
1360738114.984,10908.482142857143
1360738114.984,6389.488636363637
1360738115.047,11478.877314814816
1360738115.047,13661.151960784315
1360738115.046,8731.534090909092
1360738115.046,12199.363425925925
1360738115.301,9561.631944444445
1360738115.3,16955.68181818182
1360738115.364,267.85714285714283
1360738115.345,267.85714285714283
1360738115.345,267.85714285714283
1360738115.345,234.375
1360738115.409,267.85714285714283
1360738115.345,312.5
1360738115.345,312.5
1360738115.345,375.0
1360738115.408,312.5
1360738115.408,312.5
1360738133.279,4890.625
1360738123.614,2202.686543367347
1360738123.869,2352.8846153846152
1360738124.942,31.039986559139784
1360738124.941,74.63877688172043
1360738123.825,1015.1041666666667
1360738141.934,2796.875
1360738124.584,314.2641129032258
1360738124.584,175.63344594594597
1360738124.584,199.29245283018867
1360738124.584,242.1875
1360738124.584,398.47950268817203
1360738124.584,359.9662162162162
1360738124.584,200.04222972972974
1360738124.584,321.11486486486484
1360738124.647,148.37432614555257
1360738148.263,1312.5
1360738124.774,61.48097826086957
1360738148.39,3437.5
1360738017.508,2797.860635696821
1360738125.41,1528.5080083565458
1360738149.345,5667.96875
1360738133.281,212.56648936170214
1360738133.281,223.20478723404256
1360738133.28,161.72542735042737
1360738133.28,227.72606382978725
1360738141.853,6730.46875
1360738141.853,323.8357843137255
1360738142.014,4195.3125
1360738142.204,8390.625
1360738124.538,395.55256064690025
1360738124.538,198.2685810810811
1360738124.538,98.71978371501272
1360738124.601,137.08726415094338
1360738124.601,117.79818059299191
1360738148.217,3437.5
1360738148.216,1718.75
1360738148.28,1718.75
1360738125.236,117.10069444444444
1360738125.3,76.47569444444446
1360738133.234,132.77925531914894
1360738149.362,3679.6875
1360738149.361,3625.0
1360738149.551,3750.0
1360738141.786,1198.6607142857142
1360738123.966,3448.0925324675327
1360738125.084,267.85714285714283
1360738125.084,530.6635388739946
1360738125.084,464.40033783783787
1360738124.992,518.1587837837837
1360738124.992,552.7815013404826
1360738124.991,384.31571815718155
1360738125.055,413.42561141304344
1360738150.627,3715.8430232558144
1360738151.343,765.234375
1360738151.343,3300.78125
1360738149.935,2035.9375000000002
1360738151.343,2988.28125
1360738151.343,2392.578125
1360738151.407,790.625
1360738151.407,425.390625
1360738151.47,2713.5416666666665
1360738151.47,1120.5357142857142
1360738151.593,49.27884615384615
1360738151.593,49.27884615384615
1360738151.597,49.27884615384615
1360738151.597,1649.5535714285713
1360738147.629,176.6633064516129
1360738151.661,1120.5357142857142
1360738147.756,2916.40625
1360738151.851,3093.75
1360738151.915,6441.40625
1360738151.915,3187.5
1360738147.882,1136.1607142857142
1360738150.25,3257.8125
1360738147.882,1884.2075892857142
1360738147.946,1934.6590909090908
1360738152.105,569.0406976744185
1360738152.105,5270.833333333333
1360738152.169,6101.5625
1360738152.169,1008.1758720930231
1360738152.233,7640.625
1360738152.232,2425.78125
1360738152.232,6429.6875
1360738152.296,3634.375
1360738152.36,9902.34375
1360738152.615,2121.875
1360738148.325,26291.135204081635
1360738152.865,1597.65625
1360738148.325,34476.5625
1360738152.869,3578.125
1360738152.933,29447.916666666668
1360738152.933,3942.7083333333335
1360738152.933,2699.21875
1360738148.453,325.2551020408163
1360738148.453,33282.142857142855
1360738148.453,706.9196428571428
1360738148.453,1289.5408163265306
1360738148.453,30016.294642857145
1360738148.389,1790.3645833333333
1360738148.453,1407.247340425532
1360738148.452,188.77551020408163
1360738148.516,3431.7255434782605
1360738148.452,1001.5624999999999
1360738148.452,1631.316489361702
1360738148.452,1695.4719387755101
1360738148.452,14799.107142857143
1360738152.996,2681.25
1360738148.452,1088.3709016393443
1360738148.516,195.3125
1360738152.932,5250.0
1360738152.932,4859.375
1360738153.06,1405.048076923077
1360738150.627,2979.1666666666665
1360738153.123,2109.375
1360738150.627,14781.25
1360738153.123,2109.375
1360738152.995,4875.0
1360738153.059,4917.96875
1360738153.123,1117.1875
1360738150.755,1404.3367346938776
1360738153.123,3214.84375
1360738153.25,5932.291666666667
1360738150.818,2441.7892156862745
1360738153.314,9085.9375
1360738149.281,139.80263157894737
1360738150.817,2445.3125
1360738150.817,2445.3125
1360738153.505,1963.5416666666667
1360738153.569,2973.4375
1360738153.569,1568.75
1360738150.881,377.89351851851853
1360738133.28,270.6866197183099
1360738153.76,5521.484375
1360738153.76,612.1323529411765
1360738153.76,1857.5367647058822
1360738151.008,9906.25
1360738153.823,650.0
1360738151.071,9765.625
1360738151.071,4882.8125
1360738151.257,14281.25
1360738151.257,14281.25
1360738153.885,116.66666666666667
1360738153.885,95.83333333333334
1360738153.885,106.25
1360738153.854,311.4583333333333
1360738153.854,1136.0294117647059
1360738149.821,1093.75
1360738154.491,6135.416666666667
1360738149.882,2584.375
1360738151.545,1214.2857142857142
1360738151.609,1031.25
1360738151.544,3256.25
1360738151.544,3256.25
1360738151.544,1257.1875
1360738151.544,2119.7916666666665
1360738151.544,1725.4464285714287
1360738151.672,1778.125
1360738151.799,2271.875
1360738151.863,9828.125
1360738151.799,2384.375
1360738151.799,7728.125
1360738151.99,7289.0625
1360738151.99,5250.0
1360738151.99,3661.4583333333335
1360738151.99,776.9886363636364
1360738151.99,6421.875
1360738147.894,1506.25
1360738151.985,3796.875
1360738147.893,500.0
1360738151.989,3539.0625
1360738151.989,480.46875
1360738152.052,1368.3035714285713
1360738152.052,3351.5625
1360738152.052,536.3372093023255
1360738152.116,6557.291666666667
1360738152.562,2356.25
1360738148.146,13374.577702702703
1360738148.4,30285.9375
1360738148.4,1580.0382653061224
1360738148.4,28340.848214285714
1360738148.4,847.406914893617
1360738148.336,1485.3515625
1360738148.4,2582.908163265306
1360738152.944,4875.0
1360738152.88,2359.375
1360738153.008,9750.0
1360738148.463,283.203125
1360738153.007,5265.625
1360738153.007,2925.78125
1360738153.007,1412.2596153846155
1360738153.007,3953.125
1360738153.007,2796.875
1360738153.007,3644.53125
1360738153.006,1409.855769230769
1360738153.07,2812.5
1360738153.198,9614.583333333334
1360738150.574,2979.1666666666665
1360738150.574,2979.1666666666665
1360738148.717,240.4119318181818
1360738153.197,7343.75
1360738153.261,7921.875
1360738153.261,2807.2916666666665
1360738153.452,35947.44318181818
1360738153.452,22171.875
1360738153.452,4505.208333333333
1360738153.452,3785.15625
1360738153.452,3638.4943181818185
1360738150.828,9500.0
1360738150.828,9643.75
1360738149.228,139.80263157894737
1360738153.707,1368.75
1360738150.763,2445.3125
1360738153.707,1857.5367647058822
1360738153.707,3550.9868421052633
1360738153.707,1365.4891304347827
1360738150.955,9906.25
1360738150.827,4000.0
1360738150.955,1502.0833333333335
1360738151.018,4882.8125
1360738149.592,11311.580882352942
1360738151.063,1571.9476744186047
1360738151.127,14453.125
1360738151.19,13802.083333333334
1360738151.254,528.515625
1360738151.252,3863.28125
1360738151.252,2851.5625
1360738153.812,116.66666666666667
1360738153.812,1050.78125
1360738154.579,8945.3125
1360738149.731,1168.8565340909092
1360738152.478,680.5959302325582
1360738163.353,13101.5625
1360738163.544,4195.3125
1360738163.543,4195.3125
1360738151.889,86.13528481012658
1360738153.037,107.39715189873418
1360738163.5,4195.3125
1360738151.532,554.0540540540541
1360738151.659,143.5546875
1360738152.295,338.4375
1360738151.234,2356.222587719298
1360738163.263,4195.3125
1360738163.235,107.68581081081082
1360738163.299,308.3545918367347
1360738163.299,233.843537414966
1360738163.299,214.4214527027027
1360738163.299,299.8511904761905
1360738163.299,256.59013605442175
1360738163.426,79.09482758620689
1360738171.807,19617.1875
1360738151.966,102.04475308641975
1360738171.998,12050.78125
1360738152.539,2606.101190476191
1360738172.634,3661.4583333333335
1360738172.697,2681.25
1360738152.985,67.08061889250814
1360738152.985,51.79586038961039
1360738172.888,8437.5
1360738172.696,5270.833333333333
1360738148.696,173.0
1360738152.983,304.83969155844153
1360738173.079,2234.375
1360738172.823,4661.458333333333
1360738173.142,2543.75
1360738173.142,2271.875
1360738173.206,2109.375
1360738172.886,6601.5625
1360738172.886,7726.5625
1360738172.886,2851.5625
1360738153.237,79.82113486842105
1360738172.885,6429.6875
1360738153.301,22.638201320132016
1360738153.233,69.3873355263158
1360738173.012,2833.3333333333335
1360738173.076,2330.7291666666665
1360738173.14,2309.375
1360738173.457,10578.125
1360738173.521,9347.65625
1360738171.215,1962.890625
1360738171.32,1822.9166666666667
1360738171.447,13015.625
1360738171.7,7765.625
1360738171.7,10179.6875
1360738171.828,12750.0
1360738171.827,22171.875
1360738171.955,15718.75
1360738171.955,9500.0
1360738171.955,889.2045454545454
1360738172.019,8500.0
1360738171.181,5270.833333333333
1360738172.528,1278.125
1360738172.655,5250.0
1360738172.527,4837.5
1360738172.719,4875.0
1360738172.655,4859.375
1360738172.846,5976.5625
1360738172.846,4785.15625
1360738172.782,4589.84375
1360738173.037,2949.21875
1360738172.845,4542.96875
1360738173.037,4875.0
1360738173.101,1778.125
1360738153.452,31.45903010033445
1360738173.1,2915.625
1360738173.1,2221.875
1360738173.1,2240.625
1360738173.099,2550.0
1360738173.099,2306.25
1360738173.291,6432.291666666667
1360738173.417,11390.625
1360738170.01,4251.905487804878
1360738151.128,458.88868876080693
1360738163.224,220.45068027210885
1360738163.224,362.3310810810811
1360738163.224,216.8236301369863
1360738163.908,239.8330479452055
1360738149.141,389.47233606557376
1360738149.392,375.0
1360738151.242,733.8682432432433
1360738162.153,1620.8212209302326
1360738153.955,357.34375
1360738153.245,250.80385852090032
1360738152.056,1269.3370165745857
1360738152.247,1526.7714968152866
1360738153.381,109.375
1360738152.199,369.161626344086
1360738153.282,592.8571428571429
1360738153.069,112.2431506849315
1360738153.068,505.54435483870964
1360738152.057,937.5
1360738152.725,724.2237261146497
1360738152.978,3991.663338658147
1360738153.469,75.29239766081872
1360738173.918,74.49776785714286
1360738175.39,4255.208333333333
1360738171.417,57.533112582781456
1360738175.449,4515.625
1360738175.453,106.88920454545455
1360738171.421,9834.747516556292
1360738175.452,22171.875
1360738175.516,7570.3125
1360738175.644,3421.875
1360738175.58,135.41666666666666
1360738174.296,6557.291666666667
1360738172.628,377.6041666666667
1360738172.627,1012.5473484848484
1360738172.627,307.2916666666667
1360738172.818,377.18023255813955
1360738172.818,269.2307692307692
1360738172.816,144.1105769230769
1360738174.863,9812.5
1360738172.942,132.9345703125
1360738174.925,1748.046875
1360738173.197,436.3425925925926
1360738173.197,205.53861788617886
1360738175.051,3131.25
1360738171.274,347.883064516129
1360738175.154,2722.65625
1360738175.154,442.9347826086957
1360738171.25,1108.0560064935066
1360738175.218,2807.2916666666665
1360738175.217,2807.2916666666665
1360738171.249,831.9035947712418
1360738171.249,70.51542207792208
1360738171.249,103.34967320261437
1360738173.871,74.49776785714286
1360738175.342,6005.208333333333
1360738175.47,7570.3125
1360738171.374,57.533112582781456
1360738175.406,106.88920454545455
1360738175.597,33375.0
1360738171.946,1301.3864436619717
1360738174.44,13203.125
1360738172.646,166.86545801526717
1360738172.773,256.2984496124031
1360738172.773,451.7926356589148
1360738172.836,820.1923076923076
1360738172.9,171.2646484375
1360738173.155,213.125
1360738172.963,179.6875
1360738173.155,594.2540322580645
1360738180.899,2796.875
1360738174.755,1734.375
1360738174.947,2609.375
1360738174.819,5257.8125
1360738174.819,5263.020833333333
1360738173.091,127.62499999999999
1360738181.026,8734.375
1360738174.865,2429.6875
1360738174.93,1950.0
1360738174.994,2234.375
1360738175.121,197.8600543478261
1360738175.184,75.37774725274726
1360738171.215,60.87662337662338
1360738175.119,251.35869565217388
1360738175.183,266.6552197802198
1360738175.182,75.37774725274726
1360738175.246,4218.75
1360738171.209,1097.5285947712418
1360738171.804,601.0485197368422
1360738173.082,899.3844696969697
1360738173.026,110.65764925373134
1360738182.041,4195.3125
1360738181.994,4195.3125
1360738182.181,8390.625
1360738171.291,93.75
1360738190.796,8734.375
1360738190.923,4195.3125
1360738190.92,4195.3125
1360738189.445,2683.467741935484
1360738190.883,4195.3125
1360738191.045,8390.625
1360738176.018,49125.0
1360738179.552,3252.8571428571427
1360738182.555,467.38138686131384
1360738182.554,19000.0
1360738182.679,314375.0
1360738181.52,140.41940789473685
1360738181.52,506.68174342105266
1360738181.519,25289.0625
1360738181.519,21750.0
1360738181.519,439.9671052631579
1360738181.519,414.9876644736842
1360738182.461,197.6950354609929
1360738182.464,27765.625
1360738182.448,23687.5
1360738181.431,20703.125
1360738181.431,20007.8125
1360738181.431,18867.1875
1360738181.425,605.5715460526316
1360738181.425,29359.375
1360738181.425,22375.0
1360738181.425,598.1702302631578
1360738208.149,8390.625
1360738208.148,8973.958333333334
1360738208.212,4195.3125
1360738191.339,374.5949074074074
1360738208.417,2796.875
1360738191.406,34796.875
1360738191.275,22921.875
1360738191.157,18234.375
1360738191.221,45750.0
1360738191.283,36375.0
1360738216.464,13101.5625
1360738216.528,4195.3125
1360738216.422,4195.3125
1360738216.676,4195.3125
1360738219.844,30221.354166666668
1360738208.608,102.88461538461539
1360738209.22,7822.916666666667
1360738208.497,78.36538461538461
1360738208.687,207.21153846153848
1360738208.872,110.11633211678833
1360738218.273,2058.3444148936173
1360738218.717,14241.40625
1360738218.614,27119.391025641027
1360738222.419,6415.178571428572
1360738222.828,231.11979166666666
1360738222.828,2959.5588235294117
1360738221.151,30527.34375
1360738221.405,16645.3125
1360738221.405,11417.067307692309
1360738221.468,10616.586538461539
1360738221.385,16788.19444444444
1360738221.449,13061.197916666666
1360738222.328,7020.089285714285
1360738222.371,5812.5
1360738220.254,10343.75
1360738221.166,88593.75
1360738221.292,10112.98076923077
1360738221.292,16565.972222222223
1360738221.356,10650.240384615385
1360738221.29,9249.0234375
1360738249.414,1078.125
1360738239.336,118.67088607594935
1360738223.963,52541.409220532325
1360738221.008,53851.53334888059
1360738277.54,3437.5
1360738219.102,5685.446330777656
1360738266.112,126.1039402173913
1360738272.121,204890.625
1360738272.175,8990.384615384615
1360738272.175,28846.875
1360738272.031,134437.5
1360738272.047,74945.3125
1360738272.046,96520.83333333333
1360738272.046,33750.0
1360738218.351,1771.886200716846
1360738292.547,169.66911764705884
1360738307.015,1955.3699712643677
1360738307.227,16468.75
1360738313.964,340804.6875
1360738314.406,5381.304824561404
1360738314.468,22942.708333333332
1360738314.722,13520.833333333334
1360738314.722,10906.25
1360738314.701,53640.625
1360738313.561,9618.5546875
1360738315.153,60052.083333333336
1360738315.216,4399.945175438596
1360738315.216,3703.6637931034484
1360738315.152,60794.270833333336
1360738315.533,2025.6249999999998
1360738315.533,21046.875
1360738315.533,2801.88679245283
1360738315.53,186.89903846153845
1360738315.53,4637.0192307692305
1360738318.064,10200.892857142857
1360738317.973,1631.6964285714287
1360738317.973,14666.666666666666
1360738320.037,153.27380952380955
1360738327.886,17.28723404255319
1360738339.262,917.4107142857143
1360738321.91,93702.46550324676
1360738340.627,1198.1907894736844
1360738344.128,40.76086956521739
1360738344.043,40.76086956521739
1360738344.015,39.8936170212766
1360738304.621,6961.90612296748
1360738313.826,5693.359375
1360738368.461,1625.0
1360738399.192,2156.25
1360738399.149,1078.125
1360738380.003,39.8936170212766
1360738430.401,13550.78125
1360738470.683,4273.4375
1360738500.223,11421.875
1360738319.63,97763.63142087821
1360738550.282,27101.5625
1360738553.925,68867.1875
1360738553.989,19089.84375
1360738553.989,48921.875
1360738553.988,26028.125
1360738553.845,71773.4375
1360738553.909,13739.0625
1360738553.909,22349.609375
1360738553.973,27336.80555555556
1360738553.909,37585.9375
1360738553.909,39171.875
1360738553.908,23468.75
1360738553.908,32512.500000000004
1360738612.476,8390.625
1360738612.422,13109.375
1360738612.745,4195.3125
1360738589.504,6883.928571428572
1360738589.504,16840.625
1360738589.568,8536.1328125
1360738589.503,6998.161764705882
1360738589.415,8905.381944444445
1360738606.66,4843.75
1360738606.657,16768.028846153848
1360738611.902,117062.5
1360738612.029,7218.75
1360738638.384,1718.75
1360738629.36,2204.627403846154
1360738667.88,270.8333333333333
1360738689.955,2156.25
1360738734.894,40671.875
1360738746.123,20671.875
1360738769.275,11212.05357142857
1360738764.575,4459.821428571428
1360738733.992,3895.231213872832
1360738767.611,76.61290322580645
1360738768.937,9462.239583333334
1360738829.183,2156.25
1360738848.11,263765.625
1360738849.731,22250.0
1360738883.278,45015.625
1360738879.843,1581.367924528302
1360738882.974,22507.8125
1360738883.102,22507.8125
1360738883.36,7638.020833333333
1360738883.546,45015.625
1360738877.395,248380.20833333334
1360738877.309,162742.1875
1360738877.074,8437.5
1360738877.074,8437.5
1360738876.986,8437.5
1360738883.109,1276.3768564356435
1360738883.517,161.34692513368984
1360738883.707,5457.03125
1360738909.853,479.1666666666667
1360738900.016,7652.887658227848
1360738900.016,4042.168674698795
1360738900.079,4279.323630136986
1360738900.079,2762.1186023622045
1360738900.079,4579.905063291139
1360738900.079,17993.607954545452
1360738900.06,4547.072784810126
1360738900.06,7063.657407407408
1360738900.06,5188.51461038961
1360738900.06,5624.802215189874
1360738900.06,5865.178571428572
1360738900.059,2459.4541139240505
1360738900.186,5466.145833333333
1360738896.914,19314.655172413793
1360738897.171,14703.125
1360738900.912,3089.8982558139533
1360738900.912,5683.3984375
1360738900.912,4833.069620253164
1360738900.975,4769.477739726028
1360738900.91,2586.3486842105262
1360738900.97,6813.75
1360738900.973,8553.652108433735
1360738900.973,6800.435126582278
1360738900.973,7457.183441558442
1360738900.973,7010.482594936709
1360738900.973,7808.647260273972
1360738900.973,3984.9683544303793
1360738914.58,38465.909090909096
1360738917.411,54.885563380281695
1360738937.076,2625.0
1360738937.012,1718.75
1360738937.076,1312.5
1360738897.564,6734.375
1360738898.45,4569.092607973422
1360738936.971,1718.75
1360738937.035,3437.5
1360738936.97,1312.5
1360738905.226,7512.198189134809
1360738937.273,1625.0
1360738905.434,4916.872401247401
1360738905.201,7344.5595854922285
1360738950.607,771.7077250608273
1360738950.606,1572.5885826771653
1360738950.606,16831.25
1360738950.606,5427.34375
1360738950.606,4505.208333333333
1360738950.606,9104.403409090908
1360738950.606,10465.27777777778
1360738950.606,11157.03125
1360738950.606,11105.46875
1360738950.605,4609.375
1360738950.605,6059.375
1360738950.605,4477.796052631579
1360738950.605,12239.346590909092
1360738950.525,11840.909090909092
1360738950.521,4328.90625
1360738950.521,9502.130681818182
1360738950.521,7596.2171052631575
1360738950.525,4234.375
1360738950.525,8984.375
1360738950.525,13029.513888888889
1360738950.588,6601.041666666666
1360738976.528,48255.635245901634
1360738976.584,21285.87962962963
1360738990.982,14511.513157894737
1360738996.957,2625.0
1360738996.957,1718.75
1360738997.02,1718.75
1360738990.939,33342.2539893617
1360738996.913,1718.75
1360738996.977,3437.5
1360738996.912,3437.5
1360738996.912,1718.75
1360738996.912,1312.5
1360738996.912,1718.75
1360738977.057,23859.375
1360738977.524,23890.625
1360738987.347,8531.25
1360738987.626,9555.098684210525
1360739009.644,7128.125
1360739009.712,178451.25
1360739009.844,9242.1875
1360739009.174,57198.21428571428
1360738991.313,65450.52083333333
1360738990.913,10503.90625
1360738990.809,166.0958904109589
1360738997.246,812.5
1360739000.487,12384.868421052632
1360739000.487,11144.021739130436
1360739000.487,8930.752840909092
1360739000.487,10333.705357142857
1360739000.485,19520.432692307695
1360739000.485,8936.73513986014
1360739000.484,10683.59375
1360739000.48,6784.375
1360739000.48,10573.022959183672
1360739000.48,9652.34375
1360739000.407,10659.801136363636
1360739000.407,10995.47697368421
1360739000.406,8934.782608695652
1360739000.406,17668.048469387755
1360739000.406,13704.08163265306
1360739000.406,11020.833333333334
1360739000.404,16013.157894736842
1360739000.659,3227.734375
1360739000.403,12189.778645833334
1360739000.403,18107.772435897434
1360739000.403,12683.084239130436
1360739000.403,15505.0
1360739000.403,14998.125
1360739000.403,13201.899509803921
1360738978.679,4867.839403973509
1360739009.589,468911.4583333333
1360739031.663,16545.3125
1360739021.368,93.75
1360739056.993,3437.5
1360739056.993,3437.5
1360739056.992,82.38636363636363
1360739056.992,3437.5
1360739056.956,2625.0
1360739056.956,3437.5
1360739086.884,1625.0
1360738896.936,2175.5722736625517
1360739180.12,433.92704778156997
1360739251.579,105937.5
1360739249.582,370.51361386138615
1360739252.145,274.4654605263158
1360739252.185,83531.25
1360739251.383,25535.34836065574
1360739258.441,78.38983050847457
1360739279.178,1571.1805555555557
1360739276.229,1710.4591836734694
1360739283.465,114.75777511961722
1360739279.484,1461.6477272727273
1360739279.662,1331.640625
1360739280.487,12285.15625
1360739283.691,11937.5
1360739284.004,8953.125
1360739283.231,137.90457589285714
1360739284.793,23890.625
1360739310.042,213.0681818181818
1360739309.815,213.0681818181818
1360739309.584,8182.744565217391
1360739309.587,7879.619565217391
1360739309.587,9837.339743589742
1360739309.587,9458.881578947368
1360739309.587,11341.145833333334
1360739309.586,9243.009868421053
1360739309.583,15173.130580357143
1360739309.583,8300.142045454546
1360739309.583,5190.223623853211
1360739309.583,8258.780991735537
1360739309.504,16223.011363636364
1360739309.504,10193.988347457625
1360739309.504,6608.940972222223
1360739309.504,6047.367125984252
1360739309.504,12323.99276859504
1360739309.503,10663.990825688074
1360739309.503,9696.073008849558
1360739309.502,13028.371710526315
1360739309.502,9200.815217391304
1360739309.502,10314.281798245614
1360739309.502,8177.2203947368425
1360739309.502,9050.845286885246
1360739309.502,11750.0
1360739315.39,1529.8018292682927
1360739336.135,2156.25
1360739278.613,5652.001576734408
1360739369.869,1718.75
1360739369.805,1718.75
1360739369.869,1312.5
1360739369.932,1718.75
1360739369.894,164.77272727272725
1360739308.838,1971.6192287513118
1360739369.83,1718.75
1360739370.363,1625.0
1360739457.136,42.47780054644809
1360739557.012,1474.9177631578948
1360739578.281,1783.2446808510638
1360739558.956,12437.5
1360739581.264,541.6666666666666
1360739581.518,11734.375
1360739608.147,2156.25
1360739559.771,5329.701513452915
1360739638.157,2156.25
1360739799.765,43960.9375
1360739799.911,22250.0
1360740683.805,11.455278592375366
1360741203.166,149.34125964010283
1360743282.72,31.914893617021274
1360743358.382,32.608695652173914
1360748482.723,11.421783625730994
1360748745.53,16.18705035971223
1360762216.497,15.957446808510637
1360763806.728,57.765151515151516
1360764079.117,56.06617647058824
1360764121.056,54.464285714285715
1360767348.3,39.8936170212766
1360769498.24,89.29869186046511
1360770792.33,22421.875
1360770792.582,19554.6875
1360770799.985,355359.375
1360770799.985,126335.9375
1360770800.049,37093.75
1360770800.112,29781.25
1360770800.112,41093.75
1360770800.24,157703.125
1360770800.24,22875.0
1360770800.303,99750.0
1360770800.239,108250.0
1360770800.239,27625.0
1360770800.303,21625.0
1360770800.366,37593.75
1360770799.78,135343.75
1360770799.908,35093.75
1360770799.908,40093.75
1360770799.908,31531.25
1360770799.972,244609.375
1360770799.971,240601.5625
1360770799.971,13015.625
1360770800.099,35093.75
1360770800.099,25531.25
1360770800.217,27375.0
1360770800.217,53937.5
1360770797.908,13625.0
1360770798.099,2923.75
1360770799.884,16718.75
1360770799.884,35093.75
1360770799.479,4472.65625
1360770796.02,1793.5505319148936
1360770799.174,17906.25
1360770796.461,12960.9375
1360770799.884,354875.0
1360770807.993,59093.75
1360770808.057,130343.75
1360770808.057,99406.25
1360770808.12,49968.75
1360770808.056,63843.75
1360770808.12,31273.4375
1360770808.44,18312.5
1360770808.44,9156.25
1360770808.503,22062.5
1360770808.567,31031.25
1360770808.439,11312.5
1360770808.567,23171.875
1360770808.631,170734.375
1360770808.567,18171.875
1360770808.63,158421.875
1360770808.694,197734.375
1360770808.821,3897.3214285714284
1360770808.821,13906.25
1360770808.821,3218.75
1360770809.075,11515.625
1360770809.075,18171.875
1360770807.28,2447.9166666666665
1360770807.983,99242.1875
1360770808.047,90218.75
1360770808.047,83968.75
1360770808.43,415109.375
1360770808.43,22875.0
1360770808.494,22062.5
1360770808.558,38078.125
1360770808.429,11187.5
1360770808.621,59593.75
1360770808.557,24625.0
1360770808.621,155921.875
1360770808.684,64593.75
1360770808.811,24093.75
1360770808.811,10351.5625
1360770808.811,2753.472222222222
1360770808.929,13390.625
1360770809.613,5903.645833333333
1360770809.125,6593.75
1360770807.837,56265.625
1360770812.212,33343.75
1360770812.212,38593.75
1360770812.276,221546.875
1360770812.276,350500.0
1360770812.276,107898.4375
1360770812.276,18671.875
1360770812.404,61593.75
1360770812.34,43593.75
1360770812.468,111406.25
1360770812.404,41093.75
1360770812.468,22281.25
1360770812.404,43843.75
1360770812.404,22031.25
1360770812.467,22531.25
1360770812.595,8937.5
1360770812.595,10515.625
1360770812.595,9687.5
1360770810.035,22875.0
1360770812.722,8937.5
1360770812.722,10312.5
1360770812.722,8687.5
1360770816.498,43687.5
1360770812.978,44968.75
1360770812.978,20281.25
1360770812.85,20375.0
1360770812.982,7843.75
1360770810.101,17375.0
1360770815.787,27656.25
1360770815.851,13078.125
1360770811.178,55359.375
1360770811.369,23218.75
1360770811.753,12140.625
1360770811.881,56667.96875
1360770815.976,33134.375
1360770812.2,283562.5
1360770812.2,194734.375
1360770812.2,73343.75
1360770812.264,82093.75
1360770812.263,24781.25
1360770812.327,61593.75
1360770812.391,54843.75
1360770812.391,20281.25
1360770812.455,155359.375
1360770812.455,181921.875
1360770816.487,19375.0
1360770816.487,21875.0
1360770810.023,35687.5
1360770812.583,9062.5
1360770812.582,8937.5
1360770812.582,8937.5
1360770810.022,77187.5
1360770812.71,8937.5
1360770812.701,21843.75
1360770812.701,8937.5
1360770812.829,18625.0
1360770812.829,26843.75
1360770812.957,7510.416666666667
1360770812.957,8135.416666666666
1360770812.957,12312.5
1360770813.084,24625.0
1360770813.084,24625.0
1360770813.276,27843.75
1360770810.076,75187.5
1360770810.14,19375.0
1360770815.639,112531.25
1360770809.111,2048.076923076923
1360770811.353,62546.875
1360770811.413,4693.75
1360770792.338,3625.0
1360770793.211,8437.5
1360770792.834,64566.40625
1360770793.151,8437.5
1360770793.151,8437.5
1360770793.129,8437.5
1360770795.018,94.24603174603175
1360770815.764,41697.916666666664
1360770796.113,385.18823099415204
1360770796.656,8784.85576923077
1360770799.605,2104.05585106383
1360770819.247,1474251.4204545454
1360770809.04,1969.3800403225807
1360770856.4,2156.25
1360770871.786,4453.125
1360770849.254,114769.53125
1360770885.935,2156.25
1360770868.633,113903.125
1360770868.632,268037.9464285714
1360770869.56,144205.72916666666
1360770869.557,281120.53571428574
1360770893.676,7437.5
1360770893.6,4195.3125
1360770893.918,8390.625
1360770872.826,7091.796875
1360770792.619,30363.87846828992
1360770906.442,15296.875
1360770906.506,9500.0
1360770906.505,9500.0
1360770906.368,7390.625
1360770906.495,7984.375
1360770885.997,97879.34027777777
1360770892.004,1228.202160493827
1360770892.896,1725.2717391304348
1360770907.124,1185.546875
1360770907.251,23375.0
1360770907.374,11406.25
1360770907.378,11953.125
1360770907.378,1110.4052197802198
1360770907.057,6125.0
1360770907.505,12718.75
1360770907.505,11234.375
1360770907.505,5960.9375
1360770907.505,5367.1875
1360770907.632,7289.0625
1360770907.568,2527.34375
1360770907.696,4468.75
1360770907.819,3035.15625
1360770907.818,4542.96875
1360770908.584,4661.458333333333
1360770900.52,10204.320355191257
1360770893.668,238.67545871559633
1360770893.668,156.0349770642202
1360770893.667,225.6307339449541
1360770893.667,202.8383027522936
1360770893.858,50.1453488372093
1360770910.22,7875.0
1360770910.283,10984.375
1360770910.283,14578.125
1360770910.283,4468.75
1360770906.052,1483.7890625
1360770906.18,3082.613031914894
1360770906.18,2215.0930851063827
1360770907.201,4359.375
1360770907.329,15453.125
1360770907.329,13203.125
1360770907.328,263.8671875
1360770907.328,237.6953125
1360770907.328,9570.3125
1360770907.456,8500.0
1360770907.455,12312.5
1360770907.455,11531.25
1360770907.455,11453.125
1360770907.071,9500.0
1360770907.582,7875.0
1360770907.578,1163.1944444444443
1360770907.646,7906.25
1360770907.646,6375.0
1360770907.646,447.0274390243902
1360770907.709,8437.5
1360770907.709,4286.458333333333
1360770907.773,5492.1875
1360770892.899,2374.2591594827586
1360770893.6,155.74827981651376
1360770893.6,146.35894495412845
1360770893.6,196.17259174311926
1360770893.599,169.93979357798165
1360770893.599,140.4099770642202
1360770893.599,141.8434633027523
1360770893.599,231.9380733944954
1360770893.599,227.4942660550459
1360770893.599,127.72362385321101
1360770893.727,1486.328125
1360770910.171,9750.0
1360770910.235,6992.1875
1360770910.234,8437.5
1360770910.298,12859.375
1360770910.297,14265.625
1360770905.98,16273.828125000002
1360770906.108,4027.9255319148933
1360770906.363,1334.7222222222222
1360770905.979,7729.4921875
1360770906.106,2395.279255319149
1360770906.106,2450.465425531915
1360770906.274,343.19690265486724
1360770894.339,75.625
1360770906.085,1398.5455069124423
1360770906.403,653.3755896226415
1360770906.466,139.73637440758293
1360770907.547,103.57603092783506
1360770906.379,6970.076650943396
1360770906.442,272.0675355450237
1360770907.394,782.844387755102
1360770910.144,629.625822368421
1360770907.121,1661.0457920792078
1360770907.185,958.4888059701493
1360770907.498,175.78125
1360770907.629,67.01030927835052
1360770907.693,83.76288659793813
1360770919.978,451.7857142857143
1360770920.041,1287.5744047619046
1360770920.041,1020.5792682926829
1360770920.041,1162.7286585365855
1360770920.105,2025.9146341463415
1360770920.105,16900.78125
1360770920.105,26090.234375
1360770920.169,9659.455128205127
1360770920.039,3837.121212121212
1360770920.039,913.3184523809523
1360770920.103,1168.359375
1360770920.103,1275.0
1360770920.103,395.3125
1360770920.103,1345.703125
1360770920.103,965.234375
1360770920.103,1319.921875
1360770920.167,11857.772435897436
1360770920.167,24818.509615384617
1360770920.166,278.4455128205128
1360770920.23,209.70394736842104
1360770921.25,5140.625
1360770918.082,2707.51953125
1360770921.67,44343.75
1360770910.211,96.50735294117648
1360770910.338,71.97916666666666
1360770921.921,15687.5
1360770910.464,62.814597315436245
1360770921.791,44343.75
1360770921.85,9500.0
1360770922.042,28093.75
1360770922.366,3802.0833333333335
1360770922.173,15453.125
1360770922.493,3984.375
1360770922.556,5289.0625
1360770922.556,2855.46875
1360770922.684,5085.9375
1360770922.684,3843.75
1360770922.684,5148.4375
1360770922.684,5968.75
1360770922.684,5359.375
1360770922.683,7468.75
1360770922.747,5968.75
1360770922.747,5492.1875
1360770906.171,917.5347222222222
1360770906.171,50.491898148148145
1360770905.978,1158.675799086758
1360770906.617,135.39174641148324
1360770907.065,626.2437810945274
1360770907.32,246.21212121212122
1360770907.32,85.62184343434343
1360770907.575,87.06507731958763
1360770907.638,328.0436197916667
1360770907.638,125.3238341968912
1360770907.574,204.33937823834196
1360770907.57,116.985103626943
1360770907.874,140.95568783068782
1360770908.0,63.00133689839572
1360770919.838,214.28571428571428
1360770919.898,272.05882352941177
1360770919.902,3671.1482558139537
1360770919.902,451.7857142857143
1360770919.902,278.57142857142856
1360770919.965,1360.1371951219512
1360770919.965,1078.8871951219512
1360770920.029,1208.0792682926829
1360770919.965,1005.5803571428572
1360770919.964,971.4176829268292
1360770920.028,24304.6875
1360770920.092,13822.115384615385
1360770920.028,1035.4420731707316
1360770920.028,1330.859375
1360770920.028,983.203125
1360770920.028,1243.75
1360770920.092,14780.84935897436
1360770920.092,28081.640625
1360770920.155,209.70394736842104
1360770920.091,247.19551282051282
1360770920.155,3645.8333333333335
1360770921.171,5239.583333333333
1360770921.361,6786.458333333333
1360770921.424,15703.125
1360770918.288,1923.483455882353
1360770921.36,8500.0
1360770921.36,7851.5625
1360770921.487,12742.1875
1360770910.158,317.50408496732024
1360770921.55,6786.458333333333
1360770910.198,119.96299342105263
1360770910.39,4482.067953020134
1360770921.845,15687.5
1360770921.845,2371.09375
1360770921.78,9500.0
1360770922.1,5703.125
1360770921.971,28093.75
1360770922.291,6601.5625
1360770922.099,13203.125
1360770922.291,6359.375
1360770922.291,4005.208333333333
1360770922.291,4785.15625
1360770922.482,3578.125
1360770922.61,4859.375
1360770922.481,3734.375
1360770922.545,3250.0
1360770922.609,3250.0
1360770922.609,4182.291666666667
1360770922.609,6882.8125
1360770906.544,85.78725961538461
1360770906.608,116.81189903846153
1360770906.032,176.9873271889401
1360770906.415,1569.7571090047393
1360770922.542,1813.9534883720928
1360770921.45,1522.65625
1360770920.217,4340.371621621622
1360770922.646,266.3871951219512
1360770921.172,2540.52734375
1360770921.686,1747.1590909090908
1360770923.881,1178.125
1360770923.881,9835.9375
1360770923.624,4286.458333333333
1360770924.008,9558.59375
1360770923.751,378.0381944444444
1360770923.746,231.77083333333334
1360770924.452,9750.0
1360770924.452,44171.875
1360770924.452,4661.458333333333
1360770924.516,15789.0625
1360770924.643,9085.9375
1360770924.51,14578.125
1360770924.51,7906.25
1360770924.51,8437.5
1360770924.51,766.2760416666666
1360770924.77,99386.71875
1360770924.577,14437.5
1360770924.577,8421.875
1360770924.831,3421.875
1360770920.799,115.74074074074075
1360770920.989,141.03084415584416
1360770925.657,3195.3125
1360770925.849,2804.6875
1360770925.913,4875.0
1360770925.912,3496.09375
1360770925.976,5270.833333333333
1360770926.167,12859.375
1360770925.975,4859.375
1360770926.039,4468.75
1360770926.23,5046.875
1360770926.102,8421.875
1360770926.162,13578.125
1360770921.796,6120.432692307692
1360770921.796,12909.375
1360770921.859,3136.160714285714
1360770921.859,1508.7890625
1360770922.429,2224.051339285714
1360770923.004,456.25
1360770923.004,1484.0528350515463
1360770923.067,388.5416666666667
1360770923.131,460.2272727272727
1360770923.067,1536.2215909090908
1360770923.258,1303.9434523809523
1360770923.322,3953.125
1360770923.386,334.375
1360770923.258,1303.9434523809523
1360770923.322,177.65231092436974
1360770923.322,206.9359756097561
1360770923.322,514.84375
1360770923.322,1079.9632352941178
1360770923.386,3351.5625
1360770923.769,9843.75
1360770923.576,3796.875
1360770923.576,6057.291666666667
1360770923.576,3807.2916666666665
1360770923.896,9906.25
1360770923.64,231.77083333333334
1360770923.64,378.47222222222223
1360770923.639,2984.375
1360770923.703,414.0625
1360770924.34,7875.0
1360770924.404,4468.75
1360770924.468,6429.6875
1360770924.34,5203.125
1360770924.404,10984.375
1360770924.467,8539.0625
1360770924.658,589.0625
1360770924.657,66515.625
1360770924.657,7570.3125
1360770924.721,962.3842592592594
1360770924.657,6773.4375
1360770925.206,52390.625
1360770920.917,195.41396103896102
1360770925.332,3359.375
1360770925.395,25109.375
1360770925.84,10526.041666666666
1360770925.84,3932.2916666666665
1360770925.904,5244.791666666667
1360770925.968,4218.75
1360770926.095,9078.125
1360770921.807,1538.330078125
1360770921.807,865.72265625
1360770926.159,2281.25
1360770922.189,6360.183189655173
1360770922.76,1062.65625
1360770923.015,469.7916666666667
1360770923.271,389.1006097560976
1360770923.015,378.81944444444446
1360770923.271,1074.4485294117646
1360770923.378,2812.5
1360770923.25,254.6875
1360770923.25,2796.875
1360770923.25,177.21036585365854
1360770923.313,3351.5625
1360770923.313,214.0625
1360770923.393,4218.75
1360770908.218,85.22727272727272
1360770908.285,98.6842105263158
1360770911.481,485.5885922330097
1360770931.879,2156.25
1360770938.839,158.08823529411765
1360770940.898,8390.625
1360770940.826,3679.6875
1360770925.592,50.13297872340426
1360770923.523,718.75
1360770923.09,1378.8194444444443
1360770923.28,1396.09375
1360770923.344,493.75
1360770923.216,600.609756097561
1360770922.335,1710.2004716981132
1360770923.134,439.405487804878
1360770923.263,814.0243902439024
1360770920.102,1579.509493670886
1360770922.395,5430.059523809524
1360770921.608,6090.725806451613
1360770921.608,1157.9545454545455
1360770922.543,693.9786585365854
1360770924.28,1772.9779411764705
1360770925.484,1149.3055555555557
1360770925.611,1929.6875
1360770925.482,4401.5625
1360770925.928,5828.125
1360770926.861,7625.0
1360770927.43,13328.125
1360770924.459,1670.5729166666667
1360770925.475,16095.982142857143
1360770926.366,25953.125
1360770926.43,12363.28125
1360770926.02,161781.25
1360770925.094,69395.83333333333
1360770944.094,4550.304878048781
1360770936.847,238.01436335403727
1360770938.305,62667.53472222222
1360770938.872,32483.50694444444
1360770941.47,114000.0
1360770941.47,9437.5
1360770941.391,81281.25
1360770941.391,121895.83333333333
1360770925.869,4850.342075256556
1360770978.971,183859.94664634144
1360770940.878,7127.405715396579
1360770982.005,4484.375
1360770940.806,5411.231531881805
1360770940.806,3373.833592534992
1360771000.903,410.7142857142857
1360771006.302,11369.162087912087
1360771031.43,8390.625
1360771032.44,7437.5
1360771016.388,95.83333333333334
1360771016.578,117.45484790874525
1360771017.451,20847.65625
1360771045.666,2156.25
1360771030.514,25031.25
1360771029.639,55628.34821428572
1360771032.868,82562.5
1360771032.793,27281.25
1360771033.047,9484.375
1360771071.998,541.6666666666666
1360771069.119,30173.684210526313
1360771057.05,2580.3571428571427
1360771096.495,7320.3125
1360771096.494,4195.3125
1360771097.617,8390.625
1360771090.763,26375.744047619046
1360771094.957,115.97842261904762
1360771113.265,5468.75
1360771113.584,13289.0625
1360771113.648,15531.25
1360771113.838,7859.375
1360771113.965,3260.4166666666665
1360771114.029,13437.5
1360771102.892,20679.97685185185
1360771113.898,7851.5625
1360771114.665,4054.6875
1360771114.217,8421.875
1360771114.729,18859.375
1360771114.729,12875.0
1360771113.376,7906.25
1360771113.692,2979.1666666666665
1360771113.687,12750.0
1360771113.883,12750.0
1360771114.453,14867.1875
1360771114.005,9906.25
1360771114.517,2614.5833333333335
1360771114.452,5421.875
1360771096.837,295265.625
1360771114.98,3234.375
1360771115.233,3536.4583333333335
1360771113.15,20153.60576923077
1360771113.276,87.56868131868131
1360771114.289,2531.936813186813
1360771114.863,6005.208333333333
1360771115.181,13375.0
1360771113.032,1339.4736842105265
1360771113.222,87.56868131868131
1360771096.965,43968.75
1360771096.965,40671.875
1360771097.029,42234.375
1360771097.028,40765.625
1360771097.028,36609.375
1360771097.028,37500.0
1360771096.964,29546.875
1360771096.964,43000.0
1360771097.028,38171.875
1360771097.028,41484.375
1360771097.028,19140.625
1360771097.028,40890.625
1360771096.89,83.25381679389312
1360771096.89,17875.0
1360771096.89,16656.25
1360771096.89,23117.1875
1360771096.954,32062.5
1360771096.89,11177.083333333334
1360771096.954,30812.5
1360771096.954,28671.875
1360771096.954,23781.25
1360771096.954,29046.875
1360771096.954,37359.375
1360771097.385,584992.1875
1360771112.863,1064.704754601227
1360771114.618,86.68391719745223
1360771113.258,669.2708333333334
1360771113.689,16287.500000000002
1360771113.752,1712.5
1360771113.624,53402.34375
1360771113.75,8828.125
1360771113.75,1712.5
1360771114.132,17880.208333333332
1360771115.567,7625.0
1360771113.672,2846.875
1360771113.672,2511.71875
1360771113.735,5493.055555555556
1360771114.051,10750.0
1360771114.814,26664.0625
1360771114.941,7583.333333333333
1360771114.619,4520.833333333333
1360771113.989,2504.6875
1360771113.943,29255.681818181816
1360771115.779,14046.875
1360771143.869,9500.0
1360771144.186,24187.5
1360771144.505,6992.1875
1360771144.505,11359.375
1360771144.376,5601.5625
1360771144.376,4250.0
1360771144.504,10984.375
1360771144.503,7906.25
1360771144.503,731.875
1360771144.694,535.5113636363636
1360771144.947,15750.0
1360771145.074,12859.375
1360771144.926,7726.5625
1360771145.117,15968.75
1360771145.496,677.4553571428571
1360771145.496,5915.625
1360771145.999,5367.1875
1360771145.999,4250.0
1360771146.067,6171.875
1360771146.066,5617.1875
1360771146.066,14578.125
1360771146.066,11937.5
1360771146.066,3932.2916666666665
1360771146.066,4468.75
1360771146.066,8437.5
1360771146.066,3796.875
1360771146.13,3526.0416666666665
1360771145.874,7007.8125
1360771145.938,11406.25
1360771146.066,7078.125
1360771146.641,3468.75
1360771143.799,3085.9375
1360771143.865,2375.0
1360771143.865,2375.0
1360771143.928,395.1822916666667
1360771144.246,11406.25
1360771144.246,11953.125
1360771144.246,14015.625
1360771144.245,6380.208333333333
1360771144.372,5570.3125
1360771144.372,9750.0
1360771144.436,12343.75
1360771144.435,4468.75
1360771144.435,8437.5
1360771144.559,18171.875
1360771144.879,7289.0625
1360771144.879,8085.9375
1360771145.004,12718.75
1360771145.004,14781.25
1360771145.067,5695.3125
1360771145.256,6125.0
1360771145.36,9500.0
1360771145.36,5968.75
1360771145.487,3848.9583333333335
1360771145.487,4067.708333333333
1360771145.743,23375.0
1360771145.803,5976.5625
1360771145.866,22976.5625
1360771145.994,5554.6875
1360771145.994,15750.0
1360771146.121,18171.875
1360771145.801,7726.5625
1360771145.865,9570.3125
1360771145.929,6359.375
1360771145.929,9750.0
1360771145.993,7828.125
1360771146.057,6429.6875
1360771146.121,3796.875
1360771146.312,1279.017857142857
1360771147.551,98.36647727272728
1360771143.896,9674.426020408162
1360771143.896,515.4344512195122
1360771143.96,3748.456790123457
1360771143.958,4551.697530864198
1360771144.341,384.86842105263156
1360771144.34,311.91037735849056
1360771144.531,143.81067961165047
1360771144.848,328.58009708737865
1360771153.899,8390.625
1360771154.026,8218.75
1360771154.153,39093.75
1360771146.408,122.90396341463415
1360771146.854,4343.75
1360771147.234,4468.75
1360771143.821,1116.0037878787878
1360771143.884,3375.9645061728393
1360771143.884,3020.2546296296296
1360771143.884,2669.1743827160494
1360771145.403,467.2794117647059
1360771153.834,14000.0
1360771143.146,1593.2793674698796
1360771144.976,41.00093984962406
1360771161.961,3437.5
1360771146.278,51.4030612244898
1360771147.428,1476.8722466960353
1360771144.447,84.85401459854015
1360771161.949,4484.375
1360771146.011,73.77772177419355
1360771146.33,39.03034979423868
1360771146.33,47.60174418604651
1360771144.738,104.16666666666667
1360771144.503,2127.403846153846
1360771144.631,7609.375
1360771144.566,6734.375
1360771147.468,788906.25
1360771144.323,500.0
1360771144.934,491.25
1360771144.936,550.0
1360771145.823,2593.75
1360771147.008,20718.75
1360771146.879,59644.53125
1360771144.307,85.73717948717949
1360771144.371,3918.75
1360771144.663,1179.0865384615386
1360771144.727,43921.875
1360771144.853,1545.0
1360771144.789,1099.375
1360771145.357,3609.375
1360771145.737,3712.5
1360771146.922,14081.25
1360771145.214,2277.7217741935483
1360771147.429,8265.625
1360771145.039,5183.238636363637
1360771147.98,3359.375
1360771148.108,23.185483870967744
1360771150.963,17446.33152173913
1360771175.108,2156.25
1360771175.108,2156.25
1360771154.333,65265.625
1360771154.251,4693.614130434782
1360771154.251,212859.375
1360771192.001,2156.25
1360771174.439,5.824372759856631
1360771201.765,11209.82142857143
1360771190.82,60407.96493902439
1360771176.76,3210.9375
1360771177.009,11734.375
1360771202.387,3843.75
1360771236.351,2156.25
1360771236.286,2156.25
1360771247.603,6429.6875
1360771248.23,2179.6875
1360771246.846,9500.0
1360771246.846,4114.583333333333
1360771246.91,4750.0
1360771247.101,12093.75
1360771247.228,7007.8125
1360771247.228,7726.5625
1360771247.292,5367.1875
1360771247.228,5976.5625
1360771247.356,11203.125
1360771247.42,9750.0
1360771247.42,7289.0625
1360771247.419,11109.375
1360771247.419,6085.9375
1360771247.419,6992.1875
1360771247.483,11796.875
1360771247.483,10578.125
1360771247.483,6375.0
1360771247.483,8437.5
1360771247.483,6703.125
1360771247.608,11390.625
1360771247.517,11171.875
1360771246.832,4750.0
1360771246.96,7390.625
1360771247.152,5703.125
1360771247.087,15531.25
1360771247.407,15750.0
1360771247.406,5765.625
1360771247.214,9570.3125
1360771247.278,12718.75
1360771247.278,8500.0
1360771247.47,9085.9375
1360771247.406,15812.5
1360771247.715,216.86746987951807
1360771248.156,2130.1751592356686
1360771246.835,63.88449367088607
1360771246.835,5973.421391752577
1360771246.835,3745.998475609756
1360771246.835,2794.7789634146343
1360771246.835,149.28977272727272
1360771247.282,223.5137195121951
1360771247.405,107.39715189873418
1360771248.081,92.90994623655914
1360771246.123,1521.460843373494
1360771247.753,10187.881097560976
1360771247.753,4060.763888888889
1360771247.753,4349.085365853658
1360771248.14,267.6028481012658
1360771248.14,197.19145569620252
1360771261.731,14000.0
1360771261.731,8390.625
1360771261.858,8390.625
1360771247.678,53.69438559322034
1360771261.724,2156.25
1360771247.058,65.47619047619048
1360771247.117,3587.5
1360771247.544,19437.5
1360771247.608,15140.625
1360771247.671,11750.0
1360771246.974,2921.875
1360771246.972,838.1696428571429
1360771247.4,9320.3125
1360771247.59,7750.0
1360771247.398,16140.625
1360771247.588,17484.375
1360771247.588,19781.25
1360771247.711,9671.875
1360771247.582,7125.0
1360771248.093,12229.166666666666
1360771247.664,14656.25
1360771248.109,5054.6875
1360771248.236,301281.25
1360771266.503,55762.8125
1360771261.861,24531.25
1360771261.861,26781.25
1360771261.857,46546.875
1360771261.857,46093.75
1360771261.779,41578.125
1360771261.779,41890.625
1360771261.779,40437.5
1360771261.777,36890.625
1360771261.777,42718.75
1360771261.777,45281.25
1360771261.776,4109.375
1360771261.776,33656.25
1360771261.776,8031.25
1360771261.776,51890.625
1360771261.856,72964.84375
1360771277.39,18288.623595505618
1360771290.952,406.25
1360771279.501,82.6626712328767
1360771307.06,406.25
1360771307.124,4484.375
1360771279.895,7822.916666666667
1360771306.243,541.6666666666666
1360771307.656,5554.6875
1360771307.787,14578.125
1360771307.787,188.29719387755102
1360771307.787,3351.5625
1360771307.143,6128.7828947368425
1360771307.143,6171.875
1360771307.143,106.28255208333333
1360771307.142,28412.171052631576
1360771307.142,2706.4144736842104
1360771307.142,4750.0
1360771307.331,14781.25
1360771308.417,3604.1666666666665
1360771307.521,5976.5625
1360771307.58,9570.3125
1360771307.584,215.625
1360771308.479,5968.75
1360771308.479,5492.1875
1360771308.543,4218.75
1360771308.479,3822.9166666666665
1360771307.519,233.54388297872342
1360771307.519,232.89473684210526
1360771307.519,2871.09375
1360771307.519,5703.125
1360771308.669,6429.6875
1360771308.859,212.7130681818182
1360771309.368,1619.7916666666667
1360771313.253,4750.0
1360771313.253,4750.0
1360771313.253,4927.083333333333
1360771313.315,9635.416666666666
1360771313.443,5322.916666666667
1360771313.249,4750.0
1360771313.633,3828.125
1360771313.886,3578.125
1360771313.949,4250.0
1360771313.565,3300.78125
1360771313.565,2851.5625
1360771313.629,3859.375
1360771314.013,5244.791666666667
1360771313.628,2988.28125
1360771314.076,3796.875
1360771313.692,2980.46875
1360771313.883,4005.208333333333
1360771313.882,3786.4583333333335
1360771314.008,4859.375
1360771314.004,3630.2083333333335
1360771314.004,5270.833333333333
1360771314.199,6429.6875
1360771307.066,3334.7039473684213
1360771307.066,4750.0
1360771307.065,3979.7697368421054
1360771307.065,9500.0
1360771307.065,3233.717105263158
1360771307.316,8156.25
1360771307.316,14046.875
1360771307.442,7726.5625
1360771307.442,171.3815789473684
1360771307.442,7007.8125
1360771308.338,4875.0
1360771308.401,105.7830459770115
1360771308.401,3796.875
1360771308.401,3496.09375
1360771308.401,5250.0
1360771308.401,5270.833333333333
1360771307.568,12718.75
1360771307.564,8500.0
1360771307.564,10734.375
1360771307.564,5937.5
1360771307.567,6007.8125
1360771307.631,11421.875
1360771308.591,6057.291666666667
1360771308.591,6117.1875
1360771308.78,145.44753086419755
1360771313.128,6171.875
1360771314.797,4239.583333333333
1360771314.733,2792.96875
1360771314.797,2833.3333333333335
1360771314.797,2882.8125
1360771314.86,4083.333333333333
1360771314.856,3250.0
1360771314.924,3496.09375
1360771314.923,3351.5625
1360771315.049,4218.75
1360771315.048,3796.875
1360771315.111,4539.0625
1360771307.143,148.79807692307693
1360771312.764,873.4217171717171
1360771312.762,5611.519607843137
1360771313.145,131.38440860215053
1360771313.252,19272.028688524588
1360771313.631,223.5137195121951
1360771313.563,260.6095679012346
1360771313.627,194.53125
1360771315.004,2429.6875
1360771307.445,156.25
1360771309.04,92.28801169590643
1360771313.069,117.77553763440861
1360771313.197,1881.019467213115
1360771313.196,2124.6157786885246
1360771313.196,957.3514344262295
1360771313.196,1076.844262295082
1360771314.55,308.8768115942029
1360771314.929,106.0546875
1360771307.372,1868.4782608695652
1360771315.372,222.2222222222222
1360771307.144,73.75
1360771314.457,50.13297872340426
1360771309.047,2686.743951612903
1360771014.374,123016.99308755761
1360771307.358,159.21052631578948
1360771307.358,350.41182170542635
1360771307.861,639.0625
1360771307.284,360.180412371134
1360771307.646,329.4270833333333
1360771308.153,1557.3979591836735
1360771307.601,382.89304123711344
1360771307.601,382.89304123711344
1360771307.981,746.2951030927835
1360771307.994,140.30612244897958
1360771308.625,312.3224431818182
1360771308.689,247.1590909090909
1360771308.688,438.9204545454545
1360771308.684,149.60488505747128
1360771309.018,12904.614825581395
1360771309.018,214.2361111111111
1360771337.251,7000.0
1360771313.248,26.127754820936637
1360771313.195,68456.66436464089
1360771338.171,8390.625
1360771314.93,52.30591168091168
1360771339.459,2156.25
1360771339.551,123684.43943298969
1360771334.871,28534.564393939396
1360771337.426,139968.75
1360771367.264,12334.094101123595
1360771358.194,12.404580152671755
1360771366.751,105.33814589665654
1360771385.982,59242.686170212764
1360771396.527,135.41666666666666
1360771397.736,9500.0
1360771397.716,9500.0
1360771397.717,12328.125
1360771397.907,7382.8125
1360771398.161,7726.5625
1360771398.161,6601.5625
1360771398.352,10734.375
1360771398.352,5679.6875
1360771398.352,7828.125
1360771398.352,4468.75
1360771398.288,11921.875
1360771398.416,5968.75
1360771398.351,3054.6875
1360771398.415,5781.25
1360771398.415,8437.5
1360771398.415,14453.125
1360771398.606,6601.5625
1360771398.733,11546.875
1360771398.732,5632.8125
1360771398.732,4468.75
1360771398.86,5289.0625
1360771402.693,7000.0
1360771397.666,1185.546875
1360771397.665,9500.0
1360771397.984,15531.25
1360771397.984,14453.125
1360771399.147,10380.208333333334
1360771399.085,5703.125
1360771399.277,6992.1875
1360771399.149,9570.3125
1360771399.277,7875.0
1360771399.212,11203.125
1360771399.212,12718.75
1360771399.276,5492.1875
1360771399.276,14578.125
1360771399.276,5289.0625
1360771399.403,9007.8125
1360771399.402,10406.25
1360771399.529,5703.125
1360771399.401,6429.6875
1360771399.593,5960.9375
1360771399.465,5632.8125
1360771399.657,6359.375
1360771399.657,7289.0625
1360771399.528,7726.5625
1360771399.592,9570.3125
1360771399.72,5679.6875
1360771399.592,9750.0
1360771399.656,11015.625
1360771399.656,6992.1875
1360771399.784,12750.0
1360771399.846,6101.5625
1360771403.618,8390.625
1360771404.201,4195.3125
1360771396.895,1492.4186390532543
1360771397.722,3042.5451807228915
1360771397.722,5753.953313253012
1360771397.722,4767.131024096386
1360771398.218,220.82078313253012
1360771398.154,341.3602941176471
1360771398.345,176.33928571428572
1360771398.599,225.0
1360771398.65,6184.864457831325
1360771398.65,2116.5286144578313
1360771398.65,63.88449367088607
1360771398.649,149518.26054216866
1360771398.649,1278.720238095238
1360771399.094,527.1381578947369
1360771399.094,461.11918604651163
1360771399.516,50.13297872340426
1360771397.695,419.1576086956522
1360771397.694,2789.0625
1360771398.142,2330.078125
1360771398.331,2833.3333333333335
1360771398.617,193.9102564102564
1360771399.058,4392.857142857143
1360771399.121,8765.625
1360771399.249,6437.5
1360771399.185,4805.803571428572
1360771399.312,2350.0
1360771399.248,5606.770833333333
1360771399.248,2046.875
1360771399.311,2750.0
1360771399.307,42869.791666666664
1360771399.565,557828.125
1360771399.692,2350.0
1360771399.627,8757.8125
1360771398.844,25437.5
1360771400.105,10109.375
1360771398.226,19515.625
1360771398.225,4064.453125
1360771398.225,19515.625
1360771400.059,10109.375
1360771420.572,19460.427989130432
1360771402.771,5718.75
1360771402.771,37812.5
1360771402.75,23593.75
1360771402.75,19742.1875
1360771402.691,9453.125
1360771402.691,25070.3125
1360771402.691,22968.75
1360771402.691,13942.708333333334
1360771402.668,8901.041666666666
1360771402.668,34984.375
1360771402.668,33968.75
1360771401.671,14367.1875
1360771404.23,10734.375
1360771431.968,12312.5
1360771431.967,9500.0
1360771432.03,9500.0
1360771432.03,9500.0
1360771432.156,14671.875
1360771432.408,7007.8125
1360771432.408,7679.6875
1360771432.408,3828.125
1360771432.471,9570.3125
1360771432.471,11953.125
1360771432.466,5937.5
1360771432.534,11921.875
1360771432.534,4250.0
1360771432.598,9750.0
1360771432.597,7875.0
1360771432.597,5507.8125
1360771432.597,7906.25
1360771432.597,7242.1875
1360771432.597,6375.0
1360771432.597,5765.625
1360771432.661,6703.125
1360771433.021,6992.1875
1360771433.528,4359.375
1360771433.212,16218.75
1360771433.212,14453.125
1360771433.337,5703.125
1360771433.464,5601.5625
1360771433.464,6312.5
1360771433.464,10734.375
1360771433.527,4661.458333333333
1360771433.591,2636.160714285714
1360771433.591,8437.5
1360771433.526,6085.9375
1360771433.654,12765.625
1360771433.59,11390.625
1360771433.654,5710.9375
1360771433.717,9078.125
1360771433.97,7875.0
1360771433.97,5492.1875
1360771434.033,6703.125
1360771433.968,7289.0625
1360771434.095,12859.375
1360771433.031,1112.8270348837211
1360771432.066,152.84653465346534
1360771433.022,5444.040697674419
1360771431.975,112.12225274725274
1360771432.418,2028.1250000000002
1360771432.418,240.48913043478262
1360771432.481,226.27314814814815
1360771432.608,168.81793478260872
1360771432.672,246.56593406593407
1360771433.117,218.19196428571428
1360771437.851,9500.0
1360771437.915,4682.291666666667
1360771433.37,4183.984375
1360771438.169,11781.25
1360771438.278,5976.5625
1360771438.342,9570.3125
1360771438.277,7007.8125
1360771438.405,5632.8125
1360771438.404,20765.625
1360771438.468,7906.25
1360771438.468,5492.1875
1360771431.358,3397.026909722222
1360771438.466,11390.625
1360771438.593,6101.5625
1360771438.465,7828.125
1360771438.465,8437.5
1360771438.465,6171.875
1360771438.657,5492.1875
1360771438.529,5289.0625
1360771438.656,7648.4375
1360771438.656,8437.5
1360771431.93,3643.75
1360771431.93,2543.0555555555557
1360771431.93,2820.4861111111113
1360771431.93,1919.6180555555554
1360771432.373,238.6209239130435
1360771432.373,1084.4089673913045
1360771432.601,423.0769230769231
1360771432.6,139.2663043478261
1360771432.726,299.33286516853934
1360771433.853,147.265625
1360771438.649,12328.125
1360771438.713,9500.0
1360771438.713,862.215909090909
1360771438.777,14687.5
1360771438.777,9500.0
1360771438.84,8109.375
1360771434.295,108.59375
1360771438.967,1640.625
1360771439.284,5773.4375
1360771439.22,7726.5625
1360771439.22,5703.125
1360771439.348,4250.0
1360771439.284,5554.6875
1360771439.347,6312.5
1360771439.411,7242.1875
1360771439.347,9750.0
1360771439.411,4468.75
1360771439.41,4661.458333333333
1360771439.41,6375.0
1360771439.538,9078.125
1360771439.474,4484.375
1360771439.602,6992.1875
1360771439.537,12765.625
1360771439.601,4468.75
1360771439.919,4359.375
1360771420.703,94.73189890710383
1360771431.971,5448.160046728973
1360771437.779,2427.3373983739834
1360771438.266,1074.9604430379748
1360771438.266,197.19145569620252
1360771438.266,288.0067567567567
1360771438.329,229.1015625
1360771438.457,182.87037037037038
1360771438.519,168.93382352941177
1360771438.519,7800.367647058824
1360771438.839,106.86728395061729
1360771438.838,2116.6930379746836
1360771431.919,28020.297897196262
1360771431.919,141.45611702127658
1360771431.919,74.64574898785426
1360771438.704,2897.9928861788617
1360771438.703,2689.532520325203
1360771439.213,267.6028481012658
1360771439.657,227.84810126582278
1360771432.55,406.5934065934066
1360771432.486,814.453125
1360771445.68,11405.392530487805
1360771438.443,65.10416666666667
1360771439.562,66.02822580645162
1360771439.626,45.30125899280576
1360771432.01,374.4612068965517
1360771432.072,148.61111111111111
1360771432.445,314.5380434782609
1360771432.612,244.0159574468085
1360771432.612,364.0988372093023
1360771432.8,1482.9044117647059
1360771432.957,343.75
1360771433.454,681.3151041666666
1360771433.517,324.468085106383
1360771433.516,308.76358695652175
1360771433.088,3210.1063829787236
1360771433.151,386.1842105263158
1360771438.584,9890.625
1360771438.647,11750.0
1360771438.519,7750.0
1360771438.646,7750.0
1360771439.363,5875.0
1360771439.363,9890.625
1360771456.175,32105.79570484582
1360771469.033,16214.488636363636
1360771469.414,15796.875
1360771469.478,8958.333333333334
1360771470.602,7656.25
1360771470.966,8625.0
1360771470.965,2979.1666666666665
1360771471.093,9835.9375
1360771470.965,11718.75
1360771471.282,14937.5
1360771471.282,157.55208333333334
1360771471.218,20093.75
1360771471.6,16281.25
1360771471.6,29447.916666666668
1360771471.728,4468.75
1360771471.728,8437.5
1360771471.535,14867.1875
1360771471.599,2614.5833333333335
1360771471.791,3634.375
1360771471.663,15804.6875
1360771471.662,5914.0625
1360771471.662,7289.0625
1360771471.789,8421.875
1360771469.961,238.09523809523807
1360771469.959,237.8472222222222
1360771470.085,5468.75
1360771470.467,15718.75
1360771470.53,6195.3125
1360771470.656,8848.958333333334
1360771470.91,11713.541666666666
1360771470.973,4476.5625
1360771471.101,4890.625
1360771471.228,6890.625
1360771471.164,9906.25
1360771471.228,9765.625
1360771471.291,6804.6875
1360771471.355,14036.458333333334
1360771471.609,6765.625
1360771471.597,9750.0
1360771471.597,7906.25
1360771471.596,8854.166666666666
1360771471.659,15750.0
1360771471.722,4853.125
1360771471.722,6429.6875
1360771471.785,66515.625
1360771469.634,1088.7382075471698
1360771470.14,87.56868131868131
1360771470.755,834.4907407407406
1360771471.711,107.39715189873418
1360771469.879,1353.7234042553193
1360771470.068,87.56868131868131
1360771470.933,86.68391719745223
1360771471.441,1111.7788461538462
1360771469.626,29.952617328519853
1360771471.573,74.1234756097561
1360771469.087,38943.75
1360771469.086,2009.375
1360771469.188,17328.125
1360771469.251,2009.375
1360771469.503,24187.5
1360771469.439,8603.298611111111
1360771469.883,50117.1875
1360771469.945,35207.03125
1360771469.943,14742.1875
1360771470.386,3528.125
1360771471.685,18843.75
1360771471.811,6046.875
1360771469.971,2511.71875
1360771469.971,43181.25
1360771469.969,1420.138888888889
1360771469.969,3442.1296296296296
1360771470.154,4414.0625
1360771470.766,26664.0625
1360771471.144,14369.791666666666
1360771471.143,98703.125
1360771471.142,35859.375
1360771471.266,7804.6875
1360771471.269,7800.78125
1360771471.586,14203.125
1360771471.713,20437.5
1360771471.027,4114.583333333333
1360771471.027,2213.5416666666665
1360771471.027,18437.5
1360771469.338,161781.25
1360771469.465,3814.375
1360771470.535,2426.339285714286
1360771470.98,10109.375
1360771520.187,2156.25
1360771513.056,11.488970588235295
1360771645.092,3367.1875
1360771645.092,3367.1875
1360771645.219,16786.458333333332
1360771645.345,93.75
1360771645.344,8140.625
1360771645.408,2320.3125
1360771645.661,9765.625
1360771645.661,13308.59375
1360771645.724,3195.3125
1360771645.724,13863.606770833334
1360771645.788,14036.458333333334
1360771645.724,3195.3125
1360771645.851,7906.25
1360771645.851,166.43258426966293
1360771645.787,4859.375
1360771645.85,5507.8125
1360771645.85,1654.8295454545455
1360771645.914,8437.5
1360771645.978,12859.375
1360771645.977,44406.25
1360771645.976,9085.9375
1360771644.375,15812.5
1360771644.629,12656.25
1360771644.565,15531.25
1360771646.484,6390.625
1360771646.455,9750.0
1360771646.52,7078.125
1360771646.52,10984.375
1360771646.519,8437.5
1360771646.518,15734.375
1360771644.854,1785.037878787879
1360771646.644,155869.79166666666
1360771645.039,9765.625
1360771645.132,14036.458333333334
1360771645.131,3260.4166666666665
1360771645.195,1472.3837209302326
1360771645.195,16412.109375
1360771645.258,9906.25
1360771645.258,14867.1875
1360771645.258,92.65988372093022
1360771645.258,10937.5
1360771645.638,13863.606770833334
1360771645.638,13863.606770833334
1360771645.638,3195.3125
1360771645.701,9750.0
1360771645.701,7875.0
1360771645.764,7078.125
1360771645.764,4468.75
1360771645.89,19822.916666666668
1360771645.889,16281.25
1360771645.952,3921.875
1360771645.952,19648.4375
1360771646.011,1683.0357142857142
1360771644.414,8859.375
1360771644.58,7656.25
1360771644.644,4468.75
1360771644.707,8859.375
1360771646.434,7906.25
1360771646.434,14578.125
1360771646.498,16765.625
1360771646.497,12859.375
1360771646.433,4468.75
1360771644.769,3260.4166666666665
1360771646.56,9085.9375
1360771644.895,9906.25
1360771644.895,2979.1666666666665
1360771644.958,3367.1875
1360771646.055,363.9112903225806
1360771657.893,8390.625
1360771651.332,74084.375
1360771657.818,26234.375
1360771658.072,8390.625
1360771642.804,904.6223958333334
1360771646.378,369.90814696485626
1360771646.74,50.13297872340426
1360771643.983,72260.41666666667
1360771644.05,348.2142857142857
1360771644.05,2140.625
1360771644.175,1712.5
1360771644.74,2761.363636363636
1360771644.74,58640.625
1360771644.721,58640.625
1360771643.825,1712.5
1360771643.825,70.67757009345794
1360771643.887,8828.125
1360771644.556,7123.579545454546
1360771644.556,58640.625
1360771644.464,40226.5625
1360771644.534,4084.3749999999995
1360771645.06,51843.75
1360771645.566,1545.4545454545455
1360771645.566,2445.3125
1360771645.566,3437.5
1360771645.63,1250.0
1360771645.629,1116.4772727272727
1360771645.693,828.125
1360771645.819,5876.233552631579
1360771645.883,8183.59375
1360771646.009,31671.875
1360771646.135,5110.054347826087
1360771646.195,814.84375
1360771644.91,65177.08333333333
1360771644.91,2459.8214285714284
1360771644.91,4121.25
1360771644.974,38500.0
1360771645.606,3359.375
1360771645.606,8953.125
1360771646.152,16437.5
1360771646.215,8742.1875
1360771647.588,13328.125
1360771645.066,1606.7708333333333
1360771644.945,13875.0
1360771647.208,126640.625
1360771655.748,47440.84821428572
1360771377.789,93021.25
1360771661.07,594.5242117117117
1360771702.959,2242.1875
1360771702.817,609.375
1360771702.816,3437.5
1360771721.184,2156.25
1360771763.254,7437.5
1360771763.254,8390.625
1360771763.38,8390.625
1360771763.302,8390.625
1360771760.24,39325.55147058824
1360771754.732,12468.75
1360771776.281,84173.95833333333
1360771762.836,47458.333333333336
1360771763.457,32656.25
1360771763.457,10401.041666666666
1360771763.457,37921.875
1360771763.457,42937.5
1360771763.455,38734.375
1360771763.455,35648.4375
1360771763.455,46859.375
1360771763.454,8875.0
1360771763.382,36421.875
1360771763.382,39281.25
1360771763.382,27437.5
1360771763.382,34093.75
1360771763.445,360.9544223826715
1360771763.352,40796.875
1360771763.351,73625.0
1360771763.351,34796.875
1360771763.351,20539.0625
1360771810.205,15531.25
1360771810.331,11484.375
1360771810.454,8792.96875
1360771810.709,8500.0
1360771810.517,20078.125
1360771810.769,6890.625
1360771810.58,7859.375
1360771810.899,2979.1666666666665
1360771811.198,7289.0625
1360771811.198,9906.25
1360771811.197,5898.4375
1360771811.261,6703.125
1360771811.069,4890.625
1360771811.261,6429.6875
1360771811.196,15750.0
1360771811.196,6992.1875
1360771811.259,8437.5
1360771811.259,9765.625
1360771811.513,14265.625
1360771811.573,19822.916666666668
1360771811.64,7312.5
1360771809.904,10937.5
1360771809.968,15812.5
1360771810.031,8239.583333333334
1360771810.221,8260.416666666666
1360771810.39,8796.875
1360771810.452,7851.5625
1360771810.578,13289.0625
1360771810.704,6890.625
1360771810.958,6867.1875
1360771811.084,45074.21875
1360771811.084,6804.6875
1360771811.083,4875.0
1360771811.147,7906.25
1360771811.21,9500.0
1360771811.273,9078.125
1360771811.336,14036.458333333334
1360771811.4,9500.0
1360771811.463,8140.625
1360771811.526,2614.5833333333335
1360771811.59,13281.25
1360771811.78,8984.375
1360771752.387,35120.79588779957
1360771811.985,3536.4583333333335
1360771809.934,87.56868131868131
1360771812.299,3656.25
1360771812.427,9175.78125
1360771810.63,160.90425531914892
1360771812.74,3656.25
1360771810.884,1230.769230769231
1360771811.174,107.39715189873418
1360771811.174,917.96875
1360771811.366,222.2222222222222
1360771811.428,736.328125
1360771809.69,1347.0744680851064
1360771809.689,19296.634615384617
1360771809.878,87.56868131868131
1360771812.223,10531.25
1360771799.057,107.91471962616822
1360771809.235,64.05336257309942
1360771809.22,1017.0036764705883
1360771810.149,4264.973958333333
1360771811.419,10109.375
1360771811.535,475703.125
1360771811.599,293062.5
1360771812.552,46062.5
1360771812.806,126640.625
1360771809.908,53635.416666666664
1360771811.056,5066.964285714285
1360771809.901,54097.65625
1360771809.9,64906.25
1360771809.9,4218.75
1360771809.9,881.6964285714286
1360771809.9,3843.75
1360771809.9,4414.0625
1360771809.9,1116.3194444444443
1360771809.9,1223.2142857142858
1360771811.231,77187.5
1360771811.295,95281.25
1360771812.451,7750.0
1360771811.612,39763.221153846156
1360771810.524,17901.041666666668
1360771810.885,12192.708333333334
1360771810.812,1328.125
1360771810.812,4859.375
1360771810.88,8843.75
1360771811.136,9065.104166666666
1360771811.132,8869.791666666666
1360771811.321,6546.875
1360771811.321,19781.25
1360771811.321,7570.3125
1360771809.802,12363.28125
1360771809.737,1427.0833333333333
1360771810.304,16116.071428571428
1360771812.454,5875.0
1360771810.657,12398.4375
1360771810.72,6387.5
1360771810.908,4847.65625
1360771811.706,7625.0
1360771838.519,16820.794753086422
1360771838.519,2162.615740740741
1360771838.519,15296.875
1360771838.519,9500.0
1360771838.582,1053.8194444444443
1360771838.645,7390.625
1360771838.772,7984.375
1360771838.962,15453.125
1360771838.962,5703.125
1360771839.026,5367.1875
1360771839.089,5695.3125
1360771839.089,5270.833333333333
1360771839.089,3437.5
1360771839.148,9750.0
1360771839.148,4484.375
1360771839.152,6992.1875
1360771839.152,7289.0625
1360771839.216,357.5367647058824
1360771839.216,8437.5
1360771839.216,11937.5
1360771839.216,6703.125
1360771839.279,5632.8125
1360771839.639,4359.375
1360771838.442,12312.5
1360771838.442,21768.32561728395
1360771838.442,2132.1373456790125
1360771838.442,9500.0
1360771838.442,9500.0
1360771838.758,24187.5
1360771838.816,6125.0
1360771838.88,11953.125
1360771838.884,13203.125
1360771838.884,9570.3125
1360771838.948,4250.0
1360771839.011,11234.375
1360771838.947,6359.375
1360771839.01,5554.6875
1360771839.073,5460.9375
1360771839.073,7867.1875
1360771839.073,5695.3125
1360771839.196,12859.375
1360771839.18,18140.625
1360771839.178,5765.625
1360771839.242,240.43367346938777
1360771838.521,3619.9296357615895
1360771838.584,64.29140127388536
1360771839.322,225.0
1360771847.702,8390.625
1360771837.65,950.2751572327044
1360771838.444,24877.260220125787
1360771838.57,138.25757575757575
1360771838.822,264.2578125
1360771838.886,197.19145569620252
1360771839.013,231.89786585365854
1360771839.14,107.39715189873418
1360771839.427,87.47632575757576
1360771839.426,2131.9665605095543
1360771847.615,13984.375
1360771847.742,8390.625
1360771852.229,11412.063953488372
1360771853.276,1437.5
1360771838.727,1020.3804347826086
1360771838.639,9812.5
1360771838.639,17265.625
1360771838.638,14328.125
1360771839.169,18500.0
1360771839.292,7570.3125
1360771839.356,11750.0
1360771839.266,5054.6875
1360771838.587,92.88194444444444
1360771838.938,4527.34375
1360771839.001,16171.875
1360771839.253,7750.0
1360771839.253,19781.25
1360771852.118,66.07142857142857
1360771847.233,48364.583333333336
1360771847.814,24460.9375
1360771847.814,17593.75
1360771847.814,33578.125
1360771847.814,9828.125
1360771847.813,8603.125
1360771847.813,7450.892857142857
1360771847.813,26218.75
1360771847.813,36234.375
1360771847.813,41312.5
1360771847.731,27500.0
1360771847.731,37125.0
1360771847.731,38015.625
1360771847.729,32531.25
1360771847.729,43781.25
1360771847.729,21226.5625
1360771847.729,30218.75
1360771847.729,47750.0
1360771867.726,5729.357798165138
1360771867.724,359.375
1360771885.471,42365.397135416664
1360771873.089,6781.25
1360771873.317,11367.1875
1360771894.98,10937.5
1360771894.975,15812.5
1360771895.233,11703.125
1360771895.297,8958.333333333334
1360771895.36,7859.375
1360771895.718,12750.0
1360771895.781,9992.1875
1360771896.034,4460.9375
1360771896.288,9500.0
1360771896.669,15804.6875
1360771896.856,6789.0625
1360771894.778,23767.578125
1360771895.031,12359.375
1360771895.095,7656.25
1360771895.659,15625.0
1360771895.659,6890.625
1360771896.046,19656.25
1360771896.094,4503.90625
1360771894.78,1061.1979166666667
1360771894.97,74.25213675213675
1360771895.709,650.5952380952381
1360771847.771,2770.1807669789227
1360771896.79,147.90482954545456
1360771894.333,55.31881313131313
1360771894.396,1054.1227409638554
1360771894.838,73.62288135593221
1360771895.888,86.5843949044586
1360771894.774,667.0021186440678
1360771894.94,2511.71875
1360771894.94,5739.583333333333
1360771894.94,27135.416666666668
1360771894.939,2511.71875
1360771895.319,26851.5625
1360771895.488,8501.736111111111
1360771896.059,5481.25
1360771896.695,12875.0
1360771896.886,23453.125
1360771896.945,7625.0
1360771896.945,7609.375
1360771894.795,8437.5
1360771894.859,3195.3125
1360771894.859,8828.125
1360771894.794,53769.53125
1360771894.858,2009.375
1360771895.223,11865.234375
1360771895.222,12968.75
1360771895.856,53328.125
1360771896.871,7609.375
1360771896.866,8593.75
1360771895.755,18765.625
1360771896.191,50700.520833333336
1360771894.629,64362.5
1360771894.819,3743.389423076923
1360771895.711,14062.5
1360771896.538,35375.0
1360771923.589,68093.75
1360771903.996,196.91051136363635
1360771923.915,2269.53125
1360771923.91,46250.0
1360771924.546,1179.1015625
1360771923.865,10218.75
1360771925.104,3554.6875
1360771923.787,41283.82554945055
1360771923.79,42430.80357142857
1360771923.789,4539.0625
1360771932.471,3437.5
1360771932.469,4484.375
1360771933.014,2156.25
1360771929.333,59708.11170212766
1360771935.456,41369.41149635037
1360771924.071,8252.604166666666
1360771923.653,65744.79166666667
1360771923.843,18984.375
1360771924.567,55656.25
1360771925.118,27734.375
1360771924.975,77187.5
1360771923.732,59484.375
1360771923.796,49351.5625
1360771924.118,36773.4375
1360771924.843,573812.5
1360771923.656,85349.43181818181
1360771951.184,17061.810661764706
1360771951.247,10937.5
1360771951.358,8859.375
1360771951.421,15531.25
1360771951.547,8500.0
1360771951.674,15703.125
1360771951.737,8958.333333333334
1360771951.737,3260.4166666666665
1360771951.864,8494.791666666666
1360771951.927,9765.625
1360771952.054,21054.6875
1360771952.18,16281.25
1360771952.37,4492.1875
1360771944.177,33035.845588235294
1360771952.561,15078.125
1360771952.624,3536.4583333333335
1360771952.75,18078.125
1360771952.75,10734.375
1360771952.749,15789.0625
1360771952.877,8421.875
1360771952.877,11994.791666666666
1360771953.004,7570.3125
1360771953.255,4557.291666666667
1360771951.231,15812.5
1360771951.526,4468.75
1360771951.652,15718.75
1360771951.776,9906.25
1360771952.16,3921.875
1360771952.159,8854.166666666666
1360771952.348,9828.125
1360771952.348,3234.375
1360771952.922,13578.125
1360771953.049,3093.75
1360771953.049,3574.21875
1360771953.113,12037.5
1360771953.304,640.625
1360771952.792,18117.1875
1360771952.983,3421.875
1360771953.111,11893.75
1360771950.704,63.94361413043478
1360771951.146,719.4562146892656
1360771962.986,2156.25
1360771951.273,49.64285714285714
1360771952.135,424.30124223602485
1360771952.39,86.68391719745223
1360771923.844,6312.577736318408
1360771952.897,87.35318791946308
1360771953.024,91.19897959183673
1360771950.441,957.2458791208791
1360771950.884,49.64285714285714
1360771923.455,12908.815298507463
1360771951.113,3324.21875
1360771951.113,8437.5
1360771951.113,2009.375
1360771951.113,4414.0625
1360771951.177,5734.375
1360771951.538,26851.5625
1360771951.18,3075.5208333333335
1360771952.008,2822.4431818181815
1360771952.995,8593.75
1360771953.058,7625.0
1360771953.058,7625.0
1360771951.006,64362.5
1360771951.036,43025.0
1360771951.036,2140.625
1360771951.036,40.22606382978723
1360771951.099,26864.583333333332
1360771951.035,1674.4791666666667
1360771951.099,64906.25
1360771951.391,10743.055555555555
1360771951.519,26851.5625
1360771952.153,53328.125
1360771952.785,20437.5
1360771952.785,11726.5625
1360771975.182,7148.4375
1360771976.172,8390.625
1360771975.11,8390.625
1360771971.008,27785.739942528737
1360771987.103,9500.0
1360771987.1,4750.0
1360771987.354,14453.125
1360771987.417,7984.375
1360771987.481,5703.125
1360771987.607,3734.375
1360771987.606,6359.375
1360771987.606,3578.125
1360771987.733,11531.25
1360771987.797,29500.0
1360771975.085,233.589824120603
1360771975.085,190.79773869346732
1360771975.211,5253.410532994923
1360771987.047,12328.125
1360771987.045,4750.0
1360771987.237,7390.625
1360771976.019,52.98913043478261
1360771987.408,7726.5625
1360771987.408,6601.5625
1360771987.599,5554.6875
1360771987.471,9570.3125
1360771987.471,5976.5625
1360771987.599,6132.8125
1360771987.534,4083.333333333333
1360771987.594,4250.0
1360771987.726,9765.625
1360771988.423,20363.715277777777
1360771974.0,1341.628959276018
1360771987.857,5250.0
1360771987.857,1718.75
1360771987.92,4484.375
1360771987.919,191.07142857142856
1360771987.919,158.25892857142856
1360771988.042,5695.3125
1360771988.17,133.48214285714286
1360771988.234,41.07142857142857
1360771975.109,217.25816582914572
1360771975.109,172.34610552763817
1360771975.109,197.6287688442211
1360771975.109,163.78768844221105
1360771975.109,114.7927135678392
1360771975.108,198.828125
1360771975.108,255.9673366834171
1360771975.108,175.80087939698493
1360771975.108,137.71984924623115
1360771987.048,5590.6613372093025
1360771987.045,2918.422965116279
1360771987.045,2849.3822674418607
1360771987.425,267.2072784810127
1360771987.487,226.27314814814815
1360771987.74,18859.375
1360771987.797,106.0546875
1360771987.845,4859.375
1360771987.846,3630.2083333333335
1360771987.845,260.9375
1360771990.149,7084.375
1360771987.908,5270.833333333333
1360771987.972,4468.75
1360771987.971,4218.75
1360771988.034,2053.819444444445
1360771987.97,4286.458333333333
1360771988.097,537.9464285714286
1360771988.096,275.3314393939394
1360771982.464,183575.96544715445
1360771988.348,2526.3671875
1360771975.031,211.953125
1360771988.66,1781.25
1360771987.032,862.215909090909
1360771986.967,4005.63226744186
1360771986.967,139.16471962616822
1360771988.951,161.9318181818182
1360771987.345,196.99367088607593
1360771987.345,287.3376623376623
1360771987.727,3496.09375
1360771987.727,4875.0
1360771987.663,4250.0
1360771987.663,10734.375
1360771998.092,9750.0
1360771998.091,7078.125
1360771998.091,5898.4375
1360771998.155,9078.125
1360771998.155,14578.125
1360771998.599,168.9082278481013
1360771999.107,41328.125
1360771997.119,3024.080882352941
1360771997.119,3601.1029411764707
1360771997.119,9500.0
1360771996.969,16630.74712643678
1360771999.721,28937.5
1360771997.096,9500.0
1360771997.41,5976.5625
1360771997.154,12093.75
1360771997.478,9570.3125
1360771997.477,11875.0
1360771999.973,9562.5
1360771997.604,11265.625
1360772000.035,16437.5
1360771997.662,1966.1458333333333
1360771997.662,2429.6875
1360771997.666,3049.4791666666665
1360771997.666,1906.25
1360771997.409,6601.5625
1360771997.665,1915.1785714285713
1360771997.473,11406.25
1360771997.473,15453.125
1360771997.473,1220.486111111111
1360771997.473,5554.6875
1360771997.535,5601.5625
1360772000.223,14468.75
1360771997.598,1748.046875
1360771997.662,2258.9285714285716
1360771997.662,1763.0208333333333
1360771997.827,2109.375
1360771997.826,3035.15625
1360771998.079,6703.125
1360771998.079,108.77403846153847
1360771998.079,12859.375
1360771998.078,8437.5
1360771998.142,225.0
1360771998.585,484.375
1360771998.648,7031.25
1360771998.583,43500.0
1360771996.911,12328.125
1360771996.909,4750.0
1360771999.449,30614.583333333332
1360771997.015,2274.8161764705883
1360771997.014,2911.337209302326
1360771997.014,3689.154411764706
1360771997.014,7390.625
1360771997.014,1393.75
1360771997.268,2871.09375
1360771997.14,16312.5
1360771997.393,226.27314814814815
1360771997.457,8500.0
1360771997.456,6359.375
1360771997.328,267.6028481012658
1360771997.519,2437.5
1360771997.45,10734.375
1360771997.516,2984.375
1360771997.579,2625.0
1360771997.579,104.74537037037037
1360771986.298,1691.9778963414633
1360771998.522,2116.6930379746836
1360771998.649,93.24596774193549
1360771996.899,138.33142201834863
1360771996.938,3294.7850318471337
1360771987.013,59.28456591639871
1360771987.086,234.57404458598728
1360771987.656,1425.390625
1360771987.911,177.83203125
1360771987.849,122.67080745341615
1360771988.1,79234.375
1360771987.041,416.96947674418607
1360771987.04,186.00716560509554
1360771987.381,892.5904088050315
1360771987.38,272.9668674698795
1360771987.881,114.02294303797468
1360771986.92,85.73717948717949
1360771986.919,232.8125
1360771986.983,178.77327127659575
1360771987.424,480.1048136645963
1360771987.296,197.51602564102564
1360771993.023,7583.333333333333
1360771992.831,6421.875
1360771998.272,50.13297872340426
1360771999.155,301.3678115015975
1360771996.957,1794.308357348703
1360771999.074,413.48841853035145
1360771997.015,314.7154850746269
1360771997.805,193984.375
1360771997.648,1678.5714285714287
1360771996.926,4382.8125
1360771997.053,272796.875
1360771997.474,5517.857142857143
1360771998.161,2350.0
1360771998.012,15140.625
1360771998.076,48.19426121372032
1360771998.519,58413.46153846154
1360771999.391,48781.25
1360771999.833,59171.875
1360772000.085,19895.833333333332
1360772000.882,3960.9375
1360772023.339,17343.75
1360772052.864,410.7142857142857
1360772082.731,2156.25
1360772097.797,19264.353197674416
1360772122.193,23375.0
1360772122.193,15531.25
1360772122.319,5703.125
1360772122.318,9570.3125
1360772122.318,15453.125
1360772122.318,11953.125
1360772122.38,6359.375
1360772122.444,5765.625
1360772122.508,5507.8125
1360772122.508,5289.0625
1360772122.443,12234.375
1360772122.507,8437.5
1360772122.443,9750.0
1360772122.507,14578.125
1360772122.506,7906.25
1360772122.57,6703.125
1360772122.57,4718.75
1360772122.631,5710.9375
1360772121.725,12328.125
1360772121.855,9500.0
1360772121.918,7390.625
1360772122.234,13203.125
1360772122.296,4250.0
1360772122.36,11203.125
1360772122.296,5367.1875
1360772122.356,11109.375
1360772122.422,15734.375
1360772122.421,5968.75
1360772122.48,6429.6875
1360772122.547,9085.9375
1360772123.053,4359.375
1360772121.65,4750.0
1360772121.778,9500.0
1360772122.294,608.1730769230769
1360772122.485,107.01308139534883
1360772122.732,143.6737804878049
1360772122.671,225.52710843373495
1360772122.984,101.83823529411765
1360772121.025,1487.4625748502995
1360772121.727,83234.85824742269
1360772121.727,3253.5438144329896
1360772121.727,4359.052835051546
1360772122.222,246.66432584269663
1360772122.221,182.75983146067415
1360772122.216,226.27314814814815
1360772122.411,213.4811046511628
1360772121.648,3426.707474226804
1360772121.647,163.24869791666666
1360772121.711,98.79557291666667
1360772121.711,63.88449367088607
1360772122.912,2130.1751592356686
1360772115.913,20851.5625
1360772121.485,8437.5
1360772121.676,4773.4375
1360772121.394,2089.409722222222
1360772121.458,903.2451923076923
1360772121.521,9632.8125
1360772121.521,14578.125
1360772122.322,77187.5
1360772122.448,10109.375
1360772122.133,20375.0
1360772122.258,15140.625
1360772122.258,19781.25
1360772122.257,3875.0
1360772122.383,22296.875
1360772122.507,23718.75
1360772122.871,2757.8125
1360772122.679,636640.625
1360772125.222,3609.375
1360772121.987,23312.5
1360772121.987,16234.375
1360772122.177,106390.625
1360772122.176,2350.0
1360772122.175,6546.875
1360772176.063,2156.25
1360772173.057,29053.92530487805
1360772190.396,8390.625
1360772183.535,47676.800271739135
1360772190.093,14000.0
1360772190.045,8390.625
1360772188.724,20728.79464285714
1360772190.548,47812.5
1360772190.548,37828.125
1360772190.547,36578.125
1360772190.547,26859.375
1360772190.67,8062.5
1360772190.293,25531.25
1360772190.272,42437.5
1360772190.272,34515.625
1360772190.271,41281.25
1360772190.271,54484.375
1360772220.148,5068.1475903614455
1360772220.148,9500.0
1360772220.148,9500.0
1360772220.4,15437.5
1360772220.399,14046.875
1360772220.525,2988.28125
1360772220.525,192.51543209876542
1360772220.525,260.9953703703703
1360772220.525,2559.8958333333335
1360772220.525,3300.78125
1360772219.433,11505.681818181818
1360772220.904,6312.5
1360772221.031,107.39715189873418
1360772220.967,7828.125
1360772221.073,9085.9375
1360772221.135,222.2222222222222
1360772221.708,6007.8125
1360772221.708,5960.9375
1360772221.708,5781.25
1360772221.708,5507.8125
1360772221.835,11421.875
1360772220.09,12312.5
1360772220.074,17203.689759036144
1360772220.074,9500.0
1360772220.199,146.97265625
1360772220.263,14781.25
1360772220.516,234.7608024691358
1360772220.451,266.63961038961037
1360772220.446,2851.5625
1360772220.705,2833.3333333333335
1360772220.893,9750.0
1360772220.892,7242.1875
1360772220.955,6703.125
1360772220.955,6375.0
1360772220.955,15812.5
1360772220.955,4661.458333333333
1360772220.955,8437.5
1360772221.018,12765.625
1360772221.51,9570.3125
1360772221.637,5367.1875
1360772221.637,5289.0625
1360772221.764,12203.125
1360772208.491,7588.541666666667
1360772208.217,6421.875
1360772220.2,53.72536945812808
1360772220.199,46.72105911330049
1360772221.017,96.6282894736842
1360772221.187,63.00133689839572
1360772220.592,521.875
1360772220.528,10414.0625
1360772220.904,2662.9464285714284
1360772220.968,8054.6875
1360772221.325,19781.25
1360772221.388,2350.0
1360772221.388,7812.5
1360772220.448,3818.75
1360772220.447,8812.5
1360772220.445,10414.0625
1360772220.8,1895.4326923076924
1360772220.984,36.05769230769231
1360772221.173,19437.5
1360772221.234,5054.6875
1360772221.233,9375.0
1360772221.233,7570.3125
1360772222.543,276.6285211267606
1360772262.693,7718.75
1360772263.265,14015.625
1360772263.2,1625.0
1360772263.2,311.0795454545455
1360772263.264,11406.25
1360772263.328,5960.9375
1360772263.327,12718.75
1360772263.391,7875.0
1360772263.391,9750.0
1360772263.454,12750.0
1360772263.454,15812.5
1360772263.454,4468.75
1360772263.518,6052.083333333333
1360772263.517,55359.375
1360772263.645,159.85576923076923
1360772263.517,32203.125
1360772263.642,9414.0625
1360772263.769,22312.5
1360772263.896,18828.125
1360772267.776,9500.0
1360772264.383,5976.5625
1360772264.383,11359.375
1360772267.774,9500.0
1360772264.572,167218.75
1360772262.198,2570.1308139534885
1360772262.202,4750.0
1360772262.199,2957.303779069767
1360772262.769,28906.25
1360772263.195,15343.75
1360772263.257,11546.875
1360772263.256,6171.875
1360772263.32,5507.8125
1360772263.32,7289.0625
1360772263.383,10578.125
1360772263.383,4718.75
1360772263.383,8437.5
1360772263.255,12015.625
1360772263.447,30312.5
1360772263.446,12859.375
1360772263.508,11390.625
1360772263.825,3554.6875
1360772264.205,9570.3125
1360772264.458,8500.0
1360772267.721,12312.5
1360772267.721,9500.0
1360772262.128,2287.427325581395
1360772262.128,4750.0
1360772262.128,12328.125
1360772262.128,4750.0
1360772262.192,677.4553571428571
1360772262.382,14687.5
1360772267.781,7343.75
1360772267.908,15437.5
1360772268.097,15359.375
1360772268.096,11953.125
1360772268.159,11531.25
1360772268.159,8500.0
1360772268.094,5773.4375
1360772268.221,15656.25
1360772268.221,5270.833333333333
1360772263.164,216.1624203821656
1360772268.409,10578.125
1360772268.409,9085.9375
1360772263.608,163.6284722222222
1360772268.597,5710.9375
1360772267.697,3165.4829545454545
1360772267.67,2952.414772727273
1360772267.673,2042.0809659090908
1360772269.273,4359.375
1360772267.849,14453.125
1360772267.97,306.4365671641791
1360772268.024,14015.625
1360772268.024,11406.25
1360772268.087,9750.0
1360772268.151,12625.0
1360772268.023,9570.3125
1360772268.022,5554.6875
1360772268.15,12015.625
1360772268.15,11359.375
1360772268.15,4718.75
1360772268.085,7242.1875
1360772268.149,10984.375
1360772263.029,254.20673076923077
1360772263.092,187.09677419354838
1360772268.148,4468.75
1360772263.22,95.56451612903226
1360772268.339,4250.0
1360772268.273,8437.5
1360772268.336,12859.375
1360772263.472,212.85377358490564
1360772267.626,3734.9076704545455
1360772264.425,102.27272727272728
1360772269.096,179.58860759493672
1360772269.416,14343.75
1360772262.018,56394.46428571428
1360772262.145,145.42643229166666
1360772263.173,114.6590909090909
1360772268.607,49.920550847457626
1360772279.998,4195.3125
1360772279.917,5197.916666666667
1360772280.044,8390.625
1360772269.096,2130.1751592356686
1360772261.287,4939.110209923664
1360772262.09,76.18801652892563
1360772262.552,400.2130681818182
1360772262.547,598.2349537037037
1360772262.547,5031.25
1360772262.462,374.4673295454545
1360772262.465,71.90860215053765
1360772262.465,272.1688034188034
1360772263.203,250.40584415584416
1360772263.453,358851.5625
1360772263.205,284.48275862068965
1360772263.71,2008.223684210526
1360772263.71,486.37820512820514
1360772263.773,159.49675324675326
1360772263.773,492.1875
1360772263.773,497.5328947368421
1360772263.124,418.6356707317073
1360772263.504,5046.875
1360772263.568,1585.15625
1360772263.694,554.9918831168831
1360772263.753,416.80194805194805
1360772263.757,307.5657894736842
1360772263.757,180.92105263157896
1360772263.921,49979.166666666664
1360772289.554,20015.625
1360772290.51,9505.208333333334
1360772288.458,19593.75
1360772268.579,16140.625
1360772269.049,14864.583333333334
1360772268.142,23.890113350125944
1360772269.218,47453.125
1360772268.119,977.1341463414634
1360772269.527,37421.875
1360772269.761,30250.0
1360772278.652,17714.84375
1360772278.556,89.28571428571429
1360772280.395,39578.125
1360772280.373,53125.0
1360772280.373,35765.625
1360772280.377,44609.375
1360772280.292,24312.5
1360772280.292,36421.875
1360772280.292,35453.125
1360772280.292,47609.375
1360772280.292,34296.875
1360772280.292,39093.75
1360772280.482,320234.375
1360772291.264,43149.58079268293
1360772298.358,11375.0
1360772298.076,6781.25
1360772316.459,65075.69781553398
1360772322.731,1802.0833333333333
1360772322.789,656.25
1360772322.793,656.25
1360772322.919,2242.1875
1360772323.721,656.25
1360772323.721,359.375
1360772323.787,781.25
1360772323.618,656.25
1360772323.609,656.25
1360772334.108,28125.0
1360772334.235,14015.625
1360772334.235,270.6330128205128
1360772334.235,15453.125
1360772334.235,288.0067567567567
1360772334.235,1248.2421875
1360772334.234,226.27314814814815
1360772334.298,1832.5892857142858
1360772334.298,10734.375
1360772334.361,5554.6875
1360772334.357,6171.875
1360772334.424,11937.5
1360772334.424,7289.0625
1360772334.424,7875.0
1360772334.488,4661.458333333333
1360772334.424,5270.833333333333
1360772334.551,12203.125
1360772334.55,9750.0
1360772334.614,14578.125
1360772334.555,4768.601190476191
1360772334.554,101122.02380952382
1360772334.554,4887.834821428572
1360772334.554,4750.0
1360772334.554,4750.0
1360772334.554,146.64713541666666
1360772334.743,7390.625
1360772335.119,6125.0
1360772335.183,11953.125
1360772335.182,11406.25
1360772335.182,9570.3125
1360772335.246,8500.0
1360772335.245,6359.375
1360772335.309,5679.6875
1360772335.373,11390.625
1360772335.373,9750.0
1360772335.369,5898.4375
1360772335.352,182.87037037037038
1360772335.416,6703.125
1360772335.415,8437.5
1360772335.479,127.57120253164558
1360772335.542,8437.5
1360772335.542,4661.458333333333
1360772335.542,12859.375
1360772335.541,11796.875
1360772335.541,18171.875
1360772335.541,4468.75
1360772335.604,225.0
1360772335.983,2179.6875
1360772334.479,3192.1502976190473
1360772334.479,4725.446428571428
1360772334.478,4750.0
1360772334.478,3943.8244047619046
1360772334.542,6171.875
1360772334.858,15968.75
1360772320.672,36.93181818181819
1360772334.27,113.68189102564102
1360772334.523,119.0137987012987
1360772334.649,120.78536184210527
1360772334.902,1983.7278106508875
1360772332.85,1522.9037267080746
1360772343.789,12343.75
1360772343.852,9500.0
1360772344.024,14453.125
1360772344.023,15531.25
1360772344.151,11953.125
1360772344.151,6380.208333333333
1360772344.15,5703.125
1360772344.214,5367.1875
1360772344.213,6359.375
1360772344.341,11109.375
1360772344.277,9750.0
1360772344.341,7906.25
1360772344.337,12750.0
1360772344.337,15750.0
1360772344.34,12171.875
1360772344.34,11531.25
1360772344.34,3496.09375
1360772344.468,6703.125
1360772344.403,6429.6875
1360772344.467,12203.125
1360772335.636,78.54166666666666
1360772335.825,55.56582840236687
1360772344.648,4750.0
1360772344.775,9500.0
1360772344.901,14781.25
1360772345.091,15453.125
1360772345.091,6601.5625
1360772345.219,6007.8125
1360772334.595,60.02768987341772
1360772334.595,77.53164556962025
1360772345.283,10984.375
1360772345.154,4250.0
1360772345.346,9750.0
1360772345.41,9085.9375
1360772345.282,14578.125
1360772345.281,4468.75
1360772345.281,5289.0625
1360772345.321,7289.0625
1360772345.321,5492.1875
1360772345.388,4661.458333333333
1360772346.784,2179.6875
1360772343.138,799.70703125
1360772343.709,16704.268292682926
1360772343.709,1758.4713855421687
1360772343.709,133.8443396226415
1360772343.709,2045.933734939759
1360772343.772,64.29140127388536
1360772345.131,197.19145569620252
1360772345.13,270.6330128205128
1360772345.32,96.875
1360772345.51,225.0
1360772346.655,103.72740963855422
1360772344.635,22870.670180722893
1360772344.635,20130.27108433735
1360772344.634,2194.931402439024
1360772345.142,1085.6408227848103
1360772345.077,280.42763157894734
1360772345.137,229.1015625
1360772345.33,107.39715189873418
1360772346.587,2116.6930379746836
1360772333.856,170.7940251572327
1360772333.851,435.0036982248521
1360772333.704,228.3203125
1360772334.313,95.72784810126582
1360772334.857,807.9927884615385
1360772334.781,265.43090062111804
1360772334.229,228.5276073619632
1360772334.355,231.81089743589746
1360772334.68,183.56854838709677
1360772334.994,570.3616352201259
1360772335.057,47875.0
1360772335.18,250.81168831168833
1360772335.18,126.6025641025641
1360772335.311,252.45098039215685
1360772335.31,146.50974025974025
1360772334.941,1945.5128205128206
1360772335.004,145.56451612903226
1360772335.003,151.27388535031847
1360772335.13,563250.0
1360772335.194,3875.0
1360772344.337,62.877155172413794
1360772344.401,63.20285467128027
1360772344.591,44.18859649122807
1360772357.582,2156.25
1360772344.704,31.826761744966444
1360772344.636,10109.375
1360772345.769,801546.875
1360772344.526,9320.3125
1360772344.589,16203.125
1360772366.935,8390.625
1360772366.934,533.0882352941177
1360772366.998,541.3602941176471
1360772348.591,7218.75
1360772375.711,43184.26724137931
1360772365.128,11876.953125
1360772367.219,31.015625
1360772367.218,116.73940149625935
1360772367.218,75.63123441396509
1360772367.069,36.051212938005385
1360772367.133,81.953125
1360772367.133,78.984375
1360772367.131,107.8515625
1360772367.131,129.9609375
1360772367.131,104.4140625
1360772367.385,26.63934426229508
1360772368.501,135.43701171875
1360772390.679,238.09523809523807
1360772390.679,237.8472222222222
1360772390.932,13289.0625
1360772391.868,15312.5
1360772391.931,7906.25
1360772392.183,12390.625
1360772392.437,4536.458333333333
1360772392.372,17578.125
1360772392.56,4536.458333333333
1360772392.627,16265.625
1360772392.563,160.90425531914892
1360772392.563,14036.458333333334
1360772392.754,3402.34375
1360772392.753,2320.3125
1360772393.007,18828.125
1360772393.135,9500.0
1360772393.134,18828.125
1360772391.183,4806.42361111111
1360772391.622,238.09523809523807
1360772391.622,238.09523809523807
1360772391.622,16431.396484375
1360772391.686,10218.75
1360772391.984,12351.5625
1360772384.047,78915.7100340136
1360772392.046,15531.25
1360772392.046,2979.1666666666665
1360772392.108,14171.875
1360772392.235,4890.625
1360772392.234,15718.75
1360772392.298,11489.583333333334
1360772392.298,13414.0625
1360772392.361,12750.0
1360772392.361,9765.625
1360772392.297,9906.25
1360772392.551,30296.875
1360772392.55,30312.5
1360772392.614,8140.625
1360772392.614,9911.458333333334
1360772392.678,799.2788461538462
1360772392.676,12994.791666666666
1360772392.931,18562.5
1360772392.93,22312.5
1360772392.93,9824.21875
1360772393.121,7109.375
1360772391.574,1772.6934523809523
1360772391.7,97.1798780487805
1360772393.222,1089.2009493670887
1360772393.157,63.793789808917204
1360772391.647,97.1798780487805
1360772382.19,9.848484848484848
1360772391.754,56921.875
1360772390.82,4150.135869565218
1360772390.691,160906.25
1360772392.091,685187.5
1360772392.604,9171.875
1360772391.214,165875.0
1360772391.214,8437.5
1360772391.278,71833.33333333333
1360772391.278,2945.5645161290327
1360772391.402,2140.625
1360772391.4,4414.0625
1360772391.712,12746.09375
1360772392.199,6724.609375
1360772392.573,150187.5
1360772392.764,467750.0
1360772392.986,625062.5
1360772391.516,2181.9196428571427
1360772391.705,2511.71875
1360772391.704,1223.2142857142858
1360772392.176,12247.395833333334
1360772392.238,1846.3541666666667
1360772392.362,8718.75
1360772392.548,2717.6339285714284
1360772418.156,479.1666666666667
1360772423.811,4484.375
1360772468.304,12312.5
1360772468.303,15296.875
1360772468.366,9500.0
1360772468.235,9500.0
1360772468.298,9500.0
1360772454.208,5676.227168949771
1360772469.054,5445.3125
1360772469.117,1336.6477272727273
1360772469.117,1829.6875
1360772469.18,9085.9375
1360772468.282,1973.7215909090908
1360772468.282,2487.393465909091
1360772468.282,6373.224431818182
1360772468.282,2727.9829545454545
1360772468.282,5251.598011363637
1360772469.305,7875.0
1360772469.305,2356.25
1360772469.431,14781.25
1360772469.495,28093.75
1360772469.491,16312.5
1360772469.491,117.1875
1360772469.558,5976.5625
1360772469.558,5703.125
1360772469.621,229.1015625
1360772469.621,9570.3125
1360772469.684,5367.1875
1360772469.684,7875.0
1360772469.684,7289.0625
1360772469.748,12171.875
1360772469.811,12859.375
1360772469.873,11390.625
1360772469.012,9750.0
1360772469.012,176.49147727272725
1360772469.012,7906.25
1360772469.076,6703.125
1360772469.264,245.6597222222222
1360772468.24,2670.276988636364
1360772469.359,12859.375
1360772469.359,294.5667613636364
1360772469.358,14578.125
1360772469.485,301.93014705882354
1360772469.485,267.6028481012658
1360772469.485,7726.5625
1360772469.485,7007.8125
1360772469.611,9750.0
1360772469.611,4250.0
1360772469.611,5898.4375
1360772469.611,5601.5625
1360772469.547,3828.125
1360772469.611,7906.25
1360772469.611,5937.5
1360772469.674,4718.75
1360772469.674,6703.125
1360772469.61,6359.375
1360772469.673,11531.25
1360772469.737,10578.125
1360772468.777,1110.252808988764
1360772469.737,12750.0
1360772469.736,9085.9375
1360772468.297,37.9375
1360772469.32,46.60790598290598
1360772469.763,83.81304824561403
1360772467.487,928.2562022900763
1360772469.877,52.59486607142857
1360772485.901,2866.3563829787236
1360772485.9,3157.5797872340427
1360772492.748,10937.5
1360772486.15,7390.625
1360772486.452,14453.125
1360772486.897,271.03365384615387
1360772486.897,7007.8125
1360772486.897,197.38924050632912
1360772486.897,1105.617088607595
1360772486.896,263.22115384615387
1360772486.896,5703.125
1360772486.896,11953.125
1360772486.896,6380.208333333333
1360772487.024,9750.0
1360772486.959,6359.375
1360772487.023,5445.3125
1360772487.023,11109.375
1360772487.023,7289.0625
1360772487.018,6375.0
1360772487.086,4468.75
1360772487.213,11390.625
1360772487.276,14578.125
1360772487.276,11015.625
1360772487.276,4661.458333333333
1360772487.276,4468.75
1360772487.784,4359.375
1360772469.09,123.23943661971832
1360772485.824,4170.2927215189875
1360772485.888,9500.0
1360772485.823,3692.652925531915
1360772485.823,110575.29920212766
1360772485.823,4725.276898734177
1360772485.819,9500.0
1360772485.822,147.94921875
1360772485.886,9500.0
1360772492.732,14984.375
1360772486.46,1435.546875
1360772486.204,8156.25
1360772486.651,5937.5
1360772486.905,4250.0
1360772486.969,12046.875
1360772486.969,7875.0
1360772486.969,180.640243902439
1360772486.968,7906.25
1360772486.968,6085.9375
1360772487.032,4661.458333333333
1360772487.159,12859.375
1360772487.159,9085.9375
1360772486.839,15453.125
1360772486.839,226.27314814814815
1360772486.88,11546.875
1360772487.2,8437.5
1360772487.002,11437.5
1360772487.006,5695.3125
1360772487.133,9750.0
1360772487.197,225.0
1360772468.197,132.01754385964912
1360772469.128,65.10416666666667
1360772469.31,375.4202322738386
1360772469.31,63.50556930693069
1360772469.314,38.26530612244898
1360772468.353,90.84128878281624
1360772469.376,114.14392059553349
1360772468.643,581.347911227154
1360772468.915,928.7683823529411
1360772468.977,178.921568627451
1360772468.976,124.27236519607843
1360772468.976,189.03186274509804
1360772468.975,59.97242647058824
1360772469.226,162.078373015873
1360772468.2,53.86904761904762
1360772469.224,88.37407178217822
1360772469.579,84.52418341708542
1360772492.521,4394.425675675676
1360772492.988,7656.25
1360772493.113,8500.0
1360772493.239,759.4803370786517
1360772485.239,1551.8145161290322
1360772493.301,8773.4375
1360772492.593,339.84375
1360772492.593,1301.5625
1360772485.872,69.61206896551724
1360772492.592,3165.625
1360772492.592,187.109375
1360772492.592,241.015625
1360772492.591,19136.71875
1360772492.591,5331.173780487805
1360772492.714,209.70394736842104
1360772492.782,5339.949324324324
1360772494.463,7796.875
1360772497.727,3421.875
1360772497.599,6789.0625
1360772486.778,132.3885658914729
1360772494.588,9992.1875
1360772495.033,3847.65625
1360772495.033,2437.5
1360772495.097,3644.53125
1360772495.096,822.6102941176471
1360772495.031,2234.375
1360772495.095,3162.5
1360772495.095,392.29910714285717
1360772487.095,5323.336693548387
1360772495.413,4434.375
1360772487.157,757.0564516129033
1360772487.54,2860.844017094017
1360772487.54,35.65705128205128
1360772492.827,13437.5
1360772492.825,7765.625
1360772492.888,7281.25
1360772492.951,12359.375
1360772493.013,8500.0
1360772496.339,2105.46875
1360772492.113,3821.180555555555
1360772492.43,271.484375
1360772493.453,4536.458333333333
1360772492.429,234.375
1360772493.453,4460.9375
1360772492.428,231.25
1360772485.707,65.40948275862068
1360772497.03,17385.416666666668
1360772492.554,209.70394736842104
1360772497.585,7570.3125
1360772486.769,243.65234375
1360772494.385,9820.3125
1360772494.511,9902.34375
1360772494.765,1098.496835443038
1360772494.892,14723.958333333334
1360772486.764,438.232421875
1360772495.019,106.0546875
1360772495.019,3933.59375
1360772487.147,96.56762295081968
1360772486.89,267.85714285714283
1360772495.21,2109.375
1360772495.27,2375.0
1360772495.27,918.5267857142857
1360772495.338,3603.125
1360772495.337,31763.75
1360772495.733,214.28571428571428
1360772495.923,1016.5441176470589
1360772493.526,86.68391719745223
1360772503.222,23537.89511494253
1360772515.844,8390.625
1360772515.844,4906.25
1360772515.971,8390.625
1360772495.193,61.503775167785236
1360772495.825,43.728298611111114
1360772492.731,3825.0
1360772492.668,4859.375
1360772493.676,7625.0
1360772495.288,2583.3333333333335
1360772495.288,783.3333333333334
1360772495.73,33.482142857142854
1360772495.538,4690.625
1360772493.042,17901.041666666668
1360772493.396,26664.0625
1360772493.581,16843.75
1360772494.571,7625.0
1360772494.571,7625.0
1360772494.951,6851.5625
1360772495.205,2182.2916666666665
1360772495.204,1798.2954545454545
1360772494.253,3369.7916666666665
1360772494.506,68884.61538461539
1360772498.094,126640.625
1360772495.018,16484.375
1360772495.648,2015.625
1360772496.086,8593.75
1360772496.635,10218.75
1360772498.092,13343.75
1360772498.118,2872.3958333333335
1360772498.499,15406.25
1360772510.624,652.6710893854749
1360772522.887,8478.662634408602
1360772515.849,29765.625
1360772515.849,34609.375
1360772515.849,41437.5
1360772515.849,30140.625
1360772515.849,35156.25
1360772515.849,66046.875
1360772515.849,10843.75
1360772513.881,11672.5
1360772515.76,27531.25
1360772515.76,48609.375
1360772515.76,49781.25
1360772515.76,29515.625
1360772515.76,35031.25
1360772515.76,41000.0
1360772515.76,26578.125
1360772515.76,32140.625
1360772533.556,98152.34375
1360772521.737,84.4279661016949
1360772521.529,100.89869281045752
1360772543.925,13125.0
1360772543.924,4750.0
1360772543.988,1580.7291666666667
1360772543.988,4750.0
1360772544.301,5322.916666666667
1360772544.368,2242.1875
1360772544.432,5151.041666666667
1360772544.495,3984.375
1360772544.686,18552.083333333332
1360772544.558,6380.208333333333
1360772544.686,5367.1875
1360772544.686,6101.5625
1360772544.745,5695.3125
1360772544.621,6359.375
1360772544.685,4250.0
1360772544.685,15156.25
1360772544.749,6125.0
1360772544.813,4468.75
1360772544.748,5492.1875
1360772544.94,12859.375
1360772544.812,3496.09375
1360772544.94,9085.9375
1360772544.94,5695.3125
1360772544.811,6375.0
1360772545.13,3554.6875
1360772545.194,9414.0625
1360772545.935,32203.125
1360772546.058,9414.0625
1360772543.94,9500.0
1360772544.042,4927.083333333333
1360772544.169,14453.125
1360772544.357,3802.0833333333335
1360772544.421,4401.041666666667
1360772544.548,6007.8125
1360772544.611,5554.6875
1360772544.611,6125.0
1360772544.675,9750.0
1360772544.674,7875.0
1360772544.738,14578.125
1360772544.738,7906.25
1360772544.928,11156.25
1360772543.938,2657.7620967741937
1360772543.938,142.03125
1360772543.997,64.29140127388536
1360772544.445,194.921875
1360772544.509,297.554347826087
1360772544.825,107.39715189873418
1360772545.016,222.2222222222222
1360772543.886,3877.49335106383
1360772543.886,67321.14361702128
1360772544.434,264.2578125
1360772544.493,226.27314814814815
1360772543.138,1526.2911676646706
1360772544.668,2660.3558394160586
1360772544.498,146.70758928571428
1360772544.817,31.02355072463768
1360772544.816,66.30681818181817
1360772544.879,41.92216981132076
1360772544.879,559.13549270073
1360772561.77,4750.0
1360772561.833,12343.75
1360772561.769,4750.0
1360772561.833,1053.8194444444443
1360772562.253,6359.375
1360772562.317,5367.1875
1360772562.379,962.9934210526316
1360772562.379,3539.0625
1360772562.379,7289.0625
1360772562.379,6375.0
1360772562.379,5750.0
1360772562.379,5695.3125
1360772562.378,7875.0
1360772562.442,4468.75
1360772562.378,5937.5
1360772562.441,8437.5
1360772563.65,8437.5
1360772563.393,20726.5625
1360772563.585,5492.1875
1360772563.585,7828.125
1360772563.649,4661.458333333333
1360772563.713,8585.9375
1360772544.745,48.63636363636364
1360772544.998,46.99160447761194
1360772561.696,4750.0
1360772561.886,7390.625
1360772561.945,28906.25
1360772562.073,7718.75
1360772562.077,4401.041666666667
1360772562.141,6380.208333333333
1360772562.013,8156.25
1360772562.077,5976.5625
1360772562.077,5703.125
1360772562.14,2296.875
1360772545.948,601.1962890625
1360772562.14,5960.9375
1360772562.204,4250.0
1360772545.947,123.10791015625
1360772562.267,11203.125
1360772562.306,7906.25
1360772562.306,9750.0
1360772562.302,5914.0625
1360772562.305,5710.9375
1360772562.432,12859.375
1360772562.432,9085.9375
1360772562.432,5695.3125
1360772562.558,785.4166666666666
1360772563.513,7289.0625
1360772563.512,9750.0
1360772563.512,7875.0
1360772563.576,6703.125
1360772563.844,6429.6875
1360772543.812,261.90960912052117
1360772544.578,770.481418918919
1360772544.77,96.45127118644068
1360772543.883,47.939068100358426
1360772543.882,72.58064516129033
1360772543.946,132.0921985815603
1360772544.388,520.4196750902527
1360772544.705,103.37409420289855
1360772544.64,170.66089527027026
1360772544.703,189.30084745762713
1360772543.857,80.86917562724015
1360772543.861,118.27956989247312
1360772544.368,111.41304347826086
1360772544.621,61.06991525423729
1360772561.765,17329.873251748253
1360772561.765,3408.7890625
1360772561.764,4463.671875
1360772561.764,3268.9453125
1360772561.764,4194.140625
1360772561.764,147.82475490196077
1360772562.066,273.75
1360772562.128,197.5870253164557
1360772562.192,226.27314814814815
1360772560.931,1435.639880952381
1360772561.691,5612.664473684211
1360772561.69,63.88449367088607
1360772562.071,267.6028481012658
1360772562.135,1060.7421875
1360772562.304,152.70618556701032
1360772562.494,338.4375
1360772555.378,17312.5
1360772578.883,7726.5625
1360772578.626,13156.25
1360772578.626,1053.8194444444443
1360772578.946,5960.9375
1360772579.01,8500.0
1360772579.01,6359.375
1360772579.073,6171.875
1360772579.137,10578.125
1360772578.816,15531.25
1360772578.88,6601.5625
1360772578.88,5976.5625
1360772578.944,5367.1875
1360772579.008,4875.0
1360772579.392,22312.5
1360772579.072,6375.0
1360772579.072,7289.0625
1360772579.072,4468.75
1360772579.136,30312.5
1360772579.52,7109.375
1360772579.199,12203.125
1360772578.507,9500.0
1360772578.629,14781.25
1360772578.696,28906.25
1360772578.824,9570.3125
1360772578.759,5703.125
1360772578.887,6007.8125
1360772578.951,5492.1875
1360772578.951,7828.125
1360772578.95,3539.0625
1360772579.078,9085.9375
1360772579.206,18828.125
1360772578.95,5632.8125
1360772578.95,7875.0
1360772578.95,18614.583333333332
1360772579.014,8437.5
1360772579.013,16101.5625
1360772579.073,12859.375
1360772579.396,18828.125
1360772579.652,4359.375
1360772563.595,111.24625748502993
1360772563.851,72.27760736196319
1360772562.328,168.65636704119848
1360772562.327,127.8735632183908
1360772562.391,75.96153846153845
1360772587.975,14453.125
1360772588.101,7726.5625
1360772588.165,6380.208333333333
1360772588.291,4875.0
1360772588.291,3786.4583333333335
1360772588.291,3578.125
1360772588.355,7875.0
1360772588.354,4250.0
1360772588.354,5270.833333333333
1360772588.417,5289.0625
1360772588.48,8437.5
1360772588.543,5648.4375
1360772588.543,9078.125
1360772577.95,1655.3938356164383
1360772578.65,112.25620567375887
1360772578.583,16823.39348591549
1360772578.967,113.00616197183099
1360772578.967,229.1015625
1360772579.092,127.27864583333334
1360772578.9,154.59947183098592
1360772579.347,129.0948275862069
1360772579.346,86.62683823529412
1360772587.73,4750.0
1360772587.73,4750.0
1360772588.048,5976.5625
1360772588.048,5703.125
1360772588.048,4401.041666666667
1360772588.048,2871.09375
1360772588.175,2833.3333333333335
1360772588.174,4239.583333333333
1360772588.238,5617.1875
1360772588.238,5937.5
1360772588.238,3973.9583333333335
1360772588.302,5492.1875
1360772588.302,7289.0625
1360772588.297,2796.875
1360772588.301,3351.5625
1360772588.364,3843.75
1360772588.408,4286.458333333333
1360772578.852,148.60139860139859
1360772578.83,113.96416083916083
1360772579.019,63.91059027777778
1360772579.147,78.71685606060606
1360772587.594,4750.0
1360772587.658,7390.625
1360772587.757,6156.25
1360772579.693,64.54741379310344
1360772588.013,16312.5
1360772588.08,273.75
1360772588.079,197.19145569620252
1360772588.079,264.2578125
1360772588.206,226.27314814814815
1360772588.647,222.2222222222222
1360772587.648,4755.9799382716055
1360772587.648,2123.2638888888887
1360772587.648,137.18463302752292
1360772587.648,5394.290123456791
1360772587.648,3148.91975308642
1360772588.988,4359.375
1360772588.281,107.39715189873418
1360772588.823,92.0877659574468
1360772587.577,2891.203703703704
1360772587.577,27353.414948453606
1360772578.501,157.24031690140845
1360772578.435,408.9626736111111
1360772578.435,244.24913194444446
1360772578.882,338.6501736111111
1360772578.946,79.64409722222223
1360772578.749,40218.75
1360772579.136,75093.75
1360772579.517,2213.662790697674
1360772578.42,233.53794642857142
1360772578.42,62.07912457912458
1360772578.355,94.19014084507042
1360772578.419,395.625
1360772578.737,16953.125
1360772578.798,250.4340277777778
1360772588.638,51.4030612244898
1360772603.384,12828.125
1360772587.703,39.39430501930502
1360772603.184,12828.125
1360772587.183,918.9967105263158
1360772578.969,1047.7430555555557
1360772579.032,126.50862068965519
1360772579.322,717703.125
1360772580.127,153093.75
1360772580.125,30671.875
1360772583.27,17328.125
1360772588.693,323851.5625
1360772587.919,8148.4375
1360772588.17,32984.375
1360772588.17,10812.5
1360772588.169,5484.375
1360772588.359,23078.125
1360772610.254,18899.462090163932
1360772626.862,9500.0
1360772627.118,14781.25
1360772627.373,6380.208333333333
1360772627.437,5773.4375
1360772627.373,15453.125
1360772627.373,5703.125
1360772627.501,12015.625
1360772627.373,11953.125
1360772627.565,9750.0
1360772627.565,6375.0
1360772627.565,7289.0625
1360772627.501,12718.75
1360772627.501,32203.125
1360772627.629,4661.458333333333
1360772627.501,15156.25
1360772627.501,6132.8125
1360772627.688,6429.6875
1360772627.56,7859.375
1360772627.752,18156.25
1360772627.752,381.00961538461536
1360772627.624,6703.125
1360772627.624,8437.5
1360772627.624,9414.0625
1360772627.752,7109.375
1360772628.746,3640.625
1360772618.046,12376.596715328467
1360772626.779,9500.0
1360772626.779,790.3645833333334
1360772626.778,9500.0
1360772627.162,14453.125
1360772627.097,7765.625
1360772627.289,14015.625
1360772627.353,11109.375
1360772627.417,28359.375
1360772627.417,8500.0
1360772627.481,5898.4375
1360772627.481,5695.3125
1360772627.481,7906.25
1360772627.545,11531.25
1360772627.609,5664.0625
1360772610.917,17312.5
1360772626.212,832.1058917197453
1360772626.846,1661.9073275862067
1360772626.846,19301.185344827587
1360772626.846,37402.25
1360772626.846,141.70258620689654
1360772627.357,223.5137195121951
1360772627.805,185.33415841584159
1360772627.805,116.6460396039604
1360772628.538,104.63483146067416
1360772626.761,1011.4493534482758
1360772626.761,10858.970905172415
1360772626.76,16194.77370689655
1360772627.272,150.89699074074073
1360772627.272,204.86111111111111
1360772627.208,201.40481651376146
1360772627.463,87.64880952380952
1360772627.463,165.32738095238093
1360772627.527,99.90985576923077
1360772628.616,2069.444444444445
1360772626.846,64.29140127388536
1360772621.988,12411.458333333334
1360772626.768,3365.625
1360772626.768,4539.0625
1360772627.211,12375.0
1360772627.146,40500.0
1360772627.379,31078.125
1360772627.442,17828.125
1360772627.441,10812.5
1360772626.683,17359.375
1360772626.682,14937.5
1360772626.682,625.4340277777778
1360772645.985,8461.376404494382
1360772627.526,9171.875
1360772664.252,4484.375
1360772657.586,24197.916666666668
1360772666.388,8390.625
1360772663.124,3669.7443181818185
1360772667.468,8390.625
1360772666.311,3898.4375
1360772644.211,172.41915422885572
1360772655.237,3672.794117647059
1360772675.335,16926.71130952381
1360772665.395,26450.28409090909
1360772666.086,42218.75
1360772666.021,8437.5
1360772666.338,9484.375
1360772667.071,10843.75
1360772665.998,25437.5
1360772665.998,23406.25
1360772665.997,35468.75
1360772720.413,2156.25
1360772736.933,12328.125
1360772737.06,9500.0
1360772737.188,28906.25
1360772737.124,14781.25
1360772737.188,16312.5
1360772737.251,7007.8125
1360772737.315,5742.1875
1360772737.311,11953.125
1360772737.374,12718.75
1360772737.378,11203.125
1360772737.442,11359.375
1360772737.442,7875.0
1360772737.441,5492.1875
1360772737.505,6703.125
1360772737.441,3496.09375
1360772738.816,11296.875
1360772739.006,4359.375
1360772736.865,4750.0
1360772736.992,9500.0
1360772737.182,7726.5625
1360772737.182,5703.125
1360772737.246,9570.3125
1360772737.309,11109.375
1360772737.308,4250.0
1360772737.372,11875.0
1360772737.372,9750.0
1360772737.372,7289.0625
1360772737.372,5773.4375
1360772737.371,7906.25
1360772737.371,5695.3125
1360772737.499,12859.375
1360772737.498,9085.9375
1360772737.815,12343.75
1360772738.616,12750.0
1360772736.358,1449.6423192771083
1360772736.928,2474.2445054945056
1360772736.992,139.01869158878506
1360772736.927,28612.98076923077
1360772737.436,107.39715189873418
1360772737.944,127.57120253164558
1360772738.044,13972.115384615385
1360772738.867,95.63873626373626
1360772736.852,4939.732142857143
1360772736.852,2248.1112637362635
1360772736.916,64.29140127388536
1360772737.169,197.38924050632912
1360772737.169,300.17605633802816
1360772737.232,263.8671875
1360772737.232,210.66810344827584
1360772737.549,227.84810126582278
1360772738.245,178343.5483870968
1360772736.97,46.95235148514851
1360772737.223,148.99289099526067
1360772749.894,2895.089285714286
1360772749.958,12343.75
1360772749.894,4750.0
1360772749.893,148.75
1360772737.477,86.83035714285714
1360772750.275,14781.25
1360772737.856,57.751225490196084
1360772750.592,15531.25
1360772750.635,264.2578125
1360772750.699,11406.25
1360772750.699,6380.208333333333
1360772750.635,7726.5625
1360772750.699,14015.625
1360772750.699,199.9198717948718
1360772750.761,6359.375
1360772750.825,106.0546875
1360772750.889,7906.25
1360772750.889,5367.1875
1360772750.889,5898.4375
1360772750.889,5679.6875
1360772750.889,3496.09375
1360772750.888,3351.5625
1360772751.016,9085.9375
1360772751.143,225.0
1360772751.206,5968.75
1360772751.333,12203.125
1360772751.396,104.66867469879517
1360772751.587,4359.375
1360772749.817,4750.0
1360772749.817,4750.0
1360772749.817,5019.2307692307695
1360772749.817,2615.3846153846152
1360772749.817,3360.7486263736264
1360772750.517,24187.5
1360772750.644,226.27314814814815
1360772750.644,5960.9375
1360772750.708,4250.0
1360772750.579,5976.5625
1360772750.811,6187.5
1360772750.684,5601.5625
1360772750.748,9750.0
1360772750.748,7875.0
1360772750.811,7289.0625
1360772750.811,5289.0625
1360772750.811,4218.75
1360772750.874,4286.458333333333
1360772738.774,1710.4591836734694
1360772736.673,242.5338669950739
1360772736.801,159.51492537313433
1360772736.765,118.5478855721393
1360772737.022,723.3412322274881
1360772737.138,91.3803317535545
1360772736.585,192.2872340425532
1360772737.03,315.38228155339806
1360772737.03,80.95238095238096
1360772737.029,58.20497630331754
1360772737.093,65.47619047619048
1360772737.093,134.88372093023256
1360772737.093,443.91606280193236
1360772738.085,190.64070351758795
1360772736.497,74.87623762376238
1360772736.56,392.688679245283
1360772736.92,180.0595238095238
1360772737.174,312.5
1360772737.173,31.25
1360772737.994,151.25644329896906
1360772749.453,1470.1878834355828
1360772749.896,73865.96996753247
1360772751.461,2130.1751592356686
1360772749.886,64.29140127388536
1360772768.277,230.52884615384616
1360772768.403,10937.5
1360772768.593,15531.25
1360772768.593,15812.5
1360772768.656,13289.0625
1360772768.72,8500.0
1360772768.973,4468.75
1360772769.162,4890.625
1360772769.352,9906.25
1360772769.415,9765.625
1360772769.415,3195.3125
1360772769.479,15750.0
1360772769.479,1405.048076923077
1360772769.543,6703.125
1360772769.542,14036.458333333334
1360772769.606,12859.375
1360772769.733,16281.25
1360772769.732,1309.0277777777776
1360772769.731,2614.5833333333335
1360772769.795,13098.958333333334
1360772770.288,7906.25
1360772750.895,75.92064315352697
1360772770.286,3496.09375
1360772751.147,53.138185654008446
1360772768.455,7656.25
1360772768.582,13083.333333333334
1360772768.834,7859.375
1360772768.96,12750.0
1360772769.405,7289.0625
1360772769.405,5492.1875
1360772769.405,3539.0625
1360772769.404,7906.25
1360772769.595,77.65151515151516
1360772769.531,9085.9375
1360772749.814,36.90418287937743
1360772770.229,14578.125
1360772770.229,7875.0
1360772770.036,3367.1875
1360772770.292,8437.5
1360772770.356,12859.375
1360772770.204,5507.8125
1360772770.268,6703.125
1360772770.331,18171.875
1360772768.145,17210.096153846156
1360772768.145,230.76923076923077
1360772750.08,514.5609318996416
1360772768.277,46.954314720812185
1360772768.404,44.55128205128205
1360772769.416,149.4413407821229
1360772769.48,207.1629213483146
1360772769.48,90.23876404494382
1360772769.48,87.25421348314606
1360772770.409,51.18865030674847
1360772768.225,646.4149746192893
1360772768.346,44.55128205128205
1360772768.393,48.32474226804124
1360772768.455,1131.800518134715
1360772768.835,198.61296791443849
1360772768.835,951.370320855615
1360772769.406,164.1502808988764
1360772769.596,363.9112903225806
1360772769.978,351.60872781065086
1360772770.168,305.25225903614455
1360772774.328,20886.757425742573
1360772767.701,57.67463235294118
1360772767.765,857.3835784313726
1360772768.146,1002.9346446700507
1360772768.146,55.123730964467
1360772756.787,10.195035460992909
1360772768.107,1629.419191919192
1360772768.491,5991.328534031414
1360772768.81,588.3736559139785
1360772768.809,545.950940860215
1360772769.32,107.01815642458101
1360772770.15,2294.7733918128656
1360772768.18,187.0216836734694
1360772768.435,7124.754581151833
1360772768.755,4794.270833333333
1360772768.758,796.6229838709678
1360772769.266,847.4162011173185
1360772768.266,47.588832487309645
1360772768.266,263.8888888888889
1360772768.265,519.8074494949495
1360772768.329,109.13944723618091
1360772768.2,312.8156565656566
1360772780.936,2242.1875
1360772768.456,49.69394329896907
1360772780.999,4195.3125
1360772768.646,284.9312827225131
1360772769.468,68.4691011235955
1360772770.272,110.70075757575758
1360772770.463,72.72376543209877
1360772780.882,7000.0
1360772780.783,4195.3125
1360772769.389,71.57821229050279
1360772767.558,67.55050505050505
1360772783.368,42290.9375
1360772778.474,3868.75
1360772797.417,4195.3125
1360772797.48,26234.375
1360772797.798,8390.625
1360772780.405,10851.5625
1360772780.405,16932.291666666668
1360772780.405,17601.5625
1360772780.405,16177.083333333332
1360772780.405,21164.0625
1360772780.405,10929.6875
1360772780.404,21820.3125
1360772780.468,14296.875
1360772780.467,40734.375
1360772780.383,27750.0
1360772780.383,21437.5
1360772780.383,45375.0
1360772780.383,4359.375
1360772780.286,8921.875
1360772780.285,18101.5625
1360772780.285,23734.375
1360772780.285,21859.375
1360772780.285,15023.4375
1360772780.285,14093.75
1360772797.171,7210.9375
1360772797.318,548734.375
1360772815.169,2204.326923076923
1360772875.067,2156.25
1360772984.882,12750.0
1360772984.946,7851.5625
1360772985.072,10179.6875
1360772985.072,9500.0
1360772985.072,10994.791666666666
1360772985.072,2371.09375
1360772985.262,28906.25
1360772985.198,22171.875
1360772985.389,11406.25
1360772985.325,9500.0
1360772985.325,10994.791666666666
1360772985.388,9570.3125
1360772985.452,11546.875
1360772985.451,4250.0
1360772985.579,14578.125
1360772985.579,11109.375
1360772985.579,11531.25
1360772985.511,6117.1875
1360772985.575,1777.34375
1360772985.575,5976.5625
1360772985.575,6601.5625
1360772985.578,5703.125
1360772985.578,5289.0625
1360772986.34,8437.5
1360772986.339,9750.0
1360772986.339,4250.0
1360772986.403,6429.6875
1360772986.403,9085.9375
1360772986.403,5367.1875
1360772986.399,5601.5625
1360772986.403,2984.375
1360772986.403,4468.75
1360772986.402,8437.5
1360772986.505,19671.875
1360772986.632,13260.416666666666
1360772984.321,8585.9375
1360772984.634,15812.5
1360772984.761,15531.25
1360772984.696,6786.458333333333
1360772984.888,45156.25
1360772984.887,7859.375
1360772984.998,12750.0
1360772985.315,11953.125
1360772985.315,15453.125
1360772985.315,14015.625
1360772985.378,6359.375
1360772985.378,10125.0
1360772985.378,6007.8125
1360772985.442,28093.75
1360772985.442,9750.0
1360772985.505,7906.25
1360772985.505,11796.875
1360772985.505,15750.0
1360772985.505,7078.125
1360772986.331,7289.0625
1360772986.266,4661.458333333333
1360772986.33,11937.5
1360772986.33,11796.875
1360772986.394,6117.1875
1360772986.458,6375.0
1360772986.583,20671.875
1360772984.376,10937.5
1360772984.725,1105.3292410714287
1360772985.105,486.328125
1360772985.104,354.0396341463415
1360772985.294,185.15625
1360772986.104,160.1808176100629
1360772983.73,1047.064393939394
1360772984.043,1563.2716049382716
1360772984.968,477.78614457831327
1360772985.031,844.921875
1360772985.031,220.82078313253012
1360772984.098,100.87025316455696
1360772984.096,84.77393617021276
1360772996.522,9465.51724137931
1360772986.321,50.13297872340426
1360772984.634,4908.482142857143
1360772984.634,1712.5
1360772984.697,5744.791666666667
1360772984.696,2511.71875
1360772984.501,87617.1875
1360772984.564,2009.375
1360772984.628,97359.375
1360772984.499,15125.0
1360772984.563,2846.875
1360772984.627,8828.125
1360772984.247,792.6904176904177
1360772985.247,392.42327365728903
1360772985.311,51.5224358974359
1360772984.203,350.518254950495
1360772984.894,93.14903846153847
1360772985.067,482.5251889168766
1360772985.067,135.37779850746267
1360772985.636,78.08524173027989
1360772985.699,139.35273536895673
1360772985.825,52.80448717948718
1360772986.634,46.2118700265252
1360772986.634,22.131962864721487
1360772986.76,8640.625
1360772984.984,135.37779850746267
1360772985.554,24.507428940568474
1360772985.68,77.12595907928389
1360772985.744,45.67307692307692
1360772985.744,21.898976982097185
1360772985.743,33.333333333333336
1360772985.743,46.8349358974359
1360772986.546,144.88260582010582
1360772986.481,54.48082010582011
1360772986.481,53.57142857142857
1360772986.545,22.131962864721487
1360772986.545,22.652116402116402
1360773004.819,1581.367924528302
1360773009.992,9500.0
1360773010.118,7343.75
1360773010.354,6601.5625
1360773010.226,28906.25
1360773010.353,6380.208333333333
1360773010.353,2242.1875
1360773010.48,6007.8125
1360773010.607,11390.625
1360773010.734,11390.625
1360773011.561,10890.625
1360773011.624,9085.9375
1360773011.494,4661.458333333333
1360773009.917,9500.0
1360773009.917,1580.7291666666667
1360773009.917,12328.125
1360773009.916,9500.0
1360773010.169,15437.5
1360773010.296,5703.125
1360773010.296,2625.0
1360773010.296,7679.6875
1360773010.359,5960.9375
1360773010.423,5367.1875
1360773010.423,6312.5
1360773010.419,5679.6875
1360773010.482,12375.0
1360773010.55,6375.0
1360773011.417,8500.0
1360773011.417,9750.0
1360773011.48,15750.0
1360773011.48,15812.5
1360773011.288,5976.5625
1360773011.48,4468.75
1360773011.48,14578.125
1360773011.48,8437.5
1360773011.543,12859.375
1360773003.797,12792.220744680852
1360773011.469,772.2772277227723
1360773011.533,109.21875
1360773009.927,102.5
1360773010.087,790.9349173553719
1360773010.086,11303.073347107438
1360773013.164,2179.6875
1360773009.257,776.9990808823529
1360773009.383,289.4123134328358
1360773017.51,10937.5
1360773017.51,7859.375
1360773017.891,7859.375
1360773018.017,12703.125
1360773009.953,8757.875
1360773010.017,3013.482862903226
1360773010.017,1539.3145161290322
1360773010.016,2135.3326612903224
1360773018.335,14036.458333333334
1360773018.526,16187.5
1360773010.398,137.07983193277312
1360773018.503,2320.3125
1360773010.503,297.00969827586204
1360773018.631,3260.4166666666665
1360773018.883,8565.625
1360773018.942,3195.3125
1360773019.01,7242.1875
1360773019.01,5507.8125
1360773019.01,7906.25
1360773019.073,6703.125
1360773011.774,346.50735294117646
1360773011.516,101.875
1360773011.579,361.4864864864865
1360773012.985,111.81006493506493
1360773012.985,4346.996753246753
1360773012.854,260.68037974683546
1360773009.317,238.22294776119404
1360773017.252,3028.7298387096776
1360773017.57,8828.125
1360773017.825,4468.75
1360773009.952,1548.6391129032259
1360773009.952,3512.3487903225805
1360773009.952,127.64616935483872
1360773009.952,195.94254032258067
1360773009.952,81.40120967741936
1360773018.015,7804.6875
1360773018.015,4890.625
1360773018.142,8828.125
1360773010.333,180.08474576271186
1360773010.269,184.48004201680672
1360773010.332,226.27314814814815
1360773018.396,2979.1666666666665
1360773018.523,19601.5625
1360773018.459,8495.535714285714
1360773018.712,9906.25
1360773018.967,7078.125
1360773018.967,7828.125
1360773019.095,13859.375
1360773019.095,9585.9375
1360773018.966,8437.5
1360773011.433,92.96085858585859
1360773011.433,73.39015151515152
1360773011.624,194.98697916666666
1360773011.432,495.35472972972974
1360773011.432,94.375
1360773017.222,1582.8125
1360773017.285,7343.26171875
1360773017.285,234.375
1360773017.412,85.68548387096773
1360773018.978,107.39715189873418
1360773016.792,62.58928571428571
1360773017.153,16542.30769230769
1360773017.217,230.76923076923077
1360773017.402,86.61684782608695
1360773018.612,1075.9765625
1360773008.293,11734.375
1360773008.1,148.84334415584416
1360773010.238,118.36283185840708
1360773010.62,274.1608796296297
1360773016.867,835.7858009708738
1360773018.24,49.91610738255033
1360773018.88,272.7272727272727
1360773018.944,38.32236842105263
1360773017.195,1034.0544871794873
1360773017.287,338.7738853503185
1360773017.987,125.1594387755102
1360773017.668,135.19895498392285
1360773017.604,690.187101910828
1360773017.668,154.4471153846154
1360773017.668,125.3505608974359
1360773017.668,633.2632211538462
1360773017.668,149.33894230769232
1360773017.668,128.05488782051282
1360773017.667,143.42948717948718
1360773017.667,156.55144694533763
1360773017.667,167.31770833333334
1360773017.667,206.22996794871796
1360773017.921,35.25771103896104
1360773018.175,179.01932565789474
1360773018.3,180.20488410596028
1360773019.301,61.46197552447553
1360773019.364,35.74561403508772
1360773019.364,64.08991228070175
1360773017.584,167.75522508038586
1360773017.584,156.55048076923077
1360773017.584,134.11458333333334
1360773017.584,34.8056891025641
1360773017.52,29.552715654952074
1360773017.583,157.6522435897436
1360773017.583,129.65745192307693
1360773017.583,127.4539262820513
1360773017.583,167.16746794871796
1360773017.583,60.09615384615385
1360773018.028,348.9754098360656
1360773019.275,72.51320422535211
1360773019.338,33.114035087719294
1360773019.273,55.97587719298246
1360773019.273,25.49342105263158
1360773036.916,9500.0
1360773036.974,14781.25
1360773037.168,209.07738095238096
1360773037.231,156.85096153846155
1360773036.847,135.9375
1360773036.847,1580.7291666666667
1360773037.231,9570.3125
1360773037.231,204.32692307692307
1360773036.778,15900.61936936937
1360773036.778,4197.635135135135
1360773037.29,5601.5625
1360773036.778,2745.636261261261
1360773037.358,12234.375
1360773037.421,11875.0
1360773037.421,5492.1875
1360773037.421,4661.458333333333
1360773037.421,7875.0
1360773037.484,28218.75
1360773037.356,12718.75
1360773037.356,11109.375
1360773037.548,6101.5625
1360773037.483,12750.0
1360773037.483,6703.125
1360773037.483,15156.25
1360773037.546,32203.125
1360773037.542,9085.9375
1360773037.673,200.38659793814435
1360773037.673,121.45618556701031
1360773037.862,9414.0625
1360773038.115,104.16666666666667
1360773036.863,9500.0
1360773037.03,28906.25
1360773037.029,8156.25
1360773036.708,2148.5078828828828
1360773036.707,1921.0304054054054
1360773037.091,7007.8125
1360773037.091,5703.125
1360773037.091,5151.041666666667
1360773037.09,5976.5625
1360773037.154,223.5137195121951
1360773037.153,4484.375
1360773037.217,5742.1875
1360773037.217,4250.0
1360773037.281,11546.875
1360773037.28,6171.875
1360773037.344,1950.0
1360773037.344,7289.0625
1360773037.344,91.12004950495049
1360773037.344,5289.0625
1360773037.344,7906.25
1360773037.344,179.07475490196077
1360773037.47,6429.6875
1360773037.534,106.02678571428571
1360773037.597,18828.125
1360773037.661,22312.5
1360773037.66,8437.5
1360773037.787,3554.6875
1360773038.231,2179.6875
1360773038.172,2116.6930379746836
1360773036.786,4633.655024509804
1360773036.849,67.74068322981367
1360773036.072,1124.9323593073593
1360773037.607,57.98921130952381
1360773049.826,42177.04814189189
1360773037.126,77187.5
1360773037.244,10109.375
1360773037.689,731359.375
1360773037.561,8132.8125
1360773037.624,27270.833333333332
1360773037.239,838.1696428571429
1360773037.814,4254.464285714285
1360773038.001,50526.041666666664
1360773037.222,6364.583333333333
1360773037.601,19437.5
1360773037.727,15140.625
1360773037.727,6546.875
1360773037.791,11750.0
1360773037.791,7812.5
1360773062.93,19136.672794117647
1360773075.913,7718.75
1360773075.913,5976.5625
1360773076.04,12718.75
1360773076.04,8500.0
1360773075.528,12312.5
1360773076.168,7906.25
1360773076.168,4468.75
1360773075.591,4750.0
1360773075.655,9500.0
1360773076.038,5601.5625
1360773076.102,9750.0
1360773076.102,4718.75
1360773076.166,10984.375
1360773076.166,5968.75
1360773076.166,15750.0
1360773076.29,7171.875
1360773076.421,10203.125
1360773076.737,4359.375
1360773075.455,7648.4375
1360773075.583,9500.0
1360773075.647,7390.625
1360773075.71,14046.875
1360773075.774,7765.625
1360773075.902,9570.3125
1360773075.834,7007.8125
1360773075.834,5703.125
1360773075.965,5554.6875
1360773076.029,10734.375
1360773076.029,11359.375
1360773076.029,5289.0625
1360773076.093,7289.0625
1360773076.093,8437.5
1360773076.093,5765.625
1360773076.093,15687.5
1360773076.22,12859.375
1360773076.22,11390.625
1360773076.22,9085.9375
1360773059.316,146.84851694915255
1360773076.499,222.2222222222222
1360773076.688,97.43679775280899
1360773075.618,4912.043539325842
1360773075.617,3245.4353932584268
1360773075.617,2963.834269662921
1360773076.063,311.0795454545455
1360773075.543,20856.3904494382
1360773075.543,6936.271067415731
1360773075.543,2309.5154494382023
1360773075.606,168.3673469387755
1360773075.925,197.19145569620252
1360773075.924,263.4765625
1360773075.988,226.27314814814815
1360773076.18,107.39715189873418
1360773076.511,50.13297872340426
1360773085.148,7000.0
1360773075.632,64.29140127388536
1360773076.333,48.927436440677965
1360773076.649,2131.9665605095543
1360773085.094,8390.625
1360773085.222,8390.625
1360773074.945,1473.2680722891566
1360773082.823,1169.6797520661157
1360773076.031,27.651239067055393
1360773076.606,27.355072463768117
1360773076.094,63.779239766081865
1360773076.411,226.04466858789627
1360773076.583,52.52368804664724
1360773075.954,122.50169376693768
1360773076.013,173.99135446685878
1360773076.335,66.26074498567336
1360773076.271,89.65014577259475
1360773076.398,146.84774709302326
1360773076.462,49.41860465116279
1360773076.521,65.58866279069768
1360773076.521,59.8655523255814
1360773076.521,2418.1050145348836
1360773076.509,53.18859011627907
1360773085.194,206.09756097560975
1360773085.194,159.52743902439022
1360773085.194,191.3871951219512
1360773085.194,47.63719512195122
1360773097.666,4750.0
1360773097.661,13125.0
1360773097.729,9500.0
1360773098.047,5703.125
1360773098.047,6380.208333333333
1360773097.982,7007.8125
1360773098.174,4239.583333333333
1360773098.174,2882.8125
1360773098.046,5976.5625
1360773098.301,3661.4583333333335
1360773098.297,5250.0
1360773098.297,5270.833333333333
1360773098.365,3958.3333333333335
1360773098.173,2125.0
1360773098.3,3786.4583333333335
1360773098.3,3848.9583333333335
1360773098.913,4359.375
1360773085.145,185.0609756097561
1360773085.145,167.4542682926829
1360773085.144,163.49085365853657
1360773085.144,172.484756097561
1360773097.666,1053.8194444444443
1360773097.661,4750.0
1360773097.792,14781.25
1360773097.792,14453.125
1360773097.855,8156.25
1360773097.982,15406.25
1360773098.045,2980.46875
1360773098.041,1914.0625
1360773098.109,4015.625
1360773098.172,2796.875
1360773098.236,4859.375
1360773098.236,4875.0
1360773098.235,3351.5625
1360773098.299,3979.1666666666665
1360773098.363,4218.75
1360773098.299,3796.875
1360773098.426,6429.6875
1360773098.489,18171.875
1360773098.489,12203.125
1360773075.533,165.85144927536234
1360773076.042,444.97084548104954
1360773076.105,55.88768115942029
1360773075.565,109.42028985507247
1360773075.564,82.48546511627906
1360773097.643,20089.130434782608
1360773097.643,129.4836956521739
1360773097.643,2347.1467391304345
1360773097.957,197.77590090090092
1360773098.017,148.4375
1360773098.258,173.20165094339623
1360773098.576,192.45049504950495
1360773098.576,116.6460396039604
1360773097.567,1535.1902173913043
1360773097.567,4197.554347826087
1360773097.567,2605.5706521739135
1360773097.631,64.29140127388536
1360773097.884,193.1818181818182
1360773097.947,237.6953125
1360773098.201,86.82193396226415
1360773098.645,95.18494897959184
1360773098.709,2116.6930379746836
1360773096.017,1364.3229166666665
1360773085.537,124.66276978417267
1360773106.991,11951.618975903613
1360773096.325,325.0
1360773096.325,110.29411764705883
1360773096.435,98.6842105263158
1360773098.646,5046.875
1360773098.709,9890.625
1360773098.707,3906.25
1360773098.308,32984.375
1360773098.434,15645.833333333334
1360773128.714,9500.0
1360773128.714,9500.0
1360773128.904,28093.75
1360773128.904,8156.25
1360773129.031,11953.125
1360773129.031,15453.125
1360773129.031,9570.3125
1360773129.031,3828.125
1360773129.158,5937.5
1360773129.158,8500.0
1360773129.158,5679.6875
1360773129.222,6992.1875
1360773129.221,7906.25
1360773129.221,4468.75
1360773129.348,12859.375
1360773129.412,12203.125
1360773128.662,12312.5
1360773128.662,9500.0
1360773128.789,14781.25
1360773128.916,7007.8125
1360773128.98,11406.25
1360773128.98,5960.9375
1360773129.107,11234.375
1360773129.107,12718.75
1360773129.107,5367.1875
1360773129.107,4875.0
1360773129.17,5898.4375
1360773129.17,7289.0625
1360773129.17,7875.0
1360773129.17,5765.625
1360773129.17,5968.75
1360773129.234,5695.3125
1360773129.233,8437.5
1360773129.275,9085.9375
1360773129.655,4359.375
1360773128.654,3432.1338383838383
1360773128.653,94.84375
1360773128.907,231.08552631578945
1360773128.97,171.54605263157896
1360773128.97,235.37234042553192
1360773129.16,200.5774456521739
1360773129.413,212.7130681818182
1360773128.6,12815.183080808081
1360773128.6,140.78125
1360773128.6,64.29140127388536
1360773128.917,226.27314814814815
1360773129.089,145.38043478260872
1360773129.089,100.03396739130436
1360773129.341,133.8778409090909
1360773129.468,96.52777777777779
1360773129.532,2130.1751592356686
1360773127.728,1693.8794378698226
1360773123.164,62123.46311475409
1360773128.833,9171.875
1360773129.474,31078.125
1360773128.95,944.2934782608695
1360773129.013,10308.59375
1360773129.329,45187.5
1360773154.666,2156.25
1360773211.252,5031.25
1360774624.401,4574.448529411765
1360774624.584,1330.6051587301588
1360774633.344,4195.3125
1360774633.6,8390.625
1360774633.343,5197.916666666667
1360774639.856,1678.125
1360774643.247,2520.8333333333335
1360774640.017,493.56617647058823
1360774629.905,256.71140939597313
1360774639.774,2884.375
1360774643.161,4195.3125
1360774622.103,92.7734375
1360774620.052,4266.741071428572
1360774623.088,2812.5
1360774623.088,2812.5
1360774623.085,93.33554376657825
1360774623.085,2109.375
1360774621.261,4848.350694444444
1360774623.0,2812.5
1360774621.174,128015.625
1360774625.342,5584.239130434782
1360774647.288,2796.875
1360774647.208,2928.125
1360774628.408,141.63306451612902
1360774633.493,4322.846283783784
1360774633.323,323.4447004608295
1360774633.323,323.51670506912444
1360774633.323,30203.125
1360774633.323,330.53977272727275
1360774633.323,331.43721198156686
1360774633.323,39234.375
1360774633.323,722.9787844036697
1360774633.323,392.7228009259259
1360774633.323,341.01382488479265
1360774633.386,143.125
1360774633.218,352.9665898617512
1360774633.216,286.07430875576034
1360774633.216,261.6647465437788
1360774633.216,385.00864055299536
1360774647.151,36765.625
1360774647.15,36875.0
1360774647.15,23601.5625
1360774647.15,22218.75
1360774647.15,16507.8125
1360774647.149,3146.3068181818185
1360774647.629,240631.69642857142
1360774647.067,105390.625
1360774647.067,36640.625
1360774647.067,41031.25
1360774647.067,48625.0
1360774647.067,20085.9375
1360774647.064,38671.875
1360774632.805,5907.013705416116
1360774684.174,2156.25
1360774681.35,89.84375
1360774685.73,13968.75
1360774633.329,4403.47546728972
1360774665.168,1189.0625
1360774664.838,80.27597402597402
1360774688.195,4036.458333333333
1360774688.195,3250.0
1360774688.259,5270.833333333333
1360774688.259,4114.583333333333
1360774686.143,2628.125
1360774688.447,4218.75
1360774688.701,6117.1875
1360774684.979,15854.03963414634
1360774684.979,7533.346036585366
1360774687.068,5895.833333333333
1360774685.211,2824.3018617021276
1360774687.512,2281.25
1360774687.574,260.9953703703703
1360774687.574,2988.28125
1360774687.574,192.32253086419755
1360774687.571,2002.232142857143
1360774687.826,1416.6666666666667
1360774685.833,3882.8125
1360774688.188,3703.125
1360774688.185,5250.0
1360774688.185,3942.7083333333335
1360774688.181,4859.375
1360774688.181,2796.875
1360774688.181,106.0546875
1360774688.185,1915.1785714285713
1360774688.249,3526.0416666666665
1360774686.134,3010.4166666666665
1360774686.07,3059.375
1360774688.373,3214.84375
1360774688.373,3187.5
1360774688.373,3634.375
1360774686.324,4750.0
1360774686.322,4750.0
1360774686.64,9500.0
1360774686.767,2179.6875
1360774686.633,136.9650900900901
1360774684.908,1954.0777439024391
1360774684.908,11353.475765306122
1360774685.162,3218.0851063829787
1360774685.162,2709.2752659574467
1360774685.131,8186.8279569892475
1360774685.131,4221.57579787234
1360774687.432,903.6458333333334
1360774687.558,2734.375
1360774687.557,218.19196428571428
1360774687.555,300.17605633802816
1360774687.747,2119.7916666666665
1360774687.746,1533.482142857143
1360774687.746,1600.4464285714287
1360774693.949,270.8333333333333
1360774684.41,1437.1366279069769
1360774688.698,192.97680412371136
1360774689.064,113.51656626506023
1360774685.127,75245.97537878787
1360774685.126,63.48270440251573
1360774685.631,6851.788294797688
1360774688.791,50.13297872340426
1360774684.934,119.64285714285715
1360774685.99,2109.375
1360774686.24,1957.03125
1360774686.658,37947.916666666664
1360774686.654,29197.916666666668
1360774685.048,98687.5
1360774685.537,32191.40625
1360774687.454,5390.625
1360774686.163,8476.5625
1360774687.45,2921.875
1360774687.576,14659.007352941177
1360774687.576,6918.402777777777
1360774686.445,330406.25
1360774686.145,6720.982142857143
1360774687.102,4028.645833333333
1360774688.566,25729.166666666668
1360774688.946,5054.6875
1360774688.042,19437.5
1360774688.041,3028.125
1360774688.041,4687.5
1360774688.105,6546.875
1360774688.105,34.352300242130745
1360774688.101,1527.7777777777776
1360774688.019,9890.625
1360774688.46,45.51461442786069
1360774716.126,1328.125
1360774716.126,15453.125
1360774716.189,1589.84375
1360774716.315,9750.0
1360774716.378,1666.6666666666667
1360774716.378,12234.375
1360774716.378,4468.75
1360774716.314,4510.416666666667
1360774716.441,7875.0
1360774716.568,12859.375
1360774716.693,8500.0
1360774716.693,11562.5
1360774716.693,5695.3125
1360774716.756,1649.5535714285713
1360774714.356,4484.375
1360774715.374,2375.0
1360774715.369,2375.0
1360774715.625,1055.8035714285713
1360774715.884,9635.416666666666
1360774716.074,14015.625
1360774716.074,1629.4642857142858
1360774716.114,1490.234375
1360774716.176,6375.0
1360774716.302,8437.5
1360774716.364,7289.0625
1360774716.49,5601.5625
1360774716.49,7765.625
1360774716.426,9570.3125
1360774716.553,6101.5625
1360774716.489,10984.375
1360774716.552,9078.125
1360774715.29,12328.125
1360774715.29,2375.0
1360774694.07,4.592651757188499
1360774716.355,161.14457831325302
1360774720.769,1900.0
1360774708.673,77.6269920318725
1360774716.608,223.41954022988506
1360774720.895,2463.5416666666665
1360774716.734,153.00324675324674
1360774721.275,3992.1875
1360774721.339,3984.375
1360774721.339,3300.78125
1360774721.53,4250.0
1360774721.53,5554.6875
1360774721.529,5367.1875
1360774721.631,3187.5
1360774721.695,4875.0
1360774721.692,2915.625
1360774721.755,3953.125
1360774721.819,2812.5
1360774722.009,6429.6875
1360774716.045,263.11728395061726
1360774716.041,198.74237804878047
1360774716.104,222.90348101265823
1360774716.211,107.01308139534883
1360774716.275,217.44791666666666
1360774720.687,1900.0
1360774720.622,2052.0833333333335
1360774720.686,1900.0
1360774720.75,2273.4375
1360774724.652,3244.7916666666665
1360774720.94,4675.0
1360774721.256,3990.625
1360774721.255,3863.28125
1360774721.254,2851.5625
1360774721.571,3734.375
1360774721.571,4083.333333333333
1360774721.571,3843.75
1360774721.506,1503.4722222222224
1360774721.678,2847.65625
1360774721.55,4057.291666666667
1360774721.55,2359.375
1360774721.614,2203.125
1360774721.613,3150.0
1360774721.677,2681.25
1360774721.931,6057.291666666667
1360774721.994,5695.3125
1360774723.204,2429.6875
1360774715.266,115.66310975609755
1360774716.284,252.98566878980893
1360774721.328,192.12962962962962
1360774721.328,215.625
1360774721.751,107.39715189873418
1360774722.131,222.2222222222222
1360774714.64,2012.75
1360774723.022,2116.6930379746836
1360774715.341,4636.213235294117
1360774715.341,2772.426470588235
1360774722.944,106.86728395061729
1360774715.261,11709.191176470587
1360774715.261,6010.753676470588
1360774715.261,17439.53402366864
1360774715.261,2641.452205882353
1360774715.261,109.1123949579832
1360774715.516,288.0208333333333
1360774715.169,146.97802197802199
1360774715.233,330.58562992125985
1360774716.817,215.80882352941177
1360774715.897,608.0309139784946
1360774715.897,389.8809523809524
1360774715.896,339.9345930232558
1360774716.71,1815.4761904761904
1360774722.179,50.13297872340426
1360774715.994,355.3240740740741
1360774716.117,647.8924418604652
1360774716.117,306.36160714285717
1360774716.117,134.92647058823528
1360774716.178,141.1764705882353
1360774716.241,6364.583333333333
1360774715.907,714.4396551724138
1360774716.157,117.1875
1360774716.408,9320.3125
1360774720.578,25.633445945945944
1360774721.147,8745.0
1360774721.569,37.782485875706215
1360774721.885,18893.973214285714
1360774722.037,26308.89423076923
1360774722.416,51.36443661971831
1360774747.363,243.80387931034483
1360774774.411,4484.375
1360774779.318,34406.40943877551
1360774769.588,4281.25
1360774770.734,11375.0
1360774792.028,6359.375
1360774792.028,5601.5625
1360774792.154,3578.125
1360774792.154,3786.4583333333335
1360774792.344,3250.0
1360774792.344,4859.375
1360774792.34,3496.09375
1360774792.339,106.0546875
1360774792.343,3932.2916666666665
1360774790.418,3476.3888888888887
1360774790.418,140.33294392523365
1360774792.786,9078.125
1360774790.414,3024.305555555555
1360774790.414,1900.0
1360774785.355,5080.71375739645
1360774793.417,6375.0
1360774793.543,11390.625
1360774790.896,2956.25
1360774790.896,5781.25
1360774793.775,4359.375
1360774791.21,1553.125
1360774791.529,1886.1607142857142
1360774791.529,187.6882530120482
1360774791.783,226.37648809523807
1360774791.783,3828.125
1360774791.78,308.8768115942029
1360774791.965,2833.3333333333335
1360774791.965,3843.75
1360774791.965,3526.0416666666665
1360774791.965,3973.9583333333335
1360774792.218,3351.5625
1360774792.154,5250.0
1360774792.154,3953.125
1360774792.344,8437.5
1360774792.344,6382.8125
1360774790.228,4109.375
1360774790.228,1628.9930555555557
1360774790.228,77978.03655660377
1360774790.228,1900.0
1360774790.228,1900.0
1360774790.355,2602.6785714285716
1360774792.34,2207.589285714286
1360774792.342,1629.4642857142858
1360774792.533,2390.625
1360774792.53,257.8125
1360774792.413,96.65890957446808
1360774804.379,153.125
1360774792.666,102.28825136612022
1360774790.489,50.25921658986175
1360774800.916,1198.6607142857142
1360774794.733,62.60416666666667
1360774792.269,71.1436170212766
1360774792.84,65.81703910614526
1360774790.408,43.79023605150215
1360774800.901,1977.6785714285713
1360774793.575,2009.1691616766468
1360774789.536,983.4239130434784
1360774791.899,117.98469387755102
1360774807.547,2156.25
1360774807.547,2156.25
1360774790.252,521.875
1360774790.86,12906.25
1360774791.152,87.42774566473989
1360774791.78,13977.67857142857
1360774791.779,15127.604166666666
1360774791.775,10019.53125
1360774792.507,5390.625
1360774791.005,2671.875
1360774792.905,10109.375
1360774792.713,77187.5
1360774790.962,2883.413461538462
1360774790.962,6609.375
1360774792.188,6546.875
1360774792.441,31.779661016949152
1360774792.82,3239.5833333333335
1360774793.174,3906.25
1360774793.11,19781.25
1360774799.244,8118.75
1360774800.795,17140.625
1360774800.795,10197.916666666666
1360774800.795,10056.25
1360774800.795,13167.96875
1360774800.795,4933.8942307692305
1360774800.795,8234.375
1360774800.794,9912.94642857143
1360774800.794,9187.5
1360774800.858,13437.5
1360774800.858,4973.958333333333
1360774800.858,10411.458333333334
1360774800.858,6554.6875
1360774800.858,7489.583333333333
1360774800.858,7427.083333333333
1360774800.858,5434.895833333333
1360774801.685,11112.5
1360774801.685,10598.958333333334
1360774801.685,20148.4375
1360774801.685,17890.625
1360774801.685,8449.21875
1360774801.685,11261.71875
1360774801.749,11682.291666666666
1360774801.748,6000.0
1360774801.748,4803.819444444444
1360774801.748,5796.875
1360774808.627,181.7095588235294
1360774834.314,406.25
1360774807.969,7583.333333333333
1360774825.597,35238.39613970588
1360774801.335,22483.646844660194
1360774843.696,878.6764705882352
1360774843.696,4195.3125
1360774855.259,7796.875
1360774855.258,4195.3125
1360774844.56,84.49720670391062
1360774844.623,391.46056149732624
1360774844.623,404.2423184357542
1360774844.623,343.05167597765364
1360774844.622,388.0062849162011
1360774844.622,427.28701117318434
1360774844.621,397.1717877094972
1360774844.621,412.8840782122905
1360774844.621,508.3614864864865
1360774844.621,28171.875
1360774844.621,418.73254189944134
1360774844.475,381.8959497206704
1360774844.539,589.7998595505618
1360774844.539,31125.0
1360774844.539,370.0244413407821
1360774844.539,355.62150837988827
1360774844.539,7347.65625
1360774844.538,428.94553072625695
1360774844.538,415.67737430167597
1360774844.534,418.2087988826816
1360774844.534,42171.875
1360774844.534,585.6319832402235
1360774844.538,451.72835195530723
1360774844.538,35750.0
1360774843.231,2472.840314136126
1360774868.914,4507.8125
1360774869.272,10828.125
1360774861.648,177.08333333333334
1360774867.913,287.5
1360774846.753,409.7816780821918
1360774845.211,35095.703125
1360774856.133,31281.25
1360774856.052,41312.5
1360774878.926,169948.73046875
1360774867.571,2631.6964285714284
1360774867.84,375.0
1360774867.647,312.5
1360774891.734,5036.458333333333
1360774891.653,932.2916666666666
1360774869.343,9725.11574074074
1360774869.657,9000.0
1360774892.218,11070.367132867133
1360774900.284,2265.625
1360774900.283,3634.375
1360774900.283,2689.7321428571427
1360774900.851,6644.097222222223
1360774860.915,131687.7719541139
1360774901.332,292.96875
1360774901.46,3396.875
1360774901.458,22868.75
1360774900.207,2647.3214285714284
1360774900.202,3591.5178571428573
1360774900.202,3341.5178571428573
1360774900.771,1325.0
1360774901.255,292.96875
1360774901.382,4630.208333333333
1360774898.878,75084.375
1360774891.027,1268.342391304348
1360774901.256,292.96875
1360774904.124,4472.65625
1360774900.092,1954.1015625
1360774900.092,655.3030303030303
1360774900.092,1358.3984375
1360774900.156,943.7281468531469
1360774900.155,1511.3441780821918
1360774900.219,1939.3705985915492
1360774900.218,829.225352112676
1360774908.344,2156.25
1360774900.279,732.6144366197183
1360774900.846,48258.861940298506
1360774902.764,443.3139534883721
1360774902.764,3906.622023809524
1360774902.763,8218.75
1360774902.763,8573.90625
1360774902.763,20926.71130952381
1360774899.269,3273.328993055555
1360774907.203,71750.0
1360774899.331,3099.9391233766237
1360774900.012,1849.463619402985
1360774900.012,1741.9642857142856
1360774900.012,698.4797297297297
1360774900.012,1253.453947368421
1360774908.075,8390.625
1360774900.074,1129.03559602649
1360774900.074,2087.249087591241
1360774900.074,2017.7010489510487
1360774900.2,565.671992481203
1360774900.262,519.8080708661417
1360774900.768,244.86940298507463
1360774900.768,16980.177238805973
1360774905.246,18890.625
1360774902.686,284.9702380952381
1360774902.686,443.3139534883721
1360774902.685,9253.59375
1360774902.685,4817.587209302325
1360774901.191,6371.603260869565
1360774903.612,8218.75
1360774907.127,83644.53125
1360774899.255,2255.439082278481
1360774899.255,11873.156055900621
1360774908.598,2179.6875
1360774887.546,154.47091584158414
1360774887.799,7588.541666666667
1360774892.487,103.68217054263566
1360774900.272,331.43028846153845
1360774901.444,79.65225563909773
1360774899.325,22270.833333333332
1360774907.452,2090.33203125
1360774907.833,329.71938775510205
1360774900.067,1654.4787449392713
1360774902.679,101806.65553435116
1360774907.376,477.947695035461
1360774900.062,76883.52272727274
1360774899.954,102109.375
1360774900.386,221.45758122743683
1360774902.735,1312.5
1360774901.066,34355.90277777778
1360774903.462,3267.1875
1360774903.465,533.0882352941177
1360774901.735,39.8936170212766
1360774902.051,25344.66911764706
1360774902.174,7758.951822916667
1360774902.109,10307.291666666666
1360774902.171,9856.617647058823
1360774900.986,30654.829545454548
1360774903.439,389.8809523809524
1360774903.438,1853.7779850746267
1360774903.438,5876.132246376812
1360774903.501,1041.6666666666667
1360774901.962,27187.5
1360774902.064,5566.611842105262
1360774904.29,900.5681818181818
1360774906.192,2573.1026785714284
1360774946.797,2156.25
1360774938.791,4.04228855721393
1360774964.752,7250.0
1360774963.675,2625.0
1360774963.802,75018.75
1360774665.224,88255.88235294117
1360774964.531,98.19878472222223
1360774964.53,98.77622377622377
1360774964.784,663.3858267716536
1360774964.784,85.29135338345864
1360774964.719,97.05105633802818
1360774964.783,99.14568345323741
1360774964.783,2253.787878787879
1360774964.783,51.888992537313435
1360774964.841,95.25602409638554
1360774964.455,96.58061594202898
1360774964.455,99.58186619718309
1360774964.453,79.96323529411764
1360774964.707,88.623046875
1360774964.707,2228.500939849624
1360774964.707,673.9804964539006
1360774964.707,57.95242537313433
1360774964.706,50.384963768115945
1360774964.706,97.62854609929079
1360774964.706,59.73557692307693
1360774964.706,794.9911347517731
1360774964.769,632.7509842519685
1360774964.765,516.3194444444445
1360774976.847,2156.25
1360774671.821,79354.03726708074
1360774983.772,1892.578125
1360774983.776,8390.625
1360774965.307,4234.375
1360774965.306,4250.0
1360774965.229,4265.625
1360774965.418,57.79059579439252
1360774992.82,8380.208333333334
1360774992.884,3468.75
1360774992.823,5664.0625
1360774992.887,4437.5
1360774993.205,4348.958333333333
1360774993.332,2734.375
1360774994.192,15427.083333333334
1360774994.196,1479.1666666666667
1360774994.259,933.0357142857143
1360774991.698,75390.625
1360774994.829,20843.75
1360774992.754,798.2954545454546
1360774992.754,12054.6875
1360774992.817,18531.25
1360774993.134,9381.147540983608
1360774993.261,3281.25
1360774993.132,15261.014344262294
1360774993.862,8984.375
1360774994.115,10992.708333333332
1360774994.115,90235.9375
1360774991.999,4496.875
1360774994.75,19090.46052631579
1360774996.898,67503.90625
1360774698.561,656295.918367347
1360774992.247,137.3005319148936
1360774992.247,1487.3459507042253
1360774992.496,160.83644278606965
1360775001.705,1453.125
1360774992.194,671.5425531914893
1360774992.194,425.6427304964539
1360774992.193,2066.979895104895
1360774992.193,2051.8798828125
1360774992.295,2452.54197761194
1360774998.118,1294.642857142857
1360774998.623,267.76960784313724
1360774993.309,1980.1640070921987
1360774997.402,1298.4375
1360774992.991,1478.6531690140846
1360774992.99,388.77688172043014
1360774996.784,4175.111607142857
1360774983.729,51082.03125
1360775001.381,2130.1751592356686
1360774706.793,27770.285087719298
1360774991.364,11726.5625
1360774991.027,97.64360841423948
1360774993.949,16320.3125
1360774993.949,15269.886363636364
1360774993.949,95156.25
1360774994.69,107.58797653958945
1360774994.753,5244.419642857143
1360774995.197,13197.916666666666
1360774995.321,22960.06944444444
1360774996.754,44378.90625
1360774993.841,27398.4375
1360774993.777,267.85714285714283
1360774993.839,126875.0
1360774993.839,107714.84375
1360774994.599,1558.2386363636365
1360774994.662,5244.419642857143
1360774994.661,5244.419642857143
1360774995.105,37647.916666666664
1360775020.388,2156.25
1360774997.473,2121.09375
1360774997.369,5296.875
1360774997.369,407.4519230769231
1360774997.369,2121.09375
1360775024.0,3437.5
1360774993.909,4673.433344414893
1360774996.814,4808.355034722222
1360774729.592,78057.43769470404
1360775050.338,2156.25
1360775039.713,7.954545454545454
1360775053.725,3437.5
1360775042.084,7.772842639593908
1360775054.655,2625.0
1360775035.666,5.546075085324232
1360775042.735,8.879781420765028
1360774751.074,130610.203180212
1360774771.804,361961.8941326531
1360775143.05,9136.160714285714
1360775146.201,4517.857142857143
1360775147.148,701.5224358974359
1360775146.763,278.2012195121951
1360775147.201,207.38636363636365
1360775146.881,757.4314024390244
1360775150.988,2644.4481382978724
1360775150.988,4681.115591397849
1360775150.988,2596.9422043010754
1360775150.987,5345.094086021505
1360775150.987,3870.4637096774195
1360775150.987,2321.9086021505377
1360775151.051,6276.595744680851
1360775151.05,3697.860054347826
1360775145.607,1551.4880952380952
1360775145.606,723.8685344827587
1360775146.11,3855.6479357798166
1360775146.367,149.48918269230768
1360775150.079,19570.47193877551
1360775146.431,240.1315789473684
1360775146.62,5140.470297029703
1360775146.726,144.2550505050505
1360775147.17,433.51063829787233
1360775147.36,147.29634831460675
1360775150.682,8011.061946902656
1360775150.75,4529.317010309279
1360775150.749,2788.4114583333335
1360775150.749,3243.65234375
1360775150.748,4406.25
1360775147.803,415.3645833333333
1360775144.602,2500.8285984848485
1360775144.666,58470.19432773109
1360775145.236,849.6817129629629
1360775150.932,2898.8575268817203
1360775150.932,2993.7836021505377
1360775145.235,2292.1130952380954
1360775150.911,2257.896505376344
1360775150.975,4392.832880434782
1360775145.406,1028.367718446602
1360775145.532,143.47956730769232
1360775145.532,278.5560344827586
1360775145.721,270.2205882352941
1360775146.038,15493.46590909091
1360775146.038,3990.9690366972477
1360775146.165,530.0707547169811
1360775146.419,6278.671116504855
1360775146.478,939.453125
1360775150.608,548.3247422680413
1360775150.608,3946.4285714285716
1360775150.607,6281.526548672567
1360775150.671,4691.89453125
1360775150.671,4733.072916666667
1360775150.671,5016.764322916667
1360775150.671,6280.7667525773195
1360775147.662,763.1138392857143
1360775150.606,185.24484536082474
1360775150.606,2183.7951030927834
1360775150.67,4846.028645833333
1360775150.67,3035.15625
1360775144.589,3007.018008474576
1360775144.589,4648.706896551725
1360775150.929,1693.6928353658536
1360775150.929,3554.3198529411766
1360775150.876,1636.7872807017543
1360775150.876,4292.744252873563
1360775150.876,3695.737092391304
1360775150.94,3443.296370967742
1360775151.043,4260.446428571429
1360775150.005,3841.3217905405404
1360775150.609,183.02210365853657
1360775169.152,17890.625
1360775169.067,17890.625
1360775145.92,3361.4457831325303
1360775172.242,40250.0
1360775150.803,2669.895552560647
1360775167.349,740.2686403508771
1360775164.479,1523.8636363636365
1360775172.095,42468.75
1360775150.985,184.6264367816092
1360775151.11,200.0
1360775151.298,175.78125
1360775149.856,10422.81626506024
1360775152.026,312.5
1360775152.026,312.5
1360775151.15,165.44117647058823
1360775149.358,35809.895833333336
1360775151.382,165.44117647058823
1360775153.352,22870.535714285714
1360775156.475,2812.5
1360775153.774,27167.96875
1360775153.837,4484.375
1360775156.011,372562.5
1360775156.392,2812.5
1360775181.129,33808.59375
1360775181.255,33910.15625
1360775177.35,8062.5
1360775177.54,39013.671875
1360775181.444,33671.875
1360775167.171,982.6311383928571
1360775181.443,10851.5625
1360775177.726,23684.5703125
1360775181.502,2242.1875
1360775177.725,4613.28125
1360775177.729,4482.786016949152
1360775177.729,3031.25
1360775167.424,381.43382352941177
1360775175.487,16550.25337837838
1360775177.983,61585.069444444445
1360775177.918,571.4285714285714
1360775181.758,3489.5833333333335
1360775178.045,7921.875
1360775178.045,8820.3125
1360775178.045,24542.96875
1360775181.819,4145.833333333333
1360775178.171,4921.875
1360775175.866,207.56392045454544
1360775178.298,22406.25
1360775181.941,29164.0625
1360775175.925,918.8218390804598
1360775182.008,7046.875
1360775175.927,2654.992816091954
1360775182.13,6234.375
1360775178.407,4880.208333333333
1360775182.242,31285.15625
1360775182.308,5833.333333333333
1360775176.67,5109.375
1360775166.556,3573.766094420601
1360775179.546,16013.020833333332
1360775179.546,5406.25
1360775166.617,4791.689116379311
1360775179.545,3291.6666666666665
1360775179.545,2885.4166666666665
1360775179.545,13283.854166666666
1360775171.991,2197.4337748344374
1360775179.927,35237.215909090904
1360775179.799,33981.25
1360775179.926,34800.0
1360775180.181,22109.375
1360775172.693,4198.79105839416
1360775180.372,14587.05357142857
1360775172.692,3753.991788321168
1360775180.627,44876.420454545456
1360775180.819,8812.5
1360775180.882,58835.9375
1360775180.818,16507.8125
1360775174.841,32299.045138888887
1360775181.302,16179.6875
1360775181.297,14562.5
1360775167.091,1456.54296875
1360775181.427,180.55555555555554
1360775181.427,30878.90625
1360775181.427,3492.1875
1360775181.426,33768.229166666664
1360775177.649,2640.625
1360775181.489,8817.708333333334
1360775177.649,6140.625
1360775169.776,3712.396978021978
1360775181.616,5507.8125
1360775177.839,1218.1919642857142
1360775181.678,13932.291666666666
1360775177.838,125.55803571428572
1360775175.534,2876.84811827957
1360775181.742,7223.958333333333
1360775177.961,21343.75
1360775177.961,6197.916666666667
1360775181.868,123900.66964285714
1360775181.868,4682.291666666667
1360775181.868,3140.625
1360775175.788,1628.0184659090908
1360775178.155,22255.208333333332
1360775175.787,3122.5142045454545
1360775181.931,5414.0625
1360775175.851,29098.366477272728
1360775175.851,2491.918103448276
1360775175.851,1932.8304597701149
1360775178.218,40916.666666666664
1360775181.994,7890.625
1360775175.85,2557.528409090909
1360775175.85,1420.617816091954
1360775182.057,9380.208333333334
1360775178.345,43765.625
1360775182.184,4854.166666666667
1360775182.224,3453.125
1360775176.585,3791.6666666666665
1360775166.534,6757.071659482759
1360775166.598,25726.158405172413
1360775179.462,137566.40625
1360775179.462,16410.15625
1360775179.461,34521.63461538461
1360775179.461,12320.3125
1360775179.461,13315.625
1360775179.779,3959.375
1360775180.417,17529.51388888889
1360775180.352,12005.208333333334
1360775180.735,53472.22222222222
1360775160.074,6.446188340807176
1360775165.774,13176.993534482757
1360775165.774,7116.177262931034
1360775165.774,4459.994612068966
1360775167.623,2497.4599753694583
1360775167.498,2931.173780487805
1360775176.771,28058.333333333332
1360775176.771,3138.28125
1360775165.76,7368.938577586207
1360775165.76,3221.0398706896553
1360775165.76,3019.1271551724135
1360775177.986,395.9603658536585
1360775167.472,88.33841463414633
1360775175.791,252.29166666666669
1360775176.748,986.9791666666666
1360775176.939,812.2258771929825
1360775189.235,7921.875
1360775178.026,1163.7581168831168
1360775179.467,91.36029411764706
1360775179.53,410.75721153846155
1360775179.847,1093.0989583333333
1360775179.719,82.8125
1360775185.444,3783.8541666666665
1360775185.696,2743.75
1360775186.138,1712.7403846153845
1360775184.379,819.0104166666666
1360775187.256,1975.0
1360775179.447,435.09615384615387
1360775187.638,7921.875
1360775188.275,7132.8125
1360775188.402,23359.375
1360775188.466,1792.1875
1360775168.379,3250.0
1360775167.48,595.6632653061224
1360775170.067,127151.04166666667
1360775170.512,32294.642857142855
1360775170.41,37993.75
1360775190.925,118.13038793103449
1360775185.416,44.776119402985074
1360775191.302,169.60227272727275
1360775183.618,361.6266375545851
1360775194.94,431.25
1360775184.124,1773.93018018018
1360775184.123,926.661036036036
1360775192.23,3635.855263157895
1360775195.238,1530.9175531914893
1360775190.437,2437.3708677685954
1360775198.435,4166.666666666667
1360775179.545,2909.662969283276
1360775179.738,1341.3628472222224
1360775188.375,63.10876623376624
1360775188.439,256.68174342105266
1360775188.439,395.016339869281
1360775188.63,4906.456953642384
1360775185.172,52.82012195121951
1360775183.106,1725.2383474576272
1360775189.25,87.98758865248227
1360775191.295,64619.98279816514
1360775191.295,24640.22435897436
1360775183.358,209.52316810344828
1360775184.306,315.6536697247707
1360775184.177,3600.0285388127854
1360775190.511,4482.954545454546
1360775190.511,13997.786458333334
1360775190.551,5318.933823529412
1360775190.55,377.4947478991597
1360775190.485,3584.8958333333335
1360775190.549,1258.5346638655462
1360775184.468,203.41569767441862
1360775190.61,9831.932773109243
1360775179.472,884.5366379310344
1360775180.107,40.869661921708186
1360775180.171,261.20803886925796
1360775175.199,36780.76171875
1360775173.406,129639.20454545453
1360775173.334,41286.830357142855
1360775173.334,16443.75
1360775173.329,20130.208333333332
1360775182.477,1496.244635193133
1360775182.476,6699.034334763948
1360775182.476,4398.403969957082
1360775182.476,690.3835836909872
1360775179.339,1123.785335689046
1360775187.531,100.80645161290322
1360775178.891,151.16782006920414
1360775183.944,298.90324519230774
1360775184.008,313.6961722488038
1360775184.647,4050.523477157361
1360775184.647,8330.26649746193
1360775184.647,8824.476522842639
1360775185.286,501.48026315789474
1360775182.467,2668.1034482758623
1360775182.467,896.2580472103004
1360775182.467,498.18937768240346
1360775186.499,5623.621323529412
1360775178.63,108.62585616438355
1360775178.694,2519.5581896551726
1360775187.586,643.9362582781457
1360775184.31,526.9183168316832
1360775184.629,6669.654187817259
1360775184.629,8233.502538071067
1360775184.629,5625.475888324873
1360775185.716,1270.3125
1360775201.291,2853.125
1360775191.365,84761.69987922705
1360775191.365,62148.022342995166
1360775191.365,31404.74033816425
1360775202.175,44546.875
1360775202.297,41328.125
1360775202.555,5476.5625
1360775200.1,698.9583333333334
1360775200.098,850.3472222222223
1360775198.434,196.18055555555554
1360775203.358,1772.3214285714287
1360775200.604,4093.75
1360775200.54,1607.9545454545455
1360775196.313,9108.89050387597
1360775204.182,3791.6666666666665
1360775201.283,1769.53125
1360775191.294,70827.97403381643
1360775201.725,3652.34375
1360775202.17,42640.625
1360775202.359,5476.5625
1360775200.051,1604.1666666666667
1360775200.051,916.4930555555557
1360775200.023,647.5694444444445
1360775200.017,729.2301829268292
1360775200.526,3667.613636363636
1360775200.59,26222.916666666668
1360775203.781,12406.25
1360775199.756,456.296992481203
1360775200.527,18823.20374015748
1360775197.449,3277.644230769231
1360775200.649,158.87605042016807
1360775199.799,443.3001893939394
1360775197.3,5284.904970760234
1360775197.428,4466.068786982249
1360775197.428,10542.622041420118
1360775197.428,4308.0621301775145
1360775197.491,644.9962797619048
1360775197.555,95.80838323353294
1360775200.818,181.27648305084745
1360775201.458,725.6133177570093
1360775201.457,560.3095794392523
1360775201.457,1111.5654205607477
1360775201.42,673.6680327868853
1360775207.178,2456.2895569620255
1360775202.054,200.77433628318585
1360775202.054,847.40990990991
1360775206.146,9147.5
1360775206.145,3718.4311224489797
1360775206.145,3018.125
1360775202.851,320.3125
1360775200.035,72.4826388888889
1360775200.097,985.9673566878981
1360775200.029,2988.854895104895
1360775200.029,2897.2902097902097
1360775200.029,5640.735815602837
1360775200.033,6743.905141843972
1360775202.913,108.27020202020202
1360775198.367,17023.39127218935
1360775198.43,9984.933035714286
1360775200.983,459.15354330708664
1360775203.989,3499.8094512195125
1360775204.177,8257.03125
1360775205.011,339.599609375
1360775201.403,74.3801652892562
1360775201.466,276.4721074380165
1360775201.655,169.35911016949154
1360775199.538,4621.854026845637
1360775206.063,5752.232142857143
1360775206.063,788.5841836734694
1360775197.998,3358.125
1360775202.795,130.46875
1360775199.979,4410.729895104895
1360775199.978,5043.439716312057
1360775199.978,3989.4725177304963
1360775199.978,5972.9609929078015
1360775199.978,2236.5913120567375
1360775214.314,18468.75
1360775192.17,4554.540094339623
1360775199.978,3704.326923076923
1360775198.543,263.3504746835443
1360775200.588,318.25657894736844
1360775195.852,608.0917874396135
1360775200.715,80.2719465648855
1360775204.105,2067.1875
1360775204.168,1231.6060126582279
1360775204.168,648.8381410256411
1360775204.104,13105.859375
1360775204.168,6828.304597701149
1360775204.935,8534.327651515152
1360775191.986,375.0
1360775192.154,312.5
1360775192.153,267.85714285714283
1360774910.125,205813.61607142858
1360775199.973,312.5
1360775224.612,2156.25
1360775172.765,3586.971635150167
1360775170.416,3616.7947860962568
1360775208.127,25725.160256410254
1360775207.955,68345.83333333333
1360775207.908,10593.75
1360775208.773,37012.408088235294
1360775208.963,60779.63362068966
1360775208.961,29209.59051724138
1360775209.215,27969.223484848484
1360775209.151,3447.9166666666665
1360775209.215,1043.45703125
1360775209.277,34315.625
1360775209.467,26649.553571428572
1360775210.779,6343.75
1360775211.032,18406.25
1360775210.903,6312.5
1360775208.873,633.2720588235294
1360775208.875,29995.150862068964
1360775209.192,24586.80555555556
1360775209.191,7812.5
1360775209.191,28520.833333333332
1360775209.381,40190.625
1360775209.445,382.5431034482759
1360775211.537,14116.2109375
1360775212.121,46907.2265625
1360775212.121,44578.125
1360775212.756,7281.25
1360775212.084,89022.20394736843
1360775212.084,97880.20833333333
1360775212.647,144744.140625
1360775212.645,13576.171875
1360775208.674,4725.903614457831
1360775208.61,4424.036654135338
1360774922.213,167272.7509469697
1360775255.133,3995.907738095238
1360775254.963,1625.0
1360774994.449,184826.416015625
1360775315.296,2156.25
1360775010.654,232041.07142857142
1360775017.376,252290.90589887643
1360775023.059,244096.4095744681
1360775330.214,5031.25
1360775029.078,159618.80506607928
1360777165.326,15553.125
1360777161.049,2472.5
1360777165.503,8111.607142857142
1360777225.36,2156.25
1360777601.245,1581.367924528302
1360777609.684,45203.125
1360777609.936,22101.5625
1360777604.593,442.48670212765956
1360777609.735,22507.8125
1360777598.401,325468.75
1360777599.006,8437.5
1360777599.006,8437.5
1360777599.005,8437.5
1360777598.312,372562.5
1360777598.487,51490.625
1360777598.927,8437.5
1360777612.174,17637.78409090909
1360777609.828,5993.75
1360777612.283,7351.5625
1360777612.283,4149.494830827068
1360777613.212,50750.0
1360777629.554,79863.36805555555
1360777629.745,11530.6640625
1360777617.074,6969.61122047244
1360777617.074,3938.4765625
1360777615.818,4947.345890410958
1360777615.818,7143.036912751678
1360777615.818,7564.533390410958
1360777615.818,5979.851973684211
1360777615.818,6891.961348684211
1360777615.818,6100.534539473684
1360777615.818,4233.2442434210525
1360777615.816,1002.8609154929577
1360777615.816,4071.109693877551
1360777615.816,5368.506493506494
1360777615.816,4232.568027210885
1360777616.39,126.66495901639344
1360777616.683,10031.25
1360777616.998,5625.0
1360777616.998,7833.0078125
1360777616.998,5985.2294921875
1360777616.998,4485.687022900764
1360777615.739,5215.0
1360777615.739,9943.452380952382
1360777615.739,7588.607594936709
1360777615.739,4102.997448979591
1360777615.739,4081.5172697368425
1360777615.739,5568.667763157895
1360777615.739,4326.552013422819
1360777615.739,6793.174342105262
1360777629.627,98179.48717948719
1360777658.37,3437.5
1360777613.074,3872.682733050847
1360777658.294,3437.5
1360777658.294,3437.5
1360777658.357,3437.5
1360777661.07,2156.25
1360777663.429,39472.409909909904
1360777663.108,45720.220588235294
1360777664.418,3019.747173366834
1360777662.985,33.03997613365156
1360777663.302,9126.953125
1360777663.302,7172.510162601627
1360777663.302,9311.475409836065
1360777663.301,10657.53073770492
1360777663.301,9573.258196721312
1360777663.301,7153.07418699187
1360777663.3,9879.662298387097
1360777663.554,9455.255681818182
1360777663.029,7158.765889830509
1360777663.22,7408.83152173913
1360777663.22,7785.224780701754
1360777663.22,12296.496975806453
1360777663.22,6782.5413223140495
1360777663.22,6897.669057377049
1360777663.152,5956.627155172414
1360777663.219,8897.538716814159
1360777663.219,11509.297520661157
1360777663.219,10162.34756097561
1360777663.219,8290.489130434782
1360777663.219,9871.57012195122
1360777689.59,38203.125
1360777669.557,22881.510416666668
1360777669.532,23316.964285714286
1360777669.532,25462.99342105263
1360777669.46,18834.91847826087
1360777690.095,33021.205357142855
1360777691.235,2156.25
1360777690.029,87729.81295620439
1360777718.389,3437.5
1360777718.313,3437.5
1360777718.313,3437.5
1360777718.945,1625.0
1360777690.06,3069.6007135016466
1360777737.475,6781.25
1360777737.637,1189.0625
1360777766.873,2156.25
1360777612.348,4936.439861218196
1360777796.822,2156.25
1360777810.003,6103.125
1360777831.719,13168.75
1360777831.773,6746.09375
1360777831.525,2272.667253521127
1360777857.461,50434.72222222222
1360777857.461,46009.20138888889
1360777857.709,40925.74257425743
1360777839.642,67.94674295774648
1360777840.649,3310.95297029703
1360777840.649,4339.396766169155
1360777840.645,3654.2388613861385
1360777840.712,5754.58644278607
1360777840.712,4866.449004975125
1360777840.712,4382.265625
1360777840.712,11873.188405797102
1360777840.712,7332.932692307692
1360777840.712,8740.885416666666
1360777840.712,3478.59375
1360777840.776,13295.49632352941
1360777840.776,14616.498161764706
1360777840.776,6756.392045454546
1360777840.567,3476.6398514851485
1360777840.63,5562.5
1360777840.63,5106.646825396825
1360777840.63,7351.923076923077
1360777840.63,11694.29347826087
1360777840.63,14249.0234375
1360777840.63,40486.328125
1360777840.609,6493.13446969697
1360777840.608,8891.557835820895
1360777840.608,11616.927083333334
1360777840.672,10714.38419117647
1360777869.377,390.625
1360777869.377,390.625
1360777857.376,68.70619158878505
1360777874.474,11421.875
1360777867.552,159441.51785714287
1360777874.481,2106.741573033708
1360777873.114,9046.875
1360777857.338,20859.375
1360777891.094,359.375
1360777891.22,3437.5
1360777891.141,3437.5
1360777873.292,8968.75
1360777873.022,12390.625
1360777611.674,149762.3355263158
1360777891.271,47.484756097560975
1360777838.749,3265.5156493001555
1360777867.477,11626.997461170848
1360777867.333,6826.018048926015
1360777951.898,4146.059782608695
1360777955.558,11656.25
1360777956.318,3036.848262032085
1360777956.425,6134.996639784946
1360777956.425,3250.5095108695655
1360777956.426,3652.493169398907
1360777956.426,4851.730510752688
1360777956.426,2247.2677595628415
1360777956.426,2820.2698087431695
1360777956.426,2411.9706284153003
1360777956.426,27438.802083333332
1360777956.425,2568.1046195652175
1360777956.425,2710.8094262295085
1360777956.425,2304.4786096256685
1360777956.345,3108.435792349727
1360777956.345,2712.753378378379
1360777956.344,2408.660239361702
1360777956.344,3758.406929347826
1360777956.344,2968.5792349726776
1360777956.344,2250.341530054645
1360777956.344,3791.0689890710382
1360777956.344,4127.476092896175
1360777956.344,3744.5146276595747
1360777956.344,21441.07142857143
1360777956.344,13454.464285714286
1360777956.344,39007.21153846154
1360777973.556,7822.916666666667
1360777973.362,6781.25
1360777986.11,12011.71875
1360777986.174,12833.806818181818
1360777986.107,18758.544921875
1360777986.107,13391.509433962265
1360777986.103,13810.891544117647
1360777986.167,14385.02358490566
1360777986.018,12584.429824561405
1360777986.018,21009.51086956522
1360777986.018,13763.802083333334
1360777986.017,8881.355932203389
1360777986.081,13511.592741935485
1360777986.081,14774.51923076923
1360777986.017,12733.552631578947
1360777986.017,16935.05859375
1360777986.016,16677.619485294115
1360777986.016,15246.829710144928
1360777986.016,8595.0
1360777986.016,10674.31640625
1360777988.433,21090.116279069767
1360777988.369,31272.5
1360777988.294,24133.08189655172
1360777988.293,19492.838541666668
1360777988.292,19203.125
1360777988.292,19022.4609375
1360778033.204,1078.125
1360777947.947,2841.240227434257
1360778037.894,2625.0
1360778033.131,2156.25
1360778038.819,1718.75
1360778038.819,1718.75
1360778038.819,1718.75
1360778038.883,3437.5
1360778038.88,1625.0
1360778038.816,812.5
1360778068.379,15550.0
1360778075.421,477.7960526315789
1360778075.864,3661.4583333333335
1360778063.492,2618.2026836158193
1360778073.03,42919.73824786325
1360778068.591,8060.267857142858
1360778073.781,6546.875
1360778084.12,5164.949024822695
1360778084.12,3481.489547038327
1360778084.119,5816.43395390071
1360778084.183,5993.9862542955325
1360778084.183,5209.171660958904
1360778084.119,5288.6958483754515
1360778084.183,4715.613996478873
1360778084.183,4389.539930555556
1360778084.183,5002.365757042254
1360778084.119,4664.339539007093
1360778084.183,4933.579749103942
1360778084.183,5807.57705479452
1360778084.183,4897.126311188811
1360778085.011,5042.578125
1360778085.011,3541.629858657244
1360778085.011,4748.514524647887
1360778085.074,5663.152825342466
1360778085.074,4684.2539612676055
1360778085.074,3329.4908216783215
1360778085.074,4122.579225352113
1360778085.074,4698.202838827839
1360778085.009,5536.329505300353
1360778085.072,5896.364795918367
1360778108.628,19130.208333333332
1360778086.999,4847.452799479167
1360778111.237,1074.266975308642
1360778111.236,620.3327922077923
1360778115.712,15114.583333333334
1360778119.679,9500.0
1360778084.221,3974.3125
1360778116.219,429.6875
1360778116.282,111.60714285714286
1360778074.975,4030.3238981762916
1360778111.795,99.50657894736842
1360778123.926,1710.9375
1360778123.989,2281.25
1360778116.304,4377.784653465347
1360778116.617,7601.4300847457625
1360778117.001,1264.1630116959063
1360778122.697,2312.9832474226805
1360778117.001,2507.8581871345027
1360778117.065,1689.5604395604396
1360778117.064,2497.269417475728
1360778117.064,1043.0975274725274
1360778117.064,4026.0989010989015
1360778117.064,20813.009510869568
1360778117.064,1300.480769230769
1360778117.064,1600.6181318681317
1360778117.064,4706.811797752809
1360778117.063,665.521978021978
1360778117.127,733.1460674157303
1360778117.127,5731.889204545454
1360778117.127,8343.572443181818
1360778117.127,162.35632183908046
1360778117.191,2128.8623595505615
1360778117.191,1509.765625
1360778117.126,3317.116477272727
1360778117.19,15922.752808988766
1360778117.126,2905.539772727273
1360778117.126,1406.7826704545455
1360778117.126,530.9027777777777
1360778117.126,1284.684065934066
1360778117.126,1048.4375
1360778117.126,2193.004261363636
1360778117.189,1734.468005952381
1360778122.693,1900.0
1360778123.112,39703.125
1360778123.683,5479.166666666667
1360778123.554,2693.75
1360778119.709,618.6835106382979
1360778119.709,307.18085106382983
1360778119.9,2985.4166666666665
1360778119.9,15860.069444444445
1360778116.103,116.66666666666667
1360778116.545,9916.076030927836
1360778116.989,1180.9742647058822
1360778116.985,1626.717032967033
1360778116.985,482.9545454545455
1360778116.985,6668.055555555555
1360778116.985,1717.7389705882354
1360778116.989,500.20292207792204
1360778116.989,3474.8641304347825
1360778120.765,159.6123417721519
1360778116.989,493.6079545454545
1360778117.052,2349.5435393258426
1360778117.052,1218.0555555555554
1360778117.116,765.9801136363636
1360778117.116,3599.5435393258426
1360778117.116,2267.029494382022
1360778116.987,3339.9816176470586
1360778116.987,2644.4444444444443
1360778117.051,1980.46875
1360778117.051,995.435393258427
1360778117.051,23067.942415730337
1360778117.051,3794.3892045454545
1360778117.051,4871.448863636363
1360778117.05,1690.8356741573034
1360778117.05,451.1938202247191
1360778117.114,3849.4971264367814
1360778117.114,1252.9513888888887
1360778129.145,2156.25
1360778123.479,2130.2083333333335
1360778123.478,4134.375
1360778118.293,2928.3088235294117
1360778118.677,4673.3630952380945
1360778119.25,6133.680555555556
1360778119.8,500.6648936170213
1360778108.792,2582.317073170732
1360778131.177,3939.6067415730336
1360778131.181,4375.868055555556
1360778131.181,2027.7777777777776
1360778131.18,1185.9199438202247
1360778131.18,3640.0983146067415
1360778131.179,4220.505617977528
1360778131.496,2254.0441176470586
1360778131.495,2430.8035714285716
1360778131.495,1542.830882352941
1360778131.495,1156.436011904762
1360778131.495,3081.2872023809527
1360778131.495,1034.375
1360778131.494,1602.6785714285713
1360778131.494,2976.838235294118
1360778131.494,757.4404761904761
1360778131.494,3689.9181547619046
1360778131.708,419.53125
1360778130.87,386.3031914893617
1360778131.034,1403.125
1360778131.097,3369.965277777778
1360778131.097,4409.722222222223
1360778131.031,5527.951388888889
1360778131.095,2123.784722222222
1360778131.094,4058.3333333333335
1360778131.412,797.6190476190477
1360778131.412,3385.9747023809527
1360778131.411,2409.970238095238
1360778131.538,2375.0
1360778131.41,3479.7247023809527
1360778131.41,2373.345588235294
1360778131.41,4325.148809523809
1360778131.41,2872.2098214285716
1360778131.41,726.4705882352941
1360778131.41,797.4330357142857
1360778118.588,312.5
1360778121.318,2459.024705014749
1360778131.492,1976.2269938650309
1360778119.816,511.71875
1360778121.152,27656.25
1360778121.524,10808.59375
1360778120.606,126.08381502890172
1360778120.605,126.08381502890172
1360778120.669,472.65625
1360778122.961,33603.125
1360778123.382,71406.25
1360778123.38,7309.027777777777
1360778122.864,77738.83928571429
1360778123.021,2239.5833333333335
1360778124.19,13593.75
1360778149.134,1770.279255319149
1360778131.422,5295.13888888889
1360778132.133,387046.875
1360778152.388,488.6642156862745
1360778169.923,135880.01720183488
1360778169.923,4750.0
1360778171.186,1188.0208333333333
1360778171.186,866.1458333333333
1360778171.121,877.9513888888889
1360778171.184,983.6727528089888
1360778171.184,790.1041666666667
1360778171.289,222.30113636363635
1360778169.867,751.75
1360778169.867,1720.0
1360778172.21,2628.7286931818185
1360778171.046,2491.892688679245
1360778171.046,1651.2706043956046
1360778171.045,1403.4722222222222
1360778171.109,722.9634831460673
1360778171.109,2140.0983146067415
1360778171.109,423.51190476190476
1360778171.109,1162.6030219780218
1360778171.109,1166.7837078651687
1360778171.109,1074.7893258426966
1360778171.109,679.3154761904761
1360778171.172,365.87078651685397
1360778171.172,259.16466346153845
1360778171.236,119.25287356321839
1360778171.235,417.38505747126436
1360778171.171,1730.1136363636365
1360778171.171,347.3557692307692
1360778171.234,417.38505747126436
1360778152.048,75.68705673758866
1360778169.93,674.0757042253521
1360778169.93,1056.1179577464789
1360778169.93,387.61737089201876
1360778172.293,810.9019886363636
1360778171.133,334.8099226804124
1360778171.192,278.90220207253884
1360778171.192,302.6230569948187
1360778171.195,541.6936528497409
1360778171.259,1333.0891927083333
1360778171.259,191.24348958333334
1360778171.258,70.47526041666667
1360778171.258,189.12760416666666
1360778171.356,54.07395287958115
1360778169.871,379.40140845070425
1360778169.871,302.3767605633803
1360778169.871,1004.2348130841121
1360778185.071,1187.5
1360778173.486,540.6901041666666
1360778182.78,1625.0
1360778185.123,5372.395833333333
1360778185.123,5049.652777777778
1360778185.123,3368.75
1360778185.123,4610.763888888889
1360778185.123,8443.923611111111
1360778185.123,7990.277777777778
1360778185.123,3813.368055555555
1360778185.123,3175.8680555555557
1360778185.123,1365.7134433962265
1360778185.11,1858.3333333333335
1360778185.11,4523.263888888889
1360778185.109,1600.6780660377358
1360778185.109,2355.208333333333
1360778185.105,2582.8125
1360778185.104,3202.9513888888887
1360778185.104,1731.5742924528302
1360778185.743,1900.0
1360778185.807,2817.434210526316
1360778185.807,2922.861842105263
1360778185.807,1050.328947368421
1360778185.047,3571.180555555555
1360778185.047,3278.8194444444443
1360778185.047,1438.2370283018868
1360778185.047,403.47222222222223
1360778185.047,5890.972222222223
1360778185.047,1314.4097222222222
1360778185.046,3494.965277777778
1360778185.046,6936.111111111111
1360778185.046,1501.7688679245282
1360778185.046,1111.9791666666667
1360778185.045,3427.7777777777774
1360778185.045,1664.9469339622642
1360778185.045,1779.6875
1360778185.045,6155.034722222222
1360778185.044,3880.3819444444443
1360778185.721,1913.3223684210525
1360778185.721,2657.9122340425533
1360778185.721,1596.217105263158
1360778185.721,5978.453947368421
1360778185.721,2334.375
1360778185.72,2860.690789473684
1360778185.72,2305.427631578947
1360778169.979,230.25
1360778169.86,107.86290322580645
1360778172.784,193.05390995260663
1360778172.127,433.43023255813955
1360778172.127,7883.2347972972975
1360778172.127,7098.214285714285
1360778172.317,31593.75
1360778172.381,36371.09375
1360778172.756,61984.375
1360778184.618,1233.1479057591623
1360778197.349,1583.3333333333333
1360778202.655,1918.0424528301887
1360778202.654,1726.120283018868
1360778202.654,1632.7319587628865
1360778202.653,601.4150943396226
1360778197.339,1256.5104166666667
1360778197.339,1590.0804924242425
1360778197.383,2346.908244680851
1360778197.382,2009.813262195122
1360778197.382,4581.031976744186
1360778197.382,8561.773255813954
1360778197.382,3921.875
1360778197.382,2892.294847328244
1360778205.823,1583.3333333333333
1360778209.653,2927.0833333333335
1360778202.511,4671.310240963855
1360778202.575,1583.3333333333333
1360778202.575,1312.942216981132
1360778202.575,1321.4917452830189
1360778202.574,2909.4893292682927
1360778197.235,2019.7679924242423
1360778197.235,1442.6691729323309
1360778197.298,2053.3854166666665
1360778197.297,2583.8414634146343
1360778197.297,1729.720744680851
1360778197.295,1308.4446564885498
1360778197.295,1965.435606060606
1360778197.295,765.625
1360778198.372,3001.918859649123
1360778185.997,3406.25
1360778185.914,9193.75
1360778186.206,91198.66071428571
1360778202.597,3441.89453125
1360778202.661,2947.889397905759
1360778202.66,3663.121727748691
1360778202.656,1434.375
1360778197.345,2169.2193675889325
1360778197.345,866.0795454545455
1360778197.345,2989.748023715415
1360778197.408,894.2307692307693
1360778197.404,717.3763736263736
1360778197.404,2605.1968864468863
1360778205.832,811.328125
1360778206.022,1474.2980072463768
1360778206.022,4168.002136752137
1360778209.413,1953.6764705882351
1360778206.019,1021.6346153846155
1360778206.019,3681.356837606838
1360778209.663,15963.434278350516
1360778209.662,5364.583333333333
1360778209.662,1944.3359375
1360778209.662,2219.328703703704
1360778209.662,792.0524691358025
1360778209.662,1722.938144329897
1360778209.662,1359.375
1360778209.662,1499.194587628866
1360778197.265,2741.8478260869565
1360778197.328,450.37774725274727
1360778197.264,3276.973083941606
1360778213.452,325.0
1360778197.328,891.3690476190477
1360778197.327,2684.466575091575
1360778197.327,593.1776556776557
1360778205.773,2795.5452127659573
1360778205.832,4879.575892857143
1360778205.944,2948.050213675214
1360778205.94,1771.7681623931626
1360778205.94,2192.934782608696
1360778205.939,993.1891025641025
1360778205.939,2103.231837606838
1360778209.581,4431.056701030928
1360778209.581,3980.509020618557
1360778209.58,1617.7512886597938
1360778209.58,5012.2422680412365
1360778209.579,2094.702743902439
1360778209.579,1037.2100515463917
1360778197.389,340.75956937799043
1360778196.753,1234.1672207446807
1360778197.175,141.53439153439155
1360778242.753,270.8333333333333
1360778263.435,181.89102564102564
1360778263.342,298.87820512820514
1360778281.388,19755.698529411762
1360778282.558,152155.24193548388
1360778281.268,213.54166666666666
1360778281.246,56.56492248062016
1360778281.309,24954.976303317537
1360778286.468,287.5844594594595
1360778286.05,12171.875
1360778304.833,1783.2446808510638
1360778307.754,11375.0
1360778307.441,4174.107142857143
1360778334.71,2156.25
1360778336.378,14453.125
1360778336.176,6562.5
1360778394.748,359.375
1360778390.858,1434.6264367816093
1360778390.922,15828.125
1360778395.328,2052.5240384615386
1360778395.328,2485.905283505155
1360778395.322,3882.901615969582
1360778395.322,2725.5408653846157
1360778395.322,2937.9158745247146
1360778395.321,3012.8865979381444
1360778395.321,2203.4869691119693
1360778395.321,1971.8267374517375
1360778395.321,1192.0072115384614
1360778395.249,3375.3619691119693
1360778395.249,3542.240969581749
1360778395.248,2920.660621761658
1360778395.248,4571.307915057915
1360778395.248,4110.026041666667
1360778395.247,3388.996138996139
1360778395.246,2208.7139423076924
1360778395.246,3123.4375
1360778395.246,2859.1452205882356
1360778395.246,3053.639846743295
1360778395.246,3635.919401544402
1360778395.246,3163.793103448276
1360778395.246,2328.966346153846
1360778395.233,2456.3577586206893
1360778397.157,2121.642561983471
1360778422.465,1187.5
1360778381.496,8206.766764322916
1360778421.979,313.8241525423729
1360778422.106,457.2172619047619
1360778422.106,2487.847222222222
1360778422.17,1332.2010869565217
1360778422.17,2945.923913043478
1360778422.17,1910.0
1360778422.17,9700.679347826088
1360778422.17,1371.0056390977443
1360778422.17,1881.929347826087
1360778422.17,2703.9402173913045
1360778422.17,2418.614130434783
1360778422.17,1459.1032608695652
1360778422.17,413.69047619047615
1360778422.17,2232.880434782609
1360778430.551,3437.5
1360778422.423,1145.8333333333333
1360778432.88,1357.142857142857
1360778429.549,1583.3333333333333
1360778394.924,5170.023563734291
1360778422.029,1352.9094827586207
1360778422.029,4157.731681034483
1360778422.029,1617.1239837398375
1360778422.029,1724.9461206896553
1360778422.028,2002.6939655172416
1360778422.028,1260.7758620689656
1360778422.092,2282.336956521739
1360778430.476,3437.5
1360778430.476,3437.5
1360778422.091,1502.717391304348
1360778422.091,3503.048780487805
1360778422.091,2335.326086956522
1360778422.091,765.625
1360778422.091,352.1739130434783
1360778422.091,2427.9891304347825
1360778422.091,537.3641304347826
1360778422.154,1034.9506578947369
1360778430.538,381.9444444444444
1360778422.345,994.5101351351351
1360778423.489,84.86238532110092
1360778432.95,1849.524456521739
1360778433.014,2960.2430555555557
1360778433.014,1763.3680555555554
1360778432.949,3125.8585164835163
1360778433.013,1926.0416666666667
1360778433.013,1821.2568681318683
1360778429.554,1550.096649484536
1360778429.554,2979.7413793103447
1360778429.554,706.4887152777778
1360778429.554,3589.1927083333335
1360778429.554,4169.588414634147
1360778429.554,465.4947916666667
1360778429.554,450.3038194444444
1360778429.554,2578.0172413793102
1360778429.554,1235.1371951219512
1360778429.617,381.31313131313135
1360778429.553,3763.671875
1360778429.553,1704.2682926829268
1360778429.553,1993.9024390243903
1360778429.553,468.9670138888889
1360778429.617,1522.375
1360778429.617,1623.263888888889
1360778422.416,2239.093137254902
1360778432.865,847.0123626373627
1360778432.929,2922.3958333333335
1360778432.864,2741.243131868132
1360778432.864,4488.667582417582
1360778432.927,2356.9444444444443
1360778429.47,3226.128472222222
1360778429.47,2304.3619791666665
1360778429.47,3533.203125
1360778429.47,3248.2638888888887
1360778429.47,475.2604166666667
1360778429.47,1602.2873711340205
1360778429.469,2901.475694444445
1360778429.533,3131.25
1360778429.469,440.3211805555556
1360778429.469,2255.0998263888887
1360778429.533,1956.5972222222224
1360778429.533,1026.5299479166667
1360778430.586,2958.0853174603176
1360778423.155,2230.565599173554
1360778418.792,309.6458978328173
1360778422.773,368.3431952662722
1360778420.497,2029.472552910053
1360778422.311,716.1239495798319
1360778422.563,181.52866242038215
1360778430.213,129428.125
1360778429.939,22960.9375
1360778457.5,8781.25
1360778457.42,2884.9774096385545
1360778457.423,1897.0256024096386
1360778457.423,327.18373493975906
1360778457.423,5411.3328313253005
1360778457.422,1116.7168674698796
1360778457.422,734.5632530120482
1360778457.422,1959.9021084337348
1360778457.422,665.8509036144578
1360778457.422,449.35993975903614
1360778457.422,1712.914156626506
1360778457.422,7868.2228915662645
1360778457.422,1796.3102409638554
1360778457.371,1101.4683734939758
1360778457.371,1738.328313253012
1360778457.371,4020.707831325301
1360778457.371,3446.4285714285716
1360778457.371,1462.5376506024097
1360778457.371,2518.2605421686744
1360778457.371,2212.725903614458
1360778457.371,2169.992469879518
1360778457.371,2337.1611445783133
1360778457.371,2218.5617469879517
1360778457.371,1950.112951807229
1360778456.868,711.703431372549
1360778479.051,1078.125
1360778457.142,19031.25
1360778486.401,179.6875
1360778478.434,12540.259009009009
1360778478.434,14056.678921568628
1360778478.433,10345.56361607143
1360778478.351,11332.549778761062
1360778478.351,13978.693181818182
1360778478.351,14896.017699115044
1360778478.348,14305.453431372549
1360778482.607,3239.87188365651
1360778482.607,2741.2002060439563
1360778482.607,1689.0926308539945
1360778482.605,3285.1880081300815
1360778482.669,2875.1750700280113
1360778482.669,2828.689236111111
1360778482.733,3138.4608725761773
1360778482.921,4119.63296398892
1360778482.921,312.5
1360778482.532,3682.2496639784945
1360778482.596,2954.213091922006
1360778482.596,2712.182348901099
1360778482.532,2835.4397506925206
1360778482.532,3334.753787878788
1360778482.532,2956.9444444444443
1360778482.659,2968.5305477528086
1360778482.658,2699.5024441340784
1360778482.658,2155.5059523809527
1360778496.959,1404.9831081081081
1360778499.127,9054.6875
1360778499.038,6718.75
1360778524.57,5671.875
1360778504.918,6657.952724358975
1360778504.917,7870.435393258427
1360778504.775,6471.471207865169
1360778504.774,2376.358695652174
1360778504.838,9895.798841059603
1360778504.774,6967.527932960894
1360778504.773,10192.912011173185
1360778504.773,6929.775280898877
1360778508.706,5434.948979591836
1360778508.77,7041.2289915966385
1360778508.705,9422.046703296703
1360778508.769,8814.707880434784
1360778508.705,7896.8373493975905
1360778508.769,5636.6234756097565
1360778508.769,9372.983870967742
1360778508.705,7200.284090909091
1360778508.589,9020.230263157895
1360778508.589,9146.913109756097
1360778508.588,5105.173319327731
1360778508.588,13481.907894736842
1360778508.588,7680.084745762712
1360778508.588,8166.792168674699
1360778508.588,8295.586340206186
1360778508.647,6825.8223684210525
1360778508.647,7745.949074074075
1360778524.43,173028.0720338983
1360778524.263,49.979641693811075
1360778537.306,371.46577380952385
1360778530.65,290854.5603197674
1360778523.417,3461.538461538462
1360778523.749,24154.592803030304
1360778525.566,521.6346153846155
1360778546.33,2625.0
1360778546.329,67.70833333333333
1360778529.408,1484.375
1360778528.155,1302.951388888889
1360778476.802,6263.494774919614
1360778576.288,4484.375
1360778554.486,17328.125
1360778581.528,1313.6160714285713
1360778585.557,2156.25
1360778585.556,2156.25
1360778583.348,53.37732919254658
1360778593.151,202560.73369565216
1360778593.697,26893.002717391304
1360778582.188,589.5833333333334
1360778582.188,402.65213815789474
1360778582.188,8187.5
1360778583.096,404.04647435897436
1360778586.365,14350.961538461539
1360778586.428,11823.958333333334
1360778586.428,12022.284836065573
1360778586.428,15679.086538461539
1360778586.428,12990.0
1360778586.428,11146.09375
1360778586.427,14647.97794117647
1360778586.363,17535.37087912088
1360778586.427,14769.467213114754
1360778586.426,11541.280864197532
1360778586.426,15582.217261904763
1360778586.426,9838.900862068966
1360778586.348,13595.703125
1360778586.348,18429.347826086956
1360778586.348,12942.283163265307
1360778586.348,14217.463235294117
1360778586.347,7664.68253968254
1360778586.347,10713.341346153848
1360778586.347,10050.740979381442
1360778586.344,11637.319711538461
1360778586.344,5988.8671875
1360778586.344,10948.474702380952
1360778586.343,10928.06311881188
1360778586.343,11892.688679245284
1360778600.698,6421.875
1360778600.018,10023.4375
1360778592.755,3084.333609271523
1360778641.134,3437.5
1360778641.134,3437.5
1360778581.101,7245.162898936171
1360778641.048,3437.5
1360778641.048,1484.375
1360778641.047,3437.5
1360778641.047,3437.5
1360778641.047,1484.375
1360778641.046,49.24242424242424
1360778660.32,2156.25
1360778660.383,2156.25
1360778708.566,230866.2860576923
1360778708.036,46.7874649859944
1360778707.821,197.57669712793734
1360778708.561,186421.875
1360778730.874,150028.95642201835
1360778731.001,141.93925233644862
1360778731.048,16095.076650943398
1360778744.507,1357.142857142857
1360778753.021,6390.625
1360778753.019,6734.375
1360778753.399,1357.142857142857
1360778743.63,2900.0496031746034
1360778743.63,1728.515625
1360778743.629,524.6775793650794
1360778743.629,2498.991935483871
1360778751.688,950.0
1360778743.627,3579.25
1360778743.627,2159.25
1360778743.627,3062.5
1360778743.627,1583.75
1360778743.627,1438.013980263158
1360778743.627,505.08432539682536
1360778743.627,4977.179276315789
1360778743.627,310.26785714285717
1360778743.627,1090.375
1360778743.627,3551.75
1360778743.627,4860.551075268817
1360778744.52,1522.8794642857142
1360778744.52,536.4583333333334
1360778753.074,855.46875
1360778753.074,855.46875
1360778743.555,6031.746031746032
1360778743.555,4896.081349206349
1360778743.554,563.5
1360778743.554,2384.125
1360778743.554,2494.560917721519
1360778743.554,1074.21875
1360778743.554,2686.375
1360778743.554,579.6130952380952
1360778743.554,2492.125
1360778743.554,1512.5
1360778743.554,2205.625
1360778743.554,494.0476190476191
1360778743.554,3651.25
1360778743.554,904.2119565217391
1360778743.554,11113.962155963303
1360778743.554,6533.75
1360778733.023,920.4545454545454
1360778753.373,1663.966049382716
1360778753.307,3773.6280487804875
1360778753.307,4714.176829268293
1360778753.37,3283.5693359375
1360778755.958,3760.057471264368
1360778755.958,2763.6494252873563
1360778755.957,1055.5555555555557
1360778756.02,3291.6061046511627
1360778751.665,5285.308441558442
1360778751.793,3734.2013888888887
1360778751.793,5970.394736842105
1360778751.793,5739.4120065789475
1360778751.793,954.8725328947369
1360778751.793,2202.777777777778
1360778751.793,4069.6957236842104
1360778751.793,674.547697368421
1360778751.664,5488.230519480519
1360778751.664,8372.564935064935
1360778751.664,3871.0430194805194
1360778751.664,4310.455607476635
1360778751.66,938.3116883116883
1360778751.788,4492.1875
1360778751.788,660.3618421052631
1360778751.792,6274.714052287582
1360778753.232,4725.2286585365855
1360778753.232,2894.3014705882356
1360778753.295,3504.150390625
1360778753.294,3325.3173828125
1360778753.294,1640.2391975308642
1360778755.878,3568.9655172413795
1360778751.563,4473.315746753247
1360778751.563,1082.1834415584415
1360778751.562,5285.105519480519
1360778751.562,4736.752717391305
1360778751.69,4150.347222222222
1360778751.69,3470.138888888889
1360778751.69,961.0402960526316
1360778751.69,5598.856209150327
1360778751.562,4571.331521739131
1360778751.562,4627.94237012987
1360778751.69,5502.678571428572
1360778751.69,6005.962171052632
1360778751.69,3004.7286184210525
1360778751.69,3564.583333333333
1360778742.718,2038.5469543147208
1360778757.094,1029.004491017964
1360778744.5,450.35714285714283
1360778745.009,4218.75
1360778744.933,8276.041666666666
1360778744.932,163.79310344827584
1360778752.573,55994.791666666664
1360778752.653,68021.484375
1360778751.473,4803.819444444444
1360778753.315,1119.7916666666667
1360778753.734,3398.4375
1360778752.929,71406.25
1360778752.928,7796.875
1360778753.053,19953.125
1360778762.006,2204.627403846154
1360778791.759,2156.25
1360778769.913,6221.49417562724
1360778769.913,3667.170698924731
1360778769.913,3099.4727366255142
1360778769.976,6003.87854609929
1360778769.976,5161.143238434164
1360778769.91,5707.620614035088
1360778769.909,6077.687937062937
1360778769.909,6253.125
1360778769.909,3871.527777777778
1360778769.909,3595.5421146953404
1360778769.909,4062.4439964157705
1360778769.973,5457.28417266187
1360778769.973,6201.832284172662
1360778769.973,5697.335881294964
1360778769.972,5537.544169611308
1360778769.822,6166.759341637011
1360778769.822,4423.947132616488
1360778769.822,2582.6260288065846
1360778769.885,5438.513225255972
1360778769.885,5653.833183453237
1360778769.885,3986.8969298245615
1360778769.757,5257.756696428572
1360778769.821,6641.116695804196
1360778797.829,2156.25
1360778779.018,966.3240131578947
1360778783.841,5828.125
1360778799.323,8468.75
1360778801.807,106.57327586206897
1360778803.403,44638.020833333336
1360778803.467,40368.75
1360778803.402,19338.815789473683
1360778803.402,67333.33333333333
1360778803.402,58375.0
1360778803.402,62757.8125
1360778803.402,67726.5625
1360778802.022,11375.0
1360778803.321,204406.25
1360778803.321,52053.125
1360778803.32,9539.0625
1360778803.32,123468.75
1360778803.319,59476.5625
1360778803.319,83703.125
1360778803.319,31768.229166666668
1360778803.383,49793.75
1360778524.858,295701.9230769231
1360778831.68,2156.25
1360778838.069,132033.65384615384
1360778836.0,158315.97222222222
1360778836.16,3391.318417159763
1360778835.785,4472.904624277457
1360778835.849,2435.32196969697
1360778835.913,1562.309451219512
1360778835.912,1708.6509146341464
1360778835.847,1937.2258771929824
1360778835.911,1481.2309451219512
1360778835.91,2737.847222222222
1360778835.574,6546.875
1360778835.769,1526.498538011696
1360778835.833,1823.4649122807018
1360778835.833,2320.5409356725145
1360778835.833,2845.1791158536585
1360778835.833,1714.3895348837211
1360778835.832,77710.9375
1360778835.832,2300.7127192982457
1360778835.832,1971.0210755813953
1360778861.662,410.7142857142857
1360778846.431,1872.6647418478262
1360778846.354,1954.3884770889488
1360778846.353,2424.529109589041
1360778846.353,2130.968169761273
1360778846.353,2271.647574123989
1360778881.683,4750.0
1360778881.001,349.35141509433964
1360778881.127,3713.491586538462
1360778881.127,1287.409855769231
1360778881.126,4672.475961538462
1360778881.126,1918.269230769231
1360778881.19,2239.229368932039
1360778881.126,3094.501201923077
1360778881.19,2116.2014563106795
1360778881.19,376.36529126213594
1360778881.189,2087.5303398058254
1360778881.189,2813.258495145631
1360778881.189,4713.895631067961
1360778881.189,378.6407766990291
1360778881.755,1072.4734042553193
1360778839.1,3808.7787828947367
1360778881.046,1968.9002403846155
1360778881.049,627.8545673076923
1360778881.049,9326.47235576923
1360778881.113,2111.498786407767
1360778880.985,2437.5
1360778881.112,2331.4623786407765
1360778881.112,1415.351941747573
1360778881.048,3440.805288461538
1360778881.112,327.5182038834951
1360778881.112,2412.1662621359224
1360778881.048,2562.950721153846
1360778881.048,4100.811298076924
1360778881.047,2661.0576923076924
1360778881.111,5164.290048543689
1360778881.111,3609.2233009708734
1360778881.111,374.0898058252427
1360778865.933,17101.996527777777
1360778865.933,11974.950396825398
1360778868.312,23757.8125
1360778868.312,24118.303571428572
1360778868.248,24732.14285714286
1360778868.311,28105.902777777777
1360778868.311,22630.46875
1360778868.311,23569.07894736842
1360778865.813,12519.345238095237
1360778865.812,12651.785714285714
1360778865.808,12702.904929577464
1360778865.805,18145.380434782608
1360778868.166,24002.34375
1360778868.23,30197.150735294115
1360778868.293,24431.74342105263
1360778868.165,21591.216216216217
1360778868.229,19977.764423076922
1360778868.229,24745.689655172413
1360778880.419,2149.185505319149
1360778904.925,863.6363636363636
1360778882.202,127.3009417808219
1360778898.832,2711.513157894737
1360778898.832,4530.048076923076
1360778898.832,4214.536516853933
1360778898.831,1812.5
1360778898.831,8629.20673076923
1360778898.831,2554.6052631578946
1360778898.831,7957.632211538462
1360778898.831,362.53511235955057
1360778769.783,1611.4057135850908
1360778763.313,4467.567172897196
1360778900.018,950.0
1360778900.018,3604.4117647058824
1360778900.145,572.9166666666666
1360778900.015,2668.0147058823527
1360778900.268,131.25
1360778882.063,1130.7791095890411
1360778898.693,3275.892857142857
1360778898.757,4600.164473684211
1360778898.757,4371.544471153846
1360778898.757,678.9772727272727
1360778898.757,667.1052631578948
1360778898.757,421.05263157894734
1360778881.732,32.11805555555555
1360778898.756,4143.629807692308
1360778898.756,6105.318509615385
1360778898.756,638.671875
1360778898.755,355.7565789473684
1360778892.259,79.4172932330827
1360778892.259,79.4172932330827
1360778882.277,226.54109589041096
1360778881.749,78.7292817679558
1360778881.602,326.3706140350877
1360778904.899,1006.6784274193548
1360778904.963,1389.4817073170732
1360778904.963,1490.2184959349593
1360778904.962,249.6189024390244
1360778898.805,446.7751141552511
1360778898.805,450.2711187214612
1360778898.805,2706.8350456621006
1360778898.741,2317.471590909091
1360778898.805,1783.675799086758
1360778898.805,2363.4417808219177
1360778900.11,2340.119949494949
1360778904.818,3174.899193548387
1360778904.818,1808.2157258064515
1360778904.817,1969.8840725806454
1360778904.881,283.6636178861789
1360778904.88,2176.5752032520327
1360778904.88,278.5823170731707
1360778904.88,1645.4522357723579
1360778904.88,4075.9803921568628
1360778904.88,129447.11538461539
1360778898.724,3038.118131868132
1360778898.724,631.4925799086758
1360778898.724,3415.7391552511417
1360778898.724,3485.9446347031962
1360778898.724,3813.070776255708
1360778898.658,4090.7670454545455
1360778898.722,2237.3002283105025
1360778898.722,2682.0062785388127
1360778899.904,1761.484375
1360778900.159,1921.069587628866
1360778900.031,1837.4368686868688
1360778900.158,4819.265463917525
1360778912.861,1900.0
1360778912.847,1956.3210227272727
1360778912.846,2194.873595505618
1360778912.846,2853.3380681818185
1360778912.846,1936.9673295454545
1360778912.91,1896.1925287356323
1360778912.846,1779.6519886363635
1360778912.841,2547.940340909091
1360778912.905,1545.9770114942528
1360778912.905,2411.9971264367814
1360778912.905,1272.4497126436781
1360778912.971,5025.61773255814
1360778912.971,444.40406976744185
1360778912.766,2987.038352272727
1360778912.766,1715.1988636363635
1360778912.766,1332.9190340909092
1360778912.83,2008.6206896551726
1360778912.83,3597.162356321839
1360778912.766,1852.9829545454545
1360778912.826,1059.9856321839081
1360778912.826,1197.9758522727273
1360778912.891,1801.0537790697674
1360778912.689,415.6605113636364
1360778912.689,3698.508522727273
1360778912.689,1410.8664772727273
1360778912.689,1566.228693181818
1360778912.689,1122.3366477272727
1360778898.2,1233.6491442542788
1360778900.259,6553.571428571428
1360778900.515,2843.75
1360778899.359,1506.9444444444443
1360778899.929,203.125
1360778921.865,1750.0
1360778913.294,4859.375
1360778921.879,9906.25
1360778921.977,154.45772058823528
1360778939.459,84.84162895927602
1360778947.649,159.7222222222222
1360778943.837,5602.090371621622
1360778930.398,2424.1955445544554
1360778936.872,3659.5685840707965
1360778936.698,3310.4258849557523
1360778936.698,4391.039823008849
1360778936.697,2285.674778761062
1360778936.697,28666.666666666668
1360778936.697,3063.1510416666665
1360778936.697,2466.2610619469024
1360778936.697,21097.65625
1360778936.697,4755.116150442478
1360778936.897,3688.7335526315787
1360778936.897,28935.546875
1360778936.897,4617.252066115703
1360778936.897,2818.9988938053098
1360778953.689,234.7515060240964
1360778959.181,5484.375
1360778952.886,26746.323529411766
1360778936.872,1772.8152654867258
1360778936.872,2479.6736725663714
1360778936.872,45421.875
1360778936.872,3389.5188053097345
1360778936.872,3526.5486725663714
1360778936.871,3415.7909292035397
1360778936.871,3526.4103982300885
1360778936.871,2524.9103483606555
1360778936.87,1605.0884955752213
1360778936.87,3629.248903508772
1360778936.87,3481.609513274336
1360778959.177,49233.48496835443
1360778952.291,145.5357142857143
1360778952.401,249007.8125
1360778952.892,357950.5208333333
1360778944.465,19370.90066539924
1360778979.164,5484.375
1360778981.156,155.85191082802547
1360778959.202,16325.709685114503
1360778972.68,122281.25
1360778972.743,83218.75
1360778972.657,74921.875
1360778972.588,98390.625
1360778972.652,19169.270833333332
1360778976.44,19.9468085106383
1360778980.601,11968.75
1360779007.665,1718.75
1360778959.132,39363.6625989446
1360778996.412,6793.1547619047615
1360779007.692,1625.0
1360779007.692,1625.0
1360779007.55,1625.0
1360779007.868,20675.78125
1360779037.819,334.82142857142856
1360779038.185,2156.25
1360779028.852,13687.5
1360779028.647,26929.6875
1360779024.993,1869.7916666666667
1360779031.113,9258.386299435027
1360779031.176,8863.099093264247
1360779031.176,9608.723958333334
1360779031.176,5996.995192307692
1360779031.176,7424.859550561798
1360779031.176,7300.9629360465115
1360779031.171,9644.901315789473
1360779031.175,9040.17857142857
1360779031.175,6038.107638888889
1360779031.175,4395.419034090909
1360779031.175,5562.662760416667
1360779031.175,6435.637953367876
1360779030.071,53.66654829545455
1360779031.085,9724.318484042555
1360779031.085,6951.579670329671
1360779031.085,8772.163722826088
1360779031.085,6755.714285714285
1360779031.085,6581.828034682081
1360779031.084,6152.671089385475
1360779031.084,3218.0103550295858
1360779031.084,6697.5
1360779031.084,8700.314153439154
1360779031.084,6976.5625
1360779031.084,5399.285714285714
1360779052.772,243928.9772727273
1360779052.909,36825.276692708336
1360779052.726,13450.255102040817
1360779048.102,6421.875
1360779048.357,11734.375
1360779067.921,20.061728395061728
1360779066.469,41.666666666666664
1360779074.073,10.284810126582277
1360779083.322,5.062305295950155
1360779157.655,11.909298780487806
1360779270.995,130.0
1360779268.659,76.65094339622641
1360779268.594,76.65094339622641
1360779282.237,33.163265306122454
1360779282.173,45.138888888888886
1360779282.3,29.545454545454543
1360779282.236,42.025862068965516
1360779282.488,32.17821782178218
1360779282.679,34.21052631578947
1360779282.677,30.373831775700936
1360779282.805,36.93181818181819
1360779283.059,30.660377358490567
1360779283.123,40.123456790123456
1360779283.187,42.76315789473684
1360779283.314,50.0
1360779283.377,47.10144927536232
1360779283.377,42.20779220779221
1360779030.983,486.91761010201543
1360779281.964,42.025862068965516
1360779282.153,49.744897959183675
1360779282.152,33.163265306122454
1360779282.215,43.526785714285715
1360779282.341,34.21052631578947
1360779282.465,32.939189189189186
1360779282.587,44.31818181818182
1360779283.204,41.666666666666664
1360778921.846,1369.477761652723
1360779292.404,70.04310344827586
1360779292.53,55.39772727272727
1360779297.981,40.625
1360779290.954,102.88825757575758
1360779331.167,62.83244680851063
1360779340.702,61.5234375
1360779338.105,15.75
1360779347.831,15.625
1360779345.778,11.355377906976743
1360782175.501,32.608695652173914
1360782177.172,33.333333333333336
1360782186.934,31.25
1360782789.962,31.25
1360782829.853,17.53597122302158
1360790159.821,27584.375
1360790160.138,5965.625
1360790161.151,70414.0625
1360790161.177,11109.375
1360790160.034,1790.8909574468087
1360790160.034,625.78125
1360790160.353,2481.7708333333335
1360790160.606,1679.966517857143
1360790159.312,879.2794585987261
1360790156.87,3697.9166666666665
1360790161.677,9402.34375
1360790163.891,27338.541666666668
1360790164.943,3806.1079545454545
1360790190.281,1078.125
1360790190.34,2156.25
1360790185.627,222.09387159533074
1360790190.532,1914.1566265060242
1360790216.534,479.1666666666667
1360790220.041,2156.25
1360790195.803,1701.7045454545455
1360790196.039,1019.53125
1360790196.607,1725.0
1360790199.154,226.5625
1360790201.134,873.6537206266319
1360790201.262,7361.71875
1360790201.261,631.9717847769028
1360790201.325,758.1825657894738
1360790201.388,507.2971635883905
1360790201.26,689.4274934383202
1360790201.26,1064.1036184210527
1360790201.26,6970.3125
1360790201.26,1003.0016447368422
1360790201.259,458.67598684210526
1360790201.323,639.1447368421053
1360790201.578,375.0
1360790201.386,1023.3961640211639
1360790201.386,786.995701058201
1360790202.087,1075.3026832460732
1360790202.15,1166.9819078947369
1360790202.15,870.8579396325459
1360790202.15,829.3143044619422
1360790202.149,5995.463709677419
1360790202.149,672.2851049868766
1360790202.213,729.4277704485488
1360790202.271,533.3581349206349
1360790202.275,844.3684036939314
1360790217.115,1130.2083333333333
1360790218.108,4693.75
1360790226.397,2476.986434108527
1360790226.396,3003.321850393701
1360790238.648,71975.80357142857
1360790226.843,2674.1431451612907
1360790226.968,2872.488839285714
1360790227.347,2520.7435344827586
1360790227.069,1569.672131147541
1360790227.196,3644.8985042735044
1360790227.175,1645.99609375
1360790227.24,3700.5657327586205
1360790232.982,3824.5811855670104
1360790233.236,189109.375
1360790234.041,12292.613636363636
1360790234.038,8471.590909090908
1360790234.038,10503.60576923077
1360790232.897,173437.5
1360790233.949,10845.170454545456
1360790233.884,9990.625
1360790238.96,190.10416666666666
1360790239.741,77936.70076726344
1360790243.666,41985.06944444444
1360790243.666,1192.845394736842
1360790245.813,1625.0
1360790274.869,381.9444444444444
1360790274.932,381.9444444444444
1360790274.868,381.9444444444444
1360790274.995,429.6875
1360790275.059,381.9444444444444
1360790274.994,429.6875
1360790274.787,1145.8333333333333
1360790274.787,381.9444444444444
1360790274.786,875.0
1360790274.786,1145.8333333333333
1360790274.849,429.6875
1360790274.913,381.9444444444444
1360790274.913,328.125
1360790274.977,381.9444444444444
1360790274.912,381.9444444444444
1360790274.912,343.75
1360790276.217,1078.125
1360790276.343,1078.125
1360790265.774,24090.448943661973
1360790265.821,108457.14962121213
1360790275.554,93.75
1360790275.348,1625.0
1360790306.356,7301.257621951219
1360790306.212,35033.392857142855
1360790306.531,10863.28125
1360790306.657,45460.9375
1360790306.781,24.87864077669903
1360790313.625,875.0
1360790313.223,6070.3125
1360790331.392,4520.833333333333
1360790331.646,7817.708333333333
1360790358.691,2156.25
1360790353.148,12440.333104395604
1360790364.85,541.6666666666666
1360790353.069,37622.081043956045
1360790353.128,81156.93681318681
1360790342.541,15.53030303030303
1360790341.879,1942.7083333333333
1360790340.485,126.83823529411764
1360790341.541,1083.3333333333333
1360790341.732,1870.5357142857142
1360790341.732,7020.089285714285
1360790341.474,7631.25
1360790372.008,4750.0
1360790370.616,835.9375
1360790370.676,6014.53488372093
1360790370.675,2166.959269662921
1360790370.675,18236.386138613863
1360790369.861,2283.7217514124295
1360790370.599,331.59722222222223
1360790370.598,2541.8882978723404
1360790370.598,883.3333333333333
1360790365.302,1625.0
1360790371.246,5078.125
1360790372.555,4218.75
1360790370.908,5062.5
1360790371.515,8437.5
1360790372.275,5078.125
1360790372.466,8437.5
1360790372.494,10164.0625
1360790377.263,10608.901515151516
1360790377.39,8370.361328125
1360790377.39,12044.711538461537
1360790377.39,12854.248046875
1360790377.39,10869.612068965518
1360790377.454,12284.474206349205
1360790377.513,9333.89423076923
1360790377.513,12494.45564516129
1360790377.26,6933.072916666666
1360790377.324,13343.050373134329
1360790377.58,375.0
1360790377.58,375.0
1360790377.58,312.5
1360790377.388,10733.3984375
1360790377.578,375.0
1360790377.153,12092.37132352941
1360790377.153,6161.147388059701
1360790377.152,6567.945075757576
1360790377.28,9495.888157894737
1360790377.279,8859.85576923077
1360790377.279,11934.814453125
1360790377.279,7420.286016949152
1360790377.279,9635.498046875
1360790377.343,12158.572635135135
1360790377.343,13141.74107142857
1360790377.342,7839.962121212121
1360790377.342,9415.578358208955
1360790377.406,7898.065476190476
1360790377.406,375.0
1360790377.469,312.5
1360790412.929,11109.375
1360790421.058,2156.25
1360790424.762,2625.0
1360790424.761,3437.5
1360790424.741,2625.0
1360790429.148,22302.083333333332
1360790430.25,25999.404761904763
1360790413.799,7095.703125
1360790434.074,909.6798780487804
1360790429.146,48.658288043478265
1360790429.209,39245.64200680272
1360790429.551,13093.75
1360790432.875,12203.125
1360790473.755,718.75
1360790469.907,4361.6776315789475
1360790469.906,119520.2132936508
1360790455.977,20851.5625
1360790486.121,2156.25
1360790498.606,3602.8645833333335
1360790504.349,86833.09659090909
1360790497.208,63607.06676136363
1360790507.162,9718.75
1360790507.353,3734.375
1360790504.22,5551.352896341464
1360790513.979,5031.25
1360790497.154,151.3129340277778
1360790515.317,222.4609375
1360790515.317,222.4609375
1360790515.236,222.4609375
1360790506.124,4531.25
1360790526.074,58.035714285714285
1360790525.989,58.035714285714285
1360790525.989,56.6860465116279
1360790513.328,8843.75
1360790513.327,89940.625
1360790515.42,22348.958333333332
1360790515.32,139281.25
1360790746.928,73.86363636363637
1360790754.181,78.125
1360790754.624,62.5
1360790756.192,125.0
1360790756.317,78.62903225806451
1360790756.317,130.0
1360790185.516,2000.6375055890899
1360790497.616,291317.7083333333
1360790504.674,112178.20945945945
1360790998.611,128.28947368421055
1360792390.959,20.089285714285715
1360793701.503,11.421783625730994
1360796896.612,12960.9375
1360796888.583,3243.4210526315787
1360796891.801,871.0585585585585
1360796896.206,8110.491071428572
1360796932.332,585.3365384615385
1360796952.426,2156.25
1360796932.596,2200.8928571428573
1360796956.591,2156.25
1360797034.468,205.56329617834396
1360797052.979,39935.64618644068
1360797052.812,312.5
1360797052.775,13218.75
1360797052.711,5875.0
1360797052.965,24570.3125
1360797071.043,1232.8629032258066
1360797093.161,7796.875
1360797073.84,27338.541666666668
1360797105.66,19031.25
1360797108.185,18507.621951219513
1360797130.549,2156.25
1360797130.5,2156.25
1360797292.804,18.66883116883117
1360797344.652,5031.25
1360803156.154,20350.0
1360803156.53,1470.486111111111
1360803156.53,1652.34375
1360803156.456,2201.3888888888887
1360803156.456,1651.0416666666667
1360803157.09,1353.693181818182
1360803156.073,2191.5625
1360803158.711,4574.448529411765
1360803159.095,1841.3825757575758
1360803154.57,3796.875
1360803155.604,5074.479166666666
1360803163.896,104.59879912663756
1360803159.866,4898.584905660377
1360803161.191,3304.086538461538
1360803161.194,3646.3068181818185
1360803163.075,4523.179235537191
1360803163.075,3860.4038065843624
1360803163.075,4746.200980392156
1360803163.075,3469.4767441860463
1360803163.075,2428.1862745098038
1360803163.073,526.4593160377359
1360803163.073,6050.925925925925
1360803163.073,7224.022633744857
1360803163.073,2622.8780864197533
1360803163.073,5774.164244186047
1360803163.073,4126.383763837638
1360803163.073,6748.934659090909
1360803160.862,2705.208333333333
1360803160.861,2768.1640625
1360803161.115,3964.0625
1360803161.605,916.6666666666666
1360803162.998,5110.4038065843615
1360803162.998,4360.049019607844
1360803162.998,3401.8460424710424
1360803162.998,2547.2440944881887
1360803162.998,6161.418726235741
1360803162.997,4845.982142857143
1360803162.997,3928.7860576923076
1360803162.997,4594.803370786517
1360803163.188,90.5244638069705
1360803164.367,3912.626121076233
1360803164.366,2825.401970954357
1360803164.278,3741.5611814345993
1360803164.641,312.5
1360803176.471,2643.841911764706
1360803176.788,2524.5209854014597
1360803176.779,1774.6224293059124
1360803177.223,267.85714285714283
1360803177.539,234.375
1360803209.567,431.9982394366197
1360803197.761,3273.923755186722
1360803197.761,2810.4258849557523
1360803197.76,3507.5817510548522
1360803197.824,1457.7521459227466
1360803205.568,255.76456310679612
1360803197.76,3111.51123046875
1360803197.76,1191.0282258064515
1360803210.366,578.7146226415094
1360803211.573,3945.3125
1360803207.964,583.4037162162163
1360803188.188,2822.03125
1360803188.187,2372.686688311688
1360803197.647,1520.9588353413656
1360803197.71,2132.8760162601625
1360803197.71,3287.6838235294117
1360803197.706,3818.2116596638657
1360803197.706,3304.979253112033
1360803197.706,3392.6348547717844
1360803197.682,825.1121076233185
1360803188.451,2476.7549261083745
1360803188.45,3288.341346153846
1360803188.376,2803.449876237624
1360803188.376,3329.8309553349873
1360803192.991,11734.375
1360803192.72,6421.875
1360803216.088,2156.25
1360803219.307,429.6875
1360803219.307,312.5
1360803219.469,308.0357142857143
1360803220.36,264.4230769230769
1360803220.231,238.83928571428572
1360803197.944,2801.4455782312925
1360803197.869,4418.536324786324
1360803197.869,1915.3698979591838
1360803199.74,334.68094405594405
1360803212.371,273.8486842105263
1360803212.434,272.6528384279476
1360803212.362,275.05506607929516
1360803212.422,278.7388392857143
1360803212.425,282.5226244343891
1360803212.823,137.86764705882354
1360803213.267,110.29411764705883
1360803213.265,104.16666666666667
1360803214.09,187.5
1360803214.344,165.44117647058823
1360803214.343,200.89285714285714
1360803212.738,137.86764705882354
1360803212.737,142.04545454545456
1360803212.737,137.86764705882354
1360803212.992,142.04545454545456
1360803213.182,110.29411764705883
1360803213.181,110.29411764705883
1360803214.259,175.78125
1360803214.259,165.44117647058823
1360803218.851,598.704268292683
1360803267.725,2318.359375
1360803269.217,77.36137218045113
1360803275.454,65924.655720339
1360803279.192,326.40625
1360803263.944,3561.580882352941
1360803286.968,102.08333333333333
1360803268.97,130.04658385093168
1360803267.991,2568.75
1360803268.43,7588.541666666667
1360803269.419,2152.185921717172
1360803269.419,1525.4488482384825
1360803269.418,1623.215418781726
1360803269.418,974.9629080118694
1360803269.482,1251.8979519774011
1360803269.418,1936.294642857143
1360803269.482,2363.913881748072
1360803269.417,2056.25
1360803269.481,1276.6927083333333
1360803269.481,2048.033887468031
1360803269.477,2169.8685109289618
1360803269.477,1466.6666666666665
1360803269.735,267.85714285714283
1360803269.735,267.85714285714283
1360803269.735,267.85714285714283
1360803269.735,267.85714285714283
1360803269.734,267.85714285714283
1360803268.319,2442.0268691588785
1360803269.325,1588.4299597855227
1360803269.325,2052.98335694051
1360803269.328,2321.43419395466
1360803269.392,1757.2560541310543
1360803269.392,1378.4968130311615
1360803269.328,1903.393817204301
1360803269.391,1940.0349069148936
1360803269.391,1653.8495111731843
1360803269.391,1402.1009887005648
1360803269.641,312.5
1360803269.641,312.5
1360803269.645,312.5
1360803269.645,267.85714285714283
1360803269.644,312.5
1360803269.644,312.5
1360803274.887,6156.25
1360803289.667,3599.7023809523807
1360803289.856,322.5
1360803289.856,108.5201367781155
1360803290.932,175.78125
1360803290.952,200.89285714285714
1360803290.823,175.78125
1360803291.204,6646.655701754386
1360803291.395,5681.790865384615
1360803291.394,4352.556818181818
1360803314.35,2156.25
1360803301.482,96.45730198019801
1360803315.367,1078.125
1360803295.204,62818.75
1360803292.382,234.375
1360803292.446,250.0
1360803292.635,165.44117647058823
1360803292.761,208.33333333333334
1360803293.378,187.5
1360803293.82,312.5
1360803292.367,234.375
1360803292.557,187.5
1360803292.557,175.78125
1360803292.491,409.27419354838713
1360803292.973,500.0
1360803300.871,215026.04166666666
1360803311.119,3807.045118343195
1360803301.243,1528.8341645885287
1360803301.243,900.7580445544554
1360803301.156,1525.0390625
1360803301.154,2368.49283042394
1360803331.179,109.70744680851064
1360803331.192,108.33333333333334
1360803331.191,151.31578947368422
1360803321.076,2206.3071148825065
1360803321.144,2248.314144736842
1360803321.207,2738.6919315403425
1360803321.27,3127.362804878049
1360803321.525,2834.756299734748
1360803321.631,2440.265098314607
1360803321.631,2921.4824120603016
1360803321.694,3012.690355329949
1360803321.885,5675.884955752213
1360803321.883,5175.395447530864
1360803321.883,2665.9650259067357
1360803321.883,2268.778237951807
1360803320.997,2673.3805338541665
1360803321.421,2907.4074074074074
1360803321.612,2885.7834507042253
1360803321.547,2469.8902027027025
1360803321.738,2991.439494680851
1360803321.802,2079.232594936709
1360803321.737,2811.5284974093265
1360803321.927,2170.1448961937717
1360803328.588,3365.221088435374
1360803328.32,1791.7064249363868
1360803328.637,3868.9076834862385
1360803328.954,3148.1413994169097
1360803331.283,171.05263157894737
1360803331.283,109.375
1360803334.367,157.92956026058633
1360803333.335,2892.1777950310557
1360803352.59,5393.010496183206
1360803360.648,7436.383928571428
1360803360.648,22845.98214285714
1360803360.843,21810.096153846152
1360803354.245,5693.068484042553
1360803349.742,3216.0714285714284
1360803349.994,2048.8398203592815
1360803361.646,38812.5
1360803353.965,2973.1158088235293
1360803349.485,4030.794902912621
1360803361.9,91171.875
1360803349.866,2498.28125
1360803354.983,88.31521739130436
1360803351.134,2636.337652439024
1360803351.006,1942.557803468208
1360803351.685,1019.1885964912282
1360803348.317,1809.3398876404494
1360803348.632,2503.362341772152
1360803349.172,2478.1678082191784
1360803354.335,3791.6666666666665
1360803355.032,14654.647435897436
1360803355.303,5431.640625
1360803355.43,2600.0
1360803356.424,9842.261904761905
1360803356.855,35125.9765625
1360803357.295,13625.0
1360803357.359,42380.68181818182
1360803358.219,151062.5
1360803389.042,1718.75
1360803379.622,16681.25
1360803409.603,539.0625
1360803389.929,1625.0
1360803389.926,1625.0
1360803394.637,126.25888625592415
1360803396.126,40.07662259615385
1360803396.438,4070.9984756097565
1360803396.564,3165.926204819277
1360803396.559,3932.174185463659
1360803396.559,3152.0260167464116
1360803396.69,312.5
1360803396.69,267.85714285714283
1360803396.689,267.85714285714283
1360803396.689,200.89285714285714
1360803396.86,267.85714285714283
1360803396.858,267.85714285714283
1360803396.858,187.5
1360803397.426,3822.929885786802
1360803397.931,3070.4345703125
1360803397.933,2835.298482849604
1360803397.933,2960.419323979592
1360803397.996,2391.0872781065086
1360803399.415,375.0
1360803399.417,267.85714285714283
1360803397.331,1430.8035714285713
1360803397.456,2949.2282082324455
1360803397.456,2625.7793942992876
1360803397.455,2794.087837837838
1360803397.455,2475.812815656566
1360803397.451,2530.2055481283423
1360803397.583,312.5
1360803397.582,267.85714285714283
1360803397.581,200.89285714285714
1360803397.581,234.375
1360803397.772,375.0
1360803397.772,312.5
1360803397.771,187.5
1360803397.769,267.85714285714283
1360803398.021,312.5
1360803398.825,2030.8668256130788
1360803398.888,3547.1021075581393
1360803398.819,3592.00487012987
1360803398.823,2490.372474747475
1360803398.823,2440.932765151515
1360803398.886,2085.0913098236774
1360803398.886,3502.410025706941
1360803398.949,267.85714285714283
1360803399.33,312.5
1360803399.33,234.375
1360803407.043,1524.5752427184466
1360803408.272,165.44117647058823
1360803412.263,11367.1875
1360803411.925,6781.25
1360803441.864,2156.25
1360803424.851,255656.25
1360803162.192,1996.4491656037414
1360803397.313,1671.5353260869565
1360803479.642,1145.8333333333333
1360803479.642,1718.75
1360803397.138,2009.544573643411
1360803269.625,4122.69646664636
1360803479.596,1718.75
1360803479.096,3437.5
1360803479.705,35.326086956521735
1360803479.705,47.79411764705882
1360803479.769,21.012931034482758
1360803479.704,49.744897959183675
1360803479.704,56.6860465116279
1360803479.572,30.854430379746837
1360803479.636,41.313559322033896
1360803479.636,36.93181818181819
1360803479.636,67.70833333333333
1360803479.636,38.69047619047619
1360803479.7,59.45121951219512
1360803479.7,20.656779661016948
1360803478.824,27.698863636363637
1360803491.738,2975.228658536585
1360803491.87,1323.6019736842106
1360803491.746,2267.96875
1360803159.423,14506.095769682726
1360803491.627,819.2708333333333
1360803494.018,162.47234513274336
1360803497.436,11528.125
1360803497.675,2487.176724137931
1360803497.675,4823.1581125827815
1360803497.739,3572.855029585799
1360803497.738,2929.2218543046356
1360803497.738,2448.0671965317915
1360803497.738,2779.4723053892217
1360803497.734,3661.0217065868264
1360803497.798,3319.6765988372094
1360803497.737,3025.0
1360803497.737,4029.00390625
1360803497.737,3748.6906424581002
1360803497.737,3374.1721854304637
1360803497.737,3085.5741279069766
1360803497.737,4814.453125
1360803497.737,3033.639705882353
1360803497.737,2358.626497005988
1360803498.65,3441.2434895833335
1360803498.65,4556.677018633541
1360803498.586,3677.7119252873563
1360803498.646,3693.708609271523
1360803498.649,2755.729166666667
1360803498.649,5878.069196428572
1360803518.164,58894.14943609022
1360803508.392,2101.116071428571
1360803508.39,3713.5416666666665
1360803509.355,312.5
1360803509.355,267.85714285714283
1360803512.68,6781.25
1360803513.011,7583.333333333333
1360803516.647,205.88235294117646
1360803552.928,403.84615384615387
1360803552.474,264.4230769230769
1360803552.729,214.84375
1360803552.536,264.4230769230769
1360803552.662,214.84375
1360803551.819,43.154761904761905
1360803551.946,229.16666666666666
1360803551.941,214.84375
1360803552.005,229.16666666666666
1360803552.536,214.84375
1360803552.534,214.84375
1360803572.642,2156.25
1360803572.564,2156.25
1360803270.922,44201.992753623184
1360803552.587,95.58823529411764
1360803552.318,1625.0
1360803552.405,1625.0
1360803581.908,19417.410714285714
1360803581.972,16668.402777777777
1360803581.972,24199.652777777777
1360803581.715,160.23936170212767
1360803581.971,9848.50543478261
1360803582.035,9579.202586206897
1360803582.035,1967.612870619946
1360803581.967,11980.654761904763
1360803581.967,14519.09722222222
1360803582.03,21136.71875
1360803582.03,15064.375
1360803582.03,11876.233552631578
1360803581.883,12180.625
1360803581.946,11266.964285714286
1360803581.882,9235.012755102041
1360803586.202,127.67857142857142
1360803601.0,52334.47265625
1360803605.894,36682.58928571428
1360803641.874,381.9444444444444
1360803641.734,1145.8333333333333
1360803641.797,687.5
1360803641.797,429.6875
1360803641.797,286.4583333333333
1360803582.143,5021.801154672395
1360803494.221,2130.9577338129493
1360803651.909,5722.252155172414
1360803651.909,4351.996527777777
1360803651.909,5024.92774566474
1360803651.904,4919.642857142857
1360803651.904,2226.518361581921
1360803651.904,5308.728448275862
1360803651.904,2152.542372881356
1360803651.904,1031.9406077348065
1360803651.834,4514.179913294797
1360803651.834,4897.053571428572
1360803651.834,4339.260057471264
1360803651.834,4131.016522988506
1360803651.834,2313.045058139535
1360803651.833,5473.239942528736
1360803651.833,4283.688583815029
1360803651.833,5280.352011494253
1360803644.776,4778.275804289544
1360803651.912,3971.793831168831
1360803645.405,145.75559701492537
1360803651.561,161.65303738317758
1360803651.688,3155.169930875576
1360803651.687,5298.241120218579
1360803651.687,5741.750776397515
1360803651.578,4271.040482954546
1360803651.578,5168.286483253589
1360803651.578,5268.633540372671
1360803651.577,4120.689655172414
1360803685.747,3660.9848484848485
1360803665.061,2545.1388888888887
1360803689.648,38.504464285714285
1360803673.608,129.82625482625483
1360803677.144,4037.9175646551726
1360803677.143,6012.604166666667
1360803677.456,2652.016625615763
1360803677.456,1639.9319556451612
1360803677.687,2138.8180272108843
1360803677.687,1496.9774590163934
1360803677.687,2280.5851063829787
1360803677.687,2261.746453900709
1360803677.751,2916.0714285714284
1360803677.687,2123.3377659574467
1360803677.75,1391.1313657407406
1360803677.749,3890.0
1360803676.999,2210.9375
1360803677.06,1588.522518382353
1360803677.53,2523.658608490566
1360803677.656,1399.9121485943774
1360803677.656,2223.1841216216217
1360803677.656,1568.9231049562682
1360803677.656,2253.7946428571427
1360803677.587,3869.119623655914
1360803677.655,1722.2386006289307
1360803677.654,1556.379608294931
1360803677.654,1848.738262910798
1360803677.654,505.5696770334929
1360803677.654,3357.5
1360803687.703,245.25
1360803688.012,84.55882352941177
1360803686.963,12.195121951219512
1360803689.419,38.233901515151516
1360803692.734,5867.1875
1360803714.902,205.35714285714286
1360803712.043,72.78552158273381
1360803731.712,20.144628099173552
1360803719.924,3143.330223880597
1360803719.987,2674.3250739644973
1360803719.922,3952.2778614457834
1360803719.986,3212.281341107872
1360803719.986,3525.9636976047905
1360803719.986,1973.538306451613
1360803719.985,2586.9944852941176
1360803719.842,1574.540770609319
1360803719.842,2733.0920087976538
1360803719.842,3276.4179913294797
1360803719.842,2736.432210031348
1360803719.906,2982.190349544073
1360803719.842,2860.2638473053894
1360803719.905,2018.1985294117646
1360803745.047,2156.25
1360803731.021,1540.939245810056
1360803731.021,1702.0833333333335
1360803730.954,2024.0245664739884
1360803730.809,4469.973644578313
1360803730.809,3608.245481927711
1360803730.872,7313.430059523809
1360803730.935,811.6297468354431
1360803730.807,3244.507575757576
1360803730.87,6669.091235632184
1360803730.87,1739.7080838323354
1360803741.529,43.12928082191781
1360803712.392,14629.33666839917
1360803758.899,172296.875
1360803791.381,859.375
1360803791.508,1718.75
1360803791.301,859.375
1360803791.364,1145.8333333333333
1360803791.299,1145.8333333333333
1360803791.299,1145.8333333333333
1360803779.135,1130.2083333333333
1360803780.024,2273.4375
1360803809.219,2156.25
1360803791.412,1625.0
1360803791.203,1625.0
1360803791.264,1625.0
1360803668.942,2135.790358744395
1360803839.292,2156.25
1360803984.336,37805.80357142857
1360803984.578,22250.0
1360803984.882,5167.96875
1360803994.165,17794.921875
1360803993.584,19082.589285714286
1360804004.274,14.61038961038961
1360804011.446,562.0307807807807
1360804011.699,2339.488636363636
1360804012.493,1543.8262195121952
1360804012.915,560.7638888888888
1360804016.974,267.05085551330797
1360804014.607,10737.5
1360804014.605,8953.125
1360804029.616,14.61038961038961
1360804032.98,1629.2884844868736
1360804033.044,1947.482638888889
1360804033.107,1602.9179810725552
1360804033.107,3300.333969465649
1360804033.107,1130.5350553505536
1360804033.107,1825.2884615384614
1360804033.107,2612.7831375838928
1360804033.294,187.5
1360804033.297,165.44117647058823
1360804033.361,175.78125
1360804033.361,1152.4135044642858
1360804033.424,737.0959762532981
1360804033.296,187.5
1360804033.296,187.5
1360804033.423,845.8525725593668
1360804033.55,908.8010204081633
1360804033.546,667.1540775401069
1360804033.545,680.46875
1360804034.249,110.29411764705883
1360804034.248,113.63636363636363
1360804034.026,1932.5132978723404
1360804034.026,3184.9759615384614
1360804034.026,2454.0163590604025
1360804034.026,885.6085526315788
1360804034.022,1733.349609375
1360804034.022,2196.8350638977636
1360804034.089,1643.3250708215296
1360804034.089,2134.790348101266
1360804034.279,165.44117647058823
1360804034.215,175.78125
1360804034.279,187.5
1360804034.278,175.78125
1360804034.278,1106.4547936893202
1360804034.468,1121.5807888040713
1360804034.468,724.5168329177058
1360804035.04,113.63636363636363
1360804035.04,110.29411764705883
1360804035.038,113.63636363636363
1360804035.038,175.78125
1360804035.149,110.29411764705883
1360804035.907,165.44117647058823
1360804036.604,655.297783933518
1360804059.96,212.5
1360804036.891,159.7222222222222
1360804064.091,40.30797101449275
1360804063.411,8640.625
1360804059.814,3186.6776315789475
1360804064.387,7583.333333333333
1360804064.513,8111.607142857142
1360804064.575,209.9640575079872
1360804062.204,210.63701923076923
1360804063.756,209.9640575079872
1360804063.989,210.63701923076923
1360804064.179,209.9640575079872
1360804064.179,209.9640575079872
1360804062.341,209.9640575079872
1360804062.721,209.9640575079872
1360804062.784,220.8533653846154
1360804063.77,622.3404255319149
1360804064.09,156.70072115384613
1360804068.308,220.14776357827475
1360804068.306,220.8533653846154
1360804069.239,220.14776357827475
1360804066.344,209.9640575079872
1360804067.462,103.46115537848605
1360804067.969,209.9640575079872
1360804068.096,220.8533653846154
1360804069.286,220.8533653846154
1360804077.457,10.004496402877699
1360804094.056,718.75
1360804069.904,14.705882352941176
1360804069.822,220.14776357827475
1360804092.451,209.9640575079872
1360804092.831,220.14776357827475
1360804093.759,209.9640575079872
1360804092.046,209.9640575079872
1360804092.743,210.63701923076923
1360804094.215,156.20007987220447
1360804094.278,209.9640575079872
1360804096.294,210.63701923076923
1360804093.925,210.63701923076923
1360804094.114,209.9640575079872
1360804094.401,209.9640575079872
1360804098.176,220.14776357827475
1360804098.366,220.8533653846154
1360804099.316,220.8533653846154
1360804099.929,527.3897058823529
1360804099.992,116.73280423280423
1360804100.055,160.01506024096383
1360804100.182,187.5
1360804100.307,175.78125
1360804098.029,210.63701923076923
1360804098.281,220.8533653846154
1360804099.274,220.14776357827475
1360804099.846,1215.3201219512196
1360804100.033,175.78125
1360804099.777,220.14776357827475
1360804100.1,200.89285714285714
1360804100.227,200.89285714285714
1360804100.227,165.44117647058823
1360804100.098,165.44117647058823
1360804100.225,187.5
1360804123.794,1437.5
1360804124.173,71.875
1360804104.959,1502.232142857143
1360804106.037,563.9204545454546
1360804106.036,3510.9049479166665
1360804106.606,3572.050831202046
1360804106.733,4216.178304239402
1360804106.733,3698.972602739726
1360804106.733,2134.5741421568628
1360804106.792,3186.919863861386
1360804106.792,2384.375
1360804106.796,3341.853562005277
1360804106.796,1482.312041564792
1360804106.796,3224.833333333333
1360804106.86,3298.5416666666665
1360804106.86,375.0
1360804106.795,3264.9339680589683
1360804105.954,3267.109375
1360804106.524,3092.116983372922
1360804106.523,3802.003816793893
1360804106.586,4460.673701298701
1360804106.65,3852.637987012987
1360804106.714,1690.7421875
1360804106.714,2906.017369727047
1360804106.713,2381.9668170103096
1360804106.713,2512.052341597796
1360804106.777,312.5
1360804106.776,312.5
1360804106.712,2956.6520024271845
1360804122.133,209.9640575079872
1360804122.449,210.63701923076923
1360804123.949,209.9640575079872
1360804124.14,156.20007987220447
1360804122.747,210.63701923076923
1360804122.746,220.14776357827475
1360804123.679,210.63701923076923
1360804124.441,210.63701923076923
1360804124.12,210.63701923076923
1360804124.12,210.63701923076923
1360804128.281,220.14776357827475
1360804128.344,220.8533653846154
1360804126.412,210.63701923076923
1360804129.259,220.8533653846154
1360804129.32,220.14776357827475
1360804128.004,210.63701923076923
1360804129.798,220.8533653846154
1360804127.99,220.14776357827475
1360804133.814,2650.436046511628
1360804134.132,5102.830762987013
1360804136.814,3202.9085872576175
1360804134.57,3399.643456375839
1360804134.569,3356.963087248322
1360804137.112,7410.338785046729
1360804137.238,5098.27993697479
1360804137.549,2394.765625
1360804137.544,5863.184079601991
1360804135.367,3465.0219298245615
1360804135.367,7335.018382352941
1360804133.987,5179.19921875
1360804134.112,4530.993852459017
1360804137.025,5623.798076923076
1360804137.526,3786.3212719298244
1360804135.383,2716.5262172284647
1360804136.143,4509.090909090909
1360804147.725,95.9201388888889
1360804148.105,4560.392228739003
1360804148.105,4499.088541666667
1360804148.016,2788.6740331491715
1360804152.423,210.63701923076923
1360804150.37,2668.4782608695655
1360804152.568,209.9640575079872
1360804152.63,220.8533653846154
1360804153.558,210.63701923076923
1360804151.859,280.84935897435895
1360804154.156,156.20007987220447
1360804154.223,210.63701923076923
1360804153.89,280.84935897435895
1360804154.461,280.84935897435895
1360804156.219,279.06050955414014
1360804157.963,193331.25
1360804162.567,20671.875
1360804164.639,14572.697368421053
1360804164.639,12255.208333333334
1360804164.639,4486.519607843137
1360804164.702,13339.903846153846
1360804164.702,12292.633928571428
1360804164.636,11200.223214285714
1360804164.636,13555.251288659792
1360804164.636,9352.413366336634
1360804164.7,2993.8668224299067
1360804164.7,8536.979166666666
1360804164.7,13204.710144927538
1360804161.86,3390.625
1360804164.562,13869.103773584906
1360804164.562,6133.081896551725
1360804164.626,12837.59014423077
1360804164.619,10960.843373493975
1360804164.619,12003.264925373134
1360804164.619,3340.323464912281
1360804191.419,2156.25
1360804170.557,2942.1797648514853
1360804174.134,2135.0831280788175
1360804179.791,99.71217105263158
1360804184.733,1625.0
1360804213.597,6890.625
1360804179.66,4025.028935185185
1360804193.116,4802.847490347491
1360804193.116,4643.448795180723
1360804193.179,5173.8430343511445
1360804193.179,4416.51196369637
1360804193.175,6508.29081632653
1360804193.175,3383.049242424242
1360804193.179,5596.579724409449
1360804193.179,8731.678650442478
1360804193.178,6015.086206896552
1360804193.241,5800.214694656488
1360804193.241,6494.537601626016
1360804193.241,6642.482069672132
1360804193.038,7318.509615384615
1360804193.102,4874.444169960475
1360804193.102,5460.69182389937
1360804193.163,5967.1875
1360804193.098,5417.951839826839
1360804193.161,4895.793726235741
1360804193.16,4687.4472128378375
1360804212.858,131890.625
1360804221.415,2156.25
1360804205.037,14582.741477272726
1360804205.037,5796.1582568807335
1360804106.1,2604.099119962946
1360804094.319,8052.123346137431
1360804192.685,2651.7912531017373
1360804244.301,45.3125
1360804244.301,2625.0
1360804106.033,2624.5806339657565
1360804245.163,3437.5
1360804245.229,56.03448275862069
1360804228.425,6781.25
1360804228.676,1033.380681818182
1360804254.243,116.07142857142857
1360804253.57,152.34375
1360804253.757,108.33333333333334
1360804254.009,135.41666666666666
1360804254.072,152.34375
1360804255.942,37.7906976744186
1360804258.311,2156.25
1360804256.496,36.93181818181819
1360804256.623,34.57446808510638
1360804244.378,1625.0
1360804272.815,47.79411764705882
1360804272.126,45.138888888888886
1360804008.617,1803.1242438906363
1360804277.393,19.117647058823533
1360804278.44,12.6953125
1360804280.052,10.416666666666666
1360804288.368,1078.125
1360804281.421,10.551948051948052
1360804281.921,10.416666666666666
1360804282.43,10.416666666666666
1360804270.74,777.940031152648
1360804270.763,13593.75
1360804277.356,3326.847118959108
1360804277.337,2455.108173076923
1360804277.337,2559.1346153846157
1360804277.337,1815.9054487179487
1360804277.337,2555.5945692883893
1360804277.401,1467.2227443609022
1360804277.337,267.85714285714283
1360804277.337,2586.9565217391305
1360804277.401,2715.612934362934
1360804277.401,3206.699723247232
1360804277.336,2910.81008583691
1360804277.4,3038.710056390977
1360804275.498,155.47839506172838
1360804277.255,2732.9326923076924
1360804277.25,2157.9995173745174
1360804277.314,3352.001404494382
1360804277.253,2977.6785714285716
1360804277.253,2796.170112781955
1360804277.253,3586.3122693726937
1360804277.253,2333.533653846154
1360804277.253,2055.8363970588234
1360804277.253,2052.604166666667
1360804277.317,789.5795036764706
1360804277.317,3182.2331460674154
1360804277.317,2133.8870817843863
1360804277.444,3990.089980544747
1360804277.444,375.0
1360804277.444,375.0
1360804277.444,375.0
1360804282.779,198100.0
1360804293.799,1253.720238095238
1360804293.353,141.05308219178082
1360804305.55,4564.319779116466
1360804305.55,5480.994897959184
1360804305.55,5567.965246636772
1360804305.545,7117.961014851486
1360804305.485,5993.778280542986
1360804305.485,3634.375
1360804305.549,4848.421391752577
1360804305.548,4832.178347280335
1360804305.548,4757.8125
1360804305.385,2737.7403846153843
1360804305.446,3730.1377118644064
1360804305.445,6134.176587301587
1360804305.445,2613.468886462882
1360804305.445,5580.282426778243
1360804305.378,5332.19537815126
1360804305.378,5974.581339712919
1360804305.442,4654.701576576577
1360804305.442,5344.7265625
1360804305.442,4432.702850877193
1360804305.441,3451.9650655021837
1360804305.441,4180.451766304348
1360804313.039,6163.037909836065
1360804313.012,6167.226239669421
1360804313.012,6353.053435114503
1360804328.825,58.035714285714285
1360804327.072,197.24025974025975
1360804354.284,2156.25
1360804354.282,2156.25
1360804362.902,12361.111111111111
1360804360.662,656.25
1360804360.662,859.375
1360804361.593,859.375
1360804361.593,859.375
1360804361.303,270.8333333333333
1360804361.402,406.25
1360804361.464,1625.0
1360804274.973,5979.512735326689
1360804332.226,8347.540477497256
1360804380.878,6781.25
1360804381.13,5683.59375
1360804440.867,2156.25
1360804441.791,2156.25
1360804593.471,876.5625
1360804593.471,1754.6875
1360804593.471,27493.75
1360804594.747,43671.875
1360804594.747,22311.079545454548
1360804594.746,44513.671875
1360804594.746,19373.798076923078
1360804594.81,3091.1458333333335
1360804595.513,4828.125
1360804592.757,19664.0625
1360804593.399,1754.6875
1360804593.399,1576.5625
1360804593.399,2004.6875000000002
1360804594.675,2002.4038461538462
1360804595.378,5754.464285714285
1360804571.564,1679.0994623655915
1360804571.674,7968.75
1360804595.895,2167.4679487179487
1360804594.262,2104.6875
1360804577.563,16030.58510638298
1360804577.563,12044.215425531915
1360804577.626,14954.483695652174
1360804577.562,9338.920454545456
1360804577.626,9603.019067796611
1360804577.625,7842.01388888889
1360804577.625,15207.932692307691
1360804577.561,11779.775943396226
1360804577.561,9015.95744680851
1360804577.561,8411.647727272728
1360804577.561,7373.177083333333
1360804577.561,4932.589285714286
1360804577.624,7618.75
1360804577.624,11950.06793478261
1360804576.118,1483.0729166666667
1360804577.483,13727.822580645163
1360804577.483,11556.25
1360804577.482,11512.920673076924
1360804577.482,32031.25
1360804577.477,10066.10576923077
1360804577.545,7937.5
1360804577.545,10340.353260869564
1360804577.481,7824.800531914893
1360804577.481,10270.279255319148
1360804577.544,10516.64402173913
1360804596.117,6742.1875
1360804596.117,4562.5
1360804596.117,3267.8571428571427
1360804596.117,4604.166666666667
1360804596.501,7208.333333333333
1360804596.505,32979.166666666664
1360804603.854,23718.75
1360804595.662,3647.3214285714284
1360804596.109,26283.854166666668
1360804596.109,13531.25
1360804596.748,12531.25
1360804596.94,18968.75
1360804603.26,2538.194444444445
1360804595.643,5013.392857142857
1360804602.686,28127.111486486487
1360804602.686,8636.402027027027
1360804606.717,19901.988636363636
1360804604.08,3406.25
1360804604.08,2843.75
1360804605.267,10234.375
1360804605.267,3690.625
1360804608.338,17645.089285714286
1360804608.338,3291.6666666666665
1360804608.338,5453.125
1360804608.333,9856.25
1360804608.333,4656.25
1360804605.265,3300.78125
1360804605.584,2656.25
1360804605.583,2520.089285714286
1360804606.03,1968.75
1360804606.346,17529.01785714286
1360804606.854,2440.1041666666665
1360804602.087,34981.770833333336
1360804608.225,4328.125
1360804608.288,6598.958333333333
1360804608.288,4162.5
1360804604.96,34487.84722222222
1360804608.287,22421.875
1360804605.215,3789.0625
1360804605.214,14575.721153846152
1360804605.405,25222.301136363636
1360804605.468,1980.46875
1360804608.54,3401.0416666666665
1360804605.468,7046.875
1360804605.711,7551.682692307692
1360804605.964,5206.7307692307695
1360804606.537,14259.943181818182
1360804604.308,14368.75
1360804604.308,64359.375
1360804604.308,39696.875
1360804604.564,20118.75
1360804604.883,49968.75
1360804608.787,2986.9791666666665
1360804608.531,3207.03125
1360804608.659,3604.1666666666665
1360804609.042,2625.0
1360804605.522,69049.47916666667
1360804605.586,2390.625
1360804606.097,2736.1111111111113
1360804606.097,3670.1388888888887
1360804606.672,52536.458333333336
1360804606.671,77554.6875
1360804606.735,42277.34375
1360804606.735,11918.75
1360804606.863,1198.5452586206898
1360804607.311,35687.5
1360804607.31,27125.0
1360804607.438,9796.875
1360804607.438,17375.0
1360804607.757,2367.1875
1360804607.757,5277.34375
1360804607.949,2400.5681818181815
1360804607.757,6817.708333333333
1360804608.012,2593.75
1360804604.044,9377.604166666666
1360804608.14,4058.035714285714
1360804604.299,14773.4375
1360804604.299,17718.75
1360804604.299,16793.75
1360804608.267,7431.25
1360804604.491,12768.75
1360804608.331,1959.8214285714287
1360804604.874,31070.3125
1360804608.65,12531.25
1360804608.778,4017.857142857143
1360804605.577,1315.9722222222224
1360804605.577,3196.4285714285716
1360804605.577,2828.125
1360804605.576,2732.1428571428573
1360804606.024,2859.375
1360804606.088,2736.1111111111113
1360804606.088,1912.828947368421
1360804606.088,2541.6666666666665
1360804606.662,46343.75
1360804606.844,32955.729166666664
1360804607.228,100789.0625
1360804607.292,11437.5
1360804607.739,5820.3125
1360804589.469,1727.483164983165
1360804590.042,2802.0833333333335
1360804590.106,267.85714285714283
1360804589.977,2101.5625
1360804590.231,375.0
1360804588.875,124187.5
1360804589.952,23.759664948453608
1360804589.931,23.759664948453608
1360804589.995,312.5
1360804592.883,1448.5550139275767
1360804592.883,17330.823467966573
1360804602.802,1772.3557692307693
1360804609.01,13725.44642857143
1360804609.01,4171.875
1360804610.861,35237.215909090904
1360804609.136,8855.90277777778
1360804609.325,29918.75
1360804603.373,13026.12567204301
1360804603.372,1322.265625
1360804603.436,570.3125
1360804603.436,1169.847972972973
1360804603.372,734.9107142857143
1360804609.452,11665.625
1360804603.436,582.9741379310344
1360804611.561,7035.15625
1360804611.751,17761.160714285714
1360804611.751,7234.375
1360804609.702,95019.96527777777
1360804611.75,9736.607142857143
1360804611.877,4375.0
1360804611.813,2912.5
1360804600.266,2415.1200873362445
1360804608.264,89.3507281553398
1360804608.264,310.58673469387753
1360804608.264,7246.292372881356
1360804608.327,905.6078767123288
1360804605.255,1618.276515151515
1360804616.391,4747.395833333333
1360804605.575,689.6205357142857
1360804608.772,8359.375
1360804594.625,268.7101910828025
1360804594.625,268.5111464968153
1360804614.653,196.69117647058823
1360804614.721,185.546875
1360804608.896,581.6532258064516
1360804608.96,2093.75
1360804610.752,33166.666666666664
1360804608.96,1884.375
1360804608.96,106194.19642857143
1360804610.816,26304.6875
1360804609.087,132.0043103448276
1360804611.006,9395.833333333334
1360804603.07,3800.995879120879
1360804609.15,880.0223214285714
1360804611.006,38352.16346153846
1360804611.133,3945.3125
1360804609.277,10937.5
1360804611.197,6471.875
1360804611.053,2072.9166666666665
1360804609.259,26139.423076923078
1360804611.178,16955.078125
1360804603.305,677.7678571428571
1360804603.305,102.49352331606218
1360804603.368,1368.8936781609195
1360804599.27,1367.4903100775193
1360804611.494,2787.9464285714284
1360804611.429,7281.25
1360804611.492,2071.875
1360804609.699,32978.36538461539
1360804609.634,4411.458333333333
1360804593.887,1184.326923076923
1360804610.137,36628.47222222222
1360804610.266,36887.784090909096
1360804610.138,2707.03125
1360804610.201,43652.34375
1360804608.187,226.24362244897958
1360804600.189,2256.2772925764193
1360804610.493,28725.0
1360804608.379,3410.7730263157896
1360804608.442,121.58203125
1360804605.434,222.2222222222222
1360804592.693,2376.776603498542
1360804597.241,446.66666666666663
1360804592.76,2069.3987573099416
1360804597.432,2516.902881040892
1360804592.757,4101.425438596491
1360804596.044,1548.8085284280937
1360804608.076,6976.76282051282
1360804616.268,1001.8028846153845
1360804608.651,3132.9656862745096
1360804605.066,315.3125
1360804608.842,617.1016483516484
1360804592.65,3316.7155425219944
1360804592.65,5394.634955752213
1360804592.65,4064.988938053097
1360804616.841,3338.5416666666665
1360804616.841,12982.291666666666
1360804616.841,2933.75
1360804613.96,961.25
1360804617.48,12646.139705882353
1360804607.239,163.86880165289256
1360804618.63,4106.25
1360804618.413,1926.5625
1360804615.853,11895.833333333334
1360804615.532,2590.625
1360804618.604,2906.25
1360804618.604,2739.5833333333335
1360804619.474,7171.875
1360804603.922,121.55877976190477
1360804608.401,218.46846846846844
1360804616.401,37820.3125
1360804604.945,971.8959731543624
1360804605.136,10401.427469135802
1360804604.944,307.65427215189874
1360804605.008,398.89705882352945
1360804616.784,4167.96875
1360804592.592,3497.97197640118
1360804592.592,4075.543879056047
1360804616.784,18904.166666666664
1360804592.592,5701.41327247191
1360804613.327,15933.035714285714
1360804616.783,1717.4479166666667
1360804613.902,4285.560344827586
1360804617.294,13032.169117647058
1360804617.422,4560.76388888889
1360804617.422,1376.736111111111
1360804618.304,19909.375
1360804618.368,3623.1617647058824
1360804595.071,59.964817880794705
1360804595.071,1888.7637147335424
1360804598.576,113031.25
1360804596.93,13687.5
1360804597.92,83644.53125
1360804598.494,94984.375
1360804622.84,4484.375
1360804623.914,1078.125
1360804622.529,4994.791666666667
1360804608.896,3192.7515560165975
1360804622.719,15546.875
1360804611.934,136.3031914893617
1360804612.504,2511.5178571428573
1360804612.883,282.91420118343194
1360804616.722,2457.03125
1360804613.073,277.3958333333333
1360804601.651,49953.125
1360804600.649,129715.62499999999
1360804600.902,81968.75
1360804600.902,127485.79545454546
1360804600.797,131724.43181818182
1360804600.797,24156.25
1360804624.15,4468.75
1360804624.15,4125.0
1360804620.374,3218.75
1360804624.47,20375.0
1360804624.661,20281.25
1360804624.661,1388.9802631578948
1360804624.725,12312.5
1360804624.789,24625.0
1360804624.981,9281.25
1360804624.853,12312.5
1360804623.63,2730.46875
1360804623.694,2553.5714285714284
1360804619.214,794.8369565217391
1360804623.694,2234.375
1360804619.533,7427.083333333333
1360804624.141,4468.75
1360804624.141,3575.0
1360804624.209,4343.75
1360804624.209,10921.875
1360804620.301,2475.694444444445
1360804624.46,18625.0
1360804624.46,53687.5
1360804624.652,7781.25
1360804624.652,7864.583333333333
1360804624.588,6398.4375
1360804620.492,30320.3125
1360804624.652,36601.5625
1360804624.972,13187.5
1360804624.971,10546.875
1360804614.281,25.870901639344265
1360804623.611,2767.8571428571427
1360804623.675,2979.1666666666665
1360804623.675,2265.625
1360804619.514,1352.0833333333333
1360804619.578,11097.098214285714
1360804619.514,1694.7115384615386
1360804614.709,786.4583333333334
1360804627.188,641.4473684210526
1360804615.66,709.4275210084033
1360804631.659,283.3333333333333
1360804631.909,326.9230769230769
1360804616.146,4895.772058823529
1360804616.334,466.8478260869565
1360804621.515,340.8266129032258
1360804621.768,501.9396551724138
1360804622.088,809.051724137931
1360804622.151,101.828231292517
1360804622.087,174.51435810810813
1360804630.15,15114.583333333334
1360804622.529,253.51259689922477
1360804622.723,77.58620689655173
1360804626.755,120.56327160493827
1360804626.819,5143.939393939394
1360804627.136,15846.793831168832
1360804627.136,5945.819805194806
1360804627.135,3344.951923076923
1360804575.398,6118.938127090301
1360804631.588,265.625
1360804631.651,250.0
1360804631.777,214.84375
1360804631.777,214.84375
1360804631.84,245.53571428571428
1360804618.463,106.31443298969072
1360804616.159,284.7925101214575
1360804622.013,74.46120689655173
1360804622.524,295.21780303030306
1360804622.573,5832.677165354331
1360804622.189,115.92060810810811
1360804616.399,274.58243534482756
1360804612.815,1274.609375
1360804612.815,4369.419642857143
1360804612.815,924.8325892857143
1360804621.262,620.8934294871796
1360804621.262,238.57758620689657
1360804617.42,8962.00980392157
1360804617.484,5953.125
1360804617.484,400.811887254902
1360804634.124,21093.75
1360804618.251,979.6549479166666
1360804635.082,10546.875
1360804616.519,433.1478310502283
1360804612.678,2195.0354609929077
1360804612.806,3343.0245535714284
1360804612.806,1590.846706081081
1360804612.806,737.9464285714286
1360804617.412,5309.895833333333
1360804617.412,7965.150122549019
1360804617.412,8431.602328431372
1360804617.476,6151.554802955665
1360804622.275,683.59375
1360804611.755,94.25109329446065
1360804631.09,1323.721590909091
1360804631.217,4754.422169811321
1360804631.213,3332.547169811321
1360804631.28,3379.854368932039
1360804631.28,227.80373831775702
1360804631.28,3013.8392857142853
1360804631.28,1813.6682242990653
1360804631.28,1186.4778037383178
1360804631.28,835.8644859813083
1360804631.28,903.9135514018691
1360804631.28,2439.903846153846
1360804631.28,3722.140330188679
1360804631.28,3017.231308411215
1360804631.28,1909.9351415094338
1360804631.216,219.94047619047618
1360804631.279,1968.154761904762
1360804631.279,2576.91140776699
1360804631.279,950.0910194174758
1360804631.279,827.1028037383178
1360804631.279,829.2932242990654
1360804631.278,2495.643028846154
1360804631.278,1793.0782710280373
1360804631.278,1264.894859813084
1360804631.278,1252.505896226415
1360804631.278,3550.4127358490564
1360804631.278,1031.6880841121497
1360804631.278,2868.071933962264
1360804635.438,10879.39453125
1360804633.769,4870.863970588235
1360804628.393,1040.236928104575
1360804628.393,2687.3978758169933
1360804628.393,2596.6094771241833
1360804628.393,142.98930921052633
1360804628.457,552.773178807947
1360804633.896,141.82692307692307
1360804632.651,3048.8970588235293
1360804632.841,678.5714285714286
1360804630.15,6915.25
1360804630.533,9562.893907563024
1360804627.198,3403.4926470588234
1360804631.038,745.5965909090909
1360804631.166,133.63095238095238
1360804627.198,3528.4007352941176
1360804631.166,1890.1742788461538
1360804631.165,222.65625
1360804631.229,3181.9940476190477
1360804631.165,964.3930288461538
1360804631.144,2024.0162037037037
1360804631.208,1349.4450934579438
1360804631.208,3500.300480769231
1360804631.208,3823.016826923077
1360804631.208,844.7818396226415
1360804631.208,1683.2651869158879
1360804631.208,349.35141509433964
1360804633.255,2642.5
1360804631.207,4656.396028037383
1360804631.207,3618.154761904762
1360804631.207,3101.051401869159
1360804631.207,3378.305288461538
1360804631.207,1168.3703271028037
1360804631.207,861.7114485981309
1360804631.207,2741.736778846154
1360804631.207,3420.268691588785
1360804628.32,1513.2761437908498
1360804628.32,1046.5686274509806
1360804628.32,854.6772875816994
1360804633.885,5078.125
1360804630.081,5753.75
1360804629.696,3288.221153846154
1360804630.464,17179.621848739498
1360804615.026,375.0
1360804615.15,312.5
1360804636.18,21093.75
1360804632.586,514.0817901234568
1360804641.485,4218.75
1360804621.009,31.5625
1360804623.212,9609.375
1360804623.851,4200.0
1360804648.284,1159.5394736842106
1360804645.403,167859.375
1360804645.53,21718.75
1360804645.53,8812.5
1360804645.53,10937.5
1360804644.053,9252.467105263158
1360804648.085,9687.5
1360804645.523,43687.5
1360804645.523,6729.166666666667
1360804645.715,20281.25
1360804651.598,17546.875
1360804627.915,23.09451219512195
1360804633.587,1625.0
1360804652.092,9765.625
1360804652.219,54703.125
1360804651.691,33028.125
1360804635.619,54356.25
1360804637.623,25622.24264705882
1360804638.554,468.070652173913
1360804637.756,7187.900641025642
1360804637.715,13343.75
1360804637.778,79730.46875
1360804598.145,3616.7947860962568
1360804657.883,3015.625
1360804638.925,42700.520833333336
1360804638.921,20971.354166666668
1360804638.921,24968.75
1360804638.984,793.2412790697675
1360804638.988,57809.895833333336
1360804638.987,35044.424019607846
1360804638.987,35226.5625
1360804641.289,2808.035714285714
1360804641.288,3187.5
1360804639.361,270.5792682926829
1360804642.211,12348.958333333334
1360804640.832,3306.25
1360804638.845,36812.5
1360804638.845,29309.895833333332
1360804638.845,26713.541666666668
1360804638.908,20386.111111111113
1360804638.907,24986.213235294115
1360804642.746,25518.75
1360804640.811,5362.5
1360804642.8,40043.52678571428
1360804642.798,52580.16304347826
1360804642.798,15437.5
1360804643.627,89010.81730769231
1360804643.627,26039.0625
1360804643.625,36085.9375
1360804642.768,143784.375
1360804643.594,113043.75
1360804643.594,27152.34375
1360804643.594,5825.0
1360804638.78,4259.219252411576
1360804638.784,4323.326969453376
1360804678.548,406.25
1360804634.333,8564.037626628075
1360804679.01,1121.09375
1360804636.489,4250.443672839507
1360804670.241,91.47593896713616
1360804687.595,3015.625
1360804687.914,3015.625
1360804688.05,812.5
1360804709.073,1516.6440217391303
1360804697.965,642.0183121019109
1360804702.105,3516.4108727810653
1360804702.105,2297.9373229461758
1360804702.105,3040.8694727891157
1360804702.105,2519.1156914893613
1360804702.105,3869.5754716981132
1360804702.105,3491.568396226415
1360804702.168,3181.4903846153848
1360804702.168,2737.6302083333335
1360804702.168,3865.0462962962965
1360804702.168,3590.1930894308944
1360804702.0,2868.481878698225
1360804702.0,2600.4521963824286
1360804702.0,3887.71186440678
1360804702.0,2783.5122053872055
1360804702.0,3573.806818181818
1360804701.995,2978.302125506073
1360804702.063,2972.002788104089
1360804702.063,3571.4204545454545
1360804701.998,3942.4452861952864
1360804701.997,4215.936302681993
1360804701.996,4113.620283018868
1360804701.996,3385.25390625
1360804721.024,966.5625
1360804718.975,933.1825657894736
1360804718.975,598.4195402298851
1360804718.974,600.5747126436781
1360804719.227,639.3072289156626
1360804718.92,620.5357142857143
1360804719.218,692.9253472222222
1360804709.219,2421.1178414096917
1360804704.197,2658.3542263610316
1360804704.319,138.88888888888889
1360804704.492,187.5
1360804704.927,165.44117647058823
1360804705.842,187.5
1360804709.182,2335.46626984127
1360804707.701,1485.1973684210527
1360804723.834,274.27455357142856
1360804710.878,104.16666666666667
1360804710.878,107.14285714285714
1360804720.957,187.5
1360804720.956,175.78125
1360804721.559,187.5
1360804719.759,142.04545454545456
1360804719.886,137.86764705882354
1360804720.428,250.0
1360804720.615,250.0
1360804720.679,165.44117647058823
1360804720.93,200.89285714285714
1360804719.42,130.20833333333334
1360804719.772,137.86764705882354
1360804720.589,175.78125
1360804726.769,3590.78557312253
1360804726.769,3674.25537109375
1360804726.769,3920.919514388489
1360804726.769,4976.252480158731
1360804726.769,3003.257722007722
1360804726.769,4996.206974637682
1360804726.833,5528.302935943061
1360804724.13,312.5
1360804726.623,2895.3761755485893
1360804726.687,4130.3943452380945
1360804726.623,6132.902298850575
1360804726.687,5135.002367424242
1360804726.687,4343.353713768116
1360804726.687,4118.424010791367
1360804726.687,3910.9002976190473
1360804726.686,5266.045673076923
1360804726.686,3360.637019230769
1360804726.686,3744.492337164751
1360804726.75,2422.8365384615386
1360804723.796,1499.2732558139535
1360804729.739,4428.571428571428
1360804729.803,1532.858455882353
1360804729.49,4880.608974358975
1360804729.718,4951.5224358974365
1360804729.718,5769.396551724138
1360804736.71,8157.146516393443
1360804742.589,589.6739130434783
1360804744.302,2348.4375
1360804771.929,1078.125
1360804757.59,541.6666666666666
1360804787.834,55.39772727272727
1360804787.831,491.07142857142856
1360804723.956,4431.1498998998995
1360804787.784,656.25
1360804787.784,859.375
1360804787.953,687.5
1360804802.012,2156.25
1360804787.786,232.14285714285714
1360804787.64,55.39772727272727
1360804815.592,18421.875
1360804809.15,1366.885359116022
1360804809.15,2171.7023480662983
1360804809.149,358.0893987341772
1360804809.213,1664.9790502793296
1360804809.276,1534.576330532213
1360804809.276,1748.2055322128851
1360804809.275,1040.047268907563
1360804809.275,1798.7622893258426
1360804809.275,1595.6597222222222
1360804809.275,1408.6407103825136
1360804809.339,375.0
1360804807.798,1410.7142857142858
1360804809.07,1911.0811281337049
1360804809.196,597.1447172619048
1360804809.196,2061.8434873949577
1360804809.195,1656.0323816155988
1360804809.195,976.3217787114846
1360804807.7,127.19216417910448
1360804825.675,81.55851910828025
1360804824.814,107.11293565683647
1360804824.86,8289.0625
1360804825.235,94.88011006289308
1360804829.441,1604.152628032345
1360804829.504,1683.125
1360804829.503,1656.5340909090908
1360804829.947,1334.9690082644627
1360804829.882,1187.6236807387863
1360804829.42,1325.8116883116884
1360804829.864,993.7253937007874
1360804829.864,1027.6220316622691
1360804829.864,747.2039473684212
1360804855.385,2156.25
1360804832.056,1913.8621794871794
1360804837.056,2420.043498168498
1360804837.119,1271.5928819444443
1360804837.119,1365.6875
1360804837.055,1962.8113468634688
1360804837.055,1718.8666044776119
1360804837.183,1823.9820075757575
1360804837.118,2370.5439814814813
1360804837.182,1609.920058139535
1360804837.372,1616.2069838056682
1360804836.971,3111.26708984375
1360804837.034,2230.8759652509652
1360804837.097,1505.1477713178294
1360804837.224,1357.717803030303
1360804837.476,1363.6014344262294
1360804803.727,20938.339699683875
1360804845.039,315.25423728813564
1360804851.395,165.03514056224898
1360804869.416,149.94352409638554
1360804863.654,20083.76736111111
1360804863.718,22530.803571428572
1360804863.781,24557.291666666668
1360804863.78,25647.058823529413
1360804863.78,18281.929347826084
1360804863.843,9095.982142857143
1360804863.843,11330.038265306122
1360804863.906,14507.63888888889
1360804863.842,15560.9375
1360804863.842,19771.949404761905
1360804863.906,15155.838815789475
1360804863.905,13874.255952380952
1360804863.968,13667.842741935485
1360804863.967,13361.191860465116
1360804865.052,15761.28472222222
1360804863.571,22061.224489795917
1360804863.698,9003.676470588236
1360804863.697,10071.022727272726
1360804863.696,13749.107142857143
1360804863.759,14671.401515151516
1360804863.759,14844.476744186046
1360804863.822,11500.347222222223
1360804863.822,13244.62890625
1360804864.884,8450.465425531915
1360804869.607,178.6242603550296
1360804899.067,239.58333333333334
1360804907.823,3437.5
1360804907.835,2625.0
1360804907.77,3437.5
1360804891.847,69.69309462915602
1360804891.89,2271.7700839328536
1360804898.562,3302.2028688524592
1360804898.626,2512.8460570469797
1360804899.479,1027.183219178082
1360804899.479,1910.868710691824
1360804899.479,1423.10573630137
1360804899.479,2234.7255608974356
1360804899.543,1364.514802631579
1360804899.543,1675.7425742574258
1360804899.543,3260.660046728972
1360804899.543,2164.375
1360804899.543,1920.530415430267
1360804907.293,1625.0
1360804909.565,1226.5019379844962
1360804908.152,1625.0
1360804909.593,7796.875
1360804918.151,3398.080065359477
1360804918.151,6121.163922155689
1360804918.151,3447.9166666666665
1360804918.15,3141.5562913907283
1360804918.149,5808.8942307692305
1360804918.149,3201.7886513157896
1360804918.149,4127.893518518518
1360804918.066,2789.0625
1360804918.066,4572.537878787879
1360804918.066,4179.594494047618
1360804918.066,4231.770833333333
1360804918.066,6806.6055389221565
1360804892.386,7048.09144295302
1360804920.468,6478.7888601036275
1360804925.569,6027.879901960785
1360804925.569,5428.615196078432
1360804925.504,8883.759469696968
1360804925.567,9484.0625
1360804925.758,7714.154411764705
1360804925.82,9616.023936170213
1360804925.543,7209.753787878788
1360804925.606,8572.916666666666
1360804925.605,8830.80357142857
1360804925.668,10656.25
1360804925.732,9400.79941860465
1360804946.199,701.0135135135134
1360804936.217,139086.74242424243
1360804932.674,62.14217557251908
1360804932.336,7156.25
1360804932.527,7583.333333333333
1360804935.933,1963.5416666666667
1360804968.087,859.375
1360804961.941,2156.25
1360804967.763,572.9166666666666
1360804967.827,491.07142857142856
1360804967.763,491.07142857142856
1360804968.009,50.34722222222222
1360804958.291,1276.9886363636365
1360804958.204,85.9375
1360804960.943,718.75
1360804980.301,55.57345360824742
1360804970.933,58.37264150943396
1360804968.146,1625.0
1360804968.436,1625.0
1360804981.563,6007.913961038961
1360804981.562,8388.719512195123
1360804981.69,6189.9350649350645
1360804981.69,5798.964968152866
1360804981.689,6401.5
1360804981.689,6741.996951219512
1360804981.689,4387.204142011834
1360804981.689,6891.233766233766
1360804981.689,7119.327229299362
1360804981.688,5655.66037735849
1360804981.688,5582.974137931034
1360804981.476,6165.604440789473
1360804981.471,5451.60472972973
1360804981.603,5718.543046357616
1360804981.603,6448.000672043011
1360804981.603,7276.767418032787
1360804981.603,7627.520161290323
1360804981.603,6280.01143292683
1360804981.603,4020.7720588235293
1360804981.602,6493.274006622516
1360804981.601,6084.835737179487
1360804981.601,5196.75
1360804981.601,4723.671259842519
1360804981.601,5171.448087431694
1360804985.617,882.8125
1360804980.538,245849.3531341108
1360805027.772,45.990566037735846
1360805027.772,1312.5
1360805027.771,3437.5
1360804892.21,6990.2638561320755
1360805027.722,3437.5
1360805027.722,1312.5
1360805027.722,3437.5
1360805027.722,1718.75
1360805027.786,1718.75
1360805027.953,1625.0
1360805093.467,27812.5
1360805082.971,7419.791666666667
1360805087.885,922.8515625
1360805086.998,10786.458333333334
1360805086.998,17489.216549295776
1360805086.998,10606.25
1360805086.998,14822.84007352941
1360805086.998,16668.9082278481
1360805086.998,12755.597014925374
1360805086.998,16687.890625
1360805086.994,12267.207278481013
1360805086.994,18591.796875
1360805086.998,9944.045608108108
1360805086.998,10852.772887323945
1360805086.998,8284.598214285714
1360805086.998,10127.854567307691
1360805086.918,13811.655405405405
1360805086.917,10993.709415584415
1360805086.917,14372.291666666668
1360805086.917,12714.53373015873
1360805086.917,7692.851027397261
1360805086.917,13547.930743243243
1360805086.917,15905.427631578947
1360805086.889,13210.800438596492
1360805086.889,15366.35044642857
1360805086.889,13704.713983050848
1360805086.889,14177.787162162162
1360805088.378,175.78125
1360805111.713,1611.7788461538462
1360805115.014,2177.6147959183672
1360805141.753,191.66666666666669
1360805147.632,3437.5
1360805147.631,1718.75
1360805147.587,1312.5
1360805147.587,1718.75
1360805147.651,1718.75
1360805147.558,1625.0
1360805194.23,1476.7020089285713
1360805200.52,2906.25
1360805201.772,4711.134927797833
1360805201.772,5766.57196969697
1360805201.771,6237.85400390625
1360805201.771,3510.066699604743
1360805201.77,4946.411596958174
1360805201.77,3943.642652671756
1360805201.834,3951.6619850187267
1360805201.684,6050.194597069597
1360805201.684,5651.041666666667
1360805201.684,4117.953431372549
1360805201.683,6436.151079136691
1360805201.683,5988.593155893536
1360805201.747,5458.866003787879
1360805201.683,3651.1022286821703
1360805201.683,6109.146897810219
1360805201.683,6789.602272727273
1360805201.746,6357.789003759399
1360805201.746,6906.944444444444
1360804932.129,156439.41326530612
1360805219.037,1506.9444444444443
1360805219.649,7822.916666666667
1360805248.612,2156.25
1360805240.675,18541.666666666668
1360805201.918,2043.4974440116846
1360805201.918,1985.4704235637778
1360805201.982,1814.232733463035
1360805201.982,2018.7804878048778
1360805267.609,1312.5
1360805267.609,1718.75
1360805201.908,2017.7591463414633
1360805201.907,2062.2103658536585
1360805267.535,1718.75
1360805267.534,1718.75
1360805254.897,448.486328125
1360805278.425,2156.25
1360805267.462,1625.0
1360805275.438,31541.015625
1360805275.817,16461.71875
1360805274.591,95.17045454545455
1360805275.034,3875.0
1360805275.822,8714.40972222222
1360805275.822,21772.058823529413
1360805275.822,48040.17857142857
1360805275.822,31868.303571428572
1360805275.821,26739.2578125
1360805275.821,19453.125
1360805275.821,28908.854166666668
1360805275.821,14713.942307692309
1360805275.821,14596.354166666666
1360805275.821,16920.673076923078
1360805275.821,9480.76923076923
1360805275.821,27607.14285714286
1360805275.821,12742.1875
1360805275.733,27157.8125
1360805275.733,13204.769736842105
1360805275.733,18542.410714285714
1360805275.733,13983.59375
1360805275.733,14988.28125
1360805275.733,24095.052083333332
1360805275.733,17271.875
1360805275.733,10509.375
1360805275.733,13947.610294117647
1360805289.588,119.7007481296758
1360805292.816,7583.333333333333
1360805293.242,105.535409556314
1360805315.368,8415.07056451613
1360805315.368,2839.9575242718447
1360805315.431,5875.512295081968
1360805315.495,7025.78125
1360805315.495,4348.81161971831
1360805315.495,8335.336538461539
1360805315.495,4545.69575471698
1360805315.495,5442.329545454546
1360805315.495,5147.042410714285
1360805315.495,39276.041666666664
1360805315.403,6259.331597222223
1360805315.467,10636.917372881357
1360805315.467,7460.379464285715
1360805315.467,9576.171875
1360805315.467,18310.096153846152
1360805315.467,4630.787037037037
1360805313.695,115.22577092511013
1360805316.199,6984.8414179104475
1360805316.327,14470.170454545456
1360805316.386,8463.235294117647
1360805316.386,6622.395833333333
1360805316.39,5436.363636363637
1360805316.389,11360.14344262295
1360805316.389,5410.4567307692305
1360805319.032,36316.96428571428
1360805332.199,57.81713649851633
1360805352.109,70930.01302083333
1360805319.231,6027.045265780731
1360805353.017,431.25
1360805344.168,7774.671052631579
1360805344.339,6849.091880341881
1360805344.339,4261.441929133858
1360805344.145,6770.220588235295
1360805344.336,5634.149774774774
1360805344.336,8953.497023809523
1360805344.336,6548.68285123967
1360805344.336,5067.391304347826
1360805344.335,7176.411290322581
1360805344.335,4878.242924528302
1360805344.335,5937.375
1360805343.999,3180.954391891892
1360805344.062,6802.041330645161
1360805343.996,5802.258403361345
1360805344.252,6382.065217391304
1360805344.06,10555.7861328125
1360805344.252,6751.5495867768595
1360805344.251,5409.994834710744
1360805344.25,7001.766304347826
1360805359.234,111.22311827956989
1360805349.575,14826.286764705883
1360805349.574,15453.125
1360805352.127,119.84080188679246
1360805349.424,17788.306451612905
1360805349.424,14430.947580645163
1360805349.534,10048.878205128205
1360805359.37,73.58704620462046
1360805387.559,3437.5
1360805387.621,67.12962962962963
1360805372.254,2714.108263598326
1360805328.768,3988.2684983677914
1360805378.49,130.5747487437186
1360805387.442,1718.75
1360805387.442,1718.75
1360805387.502,2625.0
1360805387.505,1718.75
1360805387.505,1718.75
1360805387.569,3437.5
1360805385.105,137.76881720430106
1360805385.284,165.8653846153846
1360805414.754,2156.25
1360805200.134,6735.607705328231
1360805607.256,14937.5
1360805606.063,11693.75
1360805607.952,1967.1336206896553
1360805625.032,1625.0
1360805625.095,4080.2556818181815
1360805632.118,372.2826086956522
1360805636.348,15656.25
1360805636.136,1827.5719026548672
1360805660.419,1805.186170212766
1360805643.266,9485.795454545456
1360805643.392,9121.753246753247
1360805643.392,2818.125
1360805643.456,7741.071428571428
1360805643.456,8016.811708860759
1360805643.455,6205.357142857143
1360805643.455,6839.599609375
1360805643.389,6461.538461538462
1360805643.452,9043.222402597403
1360805643.452,2580.9075342465753
1360805643.283,7862.548828125
1360805643.346,9471.634615384615
1360805643.346,4857.972756410257
1360805643.346,5931.547619047618
1360805643.346,12797.348484848484
1360805643.346,5778.333333333333
1360805643.342,12041.41865079365
1360805643.342,8469.764610389611
1360805643.342,9107.886904761905
1360805646.176,6906.684027777777
1360805646.176,8020.833333333334
1360805646.176,4366.666666666666
1360805646.033,7496.2797619047615
1360805646.031,7121.875
1360805663.695,5261.71875
1360805663.29,533.203125
1360805682.593,5513.421474358975
1360805682.66,6705.46875
1360805682.66,7058.238636363637
1360805682.596,6145.596590909091
1360805686.368,13433.72844827586
1360805686.432,10588.541666666666
1360805686.368,14974.184782608696
1360805686.431,17784.254807692305
1360805686.431,18913.46153846154
1360805686.494,9858.016304347826
1360805686.43,9329.282407407407
1360805686.494,10949.65277777778
1360805686.494,6250.744047619048
1360805686.494,16657.894736842107
1360805632.442,7390.319332566169
1360805682.544,5602.324695121952
1360805682.544,8935.15625
1360805686.299,16779.633620689656
1360805686.363,13440.625
1360805686.426,17607.536764705885
1360805686.426,12566.84027777778
1360805686.362,23545.454545454548
1360805686.361,15273.809523809523
1360805685.391,2156.25
1360805690.25,718.75
1360805687.879,220.48611111111111
1360805688.006,221.85559006211182
1360805687.929,216.03260869565216
1360805686.72,19221.59090909091
1360805688.155,10655.319940476189
1360805688.219,7271.569293478261
1360805688.282,11157.407407407407
1360805686.676,7712.635869565218
1360805688.133,6701.7911585365855
1360805688.132,5513.849431818182
1360805688.386,875.0
1360805691.364,185.90894255874673
1360805692.364,11461.277173913042
1360805692.364,2242.637434554974
1360805692.172,1646.306818181818
1360805692.363,13107.862903225807
1360805692.489,3267.2611256544506
1360805690.33,1060.1450358851673
1360805691.384,2686.2771739130435
1360805692.08,4202.559754521964
1360805692.078,3588.474548969072
1360805692.269,14156.929347826088
1360805692.269,2014.1115837696336
1360805692.269,1628.5455145118735
1360805692.269,1323.0820105820108
1360805692.268,2976.6845703125
1360805692.268,1221.5195105820108
1360805692.268,2179.604828042328
1360805692.268,7386.314655172414
1360805695.286,2390.625
1360805716.071,295.4545454545455
1360805697.788,41.716746794871796
1360805704.451,2141.801075268817
1360805715.854,6153.108891752577
1360805715.917,4063.404605263158
1360805715.916,7614.663461538462
1360805718.39,4876.73611111111
1360805718.454,6331.983024691359
1360805718.389,6922.998366013072
1360805718.453,4115.920608108107
1360805718.453,8603.574101796408
1360805718.453,4291.396103896104
1360805718.453,5406.35016025641
1360805718.305,6703.416149068323
1360805718.305,5646.198248407643
1360805718.369,6164.110429447853
1360805718.369,4594.758064516129
1360805718.369,3974.8427672955977
1360805718.369,7175.077639751553
1360805718.369,4973.046875
1360805718.369,7371.351047904192
1360805718.369,5487.258184523809
1360805718.369,4596.1850649350645
1360805725.034,16105.965909090908
1360805726.464,59.53557312252965
1360805695.829,11382.53313810111
1360805732.748,13778.645833333334
1360805762.496,2156.25
1360805777.669,3437.5
1360805687.831,11354.708660014256
1360805777.616,3437.5
1360805777.68,3437.5
1360805777.615,3437.5
1360805855.402,3553.125
1360805855.401,1134.765625
1360805852.946,43739.583333333336
1360805855.268,730.7692307692307
1360805855.332,1236.328125
1360805855.442,31953.42261904762
1360805855.441,16794.444444444445
1360805855.388,17991.05674342105
1360805855.388,8846.180555555557
1360805839.778,515.0462962962963
1360805871.325,6356.770833333333
1360805866.461,438.41911764705884
1360805866.461,1788.1433823529412
1360805865.453,13338.541666666666
1360805850.575,1032.03125
1360805854.045,4106.0474537037035
1360805854.041,5021.224937343359
1360805854.041,32041.51785714286
1360805854.041,33611.68981481482
1360805854.006,2223.143115942029
1360805854.006,15575.954861111111
1360805855.839,3308.035714285714
1360805872.7,66.31397637795276
1360805872.643,73.875
1360805855.291,1256.9444444444443
1360805855.417,32902.47844827586
1360805856.308,625.0
1360805856.308,625.0
1360805856.243,55603.57142857143
1360805858.568,795.4545454545454
1360805863.39,112578.125
1360805866.462,12707.7882751938
1360805866.391,14218.223905723906
1360805886.55,1387.0967741935485
1360805872.366,1430.9742647058822
1360805866.577,4287.1621621621625
1360805897.896,222.91666666666669
1360805897.504,326.3888888888889
1360805897.495,185.76388888888889
1360805897.495,185.76388888888889
1360805897.559,238.83928571428572
1360805882.019,184.55357142857142
1360805897.521,185.76388888888889
1360805897.508,286.7647058823529
1360805897.507,196.69117647058823
1360805887.122,5250.0
1360805887.726,244.25828313253012
1360805887.725,5191.73869680851
1360805888.019,4875.0
1360805898.252,151.04166666666666
1360805898.878,7882.279829545454
1360805898.945,5203.214285714286
1360805898.944,6526.580459770115
1360805899.071,4558.619966442953
1360805899.071,4980.004370629371
1360805899.257,3827.551605504587
1360805899.261,3154.226618705036
1360805899.325,6305.342741935484
1360805899.261,4897.603155339806
1360805899.261,3112.5942211055276
1360805899.261,4592.177013422819
1360805899.261,4635.212418300654
1360805898.798,4899.604885057471
1360805898.988,3797.0861486486488
1360805898.988,4679.384689922481
1360805898.988,6166.8701171875
1360805899.179,3827.09194214876
1360805899.179,2159.970238095238
1360805899.179,4680.7861328125
1360805899.179,3106.095679012346
1360805899.242,4828.233506944444
1360805903.31,274.89098837209303
1360805910.728,3252.2321428571427
1360805928.35,1625.0
1360805962.694,2156.25
1360805962.707,68.45238095238096
1360805946.553,280.12152777777777
1360805956.879,16810.14150943396
1360805957.704,15867.02806122449
1360805957.704,14559.103260869564
1360805957.704,8398.111979166666
1360805957.703,11178.385416666666
1360805957.767,13725.625
1360805957.767,12439.494680851065
1360805957.703,11664.199561403508
1360805957.767,13216.911764705883
1360805957.767,7456.25
1360805957.589,14426.724137931034
1360805957.585,14183.084239130436
1360805957.588,11474.283854166666
1360805957.588,10228.247549019608
1360805957.652,14157.912234042555
1360805957.652,11033.482142857143
1360805957.651,10835.392441860466
1360805957.651,11399.55357142857
1360805957.587,13961.622807017544
1360805957.651,15139.62765957447
1360805957.65,9825.3125
1360805957.65,15292.689732142857
1360805963.354,11.873100303951368
1360805693.695,168440.3935185185
1360805975.379,353.344298245614
1360806017.628,1718.75
1360806017.564,3437.5
1360806017.628,3437.5
1360806017.491,3437.5
1360806017.491,1718.75
1360806017.554,1312.5
1360806017.542,81.25
1360806052.437,266.2676735218509
1360806080.359,157.55208333333334
1360806119.137,9500.0
1360806119.137,5075.892857142857
1360806119.136,1060.267857142857
1360806116.992,41658.854166666664
1360806119.067,1176.3392857142858
1360806122.657,17773.4375
1360806126.813,1029.296875
1360806119.192,23183.167016806725
1360806125.496,10820.3125
1360806121.649,13322.916666666666
1360806122.606,1176.3392857142858
1360806120.392,15274.93686868687
1360806107.22,257.8695255474452
1360806130.016,4658.854166666667
1360806126.738,27622.256679389313
1360806126.738,15075.739503816792
1360806126.863,31910.951327433628
1360806132.17,1176.3392857142858
1360806117.739,96796.875
1360806117.739,123263.39285714286
1360806117.737,155359.375
1360806117.709,179753.125
1360806117.708,3129.464285714286
1360806117.708,159984.375
1360806117.013,11562.5
1360806126.813,39915.61059907834
1360806139.42,858.8362068965517
1360806143.067,363.45108695652175
1360806119.129,84088.27893175074
1360806140.31,38151.041666666664
1360806141.137,216.6940789473684
1360806136.379,1862.5
1360806119.059,6645.833333333333
1360806119.447,3765.625
1360806140.988,40616.5771484375
1360806119.058,38721.06349658314
1360806127.064,15223.958333333334
1360806140.923,24245.12160633484
1360806138.164,479.1666666666667
1360806139.278,72.47340425531915
1360806119.094,3865.1413690476193
1360806157.512,13000.0
1360805866.664,11902.860169491525
1360805855.476,12201.61818658281
1360805866.484,33071.15709459459
1360805866.484,31570.81228956229
1360805855.476,23293.06891025641
1360805855.476,8388.543801229507
1360805855.476,39069.59621535181
1360805855.476,27593.88326226013
1360805855.476,11525.774572649572
1360806119.127,12602.97193877551
1360806119.126,19921.339285714286
1360806119.122,12106.326530612245
1360806119.057,13249.591836734695
1360806119.055,11314.017857142859
1360806119.055,4207.576530612245
1360806175.972,6781.25
1360806176.227,11375.0
1360806236.007,2156.25
1360806235.936,2156.25
1360806334.594,7688.4765625
1360806334.367,15578.125
1360806555.379,118.73623348017621
1360806571.168,187407.4917218543
1360806573.021,648.9583333333333
1360806570.437,82.4022346368715
1360806560.781,3133.639705882353
1360806566.36,4421.050461741424
1360806566.36,3602.072454308094
1360806566.359,4700.939973614775
1360806566.359,3789.373342175066
1360806566.279,4457.648026315789
1360806566.279,4663.176121372032
1360806566.278,3976.3769788918207
1360806570.028,4879.934210526316
1360806570.028,2509.783878504673
1360806569.95,4825.048076923076
1360806569.95,2916.7488170347006
1360806575.472,229221.35416666666
1360806581.736,68.8301282051282
1360806583.179,285.7218013468014
1360806594.999,392.4831081081081
1360806597.609,2287.0934959349593
1360806597.863,1684.4178082191781
1360806597.862,2085.7876712328766
1360806597.862,10958.079268292684
1360806598.527,3176.078464673913
1360806598.591,2815.2173913043475
1360806598.781,3646.104452054795
1360806598.781,1499.6147260273974
1360806598.715,2062.030396174863
1360806598.775,4006.2984496124036
1360806598.775,8218.984962406015
1360806622.868,6781.25
1360806623.057,7583.333333333333
1360806623.925,3537.4765037593984
1360806623.924,3418.546365914787
1360806623.924,2591.9486215538845
1360806623.924,2555.068597560976
1360806623.923,3365.635016025641
1360806623.919,3829.4270833333335
1360806623.922,2856.6130050505053
1360806624.835,4397.716346153846
1360806624.834,4050.498753117207
1360806624.834,2961.544486215539
1360806624.834,3606.534090909091
1360806653.675,2156.25
1360806650.378,317212.6623376623
1360806639.826,2101.7680921052633
1360806644.269,118.94311797752809
1360806661.694,56.3132225433526
1360806657.917,5346.092757306226
1360806566.699,3457.1691176470586
1360806566.699,2558.8659502262444
1360806566.699,2366.039122568973
1360806566.762,2320.818243549117
1360806555.454,8509.401205450735
1360806566.646,2992.2157805429865
1360806566.649,1868.6368778280541
1360806566.649,2544.181278280543
1360806566.713,2435.2718990493436
1360806566.713,2035.4303417836124
1360806566.713,1711.7969103666817
1360806783.58,296.02117486338796
1360806788.178,1863.2185828877007
1360806788.177,2693.0503731343283
1360806788.177,3234.7373188405795
1360806788.177,1328.4429505813953
1360806788.177,1978.7427325581396
1360806788.177,2283.4940159574467
1360806788.172,1670.1845760233919
1360806788.176,3528.9131231671554
1360806788.176,1923.3675373134329
1360806788.088,2523.880597014925
1360806788.088,1863.339552238806
1360806788.088,3441.0628434065934
1360806788.088,2261.029411764706
1360806788.088,2086.898395721925
1360806788.088,1702.487244897959
1360806788.088,1845.5668604651164
1360806788.088,2498.4734195402298
1360806788.088,1624.1644385026739
1360806788.088,2322.6765129683
1360806799.909,13355.46875
1360806799.906,24359.375
1360806800.318,16380.208333333332
1360806809.016,530.0324675324675
1360806814.017,9484.375
1360806817.419,394.53125
1360806817.891,12203.125
1360806817.932,24765.625
1360806811.696,5004.267241379311
1360806798.576,3455.5929829242264
1360806858.095,1145.8333333333333
1360806858.221,3437.5
1360806858.221,2625.0
1360806858.221,468.75
1360806858.22,859.375
1360806814.312,4905.384475218659
1360806858.148,859.375
1360806836.052,136.08204845814979
1360806836.243,11734.375
1360806877.481,2156.25
1360806877.431,2156.25
1360807359.966,17.434210526315788
1360807361.832,17.434210526315788
1360807432.582,19.485294117647058
1360807530.221,32.608695652173914
1360807686.057,16125.0
1360807685.79,13109.375
1360807686.173,16125.0
1360807685.981,1750.0
1360807686.299,11481.25
1360807699.503,19375.0
1360807699.697,6531.25
1360807695.855,45203.125
1360807695.867,9607.421875
1360807696.347,2655.2734375
1360807686.61,2876.7482517482517
1360807699.752,239.56936997319033
1360807728.177,3365.5598958333335
1360807725.861,2250.434027777778
1360807730.818,24187.5
1360807730.943,33523.4375
1360807730.989,2863.541666666667
1360807737.537,742.1875
1360807736.147,13890.625
1360807758.443,1536.931818181818
1360807755.385,1805.5186170212767
1360807762.438,65.26737057220708
1360807762.075,6781.25
1360807804.136,108.33333333333334
1360807736.644,3791.9952681388013
1360807847.325,19.95481927710843
1360807847.08,20.198170731707318
1360807842.411,68.38083791208791
1360807841.942,81.50337837837837
1360807847.897,18877.467105263157
1360807823.636,166559.11612426036
1360807901.643,2156.25
1360807894.564,7.4695121951219505
1360808124.689,1862.3046875
1360808121.349,68.79340277777777
1360808127.89,124.96383101851852
1360808128.143,7239.583333333333
1360808184.504,2156.25
1360808175.335,20953.125
1360808175.56,5773.689516129032
1360808530.981,11041.666666666666
1360808532.222,39703.125
1360808533.61,11041.666666666666
1360808531.374,74359.375
1360808534.1,19621.09375
1360808534.195,74359.375
1360808565.986,6032.8125
1360808580.786,182.64563106796118
1360808627.24,1130.37109375
1360808623.33,4953.125
1360808632.864,20257.8125
1360808687.072,2156.25
1360808715.33,298.828125
1360808723.031,6781.25
1360808723.219,11760.416666666666
1360808753.756,1437.5
1360808783.741,2156.25
1360809940.28,6958.333333333333
1360809940.535,10140.625
1360809938.291,8184.26724137931
1360809946.044,82926.52925531915
1360809945.781,4449.21875
1360809970.451,7713.068181818182
1360809967.499,1822.0108695652173
1360809970.862,3210.9375
1360809971.24,7270.833333333333
1360809976.82,19484.375
1360809978.454,15693.75
1360810027.49,1078.125
1360810027.435,1078.125
1360810441.083,11885.633680555555
1360810449.187,41812.5
1360810449.817,2631.6964285714284
1360810446.487,3842.7734375
1360810446.422,33352.370689655174
1360810450.26,6135.416666666667
1360810448.115,17890.625
1360810448.113,2213.5416666666665
1360810448.176,48390.625
1360810448.686,43500.0
1360810451.882,4455.46875
1360810451.881,4266.493055555556
1360810452.325,10875.0
1360810450.12,14437.5
1360810448.476,8117.647058823529
1360810451.803,4614.955357142857
1360810457.488,14500.0
1360810457.678,20573.958333333332
1360810458.058,2526.0416666666665
1360810458.122,13423.4375
1360810458.122,6140.625
1360810458.122,2640.625
1360810454.28,8697.115384615385
1360810458.438,10800.0
1360810458.438,4648.4375
1360810454.278,5913.461538461538
1360810458.438,3960.9375
1360810454.337,5634.765625
1360810458.627,16361.979166666668
1360810458.691,1176.0416666666667
1360810458.69,13353.125
1360810458.816,4250.0
1360810458.88,35071.42857142857
1360810459.006,3660.15625
1360810455.532,1421.875
1360810456.484,2043.7500000000002
1360810456.802,3287.5
1360810460.384,7668.75
1360810457.183,3287.5
1360810457.247,2187.5
1360810460.825,5406.25
1360810460.829,16816.40625
1360810460.956,6160.15625
1360810461.148,5970.982142857143
1360810461.108,1495.5357142857142
1360810460.98,1376.953125
1360810461.107,1570.3125
1360810444.977,863.5775862068965
1360810453.041,22839.24278846154
1360810461.481,23816.40625
1360810461.485,5214.84375
1360810461.549,32421.875
1360810457.9,3690.625
1360810454.12,8031.25
1360810458.279,46197.916666666664
1360810458.532,4921.875
1360810458.785,19605.46875
1360810458.849,27355.46875
1360810456.318,4537.946428571428
1360810456.825,1674.4791666666667
1360810460.576,2885.4166666666665
1360810460.64,3291.6666666666665
1360810460.639,3959.375
1360810460.639,3492.1875
1360810460.638,2726.5625
1360810460.638,12351.5625
1360810441.561,20486.160714285714
1360810438.917,65093.75
1360810439.341,1495.991253644315
1360810439.656,1403.6458333333333
1360810439.656,1559.8958333333333
1360810441.407,19724.609375
1360810441.407,35306.08974358974
1360810438.801,149025.0
1360810439.564,1403.6458333333333
1360810439.564,1403.6458333333333
1360810440.818,18302.083333333332
1360810441.134,4080.212550607287
1360810440.653,2375.5015432098767
1360810440.653,3089.8533950617284
1360810440.653,3711.689814814815
1360810444.035,49.210258152173914
1360810444.157,1875.0
1360810441.576,2748.032407407408
1360810441.64,3784.61478960396
1360810443.981,1633.109714673913
1360810445.677,413.00154320987656
1360810445.613,558.905291411043
1360810442.15,53.33059210526316
1360810442.91,872.8434244791666
1360810443.141,221.41568241469815
1360810444.597,35.78629032258065
1360810445.4,1315.8346036585367
1360810445.079,777.3085585585585
1360810442.251,266.6638962765958
1360810461.122,8390.463917525773
1360810461.441,246.94293478260872
1360810446.272,127.44608626198084
1360810445.375,5625.334480122324
1360810445.503,8731.298076923076
1360810458.492,333.8994565217391
1360810458.428,12025.0
1360810456.376,172.9714912280702
1360810459.576,485.78381147540983
1360810461.495,3494.848901098901
1360810445.354,4700.926987767584
1360810446.25,2076.2779552715656
1360810445.482,8810.721153846154
1360810445.482,7097.0192307692305
1360810441.449,6394.492574257426
1360810458.411,1035.9712230215828
1360810458.534,337.93339416058393
1360810460.258,166.33522727272725
1360810443.051,221.3746719160105
1360810461.907,22653.125
1360810465.618,2427.0833333333335
1360810461.522,612.6077586206897
1360810461.585,71938.00403225806
1360810462.033,990.625
1360810445.968,2124.9050151975684
1360810457.871,804.5654296875
1360810461.647,13281.25
1360810461.71,28048.828125
1360810465.933,539.9305555555555
1360810462.221,151.11019736842104
1360810462.284,985.625
1360810449.612,782.9523346303502
1360810454.347,603.8002512562814
1360810462.538,13628.90625
1360810445.578,30.859375
1360810445.642,229.7217868338558
1360810453.77,15919.557416267942
1360810462.533,8104.068396226415
1360810454.345,978.9105191256831
1360810454.344,1198.4139447236182
1360810454.344,558.338567839196
1360810454.344,1220.7914572864322
1360810462.792,1546.875
1360810458.567,238.80597014925374
1360810462.855,10988.541666666666
1360810446.407,2254.247572815534
1360810446.407,19.18770358306189
1360810454.854,964.9107142857143
1360810463.173,5589.488636363637
1360810455.107,371.1845930232558
1360810455.171,1908.006656804734
1360810455.171,518.0288461538462
1360810455.171,608.8235294117646
1360810447.472,23.59913793103448
1360810464.238,10521.875
1360810464.238,20517.85714285714
1360810459.693,821.4673913043479
1360810464.746,4697.916666666667
1360810464.746,25839.583333333332
1360810464.809,2487.5
1360810464.869,16953.125
1360810456.488,387.3958333333333
1360810456.488,455.5921052631579
1360810456.488,408.30592105263156
1360810465.063,3178.5714285714284
1360810456.615,106.49923312883436
1360810465.127,4160.714285714285
1360810448.359,1117.3458614864865
1360810448.358,110.05434782608695
1360810448.93,1945.8370141342755
1360810460.769,176.49872448979593
1360810460.833,87.46778350515463
1360810469.216,7704.6875
1360810460.896,1080.46875
1360810461.151,4199.048913043479
1360810461.151,127.03804347826086
1360810465.502,2387.5
1360810465.566,11223.958333333334
1360810465.566,15541.015625
1360810465.566,8681.25
1360810461.918,6571.180555555556
1360810461.923,48890.625
1360810465.635,2916.6666666666665
1360810453.92,1864.253048780488
1360810453.659,2833.433014354067
1360810466.011,3414.0625
1360810454.235,1211.6834170854272
1360810454.235,1677.0571608040202
1360810454.234,1764.6875
1360810454.234,689.6199748743719
1360810454.234,371.46670854271355
1360810454.234,91.70854271356784
1360810446.296,770.1254045307443
1360810463.126,20952.5
1360810455.06,593.2904411764706
1360810463.443,21357.730263157893
1360810459.217,2185.8212809917354
1360810463.953,15306.490384615385
1360810455.929,355.66907051282055
1360810455.928,333.93429487179486
1360810464.757,5714.84375
1360810464.948,7037.5
1360810464.948,1325.892857142857
1360810456.564,108.69984567901236
1360810465.011,4020.089285714286
1360810465.011,4622.767857142857
1360810465.011,2671.875
1360810465.261,1479.9107142857142
1360810451.694,5073.9020270270275
1360810451.817,1808.3096590909092
1360810440.876,14674.293611793611
1360810448.811,1818.1868374558303
1360810460.65,238.99872448979593
1360810460.773,9124.674479166666
1360810447.226,990.424791086351
1360810447.225,7051.339285714285
1360810446.568,619.8275862068966
1360810446.755,29.76190476190476
1360810449.246,38825.0
1360810450.11,4185.131316489362
1360810450.11,5397.4817154255325
1360810450.061,3931.848404255319
1360810450.06,1737.1176861702127
1360810450.026,4657.0723684210525
1360810451.142,10026.71370967742
1360810449.939,30341.090425531915
1360810449.937,7564.453125
1360810473.154,875.0
1360810465.617,584.4452247191011
1360810466.378,196.91780821917808
1360810475.206,4640.625
1360810475.206,7416.666666666667
1360810475.206,8992.1875
1360810467.876,1696.875
1360810473.059,12296.875
1360810469.853,893.465909090909
1360810466.678,2564.16015625
1360810467.295,478.44827586206895
1360810476.503,15557.291666666666
1360810454.641,168.15242946708463
1360810454.668,1748.5119047619046
1360810454.648,129.25664451827242
1360810470.143,6886.82626146789
1360810470.143,8288.059059633028
1360810469.955,9463.302752293577
1360810469.955,6531.25
1360810478.337,1013.869382022472
1360810474.812,1324.6038732394366
1360810467.387,2380.769230769231
1360810472.251,341.60370879120876
1360810476.665,253.8716814159292
1360810476.6,836.2116228070175
1360810468.664,497.2005208333333
1360810468.664,667.3828125
1360810468.6,6838.88744813278
1360810468.664,1011.4583333333334
1360810469.944,4678.8274082568805
1360810469.944,5339.95126146789
1360810477.111,6043.69918699187
1360810473.143,537.109375
1360810474.219,518.3153973509934
1360810468.646,2817.7734375
1360810476.58,121.16228070175438
1360810469.652,2269.977168949772
1360810478.1,371.8039772727273
1360810473.94,59.21052631578947
1360810478.099,11667.96875
1360810469.837,317.10829493087556
1360810478.287,4484.375
1360810479.304,8812.723214285714
1360810479.175,13659.72222222222
1360810479.175,5739.366319444444
1360810467.116,186.9591346153846
1360810483.115,15114.583333333334
1360810480.87,12119.444444444443
1360810480.934,517.1130952380952
1360810469.153,876.9358407079646
1360810469.277,731.3058035714286
1360810477.959,3746.09375
1360810478.023,110.4403409090909
1360810478.022,438.2022471910112
1360810470.464,633.1845238095239
1360810478.781,4466.899671052632
1360810470.78,207.03125
1360810479.099,6816.40625
1360810479.099,1895.8333333333333
1360810479.162,1369.2781690140846
1360810463.418,3264.4636824324325
1360810468.58,2172.3288381742736
1360810463.91,468.1640625
1360810465.402,5968.75
1360810465.719,6171.875
1360810465.718,25179.6875
1360810463.818,385.6095679012346
1360810464.337,3352.4912587412587
1360810464.846,32193.75
1360810465.481,186.77083333333334
1360810465.481,17953.125
1360810465.936,1977.8645833333333
1360810465.935,760.0806451612904
1360810466.125,202.30263157894737
1360810466.377,242.39309210526315
1360810466.44,105.5998322147651
1360810466.502,95.01689189189189
1360810487.367,730.5372807017544
1360810465.907,98.01136363636363
1360810466.034,4000.0
1360810466.033,170.94983552631578
1360810466.286,81.875
1360810466.39,109.68959731543625
1360810485.91,2642.5
1360810487.116,4695.454545454545
1360810487.116,4750.0
1360810487.115,2331.0185185185187
1360810487.306,177.5841346153846
1360810483.117,11431.460084033613
1360810480.936,1169.1532258064517
1360810476.008,74.88082627118645
1360810489.191,245920.75892857142
1360810483.622,817.7556818181818
1360810483.622,2214.1203703703704
1360810483.622,4742.471590909091
1360810483.622,1396.9907407407406
1360810480.933,2423.2862903225805
1360810480.933,2981.048387096774
1360810483.685,1568.2339449541284
1360810483.748,5086.226851851852
1360810483.748,3349.247685185185
1360810483.748,2429.3981481481483
1360810483.812,3690.1785714285716
1360810483.812,3176.892201834862
1360810483.812,412.79761904761904
1360810483.812,2997.3214285714284
1360810483.812,411.60714285714283
1360810483.812,2938.839285714286
1360810483.812,1968.154761904762
1360810483.811,1074.3282710280373
1360810483.811,1211.3821138211383
1360810483.811,2639.8809523809527
1360810483.811,2695.089285714286
1360810483.811,847.1403301886793
1360810483.811,1141.5094339622642
1360810483.811,3089.180424528302
1360810486.214,4800.271739130435
1360810486.404,744.9519230769231
1360810487.039,7173.032407407408
1360810482.492,3217.6339285714284
1360810471.926,140.72986577181206
1360810483.037,21405.46875
1360810483.543,5061.926605504587
1360810483.543,2876.591435185185
1360810483.543,3228.5879629629626
1360810483.543,4261.429398148148
1360810483.543,3767.071759259259
1360810483.543,3470.196759259259
1360810480.854,1160.4299363057323
1360810480.853,801.6129032258065
1360810483.605,2586.0795454545455
1360810483.605,3537.3831775700933
1360810480.853,1063.608870967742
1360810483.669,3530.676605504587
1360810483.669,5486.291273584906
1360810483.669,871.3831018518518
1360810483.665,1394.3865740740741
1360810483.665,794.4808467741935
1360810483.669,3072.3379629629626
1360810483.669,2660.8796296296296
1360810483.732,1843.75
1360810483.732,2527.827380952381
1360810483.732,3315.476190476191
1360810483.732,2241.112385321101
1360810483.731,4017.559523809524
1360810483.731,1384.0537383177568
1360810483.731,238.98809523809524
1360810483.731,3572.5344036697247
1360810483.731,3771.521226415094
1360810483.731,1108.7853773584907
1360810483.731,3296.4449541284403
1360810483.73,1793.0782710280373
1360810483.73,349.35141509433964
1360810468.227,384.85323218997365
1360810469.187,784.316976127321
1360810469.187,715.0493421052631
1360810470.973,641.3708233890216
1360810470.192,2704.2410714285716
1360810473.095,2617.1875
1360810473.027,64.65517241379311
1360810474.058,3136.71875
1360810475.14,343230.46875
1360810475.563,12343.75
1360810475.684,529.6875
1360810474.843,48859.375
1360810474.97,5093.75
1360810475.411,41085.9375
1360810449.611,2811.660134378499
1360810488.497,31164.0625
1360810488.56,21638.020833333332
1360810490.357,14126.11607142857
1360810491.505,455539.0625
1360810491.313,7521.114864864865
1360810491.21,4693.75
1360810491.445,42235.9375
1360810491.887,17498.046875
1360810491.887,20941.592261904763
1360810491.885,16902.64423076923
1360810491.885,860.1371951219512
1360810492.456,335.3934540389972
1360810493.07,232.06018518518516
1360810490.473,23001.99468085106
1360810490.663,29637.723214285714
1360810491.296,458.11170212765956
1360810491.36,29444.3359375
1360810491.359,25866.666666666668
1360810491.612,2685.8258928571427
1360810491.803,16908.203125
1360810491.803,21976.5625
1360810491.802,21340.90909090909
1360810491.802,15447.265625
1360810492.722,316.40625
1360810493.399,2819.444444444445
1360810494.543,106337.05357142857
1360810497.786,562.6339285714286
1360810494.131,872.0703125
1360810494.067,1341.1458333333333
1360810494.45,11862.5
1360810496.88,22440.34090909091
1360810496.877,48918.9453125
1360810496.877,7403.3203125
1360810498.957,4160.714285714285
1360810497.829,88745.53571428571
1360810497.829,22374.0234375
1360810498.909,140257.8125
1360810498.845,6687.5
1360810518.341,4828.125
1360810518.341,2414.0625
1360810449.924,3902.6431074766356
1360810518.333,2414.0625
1360810518.333,2414.0625
1360810449.917,3694.4882119514473
1360810519.841,22250.0
1360810519.841,9281.25
1360810519.839,5994.791666666667
1360810520.348,13656.25
1360810517.937,1121.09375
1360810529.32,156.25
1360810529.384,167.41071428571428
1360810529.154,222.91666666666669
1360810533.68,9281.25
1360810529.844,1078.125
1360810533.683,18148.4375
1360810491.026,4405.639855687606
1360810528.713,146.484375
1360810528.712,108.33333333333334
1360810528.903,554.6875
1360810528.839,483.0729166666667
1360810532.291,20494.791666666668
1360810490.461,4698.989740368509
1360810487.579,9107.022849462366
1360810527.748,2156.25
1360810528.761,881.25
1360810516.823,403.3801020408163
1360810537.099,881.25
1360810533.9,11125.0
1360810533.966,3979.1666666666665
1360810534.029,590.7012195121952
1360810534.219,589.0625
1360810534.283,2213.795731707317
1360810538.122,9580.729166666666
1360810534.282,2008.720930232558
1360810534.282,2277.529761904762
1360810538.058,8176.339285714286
1360810534.409,2911.4583333333335
1360810534.536,14500.0
1360810535.173,21750.0
1360810535.489,21750.0
1360810535.785,10105.46875
1360810536.102,975.4464285714286
1360810520.422,83.35790094339622
1360810536.485,10062.5
1360810536.739,487.5
1360810536.929,2972.8618421052633
1360810536.865,3138.0208333333335
1360810536.865,3138.0208333333335
1360810536.865,910.4166666666666
1360810533.949,4552.083333333333
1360810537.977,8104.910714285714
1360810534.201,1783.275462962963
1360810534.196,2081.073113207547
1360810534.196,2056.5476190476193
1360810534.196,2001.0416666666665
1360810534.2,1800.9375
1360810534.264,2046.875
1360810534.264,1554.1834677419356
1360810538.104,11496.875
1360810534.263,2894.0033783783783
1360810538.358,13558.59375
1360810534.708,5479.166666666667
1360810534.898,4109.375
1360810535.215,41328.125
1360810535.279,29312.5
1360810535.528,43500.0
1360810536.213,13583.333333333334
1360810536.784,2972.8618421052633
1360810537.227,5899.816176470588
1360810520.461,186.303490990991
1360810520.459,135.98090277777777
1360810520.229,58.50974462365591
1360810520.292,119.12270642201834
1360810520.484,60.85292022792023
1360810520.482,75.3168202764977
1360810520.546,89.0625
1360810520.546,247.4431818181818
1360810520.546,82.64048165137615
1360810519.986,511.2445809248555
1360810520.176,175.10623229461754
1360810520.173,6357.131806930693
1360810520.173,669.5290368271955
1360810524.071,737.6319261213721
1360810525.575,1727.1634615384614
1360810542.156,2320.3125
1360810542.156,3596.875
1360810534.283,60.04050925925926
1360810534.41,60.60163551401869
1360810542.082,2472.222222222222
1360810537.794,111.74841772151899
1360810534.334,60.455607476635514
1360810537.039,642.0822538860103
1360810525.381,238.26791808873722
1360810526.349,528.4236348122868
1360810526.349,294.688566552901
1360810525.885,2578.125
1360810532.81,4201.480263157895
1360810532.629,2421.3398972602736
1360810532.988,2973.9583333333335
1360810532.99,417.7517361111111
1360810530.287,3322.5446428571427
1360810532.902,3539.0625
1360810536.853,72.2093621399177
1360810536.907,72.42571721311475
1360810537.289,416.9407894736842
1360810532.291,11447.916666666666
1360810533.258,5734.375
1360810533.258,6631.25
1360810534.268,15354.166666666666
1360810534.581,1530.3442028985507
1360810534.579,2206.6532258064517
1360810534.579,1710.7371794871794
1360810534.579,1800.1644736842106
1360810534.579,1330.9294871794873
1360810534.706,2182.010135135135
1360810536.395,1803.8194444444443
1360810537.578,5251.5625
1360810534.182,7911.458333333333
1360810534.182,12343.75
1360810533.987,37.5
1360810534.411,5494.791666666667
1360810534.474,2206.6532258064517
1360810534.473,2280.2083333333335
1360810534.537,1265.0353773584907
1360810534.537,1968.070652173913
1360810537.561,2491.319444444445
1360810538.814,49.67532467532468
1360810544.911,136.6918103448276
1360810544.911,85.07543103448276
1360810445.512,1761.7166304937602
1360810563.462,1207.03125
1360810563.462,965.625
1360810538.707,38.8208762886598
1360810538.707,76.83634020618557
1360810538.706,38.8208762886598
1360810561.984,7687.5
1360810550.462,748.4830097087378
1360810562.491,12375.0
1360810562.489,7416.666666666667
1360810562.743,2984.375
1360810562.998,1707.03125
1360810563.188,431.25
1360810563.056,1223.5576923076924
1360810563.056,5956.0546875
1360810563.059,1168.269230769231
1360810563.16,6165.441176470588
1360810563.163,410.7142857142857
1360810563.482,1767.361111111111
1360810563.481,3117.1875
1360810563.545,7265.625
1360810563.416,6766.741071428572
1360810563.479,6147.836538461538
1360810564.303,9580.729166666666
1360810564.365,14328.125
1360810564.365,14308.59375
1360810564.556,11496.875
1360810564.874,18661.458333333332
1360810562.417,3093.75
1360810562.985,3403.4598214285716
1360810563.049,812.5
1360810551.976,132.99209770114942
1360810563.112,650.0
1360810563.047,1937.5
1360810563.047,1168.269230769231
1360810563.111,1461.6477272727273
1360810563.365,5996.875
1360810563.405,1687.5
1360810563.469,4344.951923076924
1360810563.468,1707.03125
1360810563.975,7060.546875
1360810564.226,11346.875
1360810564.417,8286.458333333334
1360810562.736,570.2205882352941
1360810563.536,73.11197916666666
1360810563.978,81.06364678899082
1360810564.04,478.3266129032258
1360810562.974,55.65987124463519
1360810563.01,55.765086206896555
1360810563.01,55.89978448275862
1360810563.389,193.4156378600823
1360810564.723,500.5335365853658
1360810564.723,430.8969665271967
1360810559.776,7583.333333333333
1360810559.052,2452.566964285714
1360810559.423,6781.25
1360810562.556,63687.5
1360810562.235,15562.5
1360810562.489,446.5144230769231
1360810563.06,23023.4375
1360810563.058,29828.125
1360810563.314,1764.423076923077
1360810563.314,2195.3125
1360810563.313,1501.5625
1360810563.354,2250.5208333333335
1360810563.858,2802.734375
1360810563.729,1103.515625
1360810563.793,5387.620192307692
1360810565.039,4299.479166666667
1360810564.909,2460.9375
1360810562.443,548656.25
1360810562.948,8067.708333333334
1360810563.137,5664.0625
1360810563.686,2705.7291666666665
1360810563.749,2119.140625
1360810586.222,2156.25
1360810608.335,270.8333333333333
1360810608.444,334.82142857142856
1360810586.046,17328.125
1360810607.637,292.96875
1360810607.638,348.2142857142857
1360810607.702,479.1666666666667
1360810607.702,292.96875
1360810607.765,487.5
1360810607.765,334.82142857142856
1360810607.765,734.375
1360810607.829,541.6666666666666
1360810607.516,682.2916666666666
1360810607.58,348.2142857142857
1360810607.58,348.2142857142857
1360810607.58,718.75
1360810607.643,804.6875
1360810607.643,714.84375
1360810607.579,348.2142857142857
1360810607.579,292.96875
1360810607.628,292.96875
1360810607.628,359.375
1360810607.691,334.82142857142856
1360810607.754,359.375
1360810595.399,7.08128078817734
1360810619.021,718.75
1360811042.281,2048.2047872340427
1360811045.105,1459.4298245614034
1360811037.809,1238.28125
1360811049.607,7479.166666666667
1360811048.942,3210.9375
1360811102.131,2156.25
1360811102.131,2156.25
1360811847.707,5812.5
1360811847.984,11397.569444444445
1360813293.52,5520.833333333333
1360813297.802,1509.3149038461538
1360813294.766,94.24603174603175
1360813293.288,2646.484375
1360813292.36,74296.875
1360813300.918,4178.819444444444
1360813328.843,5031.25
1360813544.03,62.83244680851063
1360813551.911,15.625
1360814404.553,34.57446808510638
1360817579.48,12960.9375
1360817575.243,4162.5
1360817579.703,10323.863636363636
1360817639.526,2156.25
1360817641.829,2515.625
1360817647.127,394.6049528301887
1360817647.059,397.55306603773585
1360818572.191,8.729757085020244
1360820075.524,2304.375
1360820074.315,10613.051470588236
1360820076.672,158.33333333333331
1360820576.318,171.875
1360820580.703,17.98221982758621
1360821794.957,54.464285714285715
1360822091.602,51.520270270270274
1360822389.917,52.951388888888886
1360822545.438,54.464285714285715
1360822882.807,11.873100303951368
1360823314.339,11109.375
1360823310.443,4162.5
1360823314.923,6309.895833333333
1360823328.223,86.85661764705883
1360823342.017,76912.68382352941
1360823339.965,20144.140625
1360823374.084,2156.25
1360823353.828,114441.40625
1360823355.282,87.08530805687204
1360823370.01,74264.42307692308
1360823383.242,88.74555160142349
1360823311.473,16397.596281982944
1360823431.431,3015.625
1360823448.902,3091.1458333333335
1360823449.446,6636.948529411765
1360823508.87,2156.25
1360823883.438,9153.125
1360824094.977,12148.4375
1360828854.906,15406.25
1360828850.989,2282.4074074074074
1360828855.56,8734.375
1360828878.444,1731.3701923076924
1360828880.078,2867.96875
1360828881.353,22507.8125
1360828888.972,3198.4375
1360828889.866,6281.25
1360828889.481,2138.7867647058824
1360828897.509,6617.1875
1360828897.893,6828.125
1360828892.998,340.1988636363636
1360828898.239,5903.645833333333
1360828898.822,6617.1875
1360828883.77,23621.14726027397
1360828883.767,57934.15178571428
1360828881.522,312.5
1360828883.858,26133.928571428572
1360828883.858,20984.375
1360828883.858,17546.875
1360828883.7,16992.621527777777
1360828883.7,38591.66666666667
1360828883.698,47171.875
1360828881.643,4658.482142857143
1360828882.215,11328.55504587156
1360828882.534,836.7598684210526
1360828882.724,2465.33203125
1360828883.048,3974.2943548387093
1360828883.936,22879.464285714286
1360828883.999,80703.125
1360828884.38,656.25
1360828884.38,44921.875
1360828885.016,11958.333333333334
1360828885.207,30453.125
1360828884.332,57625.0
1360828884.837,47718.75
1360828885.286,297921.875
1360828891.27,19265.302835051545
1360828891.228,6943.910256410257
1360828891.227,6714.342948717949
1360828891.976,17744.791666666668
1360828918.618,1829.8233695652173
1360828918.872,37921.875
1360828918.744,18898.4375
1360828918.897,18890.625
1360828919.283,2095.3125
1360828897.477,1660.3009259259259
1360828898.68,2965.9455128205127
1360828900.179,54882.8125
1360828901.181,15171.875
1360828921.822,2051.658163265306
1360828921.537,1790.8909574468087
1360828890.131,2303.8221528861154
1360828942.248,541.6666666666666
1360828932.619,356.84121621621625
1360828942.005,437.5
1360828925.126,77.85560344827586
1360828925.315,10835.9375
1360828924.763,27338.541666666668
1360828931.286,17609.375
1360828931.347,29838.315217391304
1360828932.799,8718.75
1360828933.072,26609.375
1360828891.03,2160.0019747235388
1360828885.711,2385.8992772424017
1360828972.037,2156.25
1360828972.037,2156.25
1360828885.677,1678.4191994069681
1360828978.534,1078.125
1360828978.793,1078.125
1360828978.793,1078.125
1360828971.974,2156.25
1360829007.307,5125.0
1360829378.072,15.957446808510637
1360830612.894,15.957446808510637
1360831918.994,235.63762626262627
1360833720.378,13.940868263473055
1360835424.99,89.84375
1360835425.501,179.6875
1360835427.605,179.6875
1360835579.949,84.55882352941177
1360838032.556,19.806338028169016
1360845251.936,48.87820512820513
1360846152.953,59.5703125
1360846375.249,52.951388888888886
1360846999.745,635.4166666666666
1360848720.835,13.775887573964496
1360851139.243,15.292553191489361
1360851630.904,31.914893617021274
1360851636.131,31.914893617021274
1360851646.439,31.914893617021274
1360851651.677,32.608695652173914
1360851656.975,32.608695652173914
1360852688.32,14.973958333333334
1360855665.07,16.843971631205672
1360855703.49,34.57446808510638
1360857239.366,57.765151515151516
1360858903.018,11.556952662721894
1360860713.063,29.336734693877553
1360866120.986,30.660377358490567
1360866321.878,30.660377358490567
1360867452.333,30.660377358490567
1360868285.164,6989.583333333333
1360868285.547,8050.000000000001
1360868283.903,18898.4375
1360868287.29,17890.625
1360868287.354,8945.3125
1360868294.556,8390.625
1360868289.174,11109.375
1360868286.871,1753.5807291666667
1360868293.1,1837.890625
1360868293.021,2097.65625
1360868285.161,81277.9605263158
1360868283.934,2648.7771739130435
1360868301.347,325.78125
1360868300.63,34015.79861111111
1360868290.159,2101.728723404255
1360868286.839,94.24603174603175
1360868289.669,6662.5
1360868292.903,114601.5625
1360868293.414,39613.28125
1360868293.414,14640.625
1360868292.727,290296.875
1360868292.851,53895.08928571428
1360868293.363,10734.375
1360868293.363,26953.125
1360868292.848,274390.625
1360868293.392,54.92568597560975
1360868293.392,17953.125
1360868293.392,5085.9375
1360868293.391,10359.375
1360868293.391,7976.5625
1360868293.39,12723.958333333334
1360868293.39,10531.25
1360868293.866,51261.16071428572
1360868294.625,11734.375
1360868292.486,24128.90625
1360868293.222,7989.583333333333
1360868293.222,15302.083333333334
1360868293.222,9332.03125
1360868293.222,11542.96875
1360868293.218,9255.208333333334
1360868293.218,5368.75
1360868293.218,16442.708333333332
1360868293.217,9601.5625
1360868293.217,8406.25
1360868293.217,8390.625
1360868293.217,10652.34375
1360868314.562,5177.083333333333
1360868312.961,2929.2582417582416
1360868314.625,302.45535714285717
1360868318.784,195.3125
1360868313.023,426.7361111111111
1360868318.783,179.6875
1360868314.815,802.0833333333334
1360868318.846,996.09375
1360868313.396,480.2541208791209
1360868313.438,4322.98018292683
1360868313.438,112.42378048780488
1360868313.501,212.34939759036146
1360868314.071,272.5694444444444
1360868314.006,3000.0
1360868314.006,1357.142857142857
1360868314.006,1357.142857142857
1360868316.693,718.75
1360868319.507,2543.75
1360868319.57,1324.6527777777776
1360868317.966,1900.0
1360868319.889,1675.0
1360868320.144,2203.125
1360868320.272,359.375
1360868320.272,2796.875
1360868320.272,437.5
1360868295.823,2791.722972972973
1360868318.662,298.0769230769231
1360868318.662,179.6875
1360868312.882,4659.722222222223
1360868318.71,179.6875
1360868318.837,1274.1477272727273
1360868318.772,1404.8295454545455
1360868318.835,1036.931818181818
1360868318.835,1740.056818181818
1360868315.184,1419.5601851851852
1360868313.322,30915.0390625
1360868313.322,3273.7630208333335
1360868319.532,1281.25
1360868319.532,1509.765625
1360868319.531,1700.0
1360868319.531,1244.7916666666667
1360868319.658,1154.6875
1360868313.385,2724.4664634146343
1360868313.385,5140.053353658536
1360868313.385,3839.939024390244
1360868313.385,844.9519230769231
1360868313.94,1623.7331081081081
1360868314.004,126.7123287671233
1360868314.004,464.4886363636364
1360868313.94,3059.375
1360868314.003,1763.392857142857
1360868317.967,4031.25
1360868319.759,1265.625
1360868319.822,1557.8125
1360868319.886,1576.388888888889
1360868317.966,363.28125
1360868320.202,4164.0625
1360868320.141,359.375
1360868320.141,3840.625
1360868320.141,671.875
1360868320.141,359.375
1360868320.205,531.25
1360868296.012,70.5743715083799
1360868295.052,178.58855498721226
1360868296.049,37.234042553191486
1360868319.04,325.0
1360868319.04,180.28846153846155
1360868319.04,180.28846153846155
1360868319.039,406.25
1360868313.399,1152.951388888889
1360868319.033,325.0
1360868319.033,180.28846153846155
1360868319.157,541.6666666666666
1360868314.403,1860.8530405405406
1360868314.686,8365.272671568628
1360868313.148,6829.282407407408
1360868313.147,1372.4888392857142
1360868327.034,1989.5833333333333
1360868327.03,2041.6666666666665
1360868318.969,177.94296116504853
1360868327.224,1533.482142857143
1360868327.477,663.28125
1360868327.476,767.2697368421053
1360868327.476,569.53125
1360868327.539,550.78125
1360868327.986,1569.0104166666667
1360868327.857,6617.1875
1360868314.197,517.7734375
1360868316.948,306.19747899159665
1360868319.697,999.0433673469388
1360868320.016,171.875
1360868325.006,272.1354166666667
1360868324.622,558.8235294117648
1360868325.322,950.0
1360868325.325,1055.5555555555557
1360868326.347,1717.013888888889
1360868325.962,3691.40625
1360868326.026,7226.5625
1360868328.713,6429.6875
1360868326.344,4380.208333333333
1360868326.344,1328.125
1360868326.344,1914.0625
1360868326.726,6317.708333333333
1360868326.726,5377.604166666667
1360868326.79,1388.671875
1360868326.901,1700.0
1360868326.713,7578.125
1360868326.969,1604.9107142857142
1360868326.967,1445.3125
1360868326.965,1513.671875
1360868318.901,188.98168103448276
1360868313.077,8181.905864197532
1360868313.077,4205.536265432099
1360868327.411,513.1578947368422
1360868318.963,141.84782608695653
1360868327.218,3156.25
1360868327.409,828.9473684210526
1360868327.408,790.625
1360868327.536,1239.5833333333333
1360868327.535,599.5065789473684
1360868327.407,609.375
1360868328.236,5060.267857142857
1360868317.571,128.16722972972974
1360868324.927,287.40530303030306
1360868326.141,3671.875
1360868326.268,1267.361111111111
1360868328.571,4218.75
1360868330.568,1089.84375
1360868327.487,104.74537037037037
1360868322.366,1958.2506613756614
1360868335.549,1456.5972222222224
1360868323.899,13476.384943181818
1360868336.477,2097.65625
1360868325.016,4219.368811881188
1360868325.208,62.307098765432094
1360868325.015,128.2051282051282
1360868325.335,2207.51953125
1360868326.358,256.640625
1360868326.358,177.20170454545456
1360868326.358,210.66810344827584
1360868328.725,6057.291666666667
1360868328.788,4707.03125
1360868328.852,216.86746987951807
1360868335.474,1048.828125
1360868324.014,6632.273706896552
1360868324.014,4069.301470588235
1360868329.743,1777.34375
1360868329.933,100.47238372093022
1360868324.747,1769.0805288461538
1360868326.281,242.9956896551724
1360868314.559,65088.3152173913
1360868313.062,5882.8125
1360868317.281,1273.4375
1360868317.345,350.9394171779141
1360868317.173,27174.10714285714
1360868317.801,27.777777777777775
1360868317.781,388.25757575757575
1360868324.229,314.5680147058824
1360868342.016,1339.9390243902437
1360868329.983,2103.478773584906
1360868328.892,51.82613168724279
1360868318.939,91.66061046511628
1360868329.906,170.09493670886076
1360868320.096,1293.4322033898304
1360868319.269,8500.0
1360868318.974,205.35714285714286
1360868319.738,430.9142561983471
1360868319.736,367.59672619047615
1360868320.273,1309.375
1360868333.957,3318.426724137931
1360868326.98,335.33266129032256
1360868327.491,315.4490894039735
1360868327.618,2439.673013245033
1360868328.959,26.5625
1360868334.778,136.16071428571428
1360868327.671,36.28529900332226
1360868324.86,52.02259475218659
1360868325.05,98.56121700879766
1360868325.402,59.514925373134325
1360868325.274,67.1968005952381
1360868325.273,59.161721068249264
1360868325.4,937.5
1360868325.643,1875.0
1360868346.82,528.3430232558139
1360868345.406,287.5
1360868343.421,2574.865107913669
1360868330.813,127.20514112903226
1360868330.877,626.7712550607288
1360868286.907,28556.209415584417
1360868327.163,33.75204248366013
1360868327.48,43.18936877076412
1360868349.239,718.75
1360868327.479,61.29807692307692
1360868336.148,92.32954545454545
1360868336.53,3451.1595911949685
1360868342.098,214.57435344827584
1360868342.29,2837.5400641025644
1360868326.731,131.66065705128204
1360868343.157,3695.6426056338028
1360868345.332,287.5
1360868343.347,1033.3857913669065
1360868327.282,265.9364617940199
1360868327.346,510.67708333333326
1360868327.408,69.10654362416108
1360868327.406,44.288079470198674
1360868327.466,31.353820598006642
1360868335.464,440.8035714285714
1360868327.133,36.05769230769231
1360868341.878,105.12329931972789
1360868342.447,22197.021484375
1360868342.443,8232.007575757576
1360868344.121,36.76470588235294
1360868344.037,39.0625
1360868346.966,1583.3333333333333
1360868366.917,12383.979885057472
1360868375.979,16656.25
1360868379.368,2156.25
1360868390.709,18828.125
1360868388.389,342.8819444444444
1360868388.389,364.78365384615387
1360868392.077,2179.6875
1360868389.322,4750.0
1360868389.386,9500.0
1360868389.578,3300.78125
1360868389.642,5151.041666666667
1360868389.386,7382.8125
1360868389.705,2871.09375
1360868389.769,3848.9583333333335
1360868389.833,6359.375
1360868389.64,4785.15625
1360868389.896,6085.9375
1360868389.96,2359.375
1360868389.96,3150.0
1360868389.895,8075.892857142858
1360868389.895,3958.3333333333335
1360868390.406,6276.041666666667
1360868389.958,2915.625
1360868390.022,3131.25
1360868390.341,3796.875
1360868390.341,6057.291666666667
1360868390.63,3554.6875
1360868389.311,9500.0
1360868389.311,14046.875
1360868389.502,8156.25
1360868389.502,5703.125
1360868389.565,5976.5625
1360868389.692,4250.0
1360868389.69,3734.375
1360868389.754,5554.6875
1360868389.818,5781.25
1360868389.882,2115.625
1360868389.817,15156.25
1360868389.817,4609.375
1360868389.877,2437.5
1360868389.877,1830.7291666666667
1360868389.94,2984.375
1360868389.944,2234.375
1360868390.135,4218.75
1360868390.199,6429.6875
1360868390.327,7437.5
1360868388.386,1500.7248711340205
1360868388.37,269.19642857142856
1360868388.37,1677.2435897435898
1360868389.637,197.38924050632912
1360868390.754,97.43679775280899
1360868387.553,1479.9107142857142
1360868388.316,62.69409937888199
1360868388.314,3462.709407216495
1360868388.314,1585.2126288659795
1360868388.314,4304.6875
1360868388.314,16057.532051282053
1360868389.493,267.2072784810127
1360868389.493,266.63961038961037
1360868389.552,226.27314814814815
1360868389.873,106.0546875
1360868390.319,219.5121951219512
1360868390.59,49.920550847457626
1360868390.836,2116.7919303797466
1360868390.193,5054.6875
1360868390.572,242171.875
1360868390.826,7822.916666666667
1360868388.486,5677.083333333333
1360868388.486,498.67021276595744
1360868388.486,2478.515625
1360868389.497,16171.875
1360868389.751,25411.458333333332
1360868389.729,16171.875
1360868390.048,6593.75
1360868390.108,3273.4375
1360868390.108,1937.5
1360868390.171,2402.34375
1360868390.425,91.9828869047619
1360868388.4,2375.0
1360868388.398,1440.0
1360868389.832,11213.541666666666
1360868389.832,77187.5
1360868389.959,2978.125
1360868390.021,4363.28125
1360868390.021,1678.5714285714287
1360868390.338,37546.875
1360868400.787,209652.43055555556
1360868393.056,100078.125
1360868391.592,2587.5
1360868391.591,11277.083333333334
1360868420.288,2156.25
1360868433.113,23687.5
1360868435.286,18979.166666666668
1360868314.644,182040.1857028754
1360868432.754,8229.166666666666
1360868440.497,3709.375
1360868433.189,3177.734375
1360868423.643,46.53937947494033
1360868432.627,23937.5
1360868435.454,5377.840909090909
1360868436.822,99.9381188118812
1360868440.067,6392.578125
1360868440.734,7052.734375
1360868444.187,2827.5109170305677
1360868452.738,5088.651315789473
1360868452.738,11444.602272727274
1360868452.738,3857.552083333333
1360868452.737,21247.76785714286
1360868452.671,5119.303385416667
1360868452.734,12565.104166666666
1360868452.734,4344.889322916667
1360868452.734,4710.540254237288
1360868452.859,5334.173387096774
1360868452.554,7995.432692307692
1360868452.618,9983.506944444445
1360868452.618,14848.09027777778
1360868452.618,312.5
1360868452.618,5328.90625
1360868452.552,4920.778508771929
1360868452.552,4412.353515625
1360868452.552,6553.786057692308
1360868452.616,4306.217783505154
1360868452.615,5789.772727272728
1360868452.611,7306.361607142857
1360868455.97,14172.794117647058
1360868456.032,375.0
1360868456.918,2568.75
1360868457.269,7588.541666666667
1360868455.848,11023.4375
1360868487.014,2156.25
1360868464.58,275.41415662650604
1360868464.588,30593.75
1360868468.012,9484.375
1360868477.829,93.50868725868726
1360868500.347,2156.25
1360868478.945,997.1153846153846
1360868463.73,5304.230628654971
1360868469.075,11175.0
1360868495.78,75.2895752895753
1360868493.32,9192.708333333334
1360868512.352,376.8382352941176
1360868495.567,2141.1260932944606
1360868495.567,1504.5421511627908
1360868495.567,1780.296148255814
1360868495.567,2037.2807017543862
1360868495.567,1551.190043604651
1360868495.626,2704.906798245614
1360868495.63,1699.890670553936
1360868495.63,1599.3986880466473
1360868495.63,1195.5409356725147
1360868495.63,1706.4959912536444
1360868495.63,1027.9817335243554
1360868495.629,312.5
1360868495.629,1338.329081632653
1360868495.693,27270.833333333332
1360868495.692,1790.250365497076
1360868495.819,375.0
1360868495.881,312.5
1360868496.069,267.85714285714283
1360868496.131,312.5
1360868495.45,1609.2425847457628
1360868495.449,1218.341206395349
1360868495.449,1512.263808139535
1360868495.512,843.021137026239
1360868495.442,1850.2264492753625
1360868495.442,1926.3968481375357
1360868495.509,1483.5094752186587
1360868495.509,2422.6949708454813
1360868495.509,1126.7766034985423
1360868496.361,1392.0497720364742
1360868506.261,112.5
1360868506.46,120833.33333333333
1360868507.883,117.71373056994818
1360868508.013,7843.75
1360868531.882,191.88399280575538
1360868545.381,14945.811170212766
1360868527.541,19738.932291666668
1360868527.54,8833.333333333334
1360868527.54,9327.368951612903
1360868527.538,5587.009803921568
1360868527.534,8007.065217391304
1360868527.537,13889.16015625
1360868527.537,10139.987244897959
1360868527.537,9954.464285714286
1360868527.6,12132.5
1360868527.425,5714.114010989011
1360868527.425,6255.729166666667
1360868527.425,12443.587662337663
1360868527.424,8516.047297297297
1360868527.424,14763.327205882353
1360868527.424,7748.611111111111
1360868527.423,13923.076923076924
1360868527.487,8933.59375
1360868527.423,9516.304347826088
1360868527.422,11701.308139534884
1360868527.422,11373.929794520547
1360868527.422,1425.117924528302
1360868527.422,7043.990384615385
1360868527.421,10045.625
1360868527.484,10446.997549019608
1360868528.827,310.72635135135135
1360868558.19,2156.25
1360868567.63,213.0681818181818
1360868567.889,491.07142857142856
1360868517.171,3397.7130325814537
1360868567.563,343.75
1360868567.817,491.07142857142856
1360868567.817,491.07142857142856
1360868567.817,491.07142857142856
1360868543.828,88.82042253521128
1360868567.815,43.154761904761905
1360868554.62,103660.15625
1360868563.146,298.01829268292687
1360868568.983,1784.167921686747
1360868569.045,1438.7054896142433
1360868567.794,179.6875
1360868567.791,58.035714285714285
1360868574.79,3578.125
1360868571.295,75.53066037735849
1360868574.228,12046.875
1360868585.107,11375.0
1360868584.729,4281.25
1360868589.272,3560.5362021857923
1360868589.272,2261.6974043715845
1360868589.272,3183.466372282609
1360868589.272,2841.5098566308243
1360868589.27,3408.2564890710382
1360868589.269,2045.0819672131147
1360868589.269,1387.0967741935485
1360868590.091,2440.8986581920904
1360868590.09,1049.7521246458923
1360868589.145,2274.1825613079022
1360868589.145,2420.5309139784945
1360868589.145,2108.8149641577065
1360868589.145,3199.2400956284155
1360868589.147,3318.9890710382515
1360868589.147,2548.9668715846997
1360868589.147,3139.8565573770493
1360868589.147,2169.526980874317
1360868589.969,1922.0956920903955
1360868589.969,1187.5885269121814
1360868614.805,2156.25
1360868597.258,2212.809917355372
1360868597.317,2307.8703703703704
1360868597.889,906.25
1360868596.875,2933.406549520767
1360868597.128,1713.1327479338843
1360868619.614,19171.875
1360868600.98,1345.3125
1360868572.764,4891.351744186047
1360868603.353,64.67685758513932
1360868630.859,49919.642857142855
1360868607.174,379.14206036745406
1360868627.652,184.79166666666666
1360868627.779,8750.932835820895
1360868628.478,1358.377659574468
1360868628.606,1355.2083333333333
1360868628.604,6229.513888888889
1360868628.604,345.7880434782609
1360868616.232,347.6400414937759
1360868616.296,528.1643907563025
1360868632.424,861.6071428571429
1360868616.231,377.48430962343093
1360868616.295,575.8928571428571
1360868436.705,9508.497179529104
1360868631.481,421.875
1360868628.527,3214.583333333333
1360868628.398,1965.0930851063831
1360868628.398,2308.1781914893613
1360868628.398,12170.87765957447
1360868616.17,273.8389328063241
1360868616.169,467.5682773109244
1360868616.169,477.219012605042
1360868616.209,685.7274159663865
1360868616.209,339.662447257384
1360868616.276,305.2478902953587
1360868616.148,536.7416317991632
1360868616.211,626.9119198312236
1360868616.211,326.4767932489451
1360868616.211,435.79306722689074
1360868616.274,948.9715189873418
1360868616.274,522.6133966244726
1360868632.657,4632.8125
1360868632.097,3139.8237179487182
1360868634.14,1659.5744680851064
1360868633.084,6495.265151515151
1360868631.67,180.77531645569618
1360868635.83,7921.875
1360868631.669,7949.960443037975
1360868631.669,931.368670886076
1360868639.732,6699.21875
1360868640.049,7921.875
1360868628.461,9832.969961240311
1360868628.461,12139.171511627907
1360868633.756,1197.0108695652173
1360868640.028,7921.875
1360868636.505,160.03024193548387
1360868636.629,5109.375
1360868636.886,10734.375
1360868632.405,43509.32835820896
1360868637.139,2353.515625
1360868640.72,10656.25
1360868632.72,1430.8035714285713
1360868637.582,7921.875
1360868634.381,3565.5048076923076
1360868630.259,987.5
1360868630.259,1601.304945054945
1360868630.323,4200.126262626263
1360868630.323,962.0535714285714
1360868630.323,850.0631313131313
1360868630.323,1323.0229591836735
1360868633.069,55529.296875
1360868639.842,9687.5
1360868636.065,9275.0
1360868636.064,3050.347222222222
1360868633.679,1336.2771739130435
1360868633.678,3531.25
1360868633.615,7921.875
1360868633.678,2354.1666666666665
1360868633.678,1136.3031914893618
1360868628.366,13564.437984496124
1360868633.678,7921.875
1360868639.95,7921.875
1360868628.553,202.14074803149606
1360868633.74,2119.0972222222226
1360868628.363,9883.11531007752
1360868636.617,3406.25
1360868636.617,3354.1666666666665
1360868636.808,5447.80585106383
1360868632.327,648.2077205882352
1360868634.305,727.3848684210526
1360868637.568,7921.875
1360868640.768,31390.625
1360868630.175,116.25
1360868630.175,9897.34375
1360868630.175,791.35101010101
1360868630.239,705.2408854166666
1360868630.239,2320.391414141414
1360868630.239,3204.2410714285716
1360868630.303,97.53787878787878
1360868630.173,2150.371287128713
1360868630.237,6684.659090909091
1360868630.237,1539.5408163265306
1360868630.237,183.8699494949495
1360868619.796,3089.0625
1360868620.408,50.965314136125656
1360868646.855,1475.6944444444443
1360868647.044,990.234375
1360868647.044,1131.6964285714287
1360868643.076,7921.875
1360868641.028,412.7604166666667
1360868641.336,739.9088541666666
1360868641.339,114.29073033707866
1360868641.466,10656.25
1360868641.466,3368.055555555555
1360868641.589,27617.1875
1360868641.656,109.02777777777779
1360868636.214,1280.6028106508875
1360868641.782,3960.9375
1360868636.531,2750.679347826087
1360868636.531,946.4699074074074
1360868640.478,1029.4117647058822
1360868636.957,383.9570063694268
1360868637.147,46.484375
1360868642.266,11156.25
1360868640.602,93.90943877551021
1360868632.727,5617.010746606335
1360868642.391,9414.0625
1360868642.519,75.04111842105263
1360868634.391,265.24014778325125
1360868642.519,75.04111842105263
1360868634.518,2425.917288557214
1360868630.29,1995.15503875969
1360868630.29,594.7795542635658
1360868630.29,730.1356589147287
1360868630.29,781.1288759689922
1360868630.354,794.807879377432
1360868630.354,1054.7178988326848
1360868630.354,825.875486381323
1360868630.354,1412.0257782101166
1360868630.354,2009.727626459144
1360868646.992,990.234375
1360868641.142,8136.71875
1360868641.267,370.39473684210526
1360868641.267,2810.690789473684
1360868639.41,1960.2029914529915
1360868631.602,383.0094537815126
1360868641.393,711.825284090909
1360868635.824,573.0080409356725
1360868635.823,92.4781976744186
1360868636.141,1254.530325443787
1360868641.708,3960.9375
1360868641.708,4755.208333333333
1360868633.707,219.56073113207546
1360868641.828,11593.75
1360868636.647,1025.314245810056
1360868640.294,839.1869469026549
1360868632.357,2287.2649336283184
1360868632.357,75.09636563876653
1360868640.357,2289.1398514851485
1360868640.528,284.21875
1360868641.998,145.35361842105263
1360868637.006,215.5473602484472
1360868637.005,305.7459677419355
1360868637.065,4314.1556291390725
1360868637.258,424.19763513513516
1360868642.313,7921.875
1360868634.504,211.13379396984925
1360868642.439,75.04111842105263
1360868645.638,3960.9375
1360868645.766,7921.875
1360868630.211,779.2514534883721
1360868630.275,519.3336575875487
1360868630.274,655.034046692607
1360868630.274,1464.433365758755
1360868631.933,696.6145833333334
1360868632.826,1450.465425531915
1360868637.046,211.03395061728395
1360868642.357,5040.334302325581
1360868637.301,644.2234848484848
1360868632.806,3518.3094713656387
1360868640.87,265.0122549019608
1360868640.998,150.35377358490564
1360868633.188,740.9934497816594
1360868641.572,5402.036516853933
1360868641.827,1120.7720588235295
1360868634.147,611.6384345794393
1360868642.146,3095.4649390243903
1360868646.859,995.0657894736842
1360868646.859,1678.6317567567569
1360868646.859,6803.806390977444
1360868646.859,617.6801801801802
1360868646.922,489.70588235294116
1360868650.954,11156.25
1360868646.922,511.3970588235294
1360868646.922,574.4485294117648
1360868651.077,5203.125
1360868651.08,7578.125
1360868647.048,447.0486111111111
1360868651.144,6276.041666666667
1360868649.41,158.26612903225805
1360868649.724,32265.625
1360868648.122,2679.6875
1360868650.209,7921.875
1360868650.335,5286.458333333333
1360868650.779,18828.125
1360868650.587,16101.5625
1360868646.806,7011.160714285715
1360868646.87,658.296130952381
1360868646.87,932.1691176470588
1360868646.87,59104.79525862069
1360868646.995,463.85732323232327
1360868651.601,1131.6964285714287
1360868647.357,3553.6684782608695
1360868649.276,5203.125
1360868649.34,5203.125
1360868655.61,459.7039473684211
1360868655.99,1980.46875
1360868649.843,18828.125
1360868650.286,7921.875
1360868650.45,10104.166666666666
1360868650.45,5203.125
1360868650.513,1764.0625
1360868654.224,609.375
1360868654.222,763.2211538461538
1360868646.731,4127.5373931623935
1360868646.875,250.56306306306308
1360868646.875,462.57267441860466
1360868646.875,733.7561881188119
1360868632.868,1566.6360294117646
1360868631.389,1625.0
1360868631.451,1625.0
1360868646.775,5935.8974358974365
1360868647.28,588.6075949367089
1360868648.332,776.8173758865248
1360868648.267,792.0334507042254
1360868658.309,266.96908602150535
1360868650.625,98.66071428571428
1360868651.004,92.22808441558442
1360868649.251,78.74503968253968
1360868640.005,236125.0
1360868641.433,3523.320895522388
1360868646.38,104.40095155709342
1360868646.555,4693.75
1360868665.195,7921.875
1360868665.195,7921.875
1360868665.194,7921.875
1360868665.118,7921.875
1360868665.117,129.296875
1360868647.549,2976.241438356164
1360868648.249,1789.8936170212767
1360868649.826,103140.625
1360868650.654,47226.5625
1360868647.513,26682.291666666668
1360868648.204,6007.8125
1360868650.612,2776.0416666666665
1360868647.042,1684.375
1360868648.152,657.9861111111112
1360868649.755,1617.96875
1360868648.468,9768.465909090908
1360868647.243,1712.5
1360868647.307,16600.0
1360868649.288,8470.486111111111
1360868649.577,3498.1617647058824
1360868649.702,3327.0089285714284
1360868649.954,19036.458333333332
1360868648.351,9478.693181818182
1360868651.359,3359.375
1360868651.359,1679.6875
1360868651.212,3359.375
1360868651.212,3359.375
1360868651.21,709.8214285714286
1360868651.21,3359.375
1360868676.283,2156.25
1360868677.528,32015.625
1360868687.374,4484.375
1360868687.934,270.8333333333333
1360868678.108,2683.894230769231
1360868677.951,1625.0
1360868683.178,53.38184931506849
1360868721.904,740.5873493975904
1360868721.903,6670.933734939758
1360868728.398,5101.5625
1360868728.524,10328.125
1360868725.958,9468.75
1360868725.83,8023.4375
1360868726.341,10406.25
1360868726.213,7796.875
1360868726.277,3960.9375
1360868726.596,11921.875
1360868727.211,7921.875
1360868721.819,1916.039156626506
1360868724.167,1745.0892857142858
1360868728.069,7921.875
1360868728.257,9359.375
1360868728.51,10187.5
1360868725.308,3270.982142857143
1360868726.071,5203.125
1360868726.323,18442.708333333332
1360868726.519,7132.8125
1360868735.035,7921.875
1360868727.038,1239.7916666666665
1360868735.417,10656.25
1360868735.733,12968.75
1360868731.893,2310.581140350877
1360868731.893,2182.091346153846
1360868728.022,499.8372395833333
1360868728.022,386.8815104166667
1360868728.021,604.1015625
1360868730.386,9500.0
1360868724.688,2030.5765086206895
1360868724.688,2442.7480916030536
1360868730.447,12953.125
1360868733.134,7921.875
1360868733.134,10406.25
1360868733.197,10500.0
1360868736.46,7921.875
1360868733.388,7921.875
1360868725.449,70.76035031847134
1360868728.649,1949.519230769231
1360868728.961,7921.875
1360868734.957,7921.875
1360868734.957,7921.875
1360868729.445,9281.25
1360868731.747,1755.306603773585
1360868735.586,7921.875
1360868721.824,11120.47697368421
1360868732.064,10406.25
1360868735.712,5250.0
1360868735.84,17588.541666666668
1360868732.191,9898.4375
1360868727.966,604.4921875
1360868727.966,720.8719135802469
1360868727.966,638.3101851851852
1360868727.966,456.8359375
1360868727.966,718.75
1360868727.966,602.4305555555555
1360868732.444,18963.541666666668
1360868724.602,1040.7670454545455
1360868736.314,7921.875
1360868730.553,26984.375
1360868736.691,7921.875
1360868736.563,10750.0
1360868733.938,4087.740384615385
1360868734.129,4585.9375
1360868734.32,9203.125
1360868436.26,72763.25757575758
1360868742.787,32203.125
1360868743.035,9414.0625
1360868735.292,1102.34375
1360868731.579,52.13815789473684
1360868737.657,571.2890625
1360868737.72,7921.875
1360868743.734,1734.375
1360868743.798,5052.083333333333
1360868740.853,7921.875
1360868724.212,296.6707516339869
1360868738.095,2156.25
1360868728.284,62.689777327935225
1360868741.718,3960.9375
1360868726.098,251.86820652173913
1360868726.418,87.38659274193549
1360868726.482,1604.6119888475837
1360868726.354,112.07329317269077
1360868742.481,481.25
1360868742.545,5203.125
1360868742.99,9414.0625
1360868721.165,3497.849367977528
1360868735.18,1327.6753597122301
1360868735.371,96.32888349514563
1360868737.355,1035.5654761904761
1360868735.243,1876.7975663716813
1360868729.589,836.5056818181819
1360868731.828,1383.2603503184712
1360868743.663,2081.25
1360868743.663,1320.3125
1360868743.663,2213.5416666666665
1360868743.73,5052.083333333333
1360868737.842,5468.75
1360868740.593,7921.875
1360868721.905,796.6032608695652
1360868740.464,1584.375
1360868744.488,7921.875
1360868741.479,1980.46875
1360868741.605,2640.625
1360868741.605,2640.625
1360868733.604,1855.1950636942677
1360868742.41,532.03125
1360868742.474,5203.125
1360868742.602,8066.40625
1360868721.971,113.25604838709677
1360868732.665,244.47513812154693
1360868727.159,2125.689338235294
1360868738.421,6796.7032967032965
1360868731.316,530.7085396039604
1360868725.282,2267.5202156334235
1360868725.73,595.2638408304498
1360868730.849,276.24102870813397
1360868726.447,830.5891577060933
1360868724.954,116.65531335149863
1360868726.401,274.52956989247315
1360868724.908,3942.920054200542
1360868724.345,73.20833333333333
1360868724.629,2260.0779132791326
1360868747.77,1584.375
1360868748.024,3960.9375
1360868748.278,23195.3125
1360868748.405,875.0
1360868741.649,2729.0603741496598
1360868741.649,314.6258503401361
1360868741.712,405.714897260274
1360868741.711,364.083904109589
1360868741.711,224.95719178082192
1360868741.711,386.2371575342466
1360868742.157,776.4508928571429
1360868742.477,68.68003731343283
1360868742.668,283.5162213740458
1360868747.948,7921.875
1360868747.947,3960.9375
1360868743.722,72.3876953125
1360868741.471,3790.058724832215
1360868741.576,2540.497448979592
1360868741.639,378.21061643835617
1360868741.575,251.91326530612247
1360868741.637,250.2140410958904
1360868741.637,200.7705479452055
1360868742.401,1566.6118421052631
1360868742.401,68.68003731343283
1360868727.029,182.19782282282281
1360868758.758,3921.875
1360868759.01,9843.75
1360868759.01,31036.458333333332
1360868740.12,81.12785016286644
1360868756.31,15156.25
1360868756.182,6699.21875
1360868756.691,22312.5
1360868756.924,6276.041666666667
1360868756.987,131713.54166666666
1360868757.745,13359.375
1360868757.809,12218.75
1360868758.891,15328.125
1360868755.79,10489.583333333334
1360868755.981,9414.0625
1360868759.5,7885.416666666667
1360868756.87,4671.875
1360868757.189,11390.625
1360868757.252,13234.375
1360868757.796,3330.528846153846
1360868735.259,1587.9289215686274
1360868744.253,61.41349337748345
1360868744.189,91.796875
1360868742.65,493.2355182926829
1360868753.782,4414.828431372549
1360868753.782,355.2900326797386
1360868759.73,1872.0703125
1360868755.442,5837.967519685039
1360868744.176,94.47194719471948
1360868753.763,3701.797385620915
1360868753.763,1222.7328431372548
1360868753.763,5810.4575163398695
1360868753.763,205.4586038961039
1360868757.602,240.19281914893617
1360868742.542,241.31944444444446
1360868742.797,181.52985074626866
1360868742.797,96.09375
1360868739.942,97.32862903225806
1360868742.134,2139.993686868687
1360868763.013,7699.21875
1360868742.916,148.53577044025158
1360868747.076,587.5244140625
1360868742.979,40.39754746835443
1360868742.979,76.64629337539432
1360868763.139,1121.09375
1360868755.138,71.42857142857143
1360868753.343,4884.879032258064
1360868763.963,12218.75
1360868764.023,3539.0625
1360868756.409,146.55671296296296
1360868756.472,97.43514150943396
1360868757.145,62.998670212765965
1360868754.201,369.0159574468085
1360868744.216,14.046717171717171
1360868744.216,14.046717171717171
1360868757.271,1590.3125
1360868744.215,14.046717171717171
1360868744.215,14.046717171717171
1360868762.39,13135.416666666666
1360868757.332,596.264367816092
1360868742.859,104.64313880126183
1360868758.855,293.6100746268657
1360868755.082,152.7777777777778
1360868743.112,729.5979299363057
1360868743.175,367.96126198083067
1360868753.287,3757.661290322581
1360868753.286,1038.7096774193549
1360868753.334,1022.9656040268455
1360868763.634,5695.3125
1360868763.825,2790.625
1360868759.345,622.65625
1360868751.599,74.55119680851064
1360868751.723,2450.448895027624
1360868756.966,2597.4548969072166
1360868757.094,3280.7565789473683
1360868757.157,180.68484042553192
1360868744.165,14.046717171717171
1360868744.165,14.046717171717171
1360868754.149,171.43173758865248
1360868754.146,1092.1985815602836
1360868765.703,5463.541666666667
1360868765.702,1600.4464285714287
1360868748.236,122.64476102941177
1360868748.237,26589.84375
1360868765.513,290.60628742514973
1360868769.879,2156.25
1360868753.455,3006.3802083333335
1360868755.194,221.34798099762472
1360868755.193,55.14705882352941
1360868755.383,12091.823630136985
1360868755.065,13952.469405594406
1360868755.065,9562.05357142857
1360868755.636,1274.2936643835617
1360868755.393,67.70833333333333
1360868754.922,1405.2208083832336
1360868755.302,83.79325775656325
1360868784.031,13140.625
1360868779.992,7796.875
1360868782.268,7921.875
1360868782.969,5867.1875
1360868761.288,34977.5390625
1360868762.742,213312.5
1360868762.315,101.758356545961
1360868765.758,273.63679846938777
1360868765.818,248687.5
1360868765.044,19428.571428571428
1360868765.087,7652.34375
1360868765.211,21562.5
1360868765.593,46.280893536121674
1360868765.593,92.1875
1360868765.502,160.66316793893128
1360868765.551,3276.7137096774195
1360868765.615,6595.703125
1360868784.88,3578.125
1360868787.053,9835.9375
1360868785.068,18890.625
1360868787.368,3867.1875
1360868787.75,7460.9375
1360868785.764,5479.166666666667
1360868787.875,13000.0
1360868788.807,11906.25
1360868792.453,7062.5
1360868786.871,7664.0625
1360868791.136,6109.375
1360868785.496,5479.166666666667
1360868787.925,9625.0
1360868788.052,162480.46875
1360868788.369,1502.6041666666667
1360868788.368,1385.4166666666667
1360868792.015,88178.125
1360868788.791,5382.8125
1360868788.727,9781.25
1360868792.31,3554.6875
1360868792.436,4062.5
1360868792.562,2437.5
1360868781.998,323.8636363636364
1360868790.318,3898.4375
1360868793.19,14125.0
1360868793.318,484262.3355263158
1360868795.365,1625.0
1360868796.931,137382.8125
1360868797.372,1196.1805555555557
1360868797.307,4890.625
1360868794.683,504.4642857142857
1360868798.454,3531.25
1360868792.885,9335.9375
1360868790.836,993.421052631579
1360868793.114,7734.375
1360868796.303,2138.8888888888887
1360868794.12,828.9930555555555
1360868797.064,2770.8333333333335
1360868796.999,1803.125
1360868797.167,11906.25
1360868781.93,402.75735294117646
1360868782.393,8204.24107142857
1360868782.393,8406.25
1360868782.392,8398.4375
1360868782.456,4518.75
1360868781.727,509.2941810344828
1360868782.349,2481.026785714286
1360868782.474,985.1923076923077
1360868779.134,6421.875
1360868780.271,1280.6474935732647
1360868781.962,2568.6383928571427
1360868782.284,4934.659090909091
1360868782.348,1097.378095975232
1360868782.347,375.0
1360868782.474,312.5
1360868782.256,253.76984126984127
1360868782.319,267.85714285714283
1360868782.319,267.85714285714283
1360868782.442,312.5
1360868782.701,267.85714285714283
1360868779.238,4837.5
1360868782.172,366.2202380952381
1360868782.235,375.0
1360868782.043,112.44733146067416
1360868782.362,312.5
1360868782.17,232.44659810126583
1360868782.297,267.85714285714283
1360868782.616,375.0
1360868782.615,312.5
1360868782.615,375.0
1360868807.139,2770.8333333333335
1360868807.264,1700.892857142857
1360868787.615,104.62740384615385
1360868804.122,3867.1875
1360868807.641,4890.625
1360868796.568,773.5677083333334
1360868804.248,9456.25
1360868804.37,2486.9791666666665
1360868808.021,179.6875
1360868806.32,8635.416666666666
1360868806.511,9625.0
1360868802.924,13462.05357142857
1360868807.062,359.97596153846155
1360868807.696,5789.0625
1360868783.759,4024.6228448275865
1360868804.806,6480.46875
1360868805.929,7734.375
1360868806.12,7453.125
1360868783.301,178.07473190348526
1360868783.901,186.26847290640393
1360868806.731,92839.28571428571
1360868785.347,37.549083769633505
1360868784.284,215.09046052631578
1360868784.703,979.4597186700768
1360868783.218,762.7437943262412
1360868785.262,106.42997382198953
1360868785.328,321.79276315789474
1360868784.075,1797.03164160401
1360868784.198,179.0296052631579
1360868784.684,289.0826873385013
1360868784.619,514.4974226804123
1360868803.368,213.80739795918367
1360868803.814,250.1578282828283
1360868791.846,4121.612762237763
1360868803.359,116.07142857142857
1360868803.359,165.81632653061223
1360868796.954,271.6708542713568
1360868809.69,593.75
1360868788.531,180.91114457831324
1360868788.595,294.7035498489426
1360868788.502,147.30798192771087
1360868790.637,117.83405172413792
1360868788.418,134.49754901960785
1360868788.485,1285.9023876404494
1360868789.373,393.3496441281139
1360868790.486,117.42912371134021
1360868810.779,9625.0
1360868810.906,129968.75
1360868802.97,92.12239583333333
1360868809.049,40102.27272727273
1360868809.112,430.5555555555556
1360868809.111,430.5555555555556
1360868809.74,3531.25
1360868796.553,354.27295918367344
1360868807.989,721.5401785714286
1360868784.18,5569.270833333333
1360868812.724,9781.25
1360868810.226,7453.125
1360868802.346,480.01802884615387
1360868802.414,116.2860576923077
1360868792.934,91.11590038314176
1360868811.236,3041.6666666666665
1360868811.21,1337.0535714285713
1360868811.341,11906.25
1360868811.468,5382.8125
1360868809.163,292.96875
1360868809.666,3554.6875
1360868809.662,7062.5
1360868804.161,238.23529411764704
1360868809.921,3867.1875
1360868792.062,4104.33836996337
1360868804.861,1385.4944029850747
1360868792.061,1457.8581204379561
1360868801.98,88.7784090909091
1360868802.298,630.4540094339623
1360868810.28,8614.583333333334
1360868808.739,250.0
1360868794.061,36.05769230769231
1360868810.154,65.5048076923077
1360868802.9,110.29411764705883
1360868819.311,458.68844696969694
1360868827.182,13261.160714285714
1360868829.189,30223.958333333332
1360868826.321,3229.4921875
1360868808.768,18929.6875
1360868808.768,3367.1875
1360868808.768,22952.20588235294
1360868808.767,54453.125
1360868807.593,1122.7186639118459
1360868809.767,21437.5
1360868809.714,2562.5
1360868807.943,1340.625
1360868808.725,6861.328125
1360868755.421,6243.404522613066
1360868761.562,2641.72061752988
1360868841.869,97.65625
1360868841.537,151.98863636363635
1360868841.537,117.1875
1360868841.466,151.98863636363635
1360868832.409,114.5099765258216
1360868823.154,6781.25
1360868823.408,7578.125
1360868827.231,8421.875
1360868827.229,44050.78125
1360868827.229,5976.5625
1360868827.193,9867.1875
1360868827.139,702.116935483871
1360868827.138,126875.0
1360868827.137,486.89516129032256
1360868828.633,20078.125
1360868846.872,4753.028100775194
1360868833.414,12026.041666666666
1360868833.476,7227.34375
1360868833.412,53.63475177304964
1360868833.412,11526.041666666666
1360868833.474,7964.192708333333
1360868833.538,4181.547619047618
1360868833.601,8626.953125
1360868833.601,9122.916666666666
1360868833.6,12613.28125
1360868833.644,10364.13043478261
1360868833.64,13542.410714285714
1360868833.761,234.375
1360868833.765,312.5
1360868833.828,312.5
1360868833.89,267.85714285714283
1360868833.89,312.5
1360868830.903,15259.033203125
1360868833.302,8798.032407407407
1360868833.302,7427.283653846154
1360868833.363,11222.95673076923
1360868833.427,4824.21875
1360868833.551,6243.92361111111
1360868833.55,11853.587962962964
1360868833.739,312.5
1360868833.802,312.5
1360868833.8,312.5
1360868835.155,25414.0625
1360868835.154,23234.375
1360868835.071,23781.25
1360868835.071,20765.625
1360868835.071,26129.464285714286
1360868835.999,218593.75
1360868836.253,1273.3386075949368
1360868841.608,1812.5
1360868846.387,308187.5
1360868871.169,1718.75
1360868871.168,1718.75
1360868854.988,99.6279761904762
1360868846.986,189218.75
1360868846.871,19140.625
1360868850.958,46.92673841059602
1360868850.871,250.14833860759495
1360868865.634,11015.625
1360868868.38,114.80753311258277
1360868871.176,621.947886297376
1360868871.175,1625.0
1360868871.09,2209.951073232323
1360868871.09,2438.1025064267355
1360868871.088,1788.3814102564102
1360868871.15,1625.0
1360868876.144,1514.2684887459807
1360868876.143,1256.3806270096463
1360868876.143,1283.1591639871383
1360868876.396,1406.669061302682
1360868876.396,1603.8533834586465
1360868876.396,986.8295019157089
1360868876.377,4214.285714285715
1360868877.389,312.5
1360868877.385,267.85714285714283
1360868877.385,200.89285714285714
1360868877.388,312.5
1360868877.388,312.5
1360868876.033,1974.8597756410256
1360868876.033,1715.3336012861737
1360868876.033,7086.084905660377
1360868877.301,375.0
1360868877.301,375.0
1360868877.301,234.375
1360868877.281,312.5
1360868877.344,375.0
1360868877.279,2016.568791946309
1360868877.279,200.89285714285714
1360868851.94,30248.836233211234
1360868901.059,46.875
1360868901.057,45.95588235294118
1360868901.497,221.5909090909091
1360868901.428,53.26704545454545
1360868879.543,15943.75
1360868879.543,2472.064393939394
1360868879.541,12215.625
1360868879.428,12957.03125
1360868884.084,4968.75
1360868884.019,6101.5625
1360868909.232,359.375
1360868910.695,8375.0
1360868832.034,11177.871110630942
1360868890.583,162.2170275590551
1360868893.718,9259.014423076924
1360868893.782,7059.436274509804
1360868893.704,7151.988636363637
1360868907.282,119278.33104395604
1360868909.149,408.29918032786884
1360868896.699,13027.64423076923
1360868906.866,813.4765625
1360868907.317,401.7857142857143
1360868931.275,1718.75
1360868871.247,40776.411717921525
1360868915.075,642.5
1360868916.664,5882.8125
1360868916.666,4406.25
1360868927.564,2931.728078358209
1360868927.562,3759.3482905982905
1360868927.625,1299.6042576419213
1360868927.625,2784.5938715953307
1360868927.445,4529.059040590406
1360868927.445,3510.765255905512
1360868927.511,3550.3605769230767
1360868927.445,3355.17723880597
1360868927.445,2954.2091836734694
1360868927.445,1864.6059782608695
1360868931.651,121.875
1360868934.143,20667.96875
1360868931.996,812.5
1360868936.46,7875.919117647059
1360868941.264,11507.8125
1360868941.82,7261.548913043479
1360868941.947,7745.192307692308
1360868941.946,9247.767857142857
1360868942.009,6450.148809523809
1360868942.009,14215.242346938776
1360868942.008,312.5
1360868942.262,375.0
1360868942.325,375.0
1360868942.325,375.0
1360868942.325,375.0
1360868942.261,312.5
1360868942.32,267.85714285714283
1360868942.45,375.0
1360868941.159,7265.350877192983
1360868941.476,6222.732843137255
1360868941.729,12642.463235294117
1360868941.857,3328.8934426229507
1360868941.916,375.0
1360868941.983,375.0
1360868941.83,5650.297619047618
1360868941.83,11632.1875
1360868942.149,312.5
1360868942.213,375.0
1360868942.213,375.0
1360868942.213,312.5
1360868941.893,267.85714285714283
1360868941.956,375.0
1360868942.019,2982.319078947369
1360868942.145,375.0
1360868942.208,312.5
1360868942.335,375.0
1360868942.46,375.0
1360868963.367,2156.25
1360868950.756,98.6842105263158
1360868951.685,150339.84375
1360868979.351,107104.16666666667
1360868990.965,859.375
1360868991.029,859.375
1360868991.156,1145.8333333333333
1360868991.156,1718.75
1360868979.046,77.27754237288136
1360868991.77,1625.0
1360868991.831,1625.0
1360868991.683,406.25
1360868991.537,1625.0
1360868991.873,1625.0
1360868997.875,84078.86904761905
1360869012.237,66.42607868020305
1360869014.487,8466.844512195123
1360869014.487,5694.404069767442
1360869014.551,7953.835227272728
1360869014.547,6348.586309523809
1360869014.55,7738.4672619047615
1360869014.34,4769.241898148148
1360869014.34,2529.5138888888887
1360869014.34,7738.790760869565
1360869014.34,11025.815217391304
1360869014.404,8801.711309523811
1360869014.404,6869.673295454546
1360869014.403,4095.052083333333
1360869016.924,7220.703125
1360869016.987,12131.25
1360869016.987,7565.972222222223
1360869016.923,12822.265625
1360869016.986,6932.291666666667
1360869017.873,40028.645833333336
1360869016.894,7028.645833333333
1360869016.808,9410.15625
1360869016.871,8612.132352941177
1360869039.548,621.3090551181102
1360869037.72,14058.453237410073
1360869051.968,687.5
1360869051.904,572.9166666666666
1360869052.218,201.38888888888889
1360869051.822,687.5
1360869038.93,173.4496124031008
1360869051.177,1625.0
1360869068.873,19625.0
1360869057.431,231.81352459016395
1360869062.983,176.08173076923077
1360869020.601,6058.077523413111
1360869081.898,283.0255681818182
1360869027.903,4689.959319526627
1360869066.566,5074.614537444934
1360869066.566,3423.999451754386
1360869066.57,2624.080882352941
1360869066.569,6126.402243589743
1360869066.569,3719.8660714285716
1360869066.569,2618.413677130045
1360869066.569,3333.788209606987
1360869066.569,3312.9111842105262
1360869066.569,3711.9859307359307
1360869066.569,3907.9122340425533
1360869066.569,3297.5694444444443
1360869066.455,5132.577789699571
1360869066.455,3575.7885514018694
1360869066.455,2614.209641255605
1360869066.455,4165.047860360361
1360869066.455,3377.7173913043475
1360869066.455,2645.1590401785716
1360869066.455,1733.3984375
1360869066.452,2878.90625
1360869066.451,3150.0418526785716
1360869066.451,4031.25
1360869066.451,3651.982378854626
1360869068.03,7242.1875
1360869079.326,2371.347402597403
1360869079.262,11758.333333333332
1360869079.928,904.1666666666666
1360869088.489,714.8034793814433
1360869091.341,65.09718498659517
1360869092.778,12356.770833333334
1360869092.778,2490.2923886138615
1360869092.778,3243.9933090024333
1360869092.842,1596.8905086848636
1360869092.842,2109.599820143885
1360869092.842,1581.8378712871286
1360869092.842,2261.7283007334963
1360869094.085,1499.4710286458333
1360869095.138,12203.125
1360869092.674,2430.6543935643563
1360869092.674,1830.7419950738918
1360869092.674,2430.0154320987654
1360869092.673,2116.2062198067633
1360869092.736,1941.0108024691358
1360869093.912,1229.8477564102564
1360869093.912,1182.4805699481867
1360869093.911,2235.3896103896104
1360869093.911,1997.0703125
1360869093.975,1177.8174867021276
1360869117.463,2156.25
1360869108.506,1658.4901433691757
1360869108.506,3241.392215568862
1360869122.07,131.0032894736842
1360868836.717,193899.84375
1360869118.128,375.0
1360869115.949,111.00898692810458
1360869117.319,3437.1698943661972
1360869117.319,7697.04861111111
1360869117.037,2766.1258012820513
1360869117.101,1824.5689655172414
1360869117.227,8689.236111111111
1360869141.747,3437.5
1360869130.906,194736.19342672412
1360869126.231,56.44011406844106
1360868831.631,34858.59728506787
1360869120.575,1531.968390804598
1360869121.055,157.96793193717275
1360869126.233,22752.84090909091
1360869126.229,77140.625
1360869126.229,5482.954545454546
1360869126.296,13642.1875
1360869126.118,44322.916666666664
1360869126.118,145781.25
1360869126.181,33744.791666666664
1360869126.181,19589.285714285714
1360869141.189,354.5809659090909
1360869129.738,4437.5
1360868864.429,330699.40476190473
1360869154.429,45.77020202020202
1360868865.762,348166.40625
1360869151.637,666.875
1360869171.861,3437.5
1360869153.216,7115.234375
1360869153.216,8690.625
1360869158.327,101.47804054054053
1360869162.697,1128.7322874493927
1360869162.697,20261.71875
1360869162.6,86796.875
1360869162.664,79921.875
1360869179.207,62.00396825396825
1360868900.768,102682.75316455695
1360869182.258,1325.0
1360869201.915,3437.5
1360869199.943,335.51747311827955
1360869183.748,148616.78381458967
1360869201.858,2625.0
1360869211.779,700.0
1360869202.357,104.23018292682927
1360869202.128,124.05873493975903
1360869213.629,43.62555309734513
1360869232.334,1078.125
1360869212.459,5820.3125
1360869212.459,4364.583333333333
1360869213.276,4421.875
1360869213.338,4875.0
1360869234.429,6101.5625
1360869236.218,128.173828125
1360869236.597,11375.0
1360869265.075,308.0357142857143
1360869245.253,112.56471893491124
1360869247.433,842.6535087719298
1360869265.055,1083.3333333333333
1360869267.778,32719.858156028367
1360869256.063,24979.166666666668
1360869256.193,8640.625
1360869256.254,13593.75
1360869262.172,2912.636861313869
1360869262.172,2458.946814903846
1360869262.172,1631.7362882653063
1360869262.172,4055.9290953545233
1360869262.172,2709.520526960784
1360869262.172,2586.204268292683
1360869262.171,2301.7267726161367
1360869262.171,2010.0500606796118
1360869262.171,2076.3590294840296
1360869262.235,1801.2530193236717
1360869262.235,3207.605421686747
1360869262.234,2298.3091787439616
1360869264.407,1454.787234042553
1360869262.055,3400.090144230769
1360869262.055,2715.1528776978416
1360869262.055,2406.024096385542
1360869262.058,2761.0788508557457
1360869262.058,1941.5092925659471
1360869262.121,2720.1286764705883
1360869262.121,3217.7687198067633
1360869264.29,1159.341577540107
1360869268.342,1957.239420062696
1360869268.274,1896.363811728395
1360869268.338,2488.2454128440368
1360869217.74,46756.40435441941
1360869278.921,11382.8125
1360869278.58,4281.25
1360869289.191,3973.5457920792082
1360869289.256,2312.2571243523316
1360869289.32,3336.669921875
1360869289.256,2613.28125
1360869289.319,2474.2697010869565
1360869289.381,2936.2664473684213
1360869289.573,4677.437827225131
1360869289.548,4063.8089005235606
1360869289.799,2030.989583333333
1360869288.796,4028.5714285714284
1360869288.978,3349.4897959183672
1360869289.082,3484.4555412371133
1360869289.082,4913.75
1360869289.145,4295.198170731707
1360869289.27,4409.695512820513
1360869289.648,3164.021164021164
1360869289.647,2106.4189189189187
1360869300.189,17662.17672413793
1360869300.188,27953.75
1360869300.1,21230.902777777777
1360869300.099,20449.353448275862
1360869300.099,23384.469696969696
1360869300.163,18704.13306451613
1360869300.163,23413.0859375
1360869320.579,69.53125
1360869338.59,2156.25
1360868914.373,5540.762161667886
1360869351.778,1145.8333333333333
1360869351.839,1718.75
1360869351.707,1718.75
1360869351.769,1312.5
1360869351.704,1145.8333333333333
1360869351.767,129.46428571428572
1360869399.031,12361.111111111111
1360869399.284,14218.75
1360869398.832,263765.625
1360869126.147,174473.36065573772
1360869422.393,457.86830357142856
1360869451.945,1904.109589041096
1360869456.847,5483.5711414791
1360869454.789,4666.666666666667
1360869456.644,5733.59375
1360869479.253,692.5675675675675
1360869474.799,1301.923076923077
1360869180.043,191071.875
1360869456.843,4215.995762711865
1360869456.843,6322.427797833935
1360869456.843,6753.994360902255
1360869456.842,6377.993295019157
1360869456.906,6187.1592679127725
1360869456.905,3085.336538461538
1360869474.852,47.91666666666667
1360869478.603,90.89078608247422
1360869493.875,144902.5462962963
1360869483.025,2071.9209558823527
1360869487.448,6567.3828125
1360869487.512,4297.6973684210525
1360869487.511,4878.618421052632
1360869487.395,4198.341836734694
1360869488.026,98.04205246913581
1360869512.573,3437.5
1360869214.68,157056.640625
1360869505.776,54.8188025210084
1360869504.552,185.34482758620692
1360869504.613,11367.1875
1360869503.951,1937.5
1360869522.846,7228.29861111111
1360869509.549,41.09848484848485
1360869509.459,3710.9848484848485
1360869512.303,41964.942893401014
1360869515.902,60919.270833333336
1360869515.902,19949.21875
1360869457.038,2031.4119170984454
1360869457.038,1890.439126394052
1360869457.037,1916.3568773234201
1360869457.037,1892.492576095026
1360869457.037,2543.472688292319
1360869457.036,2729.557485141159
1360869457.036,2264.347118959108
1360869457.036,2154.9256505576204
1360869457.1,2228.731343283582
1360869542.65,381.9444444444444
1360869542.65,381.9444444444444
1360869542.842,213.0681818181818
1360869532.13,8904.385653409092
1360869456.979,2127.127511160714
1360869456.979,1910.3009259259259
1360869456.983,2084.7471338757396
1360869456.982,1801.046327367636
1360869456.982,1957.7369888475837
1360869457.046,2178.0317164179105
1360869542.575,381.9444444444444
1360869542.574,381.9444444444444
1360869456.902,1862.2244020926757
1360869546.31,364.9009146341464
1360869541.954,13560.704022988506
1360869536.865,46.17150473933649
1360869542.697,1625.0
1360869564.087,1437.5
1360869545.82,6179.6875
1360869509.711,4143.91866089613
1360869579.89,77.54629629629629
1360869561.115,6044.429347826087
1360869561.115,4955.104166666667
1360869561.115,6736.926020408164
1360869561.115,7416.449652777777
1360869561.115,5589.256535947713
1360869561.114,7591.346153846154
1360869561.178,6228.125
1360869561.174,8135.099085365853
1360869561.178,5344.073275862069
1360869561.113,8871.58203125
1360869561.113,7674.980590062111
1360869561.176,5229.736328125
1360869561.176,6459.607712765957
1360869561.176,6399.7713414634145
1360869561.365,6608.214727722772
1360869561.001,10129.737903225805
1360869561.064,5895.625
1360869560.998,7052.120535714285
1360869561.061,6096.604567307692
1360869561.061,5038.17246835443
1360869561.061,5854.706554878048
1360869561.827,8661.458333333334
1360869561.248,7183.774038461538
1360869569.89,2392.1875
1360869573.418,20671.875
1360869602.636,3437.5
1360869602.636,3437.5
1360869602.636,3437.5
1360869602.636,51.78571428571429
1360869602.636,283.3333333333333
1360869603.59,2156.25
1360869602.561,3437.5
1360869602.56,3437.5
1360869602.56,1718.75
1360869456.907,1735.0137362637363
1360869596.205,2649.2259174311926
1360869599.971,15902.34375
1360869610.221,196959.82142857142
1360869620.428,864.8897058823529
1360869602.367,812.5
1360869603.357,6111.369680851064
1360869603.357,10621.651785714286
1360869603.357,12157.8125
1360869603.357,6574.135638297872
1360869603.357,6277.34375
1360869603.292,4342.447916666667
1360869603.356,17135.416666666668
1360869603.356,9155.2734375
1360869603.356,19228.515625
1360869603.244,7472.486413043479
1360869603.244,6434.507978723404
1360869603.244,11228.125
1360869603.244,9660.9375
1360869603.241,7456.117021276596
1360869603.241,8556.183510638299
1360869607.448,93.12307098765432
1360869607.969,81.65804140127389
1360869637.761,2156.25
1360869629.587,131197.42838541666
1360869624.866,5820.3125
1360869624.866,528.9351851851852
1360869637.03,943726.5625
1360869636.939,1135.8547507788162
1360869662.895,3437.5
1360869662.895,585.9375
1360869662.572,609.375
1360869662.827,609.375
1360869662.825,468.75
1360869642.078,1284.375
1360869642.752,7817.708333333333
1360869653.67,4128.90625
1360869653.67,12549.278846153848
1360869653.581,146156.25
1360869653.581,120625.0
1360869653.577,47921.875
1360869653.577,7056.25
1360869653.641,31179.6875
1360869653.58,33187.5
1360869653.644,36968.75
1360869653.644,34242.1875
1360869653.707,9215.401785714286
1360869649.741,27641.26275510204
1360869662.367,541.6666666666666
1360869692.809,1145.8333333333333
1360869692.809,491.07142857142856
1360869509.672,1719.0834937018894
1360869454.495,9334.169186827958
1360869692.543,859.375
1360869692.542,1145.8333333333333
1360869692.67,1718.75
1360869692.733,334.82142857142856
1360869702.513,2156.25
1360869702.437,2156.25
1360869690.69,23562.5
1360869694.547,68167.5646551724
1360869717.568,18713.541666666668
1360869777.696,1065.1355421686749
1360869501.021,249001.22549019608
1360869781.619,2276.785714285714
1360869782.143,6036.216517857142
1360869782.143,5943.795787545788
1360869782.143,4891.076263537906
1360869782.143,5059.308978873239
1360869782.143,2847.601232394366
1360869782.139,5110.976148409894
1360869782.139,2264.938766891892
1360869782.27,4488.673327137547
1360869782.27,6128.676470588235
1360869782.376,1744.9171686746988
1360869783.067,3354.591836734694
1360869783.387,468.75
1360869783.383,312.5
1360869783.039,5756.08552631579
1360869783.035,4158.803501945525
1360869783.035,5099.715909090909
1360869783.038,3256.688596491228
1360869783.165,2160.6505102040815
1360869783.164,4576.573202054795
1360869783.228,1619.8122529644268
1360869783.292,4063.6617100371745
1360869783.292,3631.6149635036495
1360869783.292,2415.4912451361865
1360869783.291,5148.466760299626
1360869783.287,4664.703824626866
1360869784.052,4486.290708812261
1360869799.975,1580.56640625
1360869504.403,36989.955357142855
1360869804.512,6781.25
1360869804.582,10898.4375
1360869810.218,4197.7007772020725
1360869810.217,4199.446097883598
1360869810.217,4792.002255154639
1360869810.217,3810.7638888888887
1360869810.217,4384.634067357512
1360869810.408,4588.390501319262
1360869810.452,4085.5284685863876
1360869810.45,2030.9575534759356
1360869810.385,3770.713141025641
1360869810.385,3935.041666666667
1360869810.449,3365.4260610079577
1360869813.006,2906.205229226361
1360869811.111,4742.571059431524
1360869811.111,3606.3890706806283
1360869811.301,3096.75
1360869811.301,4925.175467914438
1360869811.301,2528.75
1360869811.301,4039.4385026737964
1360869811.301,2279.5833333333335
1360869811.365,3716.7864304812833
1360869811.365,2807.676451187335
1360869817.252,1348.7394957983195
1360869821.478,7137.5
1360869842.668,42849.652777777774
1360869828.663,50.15345982142857
1360869859.905,359.375
1360869849.13,115.53571428571428
1360869847.334,4313.752948113208
1360869847.398,2339.6030805687205
1360869847.397,3173.5311059907835
1360869847.332,4991.844846491228
1360869847.395,3141.111111111111
1360869847.304,3418.5022026431716
1360869847.304,3317.559523809524
1360869863.707,95928.15290178571
1360869867.947,82.38636363636363
1360869881.686,3359.375
1360869859.18,2701.2438574938574
1360869859.18,3368.7339331619537
1360869859.244,3160.553660049628
1360869859.244,2056.469963592233
1360869859.243,1968.8666044776119
1360869859.243,2216.1458333333335
1360869859.177,3018.613801452784
1360869859.24,2543.5041243654823
1360869859.24,1975.0697890818858
1360869859.084,2864.436053984576
1360869859.084,2345.548273657289
1360869859.128,1790.8070388349515
1360869859.128,2209.522332506204
1360869859.128,2057.224548969072
1360869863.862,92.65793010752688
1360869882.2,14433.482142857143
1360869892.38,15100.426136363636
1360869882.493,5553.844424460432
1360869882.492,3399.277553763441
1360869882.549,8070.421006944444
1360869882.552,6156.914893617021
1360869882.406,5830.895390070922
1360869882.445,5511.941964285715
1360869882.443,4658.425632911392
1360869606.845,253860.37234042553
1360869886.33,5376.654411764706
1360869886.518,5138.494318181818
1360869886.771,4691.002155172414
1360869889.773,220.58823529411765
1360869887.633,517.578125
1360869887.951,7162.5
1360869885.988,3174.851190476191
1360869886.177,1759.828629032258
1360869886.177,5987.157534246576
1360869886.912,6499.490489130435
1360869887.165,6208.243534482759
1360869887.543,2136.71875
1360869887.542,4246.448863636363
1360869889.589,828.3943965517241
1360869902.138,356.2127976190476
1360869890.241,281.25
1360869889.92,9559.0625
1360869890.046,326.0869565217391
1360869890.107,234.375
1360869890.49,334.82142857142856
1360869891.352,39.52205882352941
1360869891.606,250.0
1360869892.366,312.5
1360869892.491,267.85714285714283
1360869889.824,9069.0625
1360869890.013,234.375
1360869890.013,255.6818181818182
1360869890.333,234.375
1360869891.384,510.08064516129036
1360869891.51,250.0
1360869902.184,12343.75
1360869810.686,1941.887609051254
1360869810.685,1943.3944610778444
1360869927.962,1718.75
1360869927.962,1718.75
1360869928.025,1718.75
1360869927.959,1145.8333333333333
1360869928.023,875.0
1360869918.648,20454.31857638889
1360869810.87,1844.9709699453551
1360869927.914,1718.75
1360869927.914,1718.75
1360869927.914,1718.75
1360869928.041,1718.75
1360869927.889,1145.8333333333333
1360869927.953,1718.75
1360869923.947,546.9738924050633
1360869920.448,179.59665697674419
1360869920.764,11375.0
1360869928.188,1625.0
1360869950.088,2156.25
1360869954.112,7368.018617021277
1360869954.175,19541.360294117647
1360869954.175,12828.464673913042
1360869954.175,19433.035714285714
1360869954.111,13894.886363636364
1360869954.174,17140.9375
1360869954.174,20286.739864864863
1360869954.174,24255.859375
1360869954.174,15487.43206521739
1360869954.174,27729.039634146342
1360869954.018,17053.385416666668
1360869954.018,9289.402173913042
1360869954.081,17184.765625
1360869954.081,14968.283582089553
1360869954.081,17196.875
1360869954.081,19235.491071428572
1360869954.081,8801.63043478261
1360869954.081,20845.78804347826
1360869954.08,1735.363924050633
1360869954.056,21755.46875
1360869954.056,6766.225961538462
1360869954.06,16399.872448979593
1360869954.058,12246.94293478261
1360869954.058,21199.74662162162
1360869979.187,232120.0
1360869980.077,539.0625
1360869987.585,3437.5
1360869987.507,3437.5
1360869979.294,6546.875
1360870002.151,6243.990384615385
1360870031.202,993.2002314814815
1360870035.144,5820.3125
1360870036.9,5437.5903179190755
1360870036.9,5155.709654178675
1360870037.027,4273.644911504425
1360870037.027,3717.5200437317785
1360870037.027,5706.9359756097565
1360870037.027,4892.476517341041
1360870037.027,5361.575071839081
1360870037.027,2793.786873156342
1360870037.027,5127.104226361032
1360870037.067,2992.7783613445376
1360870037.003,5183.582492795389
1360870037.067,3710.541044776119
1360870037.066,2536.2426035502963
1360870036.921,4575.9191176470595
1360870036.921,3783.6119186046512
1360870036.921,4720.673076923077
1360870036.921,3945.8180147058824
1360870036.92,4129.585113960114
1360870036.984,4914.865654205608
1360870036.984,4807.543429003022
1360870036.984,2788.701923076923
1360870036.984,3327.0505014326645
1360870038.219,4562.357954545455
1360870061.477,2296.2101063829787
1360870072.904,20603.515625
1360870065.14,11734.375
1360870063.233,87.48009554140128
1360870064.797,4162.946428571428
1360870067.052,5242.897727272728
1360870091.5,1078.125
1360870107.668,2625.0
1360870107.667,1718.75
1360870107.667,1718.75
1360870036.473,1724.9971922731359
1360870107.593,1718.75
1360870107.593,1718.75
1360870107.592,3437.5
1360870121.508,2156.25
1360870134.483,27812.5
1360869780.528,4488.216845878136
1360870141.674,242.68524930747924
1360870145.341,6121.805111821086
1360870145.345,5894.668530351438
1360870145.344,4675.269568690096
1360870145.342,4453.57428115016
1360870145.342,5878.3446485623
1360870145.342,2164.73642172524
1360870143.799,58.99122807017544
1360870145.233,5119.808306709265
1360870145.233,4594.698482428115
1360870145.233,4444.488817891374
1360870145.237,4222.494009584665
1360870145.237,3907.132768361582
1360870145.237,5516.773162939297
1360870145.237,4942.342252396166
1360870146.438,3608.7205497382197
1360870146.502,4105.766076115486
1360870146.502,2772.6788057742783
1360870146.348,3386.657395287958
1360870146.412,2476.583005249344
1360870149.885,4533.961776859504
1360870154.483,1878.9828431372548
1360870161.839,99.64717741935483
1360870161.973,7583.333333333333
1360870191.309,2156.25
1360870170.754,1528.755868544601
1360870170.754,1295.9947183098593
1360870170.754,998.5328638497652
1360870201.722,812.5
1360870200.041,4145.775462962963
1360870200.041,5054.003193430657
1360870200.041,4533.118206521739
1360870200.041,3711.4657473309608
1360870200.105,4289.4291516245485
1360870200.105,2841.666666666667
1360870200.105,4055.530575539568
1360870200.105,4044.667119565218
1360870200.039,4806.96852189781
1360870200.039,3821.54304029304
1360870200.039,4161.28663003663
1360870199.958,3995.7694043321303
1360870199.958,4107.929270462633
1360870199.958,3906.8616548042705
1360870199.958,5440.281723484849
1360870199.958,4746.784747292419
1360870200.022,3885.3374524714827
1360870200.022,4149.49024822695
1360870199.957,4645.720108695652
1360870200.021,3747.936320754717
1360870221.37,2156.25
1360870183.598,12859.564266487214
1360870215.768,76.47001557632399
1360870237.735,14695.3125
1360870239.677,11409.375
1360870238.671,20015.625
1360870237.207,18421.745867768597
1360870234.698,24899.088541666668
1360870234.698,26879.8828125
1360870234.698,29625.89285714286
1360870234.698,25661.1328125
1360870234.698,16075.892857142857
1360870234.698,28397.321428571428
1360870234.698,25593.75
1360870234.762,33988.392857142855
1360870234.762,26153.27380952381
1360870234.762,20144.886363636364
1360870234.761,19597.146739130432
1360870234.592,22566.964285714286
1360870234.592,22632.254464285714
1360870234.591,17483.816964285714
1360870234.655,20670.362903225807
1360870234.655,28664.473684210527
1360870234.655,26183.035714285714
1360870234.655,23862.068965517243
1360870234.655,28796.875
1360870234.655,20027.853260869568
1360870283.903,34.91950757575758
1360870284.982,739.8767605633802
1360870289.509,3512.5
1360870289.509,4077.129289215686
1360870289.509,4605.532786885246
1360870289.509,2660.2134146341464
1360870289.507,3585.6633771929824
1360870289.42,5037.966008771929
1360870289.484,2715.2931415929206
1360870289.484,3498.2024336283184
1360870289.484,2798.2536764705883
1360870289.417,4754.6875
1360870307.166,1353.3266129032259
1360870310.071,1584.4907407407406
1360870290.126,81937.5
1360870290.189,2567.506067961165
1360870290.189,4950.204439252336
1360870291.754,2341.268382352941
1360870290.01,3245.738636363636
1360870296.623,11960.227272727274
1360870296.619,1506.7771084337348
1360870312.986,89.11725067385446
1360870313.134,10867.1875
1360870327.033,6714.755639097745
1360870317.961,12210.9375
1360870317.897,89.08582089552239
1360870317.96,8356.203007518798
1360870317.806,6486.458333333333
1360870317.869,7303.571428571428
1360870323.866,27033.653846153848
1360870323.865,25633.049242424244
1360870323.865,7833.66935483871
1360870323.929,29452.25694444444
1360870323.929,16865.885416666668
1360870323.929,20567.255434782608
1360870323.864,9936.197916666666
1360870323.928,21110.24305555556
1360870323.928,28593.75
1360870323.928,21344.270833333332
1360870324.117,375.0
1360870323.753,19992.1875
1360870323.753,15621.651785714286
1360870323.817,13374.177631578947
1360870323.752,14860.9375
1360870323.816,6578.125
1360870323.816,26383.68055555556
1360870323.816,20857.371794871797
1360870309.116,17325.31202723147
1360870351.485,1625.0
1360870566.523,78.62903225806451
1360870566.527,64.14473684210527
1360870566.527,78.62903225806451
1360870566.654,76.171875
1360870565.208,49.744897959183675
1360870565.208,42.025862068965516
1360870565.208,41.313559322033896
1360870565.589,64.14473684210527
1360870565.908,45.138888888888886
1360870565.907,51.861702127659576
1360870145.232,758.3728106598219
1360870145.168,757.1931732223903
1360870145.232,1004.2100759741237
1360870566.476,78.62903225806451
1360870566.476,62.5
1360870564.771,32.939189189189186
1360870565.153,41.313559322033896
1360870565.406,38.69047619047619
1360870565.51,38.69047619047619
1360870565.446,40.625
1360870565.51,44.31818181818182
1360870565.509,33.39041095890411
1360870565.699,45.138888888888886
1360870565.951,41.313559322033896
1360870145.148,886.8157449209932
1360870143.286,3143.3609295054007
1360870595.238,31.862745098039213
1360870635.603,35.47297297297297
1360871497.727,205.35714285714286
1360871497.127,95.83333333333334
1360871500.163,143.75
1360874122.856,15.292553191489361
1360874902.28,51.520270270270274
1360875101.504,59.5703125
1360878811.378,30.585106382978722
1360883512.569,10.195035460992909
1360883512.488,10.195035460992909
1360884069.007,7413.352272727272
1360884069.619,718.75
1360884068.756,1790.8909574468087
1360884069.808,9720.703125
1360884068.373,304.23964968152865
1360884068.441,606.6532258064517
1360884066.507,2767.5
1360884069.811,9359.375
1360884069.312,506.40368852459017
1360884067.045,94.24603174603175
1360884069.923,8110.491071428572
1360884071.404,58.43823185011709
1360884098.523,718.75
1360884081.635,2301.2820512820513
1360884128.445,2156.25
1360884129.434,359.375
1360884141.739,2156.25
1360884141.617,2546.875
1360884141.796,6269.097222222223
1360884168.39,1256.25
1360884384.452,61.5234375
1360884391.527,15.625
1360885692.063,54.464285714285715
1360885754.644,50.16447368421053
1360886625.1,50.16447368421053
1360888914.147,7069.602272727272
1360888917.874,1784.9069148936169
1360888914.289,1470.3947368421052
1360888910.427,3285.714285714286
1360888911.983,7175.4807692307695
1360888912.283,94.24603174603175
1360888915.284,7098.6328125
1360888917.652,20500.0
1360888920.88,7395.833333333333
1360888921.374,86.0010162601626
1360888944.242,718.75
1360888955.473,27812.5
1360888973.775,2156.25
1360888974.172,2156.25
1360888971.204,718.75
1360889004.348,489.0046296296297
1360889002.254,1081.7129629629628
1360889008.409,3038.37890625
1360889010.945,4450.78125
1360889011.008,3604.98687664042
1360889011.071,2378.8355943152455
1360889011.007,4766.650262467191
1360889011.007,4023.70406824147
1360889011.135,3784.9448005698005
1360889011.007,4718.667979002625
1360889011.007,2968.42277486911
1360889011.007,2839.115813648294
1360889011.07,3397.425518134715
1360889011.07,2874.7944078947367
1360889011.07,3175.518134715026
1360889010.932,3666.707677165354
1360889010.996,3093.9935064935066
1360889010.932,4042.5986842105262
1360889010.932,3794.8244750656168
1360889010.931,4520.752708978328
1360889010.995,2709.1968911917097
1360889010.995,4718.955592105262
1360889011.059,4332.99512987013
1360889011.059,4163.6962890625
1360889017.118,3332.796391752577
1360889044.295,1767.361111111111
1360889028.429,7822.916666666667
1360889027.453,1706.730769230769
1360889030.752,1695.3125
1360889038.743,6982.108778625954
1360889038.87,3415.8653846153848
1360889038.996,6414.430147058823
1360889038.22,3823.1814971751414
1360889038.219,4583.071608040201
1360889038.219,2966.3292253521126
1360889038.535,5900.963345864661
1360889038.788,5607.676630434782
1360889038.788,4394.594594594594
1360889038.788,6686.815693430657
1360889038.788,5565.896739130435
1360889038.979,5116.39371657754
1360889038.978,5521.484375
1360889042.095,129446.42857142858
1360889042.919,8417.24537037037
1360889042.982,7073.875
1360889042.982,8565.382281553399
1360889042.982,8472.55608974359
1360889041.722,5453.336148648648
1360889042.774,8705.411585365853
1360889042.774,8993.229166666668
1360889042.774,7000.730140186916
1360889085.755,2156.25
1360889010.421,2191.6827705451583
1360889010.421,2201.586655817738
1360889088.908,1484.375
1360889088.907,1718.75
1360889085.702,2156.25
1360889010.241,2063.199247355574
1360888999.823,6283.67093105899
1360889089.808,39.40217391304348
1360889089.94,41.19318181818181
1360889089.171,1625.0
1360889089.235,47.79411764705882
1360889660.448,22250.0
1360889671.156,173.18548387096774
1360889671.219,170.26209677419354
1360889670.883,1058.0778301886794
1360889677.557,5013.671875
1360889678.552,6623.654026217228
1360889678.552,6250.598659003831
1360889678.552,6297.818396226415
1360889678.55,5801.732209737827
1360889678.409,5891.39796819788
1360889678.409,6544.280442804428
1360889678.409,7213.778409090909
1360889678.408,4907.26669520548
1360889678.408,6221.546052631579
1360889700.515,1805.5186170212767
1360889703.569,651.278409090909
1360889706.695,218.536543715847
1360889704.184,5843.68896484375
1360889704.291,4470.3246124031
1360889704.734,6927.459386281589
1360889704.084,6216.775092936803
1360889704.02,4674.8046875
1360889704.084,6308.978873239437
1360889704.147,5606.481481481482
1360889704.21,6515.625
1360889718.842,26383.37361878453
1360889714.705,475.5271084337349
1360889723.149,687.5
1360889723.213,572.9166666666666
1360889723.149,687.5
1360889709.23,577.2270114942529
1360889709.461,59.895833333333336
1360889714.743,234.375
1360889713.59,409.875
1360889729.876,40646.739130434784
1360889715.266,33.43023255813953
1360889741.641,177361.11111111112
1360889752.382,3437.5
1360889677.993,2974.2093373493976
1360889677.993,3133.646191910499
1360889677.993,3075.5297977624787
1360889677.992,3430.87080464716
1360889677.992,2938.3067986230635
1360889677.926,3148.7532244196045
1360889677.99,3875.793351979346
1360889677.99,2598.6042383820995
1360889677.878,2696.2731083404983
1360889677.941,3069.546041308089
1360889677.941,3249.8117469879517
1360889677.941,3125.9816049913943
1360889677.941,3593.9785929432014
1360889677.941,3098.6176850258175
1360889677.941,3325.8256239242683
1360889760.536,359.375
1360889741.602,65.56748466257669
1360889757.692,19343.75
1360889760.287,3977.977019498607
1360889760.285,3694.8063380281687
1360889762.04,5274.587087087088
1360889762.166,4815.799120234604
1360889760.207,6305.397727272728
1360889760.207,3641.4019337016575
1360889760.206,4475.017908309455
1360889784.345,45203.125
1360889784.409,24187.5
1360889784.663,4966.666666666667
1360889784.463,22601.5625
1360889763.1,375.0
1360889763.523,5504.212382445141
1360889767.26,2660.8544685990337
1360889786.677,998.8970588235294
1360889786.677,815.9926470588235
1360889786.677,5449.257425742574
1360889782.709,134.6318493150685
1360889786.677,1277.941176470588
1360889786.74,416.25
1360889786.932,410.1159793814433
1360889786.995,3236.9791666666665
1360889787.122,1974.5678191489362
1360889787.122,359.7074468085106
1360889787.122,480.55186170212767
1360889787.182,291.3306451612903
1360889787.182,7724.483944954129
1360889788.138,2765.625
1360889788.074,2761.71875
1360889760.041,4233.301526717558
1360889760.041,4122.999058380415
1360889760.039,5467.318925233645
1360889760.039,4195.487406716418
1360889760.038,4671.698778195489
1360889784.867,4431.001106194691
1360889784.867,1775.0
1360889784.93,3370.4896907216494
1360889784.93,4168.33118556701
1360889789.71,1328.125
1360889789.84,708.3333333333334
1360889761.806,4868.17564229249
1360889761.805,4379.87895256917
1360889786.059,390.46556122448976
1360889662.344,11138.441358024691
1360889786.888,692.1713917525774
1360889786.888,287.85438144329896
1360889786.887,7530.691964285715
1360889783.238,84.89884393063583
1360889787.077,505.9840425531915
1360889791.173,2345.4861111111113
1360889788.031,2741.2109375
1360889788.031,2757.8125
1360889788.031,513.3223684210526
1360889788.031,90.25930851063829
1360889759.976,4602.312853107344
1360889759.976,4544.012404580153
1360889759.976,3667.5314832089553
1360889759.97,5831.0546875
1360889759.97,4127.137245841035
1360889703.781,3568.007535460993
1360889788.645,753.90625
1360889784.801,11854.702102803738
1360889784.801,5181.001106194691
1360889784.801,18031.894329896906
1360889784.865,14913.839285714286
1360889784.864,1020.5899532710281
1360889789.536,1180.5555555555557
1360889789.855,1524.0384615384614
1360889761.756,4906.871272365805
1360889761.884,4128.610557768924
1360889761.884,4041.244939271255
1360889786.586,2114.705882352941
1360889789.994,1322.2222222222222
1360889789.994,1855.9027777777776
1360889789.858,8564.162234042555
1360889789.986,1532.638888888889
1360889791.136,12388.310185185184
1360889791.135,12388.310185185184
1360889787.486,1613.28125
1360889787.007,548.8013698630136
1360889787.007,986.7294520547946
1360889787.07,764.6215596330275
1360889788.088,140.77970297029702
1360889788.023,382.734375
1360889788.023,382.734375
1360889784.244,1705.9875954198474
1360889800.879,159.7222222222222
1360889784.879,1028.8222111553785
1360889789.55,1259.943181818182
1360889789.614,252.63342696629215
1360889789.594,287.3946629213483
1360889793.562,3261.9485294117644
1360889793.562,2434.129901960784
1360889793.562,2216.299019607843
1360889793.561,1250.5874060150375
1360889794.2,4760.706018518518
1360889794.263,270.8333333333333
1360889794.327,467.5707547169811
1360889794.327,2890.919811320755
1360889794.391,353.5714285714286
1360889794.455,1368.2391826923076
1360889794.455,79.92788461538461
1360889794.455,3284.5052083333335
1360889794.007,78.94736842105263
1360889794.007,1883.2236842105262
1360889794.199,880.9317129629629
1360889794.327,2097.140330188679
1360889794.455,214.32291666666666
1360889794.455,903.0987394957983
1360889794.455,1902.6041666666667
1360889794.519,914.2594537815127
1360889786.646,389.56447963800906
1360889786.965,549.0154109589041
1360889787.092,4494.404069767442
1360889787.092,30.886627906976745
1360889788.045,354.6565594059406
1360889792.433,3241.2405303030305
1360889784.814,445.18849206349205
1360889789.549,316.0990168539326
1360889789.549,321.36587078651684
1360889789.549,215.3072033898305
1360889789.549,254.06073446327682
1360889793.513,1808.2107843137253
1360889793.513,2645.0242718446602
1360889793.513,3568.0147058823527
1360889793.513,96.48058252427184
1360889793.513,1700.0612745098038
1360889793.958,1589.1927083333333
1360889793.958,594.7368421052631
1360889793.958,1193.0338541666667
1360889794.15,2526.3310185185187
1360889793.958,561.8421052631579
1360889793.958,1708.8815789473683
1360889794.15,1930.8449074074074
1360889793.958,2104.440789473684
1360889794.278,661.7040094339623
1360889794.342,353.5714285714286
1360889789.483,6392.137096774194
1360889789.802,893.8190607734806
1360889789.994,310.2805397727273
1360889795.302,741.9354838709678
1360889789.985,205.9659090909091
1360889795.294,164.81854838709677
1360889795.294,356.54920212765956
1360889794.75,2101.4880952380954
1360889794.558,2101.2731481481483
1360889794.558,2317.853009259259
1360889794.818,3322.65625
1360889806.72,5281.25
1360889802.751,214.31107954545456
1360889803.832,19971.875
1360889791.991,45.63148788927335
1360889804.405,1636.3636363636365
1360889804.405,863.6363636363636
1360889800.371,182.80291411042944
1360889805.106,109.93303571428571
1360889805.102,109.93303571428571
1360889805.233,5281.25
1360889793.008,9194.368131868132
1360889801.181,475.0884433962264
1360889801.18,168.48644578313255
1360889798.296,46.048280423280424
1360889793.495,144.69339622641508
1360889793.494,4761.824324324324
1360889794.387,267.66581632653066
1360889793.939,140.07782101167317
1360889794.131,307.0406626506024
1360889794.131,374.1842369477912
1360889794.131,383.6596385542169
1360889806.609,18000.0
1360889807.052,25197.916666666668
1360889807.178,9359.375
1360889807.241,3640.625
1360889803.827,8392.361111111111
1360889799.856,36.01371951219512
1360889804.335,127.79605263157895
1360889796.522,172.46741706161137
1360889800.298,149.34815950920247
1360889792.493,2032.350352112676
1360889800.62,43.068910256410255
1360889793.442,173.3490566037736
1360889793.441,150.1179245283019
1360889806.367,25187.5
1360889794.867,2132.234922178988
1360889795.059,390.75050200803213
1360889795.314,4183.29081632653
1360889809.91,19109.375
1360889804.907,243.18484042553192
1360889788.154,937.5
1360889788.53,1875.0
1360889792.001,375.0
1360889811.094,69.60227272727272
1360889811.222,93.75
1360889816.077,287.8787878787879
1360889805.191,737.6746894409938
1360889801.137,241.02393617021275
1360889810.025,2163.675742574257
1360889810.089,1612.0631720430108
1360889810.089,3323.420698924731
1360889810.089,1602.1505376344085
1360889810.281,2527.083333333333
1360889810.281,1668.956043956044
1360889810.281,2379.513888888889
1360889810.281,2438.08962264151
1360889810.409,1546.875
1360889810.409,1729.4170673076924
1360889810.088,4599.630376344086
1360889810.088,2343.75
1360889810.28,838.4433962264151
1360889810.28,3188.368055555555
1360889810.28,1772.2582547169811
1360889804.425,178.81944444444446
1360889762.046,4329.5615777525545
1360889818.428,525.0
1360889810.043,5041.389627659574
1360889810.043,622.4197247706422
1360889810.043,3578.7970430107525
1360889810.235,1016.9516509433962
1360889810.235,403.47222222222223
1360889810.235,1694.9652777777778
1360889810.235,422.22222222222223
1360889810.235,3377.0604395604396
1360889810.235,640.625
1360889810.043,828.2683486238533
1360889810.363,2088.7920673076924
1360889810.363,1727.764423076923
1360889810.363,2779.4471153846152
1360889810.427,4076.1529126213595
1360889810.235,893.0555555555557
1360889810.235,1535.0694444444443
1360889810.235,4618.402777777778
1360889810.235,3890.972222222222
1360889810.235,2810.2889150943397
1360889810.427,372.11771844660194
1360889810.427,3247.876213592233
1360889796.327,1875.0
1360889796.324,1875.0
1360889796.388,85.22727272727272
1360889796.386,98.6842105263158
1360889796.386,625.0
1360889795.279,2357.9757462686566
1360889795.79,125.0
1360889796.356,85.22727272727272
1360889795.252,11114.0625
1360889795.251,3742.897727272727
1360889795.251,1930.5803571428573
1360889795.068,4391.163793103448
1360889795.067,3840.3072033898306
1360889795.13,1765.625
1360889800.613,76640.625
1360889800.613,7817.708333333333
1360889800.991,22406.25
1360889801.244,8093.75
1360889801.371,291.2326388888889
1360889801.435,541.3851351351351
1360889801.434,204.0077683615819
1360889801.498,206.33928571428572
1360889799.22,375.0
1360889800.529,17104.166666666668
1360889800.91,17388.28125
1360889801.163,9078.125
1360889801.162,14138.020833333334
1360889801.162,3742.1875
1360889801.162,635.7758620689656
1360889801.349,1610.7874293785312
1360889818.963,1718.75
1360889809.256,2027.7267156862747
1360889825.446,9330.729166666666
1360889810.467,7915.303111587983
1360889827.551,8945.3125
1360889801.453,10809.639084507042
1360889801.449,22328.125
1360889801.449,11384.73731884058
1360889801.576,2464.84375
1360889801.448,7061.55303030303
1360889801.576,4433.59375
1360889801.576,10848.6328125
1360889804.896,21826.08695652174
1360889804.894,20121.09375
1360889801.418,10998.161764705883
1360889801.417,2705.3571428571427
1360889801.545,14351.5625
1360889802.879,2231.6685912240187
1360889802.942,465.5959976798144
1360889803.001,299.36489607390297
1360889803.893,27.54046762589928
1360889804.083,74.81971153846153
1360889804.464,1000.4573170731708
1360889803.177,229.39841920374707
1360889803.176,1937.5728438228439
1360889803.936,1006.5572541966428
1360889803.936,177.69681490384613
1360889803.999,72.69184652278179
1360889804.546,417.96875
1360889805.88,41.61311053984576
1360889805.857,41.934447300771204
1360889806.368,27.704485488126647
1360889822.763,697.5723140495868
1360889822.763,890.625
1360889811.178,33.90625
1360889811.178,33.90625
1360889819.305,31446.39295212766
1360889819.497,6194.858284883721
1360889831.588,9645.833333333334
1360889815.907,240.3423366834171
1360889823.779,744.047619047619
1360889829.722,13416.666666666666
1360889822.215,4003.149224806202
1360889830.401,154.01785714285714
1360889825.348,84.26966292134831
1360889826.814,10273.4375
1360889830.718,170.13888888888889
1360889819.452,9576.85319767442
1360889819.515,5033.351608187134
1360889831.349,14437.5
1360889830.399,14156.25
1360889831.227,572.9166666666666
1360889831.354,154.01785714285714
1360889831.418,165.8653846153846
1360889826.296,84.26966292134831
1360889835.125,12479.166666666666
1360889820.016,7020.525147928995
1360889820.08,14138.566616766466
1360889825.066,6532.438858695652
1360889820.073,6687.874251497006
1360889820.073,7002.245508982036
1360889820.073,12956.845238095237
1360889820.073,11291.573660714286
1360889801.453,7426.621835443038
1360889825.832,226.3671875
1360889830.95,125.0
1360889830.95,135.41666666666666
1360889809.875,96500.0
1360889811.74,268.62980769230774
1360889812.732,375.0
1360889812.73,312.5
1360889812.919,234.375
1360889814.49,16994.791666666668
1360889814.488,463.0681818181818
1360889811.596,1656.25
1360889811.659,161.2327755905512
1360889812.565,267.85714285714283
1360889812.565,234.375
1360889812.945,375.0
1360889814.319,461.6477272727273
1360889814.317,1400.568181818182
1360889816.498,523.6607142857142
1360889816.265,701.8229166666666
1360889816.162,765.625
1360889835.155,25661.805555555555
1360889839.25,1901.0416666666667
1360889836.999,11375.0
1360889837.189,2554.6875
1360889837.613,2916.6666666666665
1360889834.343,23382.8125
1360889835.222,2155.9046961325967
1360889835.795,956.092877094972
1360889835.795,1458.2751396648043
1360889835.794,2300.6524725274726
1360889835.794,2591.393156424581
1360889835.794,812.5
1360889835.794,734.375
1360889835.986,121.1825284090909
1360889840.08,4897.017045454546
1360889840.143,1758.9077102803737
1360889840.079,1386.221590909091
1360889840.079,1988.1365740740741
1360889840.206,198.98504273504273
1360889829.197,1297.7834302325582
1360889838.258,1213.9849290780141
1360889838.002,2520.9116541353383
1360889830.514,2731.845238095238
1360889841.33,87.12121212121212
1360889838.192,6819.045608108107
1360889838.192,3504.64527027027
1360889843.303,7557.291666666667
1360889835.747,14811.113165680472
1360889835.747,564.6841397849463
1360889835.747,2157.8598484848485
1360889835.747,875.2773668639053
1360889841.079,4577.308768656716
1360889841.143,6258.506944444444
1360889850.413,1900.0
1360889839.212,4572.757633587786
1360889839.148,3252.777777777778
1360889831.468,2559.4494047619046
1360889842.536,375.89285714285717
1360889837.483,164.26630434782606
1360889827.015,149020.83333333334
1360889827.6,48488.28125
1360889828.234,113031.25
1360889828.157,63322.916666666664
1360889832.894,15511.71875
1360889832.893,32842.92763157895
1360889832.805,89528.3203125
1360889832.804,20451.171875
1360889854.735,7226.5625
1360889842.958,2188.5135135135133
1360889846.604,1076.416015625
1360889843.34,4476.211376404494
1360889855.242,2390.625
1360889855.242,3090.625
1360889855.241,2640.625
1360889855.241,2281.25
1360889847.561,1786.2723214285713
1360889843.977,147.50744047619045
1360889843.977,2970.517113095238
1360889844.04,2367.4214071856286
1360889844.04,647.3742603550295
1360889844.04,1218.936011904762
1360889843.975,1937.5
1360889843.975,785.0406804733728
1360889843.975,1743.435650887574
1360889844.231,1852.3674242424242
1360889855.559,2119.7916666666665
1360889844.231,234.28030303030303
1360889844.039,2249.813988095238
1360889844.231,1058.1173780487804
1360889844.039,2188.058035714286
1360889844.231,708.3333333333334
1360889844.231,347.3484848484849
1360889844.231,610.5113636363636
1360889844.294,334.79420731707313
1360889844.294,151.64877300613497
1360889855.686,2278.125
1360889855.686,2980.46875
1360889844.229,2216.098484848485
1360889844.229,948.6471036585366
1360889844.229,160.22727272727272
1360889844.293,1252.013036809816
1360889844.484,2015.3338509316773
1360889844.484,609.083850931677
1360889844.484,1934.6855590062112
1360889844.612,610.8490566037735
1360889844.612,602.3977987421384
1360889855.812,1533.482142857143
1360889856.003,1423.828125
1360889856.067,1822.265625
1360889856.258,2234.375
1360889856.321,2387.5
1360889856.321,2607.1428571428573
1360889853.249,15250.0
1360889856.257,1830.7291666666667
1360889849.073,3763.8494318181815
1360889853.297,11973.958333333334
1360889856.56,4542.96875
1360889856.494,2812.5
1360889856.558,3191.40625
1360889856.621,2847.65625
1360889849.452,3111.257530120482
1360889854.501,9500.0
1360889849.513,685.6971153846155
1360889846.313,2668.831168831169
1360889854.568,408.125
1360889849.832,2417.7714646464647
1360889849.831,752.0517676767677
1360889849.831,1813.466494845361
1360889849.831,3788.9030612244896
1360889850.023,1648.8486842105262
1360889850.023,4688.313802083333
1360889850.022,2038.3976063829787
1360889850.022,1250.0
1360889850.022,847.8190104166666
1360889849.958,3038.0859375
1360889849.958,2293.5855263157896
1360889850.022,1110.6907894736842
1360889850.022,3066.988031914894
1360889850.022,2514.2952127659573
1360889850.022,1169.2708333333333
1360889850.022,1703.6184210526314
1360889850.022,869.62890625
1360889850.022,4380.984042553192
1360889850.405,263.8888888888889
1360889850.469,160.86647727272725
1360889850.465,227.191091954023
1360889854.881,2986.0197368421054
1360889843.296,8778.353230337078
1360889855.199,3190.1041666666665
1360889844.91,11514.415922619048
1360889844.91,1011.094674556213
1360889844.91,1146.8563988095236
1360889844.974,1083.5193452380954
1360889844.91,1217.2707100591715
1360889844.91,1074.21875
1360889856.489,1416.6666666666667
1360889844.969,2101.004464285714
1360889845.164,729.2613636363636
1360889845.164,559.469696969697
1360889845.228,1416.6027607361964
1360889845.228,1719.708588957055
1360889856.62,3003.90625
1360889856.62,2306.25
1360889845.164,2419.5075757575755
1360889845.163,1050.3787878787878
1360889845.163,761.4583333333334
1360889845.163,834.1272865853658
1360889845.227,1494.5360429447853
1360889845.227,96.05061349693251
1360889845.418,1622.1855590062112
1360889845.418,1536.4906832298138
1360889845.418,3523.33984375
1360889856.809,6148.4375
1360889856.745,1572.9166666666667
1360889857.0,1976.5625
1360889845.543,566.1590189873418
1360889845.543,1798.447327044025
1360889857.19,2437.5
1360889853.67,1298.3490566037735
1360889853.86,641.5264423076923
1360889857.188,3150.0
1360889857.188,1748.046875
1360889854.051,228.77358490566039
1360889857.696,3739.5833333333335
1360889847.515,2001.46484375
1360889858.203,8992.1875
1360889847.514,696.6552734375
1360889855.514,16687.5
1360889850.754,4117.66581632653
1360889850.754,900.9046052631578
1360889850.885,4904.317010309279
1360889850.949,2313.96484375
1360889858.18,5046.875
1360889850.756,691.6035353535353
1360889850.756,4924.242424242424
1360889858.18,11125.0
1360889850.948,3586.7513020833335
1360889850.948,1611.037234042553
1360889850.948,305.1097972972973
1360889850.948,2059.5703125
1360889850.884,3827.7960526315787
1360889858.628,4750.0
1360889850.884,2703.930412371134
1360889850.884,1108.7239583333333
1360889850.947,3099.506578947369
1360889850.947,3355.46875
1360889850.947,420.0657894736842
1360889850.947,2784.2105263157896
1360889851.331,84.0941011235955
1360889857.133,181.40243902439025
1360889849.962,507.8125
1360889853.997,326.6006097560976
1360889854.184,360.9775641025641
1360889856.745,232.38031914893617
1360889857.252,2506.9901315789475
1360889853.666,2202.4601063829787
1360889856.286,1406.25
1360889862.882,1734.375
1360889854.945,2786.231884057971
1360889859.233,2241.875
1360889859.233,712.0098039215686
1360889859.232,1159.0073529411764
1360889859.232,391.25
1360889859.232,1893.4375
1360889859.232,3131.7401960784314
1360889859.296,3118.75
1360889859.296,2025.5102040816325
1360889859.296,9350.9375
1360889859.296,562.8188775510205
1360889859.296,9856.5625
1360889859.296,4205.778301886792
1360889859.296,97.72995283018868
1360889859.359,570.4719387755101
1360889855.261,468.2459677419355
1360889855.257,259.8557692307692
1360889855.261,314.88715277777777
1360889859.868,4095.703125
1360889855.324,256.7274305555556
1360889859.868,2375.0
1360889855.578,937.2351694915254
1360889860.373,12093.75
1360889855.768,335.0961538461538
1360889860.759,197.38924050632912
1360889860.759,220.82078313253012
1360889855.958,3625.58962264151
1360889861.014,2221.875
1360889861.014,1789.0625
1360889861.014,500.0
1360889861.201,3085.9375
1360889861.205,104.74537037037037
1360889861.205,3644.53125
1360889861.268,3953.125
1360889861.268,3351.5625
1360889856.34,154.5877659574468
1360889861.332,3187.5
1360889856.276,393.9494680851064
1360889861.523,6057.291666666667
1360889856.339,457.63888888888886
1360889861.459,5693.75
1360889856.339,178.38541666666666
1360889861.523,8437.5
1360889854.133,3672.0108695652175
1360889857.713,13379.086538461537
1360889857.713,1510.4567307692307
1360889857.717,51608.028017241384
1360889857.717,1323.3173076923076
1360889857.781,4916.165865384615
1360889857.716,2536.418269230769
1360889857.716,5296.3942307692305
1360889858.228,1365.625
1360889859.183,2995.7682291666665
1360889859.183,3639.3229166666665
1360889859.183,2120.0
1360889859.183,883.75
1360889859.246,1192.2831632653063
1360889859.246,6237.448770491804
1360889859.246,712.1875
1360889859.182,4842.881944444444
1360889859.182,10079.963235294117
1360889859.182,3707.4142156862745
1360889859.182,2385.625
1360889859.182,712.0098039215686
1360889859.182,3403.186274509804
1360889859.246,11162.5
1360889859.246,2654.333726415094
1360889859.309,207.58928571428572
1360889859.309,552.9336734693877
1360889859.245,1008.1249999999999
1360889859.308,2197.0108695652175
1360889855.212,331.14919354838713
1360889859.813,510.15625
1360889857.02,312.8063725490196
1360889861.627,264.2578125
1360889861.691,2851.5625
1360889861.691,2734.375
1360889861.69,3984.375
1360889861.69,3503.90625
1360889861.69,3863.28125
1360889861.945,2403.125
1360889861.945,2543.75
1360889857.205,184.44293478260872
1360889857.209,297.8515625
1360889861.945,2303.5714285714284
1360889857.208,272.9591836734694
1360889857.208,212.23958333333334
1360889862.135,2271.875
1360889857.527,404.01785714285717
1360889862.135,2196.875
1360889862.135,2437.5
1360889862.199,665.1041666666667
1360889862.135,2330.7291666666665
1360889862.135,2625.0
1360889862.263,2847.65625
1360889857.59,632.9656862745097
1360889857.781,277.34375
1360889862.517,3019.53125
1360889862.517,6429.6875
1360889862.645,578.8043478260869
1360889862.644,222.2222222222222
1360889862.772,6604.166666666667
1360889857.78,664.6634615384615
1360889858.67,1260.5574324324325
1360889858.67,2355.168269230769
1360889858.67,64801.98317307692
1360889858.668,743.5096153846154
1360889860.327,309.8323170731707
1360889859.299,2665.0641025641025
1360889858.268,1419.0051020408164
1360889860.75,66.49305555555556
1360889858.925,74.2515756302521
1360889861.679,578.0386740331492
1360889850.823,1289.02324120603
1360889853.738,1716.4884868421052
1360889852.576,2653.6458333333335
1360889855.115,38061.875
1360889855.243,38659.007352941175
1360889855.243,17887.228260869568
1360889856.316,11312.5
1360889856.188,20126.302083333332
1360889856.188,10552.083333333334
1360889856.315,16475.0
1360889855.202,69146.0597826087
1360889855.205,59654.11931818182
1360889855.205,76085.9375
1360889856.155,16817.708333333332
1360889856.282,13187.5
1360889855.761,40056.25
1360889856.714,197375.0
1360889856.818,3033.4821428571427
1360889857.198,82601.5625
1360889857.829,96953.125
1360889857.896,2649.713010204082
1360889858.578,39533.482142857145
1360889858.569,106.8574168797954
1360889855.744,133015.625
1360889855.742,95.39473684210527
1360889856.606,46404.829545454544
1360889856.669,68960.9375
1360889857.527,46531.25
1360889857.719,686460.9375
1360889857.462,121817.70833333333
1360889858.479,6203.125
1360889858.987,1690.1041666666667
1360889858.475,1433.2770270270269
1360889859.051,1054.6875
1360889858.539,14843.75
1360889859.047,1840.9090909090908
1360889881.214,395.8333333333333
1360889862.957,294.02970679012344
1360889861.673,31.657608695652172
1360889863.334,62.25198412698413
1360889857.374,29107.954545454548
1360889858.17,17015.625
1360889858.16,13677.083333333334
1360889859.109,4598.958333333333
1360889859.81,2635.4166666666665
1360889859.81,264.4806338028169
1360889859.809,3233.0145118733512
1360889859.809,128.84424603174602
1360889861.678,54.910714285714285
1360889861.931,63.47911227154047
1360889861.994,19.28098885793872
1360889862.121,41975.0
1360889862.121,67.87367724867725
1360889862.12,23965.959821428572
1360889862.184,33.223684210526315
1360889862.753,170.15360169491524
1360889863.049,78.55113636363636
1360889860.03,5421.875
1360889860.726,3015.625
1360889861.088,465.105563002681
1360889861.599,2405.815972222222
1360889862.042,48.90046296296296
1360889862.042,52.69607843137255
1360889862.042,25.672683923705723
1360889862.106,45.39473684210527
1360889862.966,41.015625
1360889863.284,50.870028409090914
1360889861.403,211.99544270833334
1360889863.758,68518.75
1360889863.757,732.421875
1360889864.636,16038.194444444443
1360889864.635,37562.5
1360889864.763,82053.57142857143
1360889864.762,51262.27678571428
1360889862.568,389.72355769230774
1360889863.715,65356.534090909096
1360889863.714,197651.04166666666
1360889864.609,2999.1776315789475
1360889864.604,37751.5625
1360889864.731,15536.458333333334
1360889864.731,3640.625
1360889883.913,1054.5454545454545
1360889883.913,1667.6136363636365
1360889883.913,4114.488636363636
1360889883.977,2494.2660550458713
1360889884.04,1854.556074766355
1360889884.04,1009.9826388888888
1360889884.485,157.25806451612902
1360889888.26,881.25
1360889831.939,3657.4560158910326
1360889828.482,3562.203947368421
1360889888.576,510.41666666666663
1360889881.274,4816.051136363637
1360889881.274,3342.5682773109243
1360889881.273,3320.1388888888887
1360889881.273,2509.259259259259
1360889881.273,3220.963541666667
1360889881.273,4510.653409090909
1360889881.273,408.0056179775281
1360889881.337,86.20689655172414
1360889881.502,1957.8804347826087
1360889881.502,2918.535305343511
1360889881.502,2494.53125
1360889881.565,496.6603053435115
1360889881.499,3086.123511904762
1360889881.498,4603.411259541985
1360889881.498,2662.5236742424245
1360889881.562,1472.695707070707
1360889881.562,542.1875
1360889881.562,1789.2992424242425
1360889882.899,3422.2110215053763
1360889883.602,231.70731707317074
1360889883.857,2915.4829545454545
1360889883.857,1620.8806818181818
1360889883.92,2787.471064814815
1360889888.186,2484.375
1360889881.008,91.34615384615384
1360889881.136,3630.078125
1360889881.199,5902.199074074075
1360889881.199,4679.884453781512
1360889881.199,3935.136554621849
1360889881.199,7082.19537815126
1360889881.453,521.8272900763359
1360889881.453,5562.769396551725
1360889881.451,554.270038167939
1360889881.515,1675.2232142857142
1360889881.515,3497.9482323232323
1360889881.514,778.7247474747475
1360889867.058,20851.5625
1360889865.845,330.79509493670884
1360889884.205,174.5689655172414
1360889865.837,426.2861394557823
1360889884.522,72.91666666666667
1360889884.062,620.157541322314
1360889897.292,2156.25
1360889881.531,410.15625
1360889884.459,950.7778969957081
1360889884.459,1203.3261802575107
1360889880.466,1116.343896713615
1360889881.228,453.62015845070425
1360889880.547,192.125
1360889904.482,1121.09375
1360889861.34,6218.703635014836
1360889899.511,2163.9030612244896
1360889899.511,3024.9255952380954
1360889899.511,1081.9515306122448
1360889899.511,2321.0565476190473
1360889899.511,3573.0229591836733
1360889899.574,3678.157216494845
1360889899.574,2522.6934523809527
1360889899.446,1988.75
1360889899.446,1467.8308823529412
1360889899.51,2576.690051020408
1360889899.51,3883.609693877551
1360889899.51,393.33545918367344
1360889899.51,1708.0176767676767
1360889899.51,2380.3943452380954
1360889899.574,400.28994845360825
1360889899.574,2721.5737951807228
1360889904.911,4750.0
1360889899.431,336.734693877551
1360889899.431,3910.235969387755
1360889899.431,3783.4375
1360889899.431,3104.538690476191
1360889899.431,2315.625
1360889899.366,2808.869949494949
1360889899.43,5725.9247448979595
1360889899.43,2474.080882352941
1360889899.43,316.6454081632653
1360889899.43,2502.0727040816328
1360889899.494,1051.868556701031
1360889899.494,950.0
1360889899.454,386.59793814432993
1360889881.618,26.31578947368421
1360889904.042,1609.375
1360889883.073,117.53862359550561
1360889883.642,4916.3576977401135
1360889905.807,1055.5013020833333
1360889905.871,380.1529255319149
1360889905.935,2114.8603723404253
1360889905.935,301.86170212765956
1360889905.998,1546.7069892473119
1360889905.844,1202.796052631579
1360889905.844,2091.940789473684
1360889905.844,641.9407894736842
1360889905.907,294.5478723404255
1360889905.907,1362.533244680851
1360889905.907,1287.8989361702127
1360889905.907,478.55718085106383
1360889899.494,626.5302835051546
1360889900.578,2396.9332298136646
1360889904.885,27691.236413043476
1360889897.39,5.845323741007195
1360889905.646,1716.4713541666667
1360889905.646,1413.4114583333333
1360889905.71,465.4605263157895
1360889905.71,511.1842105263158
1360889905.71,1929.4407894736842
1360889905.709,534.8684210526316
1360889905.773,635.6382978723403
1360889905.773,730.5518617021277
1360889905.773,386.3031914893617
1360889905.772,286.4583333333333
1360889905.768,348.19380733944956
1360889905.768,1750.997340425532
1360889905.772,1429.9395161290322
1360889906.853,190.0475543478261
1360889893.826,16.335227272727273
1360889905.84,90.15052356020944
1360889898.764,1144.6220930232557
1360889905.89,54.2719414893617
1360889905.873,4064.453125
1360889905.856,12041.666666666666
1360889906.615,249.63662790697674
1360889906.678,7929.6875
1360889932.152,1013.586956521739
1360889929.326,408.0056179775281
1360889929.56,1758.28125
1360889929.878,396.54605263157896
1360889929.877,1003.7434895833333
1360889930.13,1050.480769230769
1360889930.13,581.0455607476636
1360889930.13,1668.956043956044
1360889930.13,3147.05023364486
1360889929.874,1435.546875
1360889929.874,2722.203947368421
1360889929.873,1835.5263157894738
1360889929.873,360.5263157894737
1360889929.873,1415.296052631579
1360889929.873,2823.0263157894738
1360889930.129,316.15070093457945
1360889930.129,1376.3142523364486
1360889930.257,892.7083333333334
1360889930.363,2798.2536764705883
1360889930.744,378.94736842105266
1360889930.744,3404.6052631578946
1360889930.807,316.1184210526316
1360889930.743,2058.0592105263154
1360889930.743,2688.980263157895
1360889930.743,3275.3289473684213
1360889930.743,1640.9970238095236
1360889930.743,1723.1907894736842
1360889930.743,3587.0065789473683
1360889930.807,5618.91447368421
1360889930.931,2525.6453804347825
1360889930.995,1151.431074766355
1360889930.995,1320.8235981308412
1360889930.995,321.40771028037386
1360889930.995,3866.929945054945
1360889930.995,1756.1331775700935
1360889931.315,306.4516129032258
1360889931.315,260.2831196581197
1360889918.065,174.10714285714286
1360889928.878,2160.3788860103627
1360889923.424,2700.5208333333335
1360889924.079,4550.0
1360889931.167,1482.638888888889
1360889931.38,488.45108695652175
1360889930.692,646.4120370370371
1360889948.154,17296.875
1360889983.745,2156.25
1360889983.744,2156.25
1360889979.004,216.1525974025974
1360889984.472,736.7352719033232
1360890005.73,6957.635983263598
1360890005.777,5051.462765957447
1360890005.775,5158.072916666667
1360890005.775,4702.33718487395
1360890005.834,6915.402719665271
1360890005.774,5360.200471698114
1360890005.774,5390.884336099585
1360890005.838,5804.096638655462
1360890005.838,6823.119588744588
1360890005.838,5563.546025104602
1360890005.838,4953.926282051282
1360890005.837,6011.983580508475
1360890005.628,6122.601141078838
1360890005.692,7154.877092050209
1360890005.692,7280.013020833334
1360890005.692,6716.145833333333
1360890005.691,6270.548844537815
1360890005.755,6895.724372384938
1360890005.755,5577.48463114754
1360890005.691,4962.578781512605
1360890005.755,5841.700819672132
1360890005.755,5449.586004273504
1360890005.755,4890.690104166667
1360890005.755,6342.353723404256
1360890008.098,333.75
1360890009.664,175.78125
1360890008.023,647.5446428571429
1360890008.402,187.5
1360890009.391,187.5
1360890013.188,971.590909090909
1360890022.907,7583.333333333333
1360890022.571,6421.875
1360890018.206,8854.60466179159
1360890042.142,289393.75
1360890042.396,2325.103591160221
1360890042.46,3094.744694960212
1360890042.46,3022.8964681440443
1360890042.46,2642.5294321329643
1360890042.396,2509.2368784530386
1360890042.523,1663.454861111111
1360890042.523,4547.681924882629
1360890042.459,1741.3002077562328
1360890042.459,3237.543402777778
1360890042.458,2697.02216066482
1360890042.518,3863.0309888579386
1360890041.798,103.76213592233009
1360890042.229,3566.0393646408843
1360890042.293,4350.9837962962965
1360890042.293,2453.7724447513815
1360890042.292,4523.353040540541
1360890042.356,4135.763888888889
1360890042.356,3484.9563953488373
1360890042.292,4535.40512465374
1360890042.356,3291.1068925233644
1360890042.356,2808.0538617886177
1360890042.356,3145.602493074792
1360890042.419,31713.942307692305
1360890042.355,3922.4591121495328
1360890042.419,3431.172520661157
1360890051.769,16503.90625
1360890052.161,1304.3032786885246
1360890073.509,144.44444444444443
1360890082.003,2156.25
1360890079.766,5045.0737265415555
1360890079.766,4834.833333333333
1360890079.83,5019.036388140162
1360890079.83,4177.671370967742
1360890079.83,3690.5228201634877
1360890079.83,4252.469346049046
1360890079.83,4749.237804878048
1360890079.83,3559.6049046321523
1360890095.329,65518.53197674418
1360890079.922,5347.79792746114
1360890079.922,4885.25
1360890079.922,3180.4245283018868
1360890079.922,5114.996693121693
1360890081.668,4600.043402777777
1360890079.836,3943.267342931937
1360890079.836,5359.576873385013
1360890086.24,1059.2296511627908
1360890089.21,7854.188012295082
1360890089.971,4873.333333333333
1360890089.971,6631.725543478261
1360890089.131,6656.315928270043
1360890089.129,3313.18231441048
1360890103.898,1912.1883423180593
1360890104.21,3833.2232981220654
1360890104.59,3028.860740291262
1360890105.651,6421.875
1360890103.943,1420.343907035176
1360890104.194,1833.5321246819337
1360890104.383,2610.7954545454545
1360890105.813,11382.8125
1360890143.156,453.125
1360890125.606,9877.734375
1360890125.603,13294.270833333334
1360890125.667,9255.712365591398
1360890125.667,9681.349734042555
1360890125.667,24994.140625
1360890125.519,7006.526898734177
1360890125.518,8645.192307692307
1360890125.518,13804.296875
1360890125.582,9185.04050925926
1360890125.582,8019.429347826087
1360890125.517,10402.34375
1360890125.517,12199.96488764045
1360890125.576,10004.111842105263
1360890125.576,11715.234375
1360889861.443,201421.875
1360890166.178,2156.25
1360890166.135,2156.25
1360890173.153,3437.5
1360890163.679,1576.171875
1360890163.889,7937.5
1360890167.857,10666.175314465409
1360890167.857,8907.151442307691
1360890167.834,5830.528846153846
1360890167.834,5799.175613496933
1360890167.834,9535.908385093167
1360890167.833,10238.425925925925
1360890167.833,9331.73828125
1360890166.442,66.5361253196931
1360890167.683,10371.875
1360890167.744,4805.133374689826
1360890167.676,3984.6813725490197
1360890167.744,4036.6526741293533
1360890167.743,3727.8552158273383
1360890167.743,4507.79311414392
1360890167.743,3027.1464646464647
1360890167.743,4092.4605582524273
1360890167.662,4450.721153846154
1360890170.147,4978.894589552238
1360890170.147,3132.102272727273
1360890175.378,3907.157258064516
1360890197.739,164765.625
1360890184.628,5691.40625
1360890184.295,6781.25
1360890192.349,3602.574877750611
1360890193.463,3446.371483375959
1360890193.271,4799.472799511002
1360890193.271,3917.4434596577016
1360890193.206,228.06106138107418
1360890193.27,3375.7640586797065
1360890193.27,3103.344963592233
1360890194.641,2598.5977564102564
1360890197.76,56.51197604790419
1360890225.194,863.6363636363636
1360890199.957,3719.496587030717
1360890200.02,5034.223615916954
1360890200.02,4270.2958185053385
1360890201.511,4198.542402826855
1360890201.512,5030.138108614232
1360890200.937,4836.526113013699
1360890200.937,4616.187283737024
1360890200.937,2886.5248226950353
1360890200.872,4091.002155172414
1360890200.872,4791.217672413793
1360890204.678,4636.266094420601
1360890204.677,3823.7559241706163
1360890224.886,2271.438953488372
1360890224.95,2165.52734375
1360890224.95,2502.6647286821703
1360890224.886,2980.528846153846
1360890224.886,3832.5721153846157
1360890224.949,1049.1763565891472
1360890224.949,1587.158203125
1360890223.825,2316.875
1360890224.842,263.7019230769231
1360890224.842,832.3643410852713
1360890224.842,2210.392441860465
1360890224.842,1557.3317307692307
1360890224.842,1387.7403846153845
1360890224.906,1010.9011627906976
1360890224.842,1022.1656976744187
1360890224.905,4397.8271484375
1360890224.841,681.8509615384615
1360890224.905,1600.830078125
1360890224.905,2427.1240234375
1360890224.905,1875.8478682170544
1360890224.905,2027.7099609375
1360890224.905,1188.2267441860465
1360890224.234,266.41187050359713
1360890240.711,1187.5
1360890224.553,432.01650943396226
1360890224.991,149.87244897959184
1360890240.667,2869.7916666666665
1360890240.666,1466.6666666666665
1360890240.73,1457.421875
1360890240.73,2871.2890625
1360890240.73,407.8322784810127
1360890240.73,756.3291139240507
1360890240.73,2090.625
1360890240.73,423.8528481012658
1360890240.73,2220.065789473684
1360890240.73,2788.5680379746836
1360890240.73,2683.148734177215
1360890240.73,2135.284810126582
1360890240.729,436.328125
1360890240.729,3724.609375
1360890240.729,1732.2091584158416
1360890245.078,2156.25
1360890242.313,442.8267045454545
1360890240.68,1145.9651898734178
1360890240.68,3618.0775316455697
1360890240.68,734.7705696202531
1360890240.68,3981.640625
1360890240.68,2467.9588607594937
1360890240.68,1686.0197368421052
1360890240.68,2981.8359375
1360890240.679,4795.703125
1360890240.679,1301.953125
1360890240.679,5456.091772151899
1360890240.679,1584.1796875
1360890240.679,4357.8125
1360890240.546,5150.462962962963
1360890240.546,2779.5138888888887
1360890224.533,1203.125
1360890225.069,68.72459349593495
1360890225.573,6819.630456349207
1360890239.949,543.7641402714933
1360890168.481,2370.185013486177
1360890080.353,2266.3357242827155
1360890080.242,2146.4468280321566
1360890080.242,2108.495103182931
1360890080.305,1953.2726636331815
1360890263.059,143.75
1360890247.216,107981.25
1360890263.295,1625.0
1360890263.145,406.25
1360890004.234,7272.260605892778
1360890302.457,46.875
1360890302.585,37536.69084821428
1360890299.661,784.8373724489795
1360890302.5,77.36170977011494
1360890302.797,1958.9794303797466
1360890302.797,1867.9806472081218
1360890302.797,2277.0569620253164
1360890302.797,1925.6172839506173
1360890302.797,2031.5268987341772
1360890302.797,2253.3227848101264
1360890302.732,3236.7168304668303
1360890302.796,3153.5426980198017
1360890302.796,2929.862842892768
1360890302.796,3200.474683544304
1360890302.796,2592.246835443038
1360890302.796,1764.7151898734178
1360890302.796,1803.4414556962026
1360890302.796,2350.7120253164558
1360890302.796,2128.045886075949
1360890302.643,2340.475063131313
1360890302.707,3717.548076923077
1360890302.707,2535.841049382716
1360890302.707,2644.2642405063293
1360890302.707,2156.2116093366094
1360890302.706,1964.6401985111663
1360890313.104,10392.193532818534
1360890330.159,43457.46527777778
1360890321.582,433.91170058139534
1360890321.706,15828.125
1360890328.693,1779.9479166666667
1360890325.903,1828.3723614775727
1360890328.544,1670.4846398305085
1360890328.544,1810.9654017857142
1360890325.814,2069.1375329815305
1360890325.812,1614.6108179419525
1360890329.906,64.56653225806451
1360890342.594,307.34827898550725
1360890359.612,97.22222222222223
1360890343.228,3633.8582677165355
1360890343.228,3872.8918650793653
1360890343.228,3438.5221962616824
1360890343.227,20695.723684210527
1360890343.291,3177.1320093457944
1360890343.227,4773.218457943925
1360890343.227,2410.6308411214955
1360890343.291,3568.7792056074763
1360890343.148,5325.407608695652
1360890343.148,2041.748046875
1360890343.148,4688.953488372093
1360890343.144,1967.8738317757009
1360890343.144,3273.582175925926
1360890343.144,3996.1674528301887
1360890343.144,2046.5
1360890361.352,141.5127840909091
1360890359.988,753.4722222222222
1360890380.093,14343.75
1360890389.62,201.38888888888889
1360890389.62,1145.8333333333333
1360890389.62,1145.8333333333333
1360890389.62,609.375
1360890389.683,1145.8333333333333
1360890351.721,4625.051567656766
1360890389.574,1718.75
1360890398.268,291.04477611940297
1360890379.669,8078.125
1360890379.46,11890.625
1360890401.395,62744.53125
1360890389.421,541.6666666666666
1360890389.281,1625.0
1360890407.327,20805.464659685866
1360890401.145,51.86631944444445
1360890400.59,66.48706896551725
1360890416.582,2116.4583333333335
1360890416.645,2277.177526595745
1360890416.645,1485.299059139785
1360890416.645,2591.9763513513512
1360890416.645,1775.7506983240223
1360890416.645,2192.764037433155
1360890416.58,2691.0702284946237
1360890416.644,1675.0586461126004
1360890413.562,623.1971153846155
1360890415.312,11734.375
1360890416.49,1940.1111859838277
1360890416.554,3579.5110887096776
1360890416.554,955.7926829268292
1360890416.553,2921.4583333333335
1360890416.484,2943.0592991913745
1360890416.551,2141.3710212201595
1360890417.475,1854.313946015424
1360890417.475,4193.08322622108
1360890417.598,375.0
1360890417.39,3034.995167525773
1360890417.39,3270.525385604113
1360890439.282,5278.22265625
1360890429.67,2537.5
1360890453.832,203413.46153846156
1360890448.801,19467.633928571428
1360890324.639,4838.170180722892
1360890457.309,276.3157894736842
1360890439.297,6952.524038461538
1360890439.297,2540.2542372881353
1360890439.233,1610.4910714285713
1360890439.296,6626.657196969697
1360890439.868,267.85714285714283
1360890439.802,267.85714285714283
1360890439.866,267.85714285714283
1360890438.289,402.4884259259259
1360890439.214,8485.625
1360890439.212,3187.094155844156
1360890439.719,375.0
1360890439.783,375.0
1360890440.942,9438.988095238095
1360890441.068,23489.84375
1360890441.19,26517.755681818184
1360890441.254,15602.67857142857
1360890441.566,29350.69444444444
1360890442.174,27367.897727272728
1360890440.851,24831.25
1360890440.85,22002.97619047619
1360890441.037,32961.64772727273
1360890441.165,32061.718749999996
1360890441.1,26078.94736842105
1360890441.415,33712.17105263158
1360890441.58,8560.855263157895
1360890473.928,2156.25
1360890473.928,2156.25
1360890478.453,19454.769736842107
1360890478.453,19241.91810344828
1360890478.453,14450.240384615385
1360890478.517,12922.433035714286
1360890478.517,21990.679824561405
1360890478.38,15073.697916666668
1360890478.383,15859.105603448275
1360890478.447,5643.145161290323
1360890456.866,108.58585858585859
1360890482.759,272945.3125
1360890484.743,97536.45833333333
1360890467.628,4421.875
1360890467.554,2437.5
1360890467.554,148.52430555555557
1360890467.992,71368.75
1360890466.035,2219.2745803357316
1360890475.063,190.8623417721519
1360890475.506,5687.5
1360890474.922,301290.1785714286
1360890478.159,2456.570817490494
1360890478.158,4710.551330798479
1360890478.158,4317.015209125476
1360890478.158,4312.857824427481
1360890478.158,4989.682729007634
1360890478.158,7127.325858778626
1360890479.847,477.5390625
1360890478.081,4910.400390625
1360890478.081,3028.9486434108526
1360890478.08,10386.782786885246
1360890478.08,11349.431818181818
1360890478.144,2518.691037735849
1360890478.144,2142.5117924528304
1360890478.144,4122.665229885058
1360890478.144,3794.839559386973
1360890478.144,2894.069881889764
1360890478.144,6259.52743902439
1360890493.163,43514.84375
1360890493.162,320.952868852459
1360890493.461,177115.625
1360890494.518,28798.828125
1360890510.495,17328.125
1360890535.811,2156.25
1360890497.782,4303.883448540707
1360890539.467,3437.5
1360890529.882,795.6989247311827
1360890532.493,523.0263157894736
1360890534.264,2465.356691919192
1360890534.328,2025.764225181598
1360890534.328,1976.6826923076924
1360890534.326,4773.317307692308
1360890534.326,14010.416666666666
1360890534.322,1923.5576923076922
1360890534.322,2697.716346153846
1360890534.326,2477.5815217391305
1360890534.326,1483.8942307692307
1360890534.188,2071.4114450127877
1360890534.188,2327.765345268542
1360890534.188,2505.474744245524
1360890534.251,1655.7692307692307
1360890534.251,1372.6587947882736
1360890534.187,1871.9229539641944
1360890534.251,6255.571705426356
1360890534.251,13495.535714285714
1360890534.251,2712.865776081425
1360890534.251,2628.525641025641
1360890539.735,1625.0
1360890542.34,1069.2934782608697
1360890551.001,86.98381696428571
1360890554.0,45479.166666666664
1360890559.988,73.89112903225806
1360890579.577,7101.5625
1360890563.44,289208.3333333333
1360890563.291,1239.625
1360890572.747,2761.1019736842104
1360890572.747,3032.4092741935483
1360890572.718,3559.6083603896104
1360890572.718,3559.681566455696
1360890571.297,194036.45833333334
1360890571.403,20671.875
1360890573.638,1845.4748376623374
1360890573.637,2532.387262658228
1360890573.637,3249.185667752443
1360890573.637,2392.901490066225
1360890573.636,3643.092105263158
1360890573.636,3991.6699526813877
1360890573.636,2124.7964169381107
1360890573.636,3220.4861111111113
1360890573.636,2393.47516286645
1360890573.636,2540.743670886076
1360890573.635,2643.470447284345
1360890573.635,2160.7797231270356
1360890573.634,1756.3110749185669
1360890599.435,23.92578125
1360890559.878,8321.86993517018
1360890588.278,9819.247159090908
1360890591.354,1929.998224431818
1360890592.274,1616.7879971590908
1360890592.273,3604.2410714285716
1360890592.273,1478.7092776203965
1360890592.273,2510.475352112676
1360890592.273,1874.816715542522
1360890618.191,45792.96875
1360890620.424,137.89441747572815
1360890605.685,42.66493055555556
1360890607.647,608.1807324840764
1360890613.461,2000.8755387931037
1360890613.715,2337.2680131004367
1360890613.779,608.1360132158591
1360890613.778,1144.358407079646
1360890613.778,680.0331858407079
1360890613.778,2374.2559523809527
1360890630.094,22250.0
1360890620.366,89.17682926829268
1360890465.806,9565.003690944883
1360890618.252,264.9283439490446
1360890618.252,553.343949044586
1360890618.252,4156.449044585987
1360890630.853,2156.25
1360890618.824,17914.379222972973
1360890619.014,1336.0445205479452
1360890619.142,264.09527972027973
1360890619.142,329.76398601398597
1360890619.013,4455.051369863014
1360890619.013,945.2586206896551
1360890619.077,1576.5086206896553
1360890619.14,833.2604895104895
1360890619.559,310.6617647058824
1360890625.502,2422.230113636364
1360890613.661,469.2318281938326
1360890613.661,1533.7968061674007
1360890613.725,804.0021929824561
1360890613.721,1784.0721365638767
1360890613.721,616.3959251101322
1360890613.721,1879.955947136564
1360890613.721,1381.8317099567098
1360890613.721,1367.9480088495575
1360890613.721,962.6238986784141
1360890613.725,1389.6613436123348
1360890613.725,826.1288546255506
1360890613.725,735.2046460176991
1360890620.314,84.73069105691057
1360890628.249,1145.8333333333333
1360890628.312,1145.8333333333333
1360890618.198,2010.482594936709
1360890618.198,1060.1114649681529
1360890618.94,949.030172413793
1360890618.939,575.5387931034483
1360890619.067,296.32867132867136
1360890619.067,2151.4423076923076
1360890619.067,314.7945804195804
1360890618.939,200.95486111111111
1360890618.938,2359.5905172413795
1360890619.002,552.3003472222222
1360890619.066,1209.243881118881
1360890619.065,1167.832167832168
1360890619.065,1831.1844405594406
1360890619.446,695.8786231884058
1360890619.509,5762.5
1360890617.328,8723.835059171599
1360890617.328,6212.832840236686
1360890617.205,4372.285487288136
1360890616.868,8960.03787878788
1360890617.686,3488.9641608391607
1360890618.17,7200.137867647059
1360890618.96,312.5
1360890618.96,375.0
1360890619.338,66.75433168316832
1360890627.646,78348.21428571429
1360890627.77,26458.333333333332
1360890627.77,26755.208333333332
1360890627.768,26578.125
1360890627.938,589.3943584070796
1360890628.562,20456.68859649123
1360890628.56,151567.1875
1360890628.685,22598.958333333332
1360890628.685,16244.791666666668
1360890628.685,12750.0
1360890628.684,17369.791666666668
1360890628.684,28156.25
1360890628.683,20312.5
1360890628.851,2375.0
1360890627.656,7328.125
1360890629.761,38887.5
1360890631.009,2375.0
1360890632.361,84.75683279742766
1360890632.341,83.40032154340835
1360890617.304,12925.275875190258
1360890635.735,130.9814453125
1360890636.115,11734.375
1360890640.339,3924.4791666666665
1360890640.339,3932.622832369942
1360890640.339,3010.5962643678163
1360890640.339,2811.163348082596
1360890640.339,2544.427710843374
1360890640.339,4397.895592485549
1360890640.339,4393.722667638484
1360890640.338,3318.649781341108
1360890640.338,2041.5125739644973
1360890640.338,3334.203890489913
1360890639.486,2396.484375
1360890639.741,131.40737410071944
1360890640.249,3199.9540441176473
1360890640.249,2322.737068965517
1360890640.249,4511.707089552239
1360890640.245,2474.8395015105743
1360890640.245,2343.4676204819275
1360890640.245,4916.969476744186
1360890640.245,3669.104287790698
1360890640.245,3566.136853448276
1360890640.244,3728.594653179191
1360890648.917,44560.66176470588
1360890665.364,2156.25
1360890627.318,44511.33956086286
1360890652.481,4717.548076923076
1360890652.481,5149.739583333333
1360890652.479,7769.8317307692305
1360890627.322,37924.643208661415
1360890660.597,25297.379032258064
1360890660.502,19638.541666666664
1360890629.257,5476.063829787235
1360890695.468,2156.25
1360890677.45,1130.6652046783624
1360890693.949,45.461683417085425
1360890688.486,9135.120738636364
1360890688.612,8534.446022727274
1360890688.612,188765.625
1360890688.545,5866.046348314607
1360890688.608,2707.904411764706
1360890688.604,270406.25
1360890687.319,70.23026315789474
1360890688.331,3495.3703703703704
1360890688.501,5720.366379310345
1360890688.5,75244.79166666667
1360890688.5,265765.625
1360890706.02,55922.55434782609
1360890694.095,36839.84375
1360890693.948,38000.0
1360890689.442,55310.61422413793
1360890719.299,3437.5
1360890719.297,139.42307692307693
1360890719.297,3437.5
1360890698.98,188273.4375
1360890698.573,89.28571428571429
1360890702.156,112.76223776223776
1360890705.341,4281.25
1360890705.592,5867.1875
1360890435.204,342441.76136363635
1360890719.451,1625.0
1360890741.269,23961.20689655172
1360890729.247,2810.3870106761565
1360890729.243,4722.50224014337
1360890729.243,3038.695469798658
1360890729.247,4880.989583333333
1360890729.247,3315.2669270833335
1360890729.247,3438.5416666666665
1360890729.247,4499.059364548495
1360890729.148,3474.3603187919466
1360890729.148,2415.513392857143
1360890729.148,4227.701822916667
1360890729.148,3670.511744966443
1360890729.148,4929.3859649122805
1360890729.148,2009.3047752808989
1360890729.148,2612.769396551724
1360890748.153,9336.87876506024
1360890740.823,219.8254048582996
1360890744.951,4258.023648648648
1360890744.951,13821.957236842105
1360890744.951,11031.25
1360890744.951,10097.35576923077
1360890744.925,14140.625
1360890744.925,13701.508620689654
1360890742.163,3828.125
1360890744.841,8633.413461538461
1360890744.84,7479.343220338983
1360890744.84,15207.589285714286
1360890744.839,18725.260416666668
1360890765.162,2156.25
1360890737.317,53922.80957943925
1360890765.856,42424.893465909096
1360890765.114,2156.25
1360890756.752,81398.4375
1360890771.892,12.533422459893048
1360890765.934,2379.7361898016998
1360890770.019,3250.90656996587
1360890770.019,3165.902303754266
1360890770.019,5004.280821917808
1360890770.019,3461.924061433447
1360890770.078,2463.2919520547944
1360890770.078,3263.3928571428573
1360890770.078,2833.7435787671234
1360890770.082,1614.5833333333333
1360890770.082,12836.681547619048
1360890769.938,3718.430034129693
1360890770.006,6874.0026595744675
1360890769.942,4650.135869565218
1360890770.006,3381.0215946843855
1360890770.005,4297.767857142858
1360890770.005,3501.3084975369457
1360890770.005,2412.4163879598664
1360890770.005,17170.731707317074
1360890770.005,3965.913955479452
1360890770.005,3511.692533557047
1360890770.005,2669.360017123288
1360890770.005,15424.278846153848
1360890770.005,3832.2208737864075
1360890770.005,7157.269021739131
1360890770.005,9375.0
1360890773.806,698.470744680851
1360890782.145,136.4503816793893
1360890804.998,27048.295454545452
1360890800.059,3754.2259786476866
1360890800.059,2134.5009157509157
1360890800.059,1817.8819444444446
1360890800.123,3306.583180147059
1360890800.121,2529.7978624535317
1360890799.341,6421.875
1360890799.595,11375.0
1360890799.976,1063.3811090225565
1360890800.04,3920.023148148148
1360890800.039,2097.62643129771
1360890800.039,2753.0793795620434
1360890799.975,1768.5740894039734
1360890800.039,1852.796052631579
1360890800.039,3870.318352059925
1360890800.039,581.3454198473282
1360890800.039,3191.8682795698924
1360890800.039,2005.5216165413535
1360890800.039,2424.870770676692
1360890786.674,47100.91252039152
1360890811.517,7328.125
1360890816.596,10666.015625
1360890816.596,1961.1691374663073
1360890816.595,1310.3885135135135
1360890816.493,2613.9071132596687
1360890816.493,819.2896935933147
1360890816.493,1702.4001288659795
1360890816.493,1852.7527700831026
1360890816.493,350.9181701030928
1360890840.771,191.66666666666669
1360890788.321,5655.01497005988
1360890825.573,226.6270661157025
1360890832.178,464.4921875
1360890832.242,5188.493816254417
1360890832.242,5243.38107638889
1360890832.242,4888.065273037543
1360890832.174,5250.0
1360890832.238,5025.824652777777
1360890832.157,4262.79920212766
1360890832.157,5039.967105263158
1360890832.157,5473.976480836237
1360890832.157,5621.45618556701
1360890859.49,431.25
1360890838.598,2389.775413711584
1360890838.555,4306.932897862233
1360890838.554,4491.0546875
1360890842.174,3371.7554644808747
1360890842.237,5906.375
1360890842.236,7238.134398496241
1360890842.152,2977.5443989071036
1360890842.152,3856.984289617486
1360890842.152,6714.336832061068
1360890842.152,3204.234972677596
1360890842.152,2978.483606557377
1360890842.151,4082.7910958904104
1360890846.651,4344.5418074324325
1360890846.569,4596.336570945946
1360890851.69,109.375
1360890857.887,268.56617647058823
1360890862.6,8322.587025316456
1360890862.663,8128.551136363637
1360890862.663,9831.89655172414
1360890862.919,14944.711538461539
1360890862.853,10820.3125
1360890862.578,10886.363636363636
1360890862.578,13735.721982758621
1360890862.83,11958.333333333334
1360890862.766,8897.32142857143
1360890863.187,315.40697674418607
1360890869.954,133.3278364116095
1360890869.871,351.5625
1360890870.378,175.78125
1360890870.314,604.1666666666666
1360890877.133,243.25892857142858
1360890879.607,12296.875
1360890825.823,42917.07761578044
1360890888.984,31994.791666666668
1360890891.837,117.5632911392405
1360890894.085,6546.875
1360890897.895,3564.471726190476
1360890897.958,4395.104895104895
1360890897.958,3172.131748826291
1360890897.957,4579.4333133971295
1360890897.957,4129.610655737704
1360890897.957,4336.443865740741
1360890897.953,2902.2806004618938
1360890898.397,3081.7647058823527
1360890898.711,4476.3338414634145
1360890898.822,3454.579355608592
1360890898.821,3811.100181598063
1360890897.876,4088.8694638694637
1360890898.249,2798.9533847980997
1360890898.25,3852.7744630071597
1360890900.082,1895.8333333333333
1360890900.08,3702.210559796438
1360890898.732,3830.0351466992665
1360890899.237,368.8807034220533
1360890905.482,2455.9284300791555
1360890906.392,2525.5194591029026
1360890879.911,31017.065746753247
1360890937.039,718.75
1360890936.996,718.75
1360890915.786,104.16666666666667
1360890917.499,123729.16666666667
1360890914.414,686.0795454545454
1360890918.156,22789.0625
1360890918.22,46871.09375
1360890918.41,41718.75
1360890918.409,42067.708333333336
1360890918.473,29546.875
1360890921.661,5003.842213114754
1360890918.074,42479.166666666664
1360890918.327,68838.54166666667
1360890918.326,32651.041666666664
1360890918.326,58343.75
1360890930.574,4386.38630319149
1360890935.648,2586.3486842105262
1360890915.225,6761.046829446064
1360890941.856,159.65346534653466
1360890955.755,5795.36115916955
1360890976.512,11886.188271604939
1360890963.153,48.992406542056074
1360890981.215,11812.5
1360890983.329,2412.7827017114914
1360890999.873,68986.60714285714
1360890991.754,3362.6077586206893
1360891019.146,15093.75
1360891017.195,7946.428571428572
1360891018.974,14984.375
1360891020.356,360193.4840425532
1360891014.582,2176.7445799457996
1360891015.241,715.9534801136364
1360891015.24,1388.0352209944751
1360891015.62,24.747109826589597
1360891016.636,208.4558823529412
1360891016.699,61.58600278551532
1360891017.247,100.414265129683
1360891018.261,44.535928143712574
1360891015.164,666.8303571428571
1360891015.417,34.921875
1360891015.352,751.2289325842697
1360891015.352,828.6037604456824
1360891016.114,24.92751288659794
1360891016.561,195.88068181818184
1360891016.561,158.90151515151516
1360891016.625,197.06915680473372
1360891016.532,251.28676470588235
1360891016.532,195.8639705882353
1360891017.168,377.0628511235955
1360890898.057,4074.127574370709
1360890898.057,3977.595823798627
1360890898.057,3186.0879314259764
1360890926.216,3994.914887478361
1360890926.343,2512.2671143847488
1360890926.406,3123.9703757225434
1360890838.72,3004.975698907455
1360890898.814,4316.264887769125
1360891036.733,6476.017441860466
1360891036.733,264.8338607594937
1360891016.186,5926.25956632653
1360891037.048,10536.887886597939
1360891037.048,2614.9088541666665
1360891037.048,4004.942602040816
1360891037.048,2759.15404040404
1360891021.282,51.97010869565218
1360890929.564,3938.379890337878
1360890929.756,3241.5515448603683
1360890929.756,3728.6821705426355
1360890929.564,2635.648419203747
1360890929.879,2368.979697688204
1360890926.099,3503.973832179931
1360891038.678,238.37209302325581
1360890926.355,4028.3515268264846
1360891018.767,70.33554572271386
1360890930.322,2668.770268278302
1360890926.545,2964.5588024124067
1360890930.512,2691.268327348893
1360890926.799,3132.544979686593
1360890926.798,4434.284420289855
1360890898.873,3435.1472286374133
1360891028.983,77.60125698324022
1360890666.806,8301.198356908746
1360891028.982,58.7248322147651
1360891036.98,4687.5
1360891036.98,3768.5546875
1360891036.98,4380.533854166667
1360891036.979,7428.7109375
1360891036.979,1152.9947916666667
1360891036.979,3907.3893229166665
1360891037.043,381.9444444444444
1360891029.487,81.77083333333333
1360891021.363,73.57283464566929
1360890929.518,3985.7793898809523
1360890929.837,2514.865515708358
1360891019.583,1625.0
1360891038.402,1393.6011904761904
1360891038.402,1527.34375
1360891038.466,2890.625
1360891038.465,1178.463855421687
1360891039.546,2548.8541666666665
1360891037.045,1994.0159574468087
1360891037.045,1801.778590425532
1360891037.043,391.6170634920635
1360891037.039,1415.2612433862435
1360891037.977,1349.8013005780347
1360891037.973,199.08405172413794
1360891038.037,207.73121387283237
1360891038.418,489.5519578313253
1360891038.354,832.8031437125748
1360891038.354,1497.6609281437125
1360891036.174,2154.94109947644
1360891036.979,454.9534574468085
1360891036.979,2026.7619680851064
1360891036.979,1897.2387566137565
1360891037.869,1394.7557471264367
1360891037.869,1298.6709770114942
1360891037.869,169.91071428571428
1360891037.933,320.0431034482759
1360891037.932,183.18965517241378
1360891038.122,234.375
1360891039.245,367.7455357142857
1360891039.687,200.89285714285714
1360891040.994,2623.3552631578946
1360891041.056,216.34615384615387
1360891042.365,290546.875
1360891039.158,355.06465517241384
1360891039.6,175.78125
1360891041.221,281.25
1360891041.327,116.46757679180887
1360891038.983,437.5
1360891039.427,85.22727272727272
1360891054.785,1914.9925595238096
1360891050.02,104.83870967741936
1360891055.556,7583.333333333333
1360891055.225,4520.833333333333
1360891060.853,1529.886744966443
1360891063.47,1604.1666666666667
1360891064.23,1805.5555555555557
1360891064.419,1730.9027777777776
1360891063.58,1149.8161764705883
1360891079.025,139083.50840336134
1360891016.337,51624.804512958
1360891084.552,175.5859375
1360891067.67,195.76671511627907
1360891070.322,1719.4621313672922
1360891070.321,3347.2732843137255
1360891070.385,2481.6300675675675
1360891070.385,3365.9517426273455
1360891070.384,1989.9882707774798
1360891070.298,1547.3382749326145
1360891070.298,5731.350806451613
1360891070.361,1891.5962837837837
1360891070.361,1383.0441374663073
1360891070.283,2852.3416442048515
1360891070.283,7061.659946236559
1360891070.283,4683.223684210527
1360891070.283,2379.9011394101876
1360891070.283,3234.541223404255
1360891070.283,1700.423869680851
1360891070.283,2326.145552560647
1360891070.214,2718.455188679245
1360891070.278,9565.439356435643
1360891070.278,4390.625
1360891070.278,4138.692010309279
1360891070.282,1751.6047297297298
1360891070.282,1515.9206081081081
1360891070.282,1229.1385135135135
1360891070.282,1711.1691374663073
1360891082.344,57.180851063829785
1360891085.95,60.51048136645962
1360891083.991,11359.375
1360891106.488,137.32394366197184
1360891096.65,6719.669117647059
1360891096.714,3841.630520504732
1360891096.714,3147.824754901961
1360891096.713,4288.002760252366
1360891096.713,4016.462933753943
1360891096.706,4309.8719418960245
1360891096.706,4921.585648148148
1360891096.706,4151.33779264214
1360891096.706,4304.818143812709
1360891096.561,3872.444968553459
1360891096.624,3970.9187697160883
1360891096.624,5098.73046875
1360891096.624,3355.29677672956
1360891096.624,3390.5325443786983
1360891096.624,3476.0220125786163
1360891100.164,3133.1632653061224
1360891100.286,3251.3716603053435
1360891100.353,3726.831896551724
1360891100.353,3211.2911522633744
1360891100.353,2395.9530651340992
1360891100.143,2848.68108365019
1360891100.141,4615.394467213115
1360891100.204,2983.8502798507466
1360891100.203,4358.41049382716
1360891118.054,15104.897103658537
1360891109.611,2250.1736111111113
1360891114.008,199.76415094339623
1360891139.884,215.625
1360891128.752,2372.706778606965
1360891128.688,1574.0346858638743
1360891128.752,2531.3727094240835
1360891128.942,1432.676451187335
1360891128.942,2136.1328125
1360891128.942,864.1858552631579
1360891128.942,1100.9678477690288
1360891129.069,1500.872461928934
1360891129.068,1758.8541666666665
1360891130.02,2092.663770053476
1360891128.606,3013.986572890026
1360891128.669,1534.3907035175878
1360891128.86,2038.0275974025972
1360891128.86,2075.2271303258144
1360891128.86,1762.0917085427134
1360891128.859,1939.709595959596
1360891128.859,1324.6482329842931
1360891128.859,1494.0633245382587
1360891128.923,1787.4425853018372
1360891132.357,3352.6785714285716
1360891132.058,4281.25
1360891134.587,181.17977528089887
1360891131.052,13609.375
1360891131.179,169585.9375
1360891169.78,539.0625
1360891151.719,1389.0176435406697
1360891151.639,9218.532986111111
1360891151.639,1143.0173444976076
1360891151.636,2522.31599756691
1360891151.7,2017.4161585365855
1360890870.652,103816.43356643357
1360891156.336,1737.657174556213
1360891156.272,1514.6343659942363
1360891156.457,1114.536830357143
1360891155.052,790.3170620437955
1360891155.24,1148.0285812672178
1360891155.24,2360.3634428223845
1360891156.711,1246.4808558558557
1360891155.366,1638.317191283293
1360891155.366,1776.262358757062
1360891155.492,2139.9343922651933
1360891155.916,1009.1346153846155
1360891156.252,1378.0256502890174
1360891155.095,1566.0
1360891155.346,998.8922574626866
1360891155.472,1851.851851851852
1360891155.891,1975.1731049562682
1360891158.116,2390.625
1360891159.652,556.6546762589928
1360891160.965,1752.130681818182
1360891160.899,2401.785714285714
1360891159.444,785.0590796019901
1360891160.014,537.1462264150944
1360891160.142,278.1894329896907
1360891169.196,386.6580310880829
1360891187.666,249.79967948717947
1360891192.592,1078.125
1360891172.595,1106.8102904040404
1360891172.497,1880.0403225806454
1360891173.478,234.375
1360891200.73,174.10714285714286
1360891200.693,190.9722222222222
1360891200.757,190.9722222222222
1360891181.995,139169.921875
1360891179.981,147.93577981651376
1360891178.98,3017.6553672316386
1360891185.578,4273.502066115703
1360891185.578,2616.3959251101323
1360891185.577,5317.141736401673
1360891185.577,2846.274563318777
1360891185.577,2781.501004016064
1360891185.577,5566.532258064516
1360891185.577,5258.01282051282
1360891185.496,3163.057572614108
1360891185.492,4479.75
1360891185.496,3849.0720524017465
1360891185.496,3203.251008064516
1360891185.495,3138.8052208835343
1360891185.495,5401.939655172414
1360891016.249,87748.50114980289
1360891198.037,7328.125
1360891198.499,3517.7556818181815
1360891198.488,5718.08638996139
1360891198.488,4644.500968992248
1360891198.492,3566.9990272373543
1360891198.476,4802.242366412214
1360891198.479,4843.32275390625
1360891198.479,3363.082627118644
1360891198.479,3712.4121485943774
1360891198.476,5251.827830188679
1360891199.445,3367.2880901287554
1360891209.229,225921.875
1360891209.293,43671.875
1360891209.356,165812.5
1360891209.356,57007.8125
1360891209.204,114046.875
1360891209.203,62359.375
1360891209.267,136593.75
1360891209.267,66804.6875
1360891229.499,292.96875
1360891229.454,304.6875
1360891212.325,4660.423136645963
1360891212.386,4193.633177570093
1360891212.45,3549.1486068111453
1360891212.449,3106.8978658536585
1360891212.449,3284.3459752321983
1360891212.511,4534.5496894409935
1360891212.572,1880.6288819875776
1360891212.231,5435.192307692308
1360891212.294,2708.0260093167703
1360891212.358,2941.978193146417
1360891212.356,2348.393962848297
1360891212.356,2539.9630062305296
1360891212.354,3527.449324324324
1360891212.417,22239.762931034486
1360891220.091,52.69607843137255
1360891221.552,142.1210106382979
1360891225.144,14000.0
1360891225.392,14953.125
1360891223.31,1335.8477011494251
1360891229.026,4688.430851063829
1360891229.023,3444.453125
1360891229.085,1430.747487437186
1360891228.875,9542.53472222222
1360891228.938,9612.5
1360891228.874,7148.557692307692
1360891228.938,5507.451923076923
1360891228.938,4678.59375
1360891259.456,464.2857142857143
1360891258.645,18541.666666666668
1360891259.407,609.375
1360891241.701,3806.493615591398
1360891241.765,3345.6131436314363
1360891241.765,4385.213216145833
1360891241.698,2816.6471179624664
1360891241.762,2981.686827956989
1360891241.762,1417.8856382978724
1360891241.62,4771.285076530612
1360891241.62,2355.521112600536
1360891241.684,2179.459549071618
1360891241.684,1401.8847911227156
1360891241.684,1751.8476863753215
1360891241.619,4670.5596301020405
1360891241.619,2897.4759615384614
1360891241.682,3922.3191214470285
1360891241.682,1998.0053191489362
1360891245.559,13901.041666666666
1360891275.812,2156.25
1360891252.75,38304.6875
1360891252.935,4640.625
1360891253.124,190.44811320754718
1360891253.06,2988.8980263157896
1360891252.138,10665.574596774193
1360891253.13,176.13636363636365
1360891256.492,77.03025477707007
1360891255.331,68500.0
1360891256.516,52.41935483870968
1360891259.079,1437.5
1360891264.757,2309.598214285714
1360891264.756,3071.944962686567
1360891264.756,2136.1083984375
1360891264.756,3086.4086055276384
1360891264.928,2601.307957393484
1360891264.648,3339.9609375
1360891264.839,2050.360275689223
1360891264.838,1445.4150262467192
1360891264.838,1195.736434108527
1360891290.032,477.67857142857144
1360891290.032,417.96875
1360891290.031,542.96875
1360891290.031,477.67857142857144
1360891290.031,417.96875
1360891290.03,417.96875
1360891289.951,477.67857142857144
1360891289.951,477.67857142857144
1360891289.951,620.5357142857143
1360891289.951,477.67857142857144
1360891289.951,477.67857142857144
1360891289.951,477.67857142857144
1360891268.042,1133.5012594458437
1360891277.905,20671.875
1360891283.01,2166.8814432989693
1360891255.339,39445.078337874664
1360891304.998,2156.25
1360891299.077,7303.047839506173
1360891305.313,711.6071428571429
1360891289.029,5396.931475903614
1360891289.029,7229.951054216867
1360891289.09,8039.430147058823
1360891289.215,5324.48236196319
1360891289.643,6058.686023622047
1360891290.849,4525.135869565218
1360891288.945,7144.741766467066
1360891288.945,7361.634036144578
1360891289.177,5588.884730538922
1360891289.177,3982.5973053892217
1360891289.111,5029.636548913044
1360891289.174,12229.244402985074
1360891289.174,3559.442934782609
1360891289.238,3433.1837016574586
1360891304.552,91.51785714285714
1360891293.568,3058.125
1360891293.356,6206.191588785047
1360891293.482,6543.125
1360891293.479,5109.86328125
1360891299.329,1744.9596774193546
1360891319.483,23.557692307692307
1360891253.314,3364.386506782946
1360891319.39,359.375
1360891319.39,21.26736111111111
1360891299.899,2661.9318181818185
1360891299.899,666.81654676259
1360891305.522,115.26352611940298
1360891303.915,2248.8839285714284
1360891337.575,2156.25
1360891255.305,47425.20219082719
1360891342.099,3224.3303571428573
1360891326.509,6785.575259515571
1360891327.314,9812.5
1360891326.365,4241.087545126354
1360891331.618,8335.9375
1360891331.618,5371.207524271845
1360891331.618,9011.517857142857
1360891331.618,7084.41091954023
1360891331.618,8037.0370370370365
1360891331.618,5014.508928571428
1360891331.617,8155.029296875
1360891331.681,4603.723404255319
1360891331.53,8836.745689655172
1360891331.53,9363.149154589373
1360891331.53,3431.5257352941176
1360891331.526,5879.2892156862745
1360891331.529,6608.369883040936
1360891331.529,4734.049479166667
1360891331.528,5241.962139423076
1360891359.853,219791.29464285713
1360891342.379,75.45454545454545
1360891340.289,3210.9375
1360891340.646,5871.09375
1360891345.728,7570.833333333334
1360891331.228,2847.6666114058357
1360891331.228,3027.644230769231
1360891379.483,1145.8333333333333
1360891325.941,2458.914118705036
1360891379.22,1145.8333333333333
1360891379.284,859.375
1360891331.723,3148.209549071618
1360891331.723,3055.847977453581
1360891331.723,2763.925729442971
1360891331.723,3046.232592838196
1360891360.094,319890.625
1360891342.053,47292.95594262295
1360891372.631,64.47115384615384
1360891379.632,812.5
1360891379.472,541.6666666666666
1360891400.076,269.53125
1360891401.094,2156.25
1360891394.049,5278.8318452380945
1360891396.103,97.26375598086125
1360891388.803,3738.0514705882356
1360891390.842,164.3957345971564
1360891392.253,14161.458333333334
1360891394.384,4954.577464788732
1360891395.13,5599.232456140351
1360891395.106,154.36613475177305
1360891395.232,110.29411764705883
1360891393.775,9255.42534722222
1360891394.073,8601.93661971831
1360891418.898,2854.1666666666665
1360891394.031,11982.13028169014
1360891394.855,5838.642659279779
1360891399.03,149802.08333333334
1360891399.71,40765.625
1360891399.557,20406.25
1360891399.688,124375.0
1360891399.88,50379.46428571428
1360891401.386,241414.0625
1360891392.226,38883.15871868978
1360891419.052,1168.7748015873017
1360891407.317,8062.5
1360891427.654,552.8455284552846
1360891427.516,461.75373134328356
1360891427.862,292.5420168067227
1360891420.244,75.9362840466926
1360891421.839,201.77165354330708
1360891431.937,10666.958041958042
1360891436.475,129.86111111111111
1360891056.469,5476.898198461796
1360891427.412,6096.940445026177
1360891449.015,405.6818181818182
1360891440.758,1543.3823529411766
1360891441.013,88.54166666666667
1360891440.839,11037.388392857143
1360891445.223,5475.299873737374
1360891449.251,99.04661016949153
1360891458.141,892.5
1360891448.699,8274.912587412586
1360891457.821,1067.3491379310344
1360891460.198,324.65277777777777
1360891453.285,14068.962191358025
1360891459.71,1238.125
1360891461.557,182.6171875
1360891445.813,7822.916666666667
1360891445.416,4281.25
1360891447.033,9812.5
1360891461.348,6041.3651315789475
1360891469.112,454.9632352941176
1360891461.433,14287.239583333334
1360891466.585,592.1474358974359
1360891469.665,6102.678571428572
1360891477.844,572.5160256410256
1360891473.552,13979.510613207547
1360891473.678,94.25403225806451
1360891473.422,15336.863151658768
1360891469.206,109046.875
1360891469.12,75046.875
1360891469.119,596.1360837438424
1360891469.119,62519.53125
1360891469.183,720.949074074074
1360891480.403,8325.485641891892
1360891480.75,1785.7253086419753
1360891505.395,2156.25
1360891487.124,49.94877049180328
1360891505.33,2156.25
1360891487.106,63.66171003717472
1360891514.045,3291.6666666666665
1360891495.061,965.4396186440678
1360891493.713,901906.25
1360891494.98,762.6997716894978
1360891494.98,548.5951834862385
1360891496.076,1066.6360294117646
1360891496.079,874.514751552795
1360891495.992,693.7040441176471
1360891495.992,1174.9237804878048
1360891496.041,9995.44117647059
1360891503.133,848.2617781155016
1360891503.129,1105.9117268041236
1360891503.129,1464.84375
1360891503.383,32.87461773700306
1360891503.383,180.13277202072538
1360891501.358,3101.349043715847
1360891503.043,65.48002577319588
1360891506.471,12317.708333333334
1360891504.192,58.718152866242036
1360891506.359,12638.020833333334
1360891514.017,5211.647727272728
1360891512.855,1399.1477272727273
1360891515.429,973.6328125
1360891522.779,83.85942760942761
1360891520.378,92.4869011976048
1360891523.631,451421.875
1360891545.421,12198.2421875
1360891544.61,1335.2864583333333
1360891545.357,1255.681818181818
1360891524.56,710.2473498233217
1360891524.744,1583.313223938224
1360891524.808,593.6894379844962
1360891524.26,2086.872586872587
1360891524.323,818.859011627907
1360891525.659,1509.9973516949153
1360891544.311,7101.190476190476
1360891514.453,53059.59903492647
1360891548.561,10234.019886363636
1360891545.066,501.3736263736264
1360891550.056,2156.25
1360891538.921,1835.173872180451
1360891540.718,30085.9375
1360891540.717,1001.171875
1360891540.717,3381.25
1360891542.033,11000.0
1360891540.904,12155.894886363636
1360891540.614,37046.875
1360891540.612,598.3723958333334
1360891540.611,1687.5
1360891546.409,77.27635782747603
1360891546.409,52.58899676375405
1360891557.672,7578.125
1360891557.331,6421.875
1360891539.77,40802.72334039548
1360891540.673,3689.0666226912927
1360891539.667,65230.737994350275
1360891554.168,2443.482406496063
1360891551.38,2910.9522405660377
1360891617.263,2156.25
1360891617.263,2156.25
1360891637.172,171.875
1360891606.059,53809.27025139665
1360891622.696,8757.080992509364
1360891623.118,5657.855731225297
1360891639.654,53.125
1360891636.932,4796.384162303664
1360891639.505,13889.672939068101
1360891652.977,87.84722222222221
1360891647.603,4072.284836065574
1360891647.959,55371.7910268714
1360891672.312,83.984375
1360891694.433,1849.888392857143
1360891687.571,1802.8846153846155
1360891690.83,1657.4754901960785
1360891693.551,11095.595472440944
1360891695.014,7171.022727272727
1360891704.948,99.81715425531915
1360891694.583,160.00859106529208
1360891695.278,3789.0625
1360891697.169,8062.5
1360891702.491,378.22041984732823
1360891700.594,5726.58096926714
1360891692.658,55160.044216061186
1360891726.896,7328.125
1360891751.617,2156.25
1360891751.616,2156.25
1360891755.406,1737.281976744186
1360891755.66,6335.273692810458
1360891762.539,324.65277777777777
1360891755.36,16843.55095541401
1360891763.928,15713.541666666666
1360891769.354,834.8214285714286
1360891765.637,824.363425925926
1360891765.827,216.43518518518516
1360891767.931,12369.54941860465
1360891736.036,52869.88688299817
1360891772.002,265.625
1360891767.737,1673.891129032258
1360891763.83,17038.001543209877
1360891771.597,1550.2382286995514
1360891769.695,5437.810019841269
1360891776.987,9812.5
1360891810.043,481.7708333333333
1360891813.075,4333.984375
1360891805.139,14350.497159090908
1360891807.217,4693.853021978022
1360891779.244,24239.900914634145
1360891502.945,145322.41924157305
1360891502.945,122317.531779661
1360891813.33,8114.83134920635
1360891515.077,47953.36174242424
1360891798.076,70.65217391304347
1360891797.498,50.78125
1360891814.948,16392.712823275862
1360891827.02,720.2620967741935
1360891827.274,216.43518518518516
1360891824.649,882.5892857142858
1360891822.373,638.3928571428571
1360891815.007,6504.375
1360891826.845,2342.361111111111
1360891824.853,745.4637096774194
1360891829.372,12752.184139784946
1360891831.474,1295.2586206896553
1360891829.193,1065.798611111111
1360891835.305,1229.9890350877195
1360891836.475,48630.208333333336
1360891836.47,94171.875
1360891836.322,61296.875
1360891836.321,112400.0
1360891836.384,150093.75
1360891836.384,141335.9375
1360891836.511,220093.75
1360891857.757,697.75390625
1360891855.31,1433.2589285714287
1360891855.44,177.08333333333334
1360891859.639,10603.515625
1360891838.477,7051.820286195286
1360891856.645,1770.279255319149
1360891838.674,7004.6875
1360891865.51,930.3385416666666
1360891863.243,2670.5508474576272
1360891863.371,720.2620967741935
1360891863.624,216.43518518518516
1360891859.765,4520.833333333333
1360891860.02,7479.166666666667
1360891856.922,95.98214285714286
1360891892.753,262984.375
1360891866.876,5168.900923295454
1360891866.747,3112.8961267605637
1360891886.497,2156.25
1360891892.67,22250.0
1360891903.938,697.8125
1360891904.32,132.8125
1360891904.251,4906.746031746032
1360891916.451,958.3333333333334
1360891903.969,12561.197916666666
1360891933.32,583.75
1360891937.536,4281.25
1360891937.79,5687.5
1360891939.097,87324.21875
1360891939.765,13645.833333333334
1360891959.566,22507.8125
1360891959.757,12351.5625
1360891960.204,4355.113636363637
1360891961.519,23687.5
1360891959.628,45015.625
1360891967.973,2156.25
1360891966.082,6482.291666666667
1360891961.665,2028.7590579710147
1360891939.546,24545.746388443018
1360891982.758,6577.223557692308
1360891982.758,2739.99297752809
1360891982.758,4416.25702247191
1360891982.821,1081.0763888888887
1360891983.586,5596.09375
1360891983.586,198.4375
1360891983.586,414.15895061728395
1360891982.774,6241.861979166667
1360891982.71,2847.65625
1360891983.516,6116.6015625
1360891983.519,883.3984375
1360891967.469,2287.1685606060605
1360891979.919,1625.0
1360891980.423,33259.486607142855
1360891997.977,2156.25
1360891983.56,69.98593247588425
1360891984.498,50.48076923076923
1360891982.561,871.0685483870968
1360891981.915,19484.375
1360892001.451,7578.125
1360892001.194,6781.25
1360892060.839,2156.25
1360892060.774,2156.25
1360892088.582,22393.75
1360892072.837,599.033273381295
1360892085.988,94.70858895705521
1360892086.157,7588.541666666667
1360892147.511,14937.5
1360892148.444,11575.0
1360892145.622,2156.25
1360892146.447,14617.1875
1360892366.625,22601.5625
1360892366.637,15791.666666666666
1360892375.555,4545.633278145696
1360892366.921,18156.25
1360892367.803,383.6805555555556
1360892367.803,418.40277777777777
1360892367.803,398.4375
1360892367.803,434.49519230769226
1360892368.099,175.78125
1360892368.1,187.5
1360892368.416,165.44117647058823
1360892368.48,187.5
1360892368.416,175.78125
1360892368.48,200.89285714285714
1360892368.733,187.5
1360892367.692,434.49519230769226
1360892368.009,175.78125
1360892368.008,165.44117647058823
1360892368.008,187.5
1360892368.323,175.78125
1360892368.556,175.78125
1360892368.619,165.44117647058823
1360892368.619,165.44117647058823
1360892372.215,742.3655063291139
1360892372.133,650.3537735849056
1360892373.59,20453.125
1360892370.99,2174.2708333333335
1360892380.265,3400.784010600707
1360892378.689,1010.6754658385094
1360892378.689,2977.0220588235293
1360892378.689,121.55473602484471
1360892375.795,943.8424059139785
1360892378.532,1125.6996268656717
1360892378.531,240.37345201238392
1360892378.59,221.32181677018633
1360892378.59,481.163726993865
1360892378.59,1821.1805555555557
1360892378.654,1541.1458333333335
1360892381.608,3162.2596153846152
1360892399.417,12118.30357142857
1360892396.447,1805.186170212766
1360892400.926,14152.34375
1360892383.179,15526.041666666666
1360892382.972,34962.5
1360892387.792,2976.5625
1360892389.101,8084.134615384615
1360892397.651,30718.75
1360892397.524,30932.291666666668
1360892397.523,167255.859375
1360892400.131,75.87679856115108
1360892401.506,12285.15625
1360892399.223,2652.34375
1360892400.28,9203.125
1360892426.876,1145.8333333333333
1360892411.356,4723.958333333333
1360892427.595,559.2973602484473
1360892432.152,93.59975961538461
1360892437.94,27111.11111111111
1360892427.703,16375.0
1360892427.703,6343.75
1360892427.766,5130.208333333333
1360892448.757,2156.25
1360892438.405,18468.75
1360892373.677,10358.16012317167
1360892445.25,147.35991379310346
1360892439.844,15515.625
1360892440.747,10296.875
1360892456.866,1625.0
1360892459.379,6421.875
1360892459.522,5687.5
1360892486.782,2625.0
1360892486.735,3437.5
1360892438.242,5121.491083223249
1360892519.069,2156.25
1360892505.208,89.7897465437788
1360892375.234,756.9781553398059
1360892562.346,5536.458333333333
1360892606.606,3437.5
1360892622.169,204.46908602150538
1360892628.366,6890.625
1360892682.425,3159.375
1360892726.865,3437.5
1360892743.054,206.43939393939394
1360892748.58,6921.875
1360892802.199,5265.625
1360892847.283,3437.5
1360892862.549,6183.818787618229
1360892982.763,6832.03125
1360893042.702,614.8158482142857
1360893086.774,3437.5
1360893102.559,7898.4375
1360893162.607,7898.4375
1360893206.685,3437.5
1360893222.52,357.593201754386
1360893282.401,7898.4375
1360893326.538,3437.5
1360893342.396,7898.4375
1360893390.746,5395.833333333333
1360893418.499,15375.0
1360893418.472,16572.36842105263
1360893530.358,87.58636934673366
1360892375.665,452.3926973148902
1360893581.191,8.207070707070708
1360893690.022,11.5966796875
1360893690.231,11515.625
1360893765.735,47.515060240963855
1360893766.433,11.257204610951009
1360893817.321,8.507853403141361
1360893830.212,9622.395833333334
1360893870.374,8.485639686684074
1360893919.138,8.597883597883598
1360893999.05,2114.5833333333335
1360893989.882,184.7627737226277
1360894131.376,9265.625
1360894137.081,13.974201474201474
1360894190.119,19.559902200489
1360894217.16,4364.583333333333
1360894219.324,15.957446808510637
1360894271.058,16.913659793814432
1360894308.618,1783.2446808510638
1360894290.197,4257.8125
1360894311.544,1666.5736607142858
1360894304.946,47.602739726027394
1360894315.809,7270.833333333333
1360894315.279,110.94599184782608
1360894320.019,1359.375
1360894346.889,2437.5
1360894334.31,1651.0416666666667
1360894368.518,1078.125
1360894431.235,5062.5
1360894433.307,1163.4615384615386
1360894466.659,812.5
1360894461.877,10.47751168224299
1360894591.026,76.08695652173914
1360894590.281,1815.3935185185187
1360894627.058,1457.5892857142858
1360894654.973,2511.71875
1360894711.489,7.906626506024096
1360894732.292,3343.75
1360894732.519,375.0
1360894876.677,11.23768472906404
1360894889.798,1978.515625
1360894909.15,2515.625
1360894903.338,24.010047281323878
1360894930.964,32.92224080267558
1360894959.944,15.775240384615383
1360894990.623,15.775240384615383
1360895020.856,15.724840255591056
1360895130.769,162.5
1360895132.742,39.63414634146341
1360895155.646,9630.859375
1360895153.17,1350.1506024096386
1360895155.501,642.2574626865671
1360895151.893,440.1939655172414
1360895153.384,94.24603174603175
1360895156.073,3154.9479166666665
1360895157.415,15526.041666666666
1360895158.233,273.91883886255926
1360895159.056,2301.6826923076924
1360895159.947,19613.636363636364
1360895160.011,1181.7434210526317
1360895207.069,609.375
1360895207.497,453.125
1360895188.732,15.717455621301776
1360895215.28,136.90476190476193
1360895218.415,539.0625
1360895218.415,1437.5
1360895208.341,1039.7727272727273
1360895208.249,1309.9662162162163
1360895208.608,2200.284090909091
1360895267.034,3437.5
1360895251.601,122.36590038314176
1360895266.054,8.463541666666666
1360895328.054,2076.171875
1360895343.919,7.756563245823389
1360895371.382,130.53641732283464
1360895396.326,2601.5625
1360895426.936,57.6241134751773
1360895448.464,5666.666666666667
1360895477.436,3437.5
1360895478.516,190.38018433179724
1360895508.39,10609.375
1360895540.525,464.2857142857143
1360895556.158,18586.23798076923
1360895554.071,20859.375
1360895568.187,5265.625
1360895595.023,3869.7916666666665
1360895612.335,141.25251004016064
1360895623.122,8.165829145728644
1360895687.961,4578.125
1360895702.001,18.798200514138816
1360895747.629,3437.5
1360895747.802,5265.625
1360895777.578,8.44155844155844
1360895792.074,150.625
1360895854.918,1132.8125
1360895854.626,117.71924083769633
1360895867.798,5265.625
1360895927.596,3437.5
1360895927.73,5265.625
1360895962.472,17.623081841432224
1360895973.469,174.0691489361702
1360896047.484,3437.5
1360896041.039,11.337209302325583
1360896047.617,4843.75
1360896095.151,54.483695652173914
1360896108.356,1166.4402173913045
1360896134.9,8.165829145728644
1360896167.075,3437.5
1360896215.414,8.26972010178117
1360896257.699,48.87820512820513
1360896267.353,10.861280487804878
1360896272.919,9320.3125
1360896346.905,4601.5625
1360896375.822,12.007389162561575
1360896409.766,2632.8125
1360896481.785,3367.1875
1360896482.715,3850.2604166666665
1360896484.552,1750.0
1360896459.997,14.950166112956811
1360896484.564,41085.22727272727
1360896475.932,1671.875
1360896476.099,8707.03125
1360896479.532,46500.0
1360896479.532,7470.170454545454
1360896479.531,8868.30357142857
1360896479.53,64625.0
1360896482.784,312.5
1360896479.43,81968.75
1360896479.428,10696.875
1360896479.427,13359.375
1360896479.427,12361.607142857143
1360896482.375,375.0
1360896482.422,375.0
1360896500.386,120.77702702702703
1360896492.576,160.52904564315355
1360896492.702,159.3501984126984
1360896484.802,19465.625
1360896487.898,5239.314516129032
1360896490.195,937.5
1360896490.195,937.5
1360896487.852,375.0
1360896487.915,175.78125
1360896487.914,511.87499999999994
1360896489.538,910.4166666666666
1360896490.108,937.5
1360896492.581,2499.6675531914893
1360896492.517,2311.396059782609
1360896492.517,2519.594254032258
1360896492.517,1734.5595472440943
1360896492.517,2344.7755791505792
1360896492.707,2024.7878086419755
1360896492.707,2385.474537037037
1360896492.835,1334.0972222222222
1360896492.812,2339.178240740741
1360896492.812,2027.9233870967741
1360896492.812,1815.7026397515529
1360896492.812,1353.9402173913045
1360896492.876,165.44117647058823
1360896492.939,175.78125
1360896492.935,187.5
1360896492.939,175.78125
1360896492.938,187.5
1360896492.938,165.44117647058823
1360896493.573,175.78125
1360896493.637,200.89285714285714
1360896493.633,187.5
1360896493.633,175.78125
1360896492.406,2559.952445652174
1360896492.406,2000.4340277777776
1360896492.406,412.8649635036497
1360896492.405,1097.0004562043796
1360896492.405,2315.114299610895
1360896492.596,1852.07902892562
1360896492.722,1708.1857287449393
1360896492.722,2034.034090909091
1360896492.722,2032.0930755395684
1360896492.722,1886.509486607143
1360896492.722,2108.3333333333335
1360896492.786,187.5
1360896492.786,165.44117647058823
1360896492.785,165.44117647058823
1360896492.849,175.78125
1360896492.849,187.5
1360896492.849,187.5
1360896492.849,175.78125
1360896492.849,165.44117647058823
1360896492.849,165.44117647058823
1360896492.913,200.89285714285714
1360896493.458,175.78125
1360896493.457,175.78125
1360896509.915,994.5424641148325
1360896528.774,94.42934782608695
1360896528.774,94.42934782608695
1360896528.774,146.27659574468086
1360896528.774,168.15476190476193
1360896528.837,152.7777777777778
1360896526.24,1008.9878318584072
1360896523.723,5490.0775547445255
1360896528.711,216.51785714285714
1360896528.711,146.27659574468086
1360896528.774,74.30555555555556
1360896528.71,182.74456521739128
1360896528.774,167.6829268292683
1360896528.774,74.30555555555556
1360896510.444,130.20833333333334
1360896510.183,165.44117647058823
1360896510.433,156.25
1360896510.497,142.04545454545456
1360896508.156,1247.6751730103806
1360896510.344,160.71428571428572
1360896510.407,62.5
1360896508.786,177.36486486486487
1360896511.257,113.63636363636363
1360896511.168,104.16666666666667
1360896501.604,34535.01506024096
1360896518.957,251.54842342342343
1360896526.417,914.6804378531074
1360896526.541,775.0173130193906
1360896526.603,887.9708904109589
1360896526.603,942.5802595628415
1360896526.582,896.0040983606558
1360896526.581,896.875
1360896523.698,1515.817901234568
1360896526.308,806.2145892351275
1360896526.431,799.9465811965813
1360896526.431,741.4084757834758
1360896526.492,930.6880108991825
1360896526.492,1035.4166666666667
1360896526.492,1059.5543032786884
1360896526.491,1010.7204861111112
1360896523.48,5859.375
1360896523.796,670.5729166666666
1360896523.795,522.5694444444445
1360896489.821,2444.625224416517
1360896569.18,102.67857142857143
1360896550.013,1972.0982142857142
1360896549.452,2564.403328611898
1360896550.868,187.5
1360896553.545,1720.8161157024792
1360896575.718,6781.25
1360896556.059,2440.3867302052786
1360896556.04,3033.915682414698
1360896556.166,2481.400697969543
1360896484.484,3983.6035220539825
1360896556.612,2311.865234375
1360896556.739,1760.6570512820513
1360896556.738,2406.4555921052633
1360896556.863,1637.627751572327
1360896575.645,1901.3888888888887
1360896555.731,2452.3902821316615
1360896555.794,1947.8515625
1360896555.985,2070.782593123209
1360896556.112,1649.4440184049079
1360896556.112,2123.8499365482235
1360896556.112,2157.254177377892
1360896556.492,2606.478459530026
1360896556.492,2301.207165109034
1360896556.556,2583.7088557993734
1360896556.619,2073.826058201058
1360896556.619,1810.78565830721
1360896556.722,1436.2253289473683
1360896555.272,85.625
1360896556.705,1906.3787774725274
1360896556.656,2493.798828125
1360896585.589,141703.125
1360896573.485,14499.69951923077
1360896572.763,59091.66666666667
1360896573.016,1642.578125
1360896577.352,171.6933139534884
1360896578.701,111.60714285714286
1360896579.993,58.59375
1360896579.174,133.92857142857142
1360896581.339,165.44117647058823
1360896583.583,49714.389534883725
1360896587.233,1203.125
1360896592.29,163.00675675675674
1360896592.543,5867.1875
1360896622.712,239.58333333333334
1360896622.278,58.07291666666667
1360896613.691,1884.2220948012232
1360896615.364,13581.430288461539
1360896625.223,5460.069444444444
1360896639.619,97.91143216080401
1360896627.767,88069.66145833333
1360896627.974,3091.195913461538
1360896627.973,3173.4112709832134
1360896627.973,3419.3048302872066
1360896627.973,809.4200721153845
1360896627.973,2621.3003778337534
1360896627.973,2954.136690647482
1360896628.037,3650.4657451923076
1360896628.037,2543.390287769784
1360896628.037,1267.828002610966
1360896628.037,2728.064903846154
1360896627.973,3354.6424278846152
1360896627.972,3291.828648325359
1360896627.972,1842.258353221957
1360896627.972,1671.875
1360896628.036,2668.839928057554
1360896627.859,2876.348920863309
1360896627.922,1988.6579949238578
1360896627.922,2493.2369402985073
1360896627.858,1753.304503916449
1360896627.858,2900.8186397984887
1360896627.921,3410.6386198547216
1360896627.921,2554.2578125
1360896627.921,1988.5880235602094
1360896627.921,2279.9445169712794
1360896623.475,3237.872023809524
1360896677.178,1718.75
1360896680.651,1072.1914556962024
1360896680.777,6746.875
1360896685.738,2004.9372676579926
1360896685.737,1994.8132780082988
1360896685.925,1601.1100386100386
1360896685.923,1585.2153361344538
1360896685.922,1714.034090909091
1360896686.113,1875.7694128787878
1360896683.486,205.7772140221402
1360896685.467,1489.3543956043954
1360896685.53,1875.129132231405
1360896685.904,2131.1887254901962
1360896685.901,1282.6216603053435
1360896685.901,30833.333333333332
1360896686.004,1970.7471804511279
1360896686.004,1426.7322097378276
1360896686.007,1937.5
1360896686.006,1867.320819112628
1360896686.005,2107.8361742424245
1360896686.005,1565.5671296296296
1360896685.313,2259.5232664233577
1360896685.377,2092.5107758620693
1360896688.341,2143.431432038835
1360896701.233,28100.446428571428
1360896719.142,85.46686746987952
1360896701.026,5207.779255319149
1360896701.006,9633.568548387097
1360896700.986,8749.421296296296
1360896705.372,3911.4583333333335
1360896702.904,654.4642857142857
1360896737.164,270.8333333333333
1360896737.801,45.3125
1360896738.151,132.21153846153845
1360896737.086,221.5909090909091
1360896737.086,214.84375
1360896737.596,46.47435897435898
1360896737.596,65.87837837837837
1360896737.659,143.22916666666666
1360896718.642,12000.0
1360896737.64,77.38095238095238
1360896737.428,70.65217391304347
1360896738.787,206.19877049180326
1360896761.493,2156.25
1360896483.111,44569.0625
1360896764.241,11868.56617647059
1360896764.05,1912.311746987952
1360896764.05,3291.625656167979
1360896764.112,2029.6160130718954
1360896764.112,1457.4120036101083
1360896764.112,2023.1971153846152
1360896764.047,3922.862787356322
1360896764.109,3755.267857142857
1360896763.762,7015.625
1360896763.949,4067.839635854342
1360896764.013,2432.5201023391814
1360896764.013,4503.125
1360896764.013,2494.0573770491806
1360896764.013,1645.2205882352941
1360896763.948,3210.7908847184985
1360896764.011,4083.439316860465
1360896772.542,3210.9375
1360896772.808,5687.5
1360896779.425,6072.650547445256
1360896791.123,105872.314453125
1360896790.773,46.552835051546396
1360896801.903,2156.25
1360896780.003,5318.484042553192
1360896780.065,6190.189549180328
1360896780.065,5928.786057692308
1360896780.065,3519.4627192982457
1360896780.931,110.29411764705883
1360896780.931,187.5
1360896780.991,187.5
1360896780.93,175.78125
1360896780.93,187.5
1360896780.929,175.78125
1360896780.993,175.78125
1360896779.917,5378.507653061225
1360896779.98,6072.916666666667
1360896779.98,7224.57627118644
1360896779.98,5763.241525423729
1360896779.98,4502.103365384615
1360896780.835,187.5
1360896780.83,104.16666666666667
1360896790.946,2945.3125
1360896827.336,221.5909090909091
1360896827.654,491.07142857142856
1360896827.099,264.4230769230769
1360896613.419,4052.1660548396767
1360896827.05,264.4230769230769
1360896827.251,32.36607142857143
1360896831.855,1078.125
1360896843.962,179317.0955882353
1360896827.446,1625.0
1360896827.992,1625.0
1360896837.323,327.1276595744681
1360896843.563,100583.33333333333
1360896843.221,148.125
1360896873.869,3004.6153846153848
1360896886.705,1445.9438131313132
1360896886.637,3948.5167050691243
1360896886.704,1593.3119158878503
1360896886.953,1146.6410427807486
1360896887.017,1780.904314159292
1360896887.019,1577.7529761904764
1360896887.748,1009.4838308457712
1360896888.94,218.75
1360896886.891,986.1203457446809
1360896886.891,2043.6011904761906
1360896886.89,1509.77422907489
1360896886.953,1524.1815476190477
1360896886.953,1461.8303571428573
1360896886.953,974.2298578199052
1360896877.468,179.0683962264151
1360896887.012,1531.9060114503818
1360896886.691,1083.3533653846155
1360896886.88,1090.7218992248063
1360896886.944,1363.387645914397
1360896886.943,1618.1298638132296
1360896886.943,1103.5384241245135
1360896887.004,1107.84912109375
1360896887.004,1090.8052884615386
1360896887.264,1346.516148325359
1360896887.934,1526.9607843137253
1360896888.314,175.78125
1360896889.559,133.92857142857142
1360896889.745,107.14285714285714
1360896890.125,104.16666666666667
1360896889.472,107.14285714285714
1360896889.662,113.63636363636363
1360896912.337,1783.5771276595744
1360896612.405,67279.85491071429
1360896891.884,107.14285714285714
1360896896.252,77.05479452054794
1360896896.378,78.125
1360896897.327,66.02112676056338
1360896896.991,35.37735849056604
1360896915.373,1542.8977272727273
1360896916.451,39402.47252747253
1360896877.376,5104.6139196675895
1360896917.607,78.86029411764706
1360896900.151,74.8323754789272
1360896902.701,165.44117647058823
1360896902.704,187.5
1360896902.89,95.23809523809523
1360896900.884,141.50943396226415
1360896900.947,110.29411764705883
1360896903.18,165.44117647058823
1360896903.666,250.0
1360896902.249,193.01470588235296
1360896902.252,187.5
1360896900.005,845.2785326086956
1360896903.843,175.78125
1360896919.036,87.07865168539327
1360896919.24,113.85613207547169
1360896947.215,22265.916149068325
1360896947.665,14209.762168141593
1360896944.683,269.3927304964539
1360896964.967,170.9155701754386
1360896947.886,16978.55392156863
1360896947.949,9104.651162790697
1360896947.949,8232.358870967742
1360896947.948,7591.172680412371
1360896947.948,10673.032407407407
1360896947.947,7324.652777777777
1360896947.947,8688.565340909092
1360896947.947,8117.1875
1360896947.947,9088.341346153848
1360896948.011,8213.636363636362
1360896948.011,8315.056818181818
1360896948.011,7120.572916666666
1360896947.853,6386.037844036698
1360896947.853,5436.797752808989
1360896947.853,9001.953125
1360896947.853,9953.977272727272
1360896947.853,9900.710227272726
1360896947.852,9721.354166666666
1360896947.852,8559.801136363638
1360896947.852,6798.798076923077
1360896947.852,7875.994318181818
1360896947.852,10455.357142857143
1360896947.852,6657.366071428572
1360896954.799,1852.5641025641025
1360896956.561,223484.375
1360896944.996,4188.051188650306
1360896986.63,3437.5
1360896986.693,3437.5
1360896986.693,2625.0
1360896986.692,3437.5
1360896986.692,3437.5
1360896986.692,3437.5
1360896986.577,3437.5
1360896986.64,3437.5
1360896986.64,3437.5
1360896986.616,67.12962962962963
1360896991.757,1849.330357142857
1360896989.929,6018.5546875
1360896989.929,6843.896028037383
1360896989.929,5280.91755319149
1360896989.929,4709.821428571428
1360896989.929,7525.992990654206
1360896989.929,5185.739436619718
1360896989.929,5203.262061403509
1360896989.929,6290.489130434783
1360896989.929,6711.922268907563
1360896989.929,6463.671875
1360896989.929,4881.813909774436
1360896989.929,4913.498711340206
1360896989.782,7421.064814814815
1360896989.845,5465.683411214953
1360896989.845,4728.515625
1360896989.845,6224.748883928572
1360896989.845,4877.9296875
1360896989.845,6431.014150943396
1360896989.845,4664.915966386555
1360896989.845,5720.703125
1360896989.845,5120.944656488549
1360896989.845,4367.513020833333
1360896989.845,4191.69776119403
1360896991.828,187.5
1360896998.856,46928.668478260865
1360896996.713,149.87980769230768
1360897010.655,586.1607142857142
1360897011.14,15546.875
1360897016.008,3523.7268518518517
1360897016.008,3971.628289473684
1360897016.008,3003.953313253012
1360897016.007,3352.576335877862
1360897016.071,3380.1463293650795
1360897016.006,2787.109375
1360897016.07,1318.7822164948452
1360897016.07,2332.129396984925
1360897016.069,2442.265625
1360897016.069,1813.4375
1360897016.068,2452.196782178218
1360897016.068,2862.0028409090905
1360897016.322,1701.3459158415842
1360897016.386,1928.640463917526
1360897016.447,2235.022668393782
1360897016.447,1752.2230691056911
1360897015.916,2725.6765463917527
1360897015.916,4797.475961538462
1360897015.916,3951.916881443299
1360897015.915,2657.800572519084
1360897015.979,3433.1701807228915
1360897015.979,1789.2099056603774
1360897016.357,2482.664800995025
1360897016.337,2654.108502538071
1360897033.399,200.1953125
1360897047.456,8055.113636363636
1360897047.456,5364.483173076924
1360897046.74,7596.478174603175
1360897046.987,5931.09631147541
1360897047.406,6943.810096153846
1360897046.542,169.27083333333334
1360897046.606,243.75
1360897046.668,6327.132936507936
1360897046.668,5669.394841269841
1360897051.686,59250.0
1360897032.736,359.375
1360897032.62,311.2244897959184
1360897051.186,67.15425531914894
1360897051.377,302.4088541666667
1360897060.433,2156.25
1360897047.834,5320.723684210527
1360897047.218,9105.46875
1360897047.281,6263.513513513513
1360897047.004,16218.75
1360897047.129,6501.73611111111
1360897047.129,7017.4418604651155
1360897047.129,17324.59677419355
1360897047.192,3643.601190476191
1360897048.406,801.8617021276597
1360897051.219,1984.375
1360897047.885,228234.375
1360896943.727,7472.180428502648
1360897075.657,11367.1875
1360897075.337,4281.25
1360897076.948,1625.0
1360897103.532,67.83536585365854
1360897105.894,1655.241935483871
1360897111.487,16.958841463414636
1360897099.975,1149.1477272727273
1360897109.343,6638.786764705882
1360897164.637,2156.25
1360897177.58,302.4088541666667
1360897177.147,130.05952380952382
1360897177.522,130.15463917525773
1360897194.965,7398.4375
1360897195.854,23687.5
1360897196.045,44203.125
1360897196.36,11471.875
1360897195.22,67171.875
1360897195.416,45203.125
1360897195.544,22994.791666666668
1360897195.714,45203.125
1360897196.033,22507.8125
1360897196.752,56061.11391129032
1360897197.678,192.03125
1360897186.878,54244.791666666664
1360897186.795,47884.19117647059
1360897188.247,2105.46875
1360897188.247,2105.46875
1360897188.245,1046.875
1360897188.1,1684.375
1360897188.1,1684.375
1360897197.684,17533.717105263157
1360897197.26,5219.951923076924
1360897197.705,18950.0
1360897197.487,1020.2747989276139
1360897197.402,6493.303571428572
1360897222.196,302.4088541666667
1360897204.625,4618.397887323944
1360897210.626,375.0
1360897208.0,159.3671085858586
1360897210.134,4614.324534161491
1360897210.134,3465.625
1360897210.134,3577.095808383234
1360897210.134,6013.463050314465
1360897210.134,8717.12962962963
1360897210.134,4530.412946428572
1360897210.134,3406.346450617284
1360897210.133,4931.142241379311
1360897210.133,2571.458333333333
1360897210.133,4874.1579341317365
1360897210.133,3058.806818181818
1360897210.133,6232.49530075188
1360897210.197,4718.958333333333
1360897210.323,4628.125
1360897210.323,3550.4734848484845
1360897211.316,5529.730902777777
1360897210.047,3496.527777777778
1360897210.046,7753.683035714285
1360897210.046,2322.637648809524
1360897210.046,4112.996688741722
1360897210.046,4964.435634328358
1360897210.046,4354.3165467625895
1360897210.364,4113.441780821918
1360897210.236,144.6611253196931
1360897210.362,4396.809895833333
1360897210.489,312.5
1360897222.028,50.42613636363636
1360897211.928,107.14285714285714
1360897217.473,18368.489583333332
1360897236.207,9643.476277372263
1360897221.37,11500.0
1360897235.356,2265.625
1360897235.863,30214.488636363636
1360897268.633,4632.8125
1360897232.569,7085.6580829756795
1360897208.038,3221.9877428307122
1360897263.914,5203.125
1360897287.502,22.26027397260274
1360897287.502,23.214285714285715
1360897287.566,17.473118279569892
1360897287.5,20.061728395061728
1360897287.499,17.857142857142858
1360897287.563,19.57831325301205
1360897287.563,16.08910891089109
1360897288.006,15.186915887850468
1360897288.047,16.75257731958763
1360897291.879,54.16666666666667
1360897292.453,123.046875
1360897287.494,14.63963963963964
1360897267.981,6781.25
1360897268.232,11375.0
1360897268.167,7572.916666666667
1360897289.103,14.130434782608695
1360897289.483,14.130434782608695
1360897287.496,13.0
1360897288.234,13.888888888888888
1360897295.5,31.754032258064516
1360897287.498,13.771186440677965
1360897287.433,13.771186440677965
1360897280.599,16109.375
1360897282.795,18968.75
1360897309.885,599.8330152671756
1360897323.695,27812.5
1360897328.65,2156.25
1360897328.663,2156.25
1360897358.461,2156.25
1360897407.012,35.79545454545455
1360897468.265,176.747311827957
1360897489.272,20259.146341463413
1360897197.91,44693.54838709677
1360897501.371,193528.94467213115
1360897485.506,2204.9278846153848
1360897488.918,263.2893041237113
1360897489.045,103619.79166666667
1360897495.986,172.81577225130889
1360897501.326,1828.3706761006288
1360897529.699,34892.73897058823
1360897529.337,91.37658227848101
1360897521.624,7390.403368794326
1360897521.624,9213.354316546764
1360897521.624,10518.705985915492
1360897521.624,7130.321557971015
1360897521.623,9400.858274647888
1360897521.623,8066.546762589928
1360897521.623,6495.953237410072
1360897521.623,6458.258928571428
1360897522.996,7704.471982758621
1360897521.549,7974.9556737588655
1360897521.547,10606.294014084508
1360897521.546,8283.92857142857
1360897521.546,5298.214285714285
1360897545.487,2156.25
1360897529.871,88848.01136363635
1360897529.935,117180.55555555556
1360897529.935,37416.666666666664
1360897529.935,70968.75
1360897529.935,54625.0
1360897529.935,85026.04166666667
1360897529.855,45722.22222222222
1360897529.855,95060.9375
1360897529.851,44065.97222222222
1360897529.79,19740.625
1360897529.79,99072.91666666667
1360897529.853,99802.55681818181
1360897565.837,21718.195921985818
1360897555.665,291.8988853503185
1360897588.207,2625.0
1360897588.205,3437.5
1360897588.205,2625.0
1360897588.16,2625.0
1360897588.16,2625.0
1360897588.16,2625.0
1360897588.16,2625.0
1360897565.686,14484.375
1360897596.948,36976.37867647059
1360897605.328,15513.864436619719
1360897592.15,143.90569395017795
1360897596.524,114.03917910447761
1360897627.459,176.6387195121951
1360897654.709,27992.1875
1360897672.84,2204.9278846153848
1360897702.17,15718.75
1360897701.965,2623.1617647058824
1360897704.075,14005.208333333334
1360897705.327,31550.223214285714
1360897705.327,10343.75
1360897705.327,70210.9375
1360897705.517,19762.5
1360897705.517,29597.65625
1360897705.517,27718.75
1360897705.517,36453.125
1360897705.517,24256.94444444444
1360897705.517,28958.333333333332
1360897705.239,60440.97222222222
1360897705.239,14232.142857142857
1360897705.239,29728.79464285714
1360897705.239,27804.6875
1360897705.239,32593.75
1360897705.239,37186.197916666664
1360897705.428,36936.079545454544
1360897705.428,31115.056818181816
1360897705.428,22388.671875
1360897705.424,10976.5625
1360897705.428,23680.55555555556
1360897705.428,18200.0
1360897705.428,20015.625
1360897705.428,21369.791666666668
1360897705.428,13666.193181818182
1360897738.144,3437.5
1360897738.144,2625.0
1360897738.144,2625.0
1360897738.143,2625.0
1360897738.079,3437.5
1360897738.079,2625.0
1360897762.785,2156.25
1360897756.494,39434.659090909096
1360897756.494,31119.791666666668
1360897756.558,9940.340909090908
1360897756.558,15444.19642857143
1360897756.558,16015.625
1360897756.558,41300.0
1360897756.558,23000.0
1360897756.493,62345.703125
1360897756.557,40531.25
1360897756.557,6859.375
1360897756.557,40746.875
1360897756.417,17772.56944444444
1360897756.417,18375.0
1360897756.481,14569.444444444445
1360897756.481,56796.875
1360897756.481,34517.857142857145
1360897756.481,5506.696428571428
1360897756.481,38645.08928571428
1360897756.481,24292.410714285714
1360897756.48,31427.734375
1360897756.48,42958.333333333336
1360897756.48,24368.303571428572
1360897756.48,10243.055555555555
1360897769.633,49249.70518867925
1360897769.588,14484.375
1360897693.998,2519.0184964200475
1360897832.349,2621.527777777778
1360897854.437,23819.125
1360897839.658,2484.6938775510203
1360897839.662,1772.5429389312976
1360897839.661,3728.9142219387754
1360897839.661,3279.1772959183672
1360897839.661,1800.1833545918366
1360897839.661,1931.919642857143
1360897839.661,2714.325573979592
1360897839.661,1655.6138676844782
1360897839.585,2721.9225888324872
1360897839.584,1963.3962563451776
1360897839.583,3391.7354060913704
1360897839.583,2587.682423857868
1360897839.583,2274.666878172589
1360897839.583,2709.048982188295
1360897848.483,4437.015503875969
1360897848.483,4561.3493217054265
1360897848.416,3834.4109195402298
1360897848.48,5271.5371621621625
1360897848.48,4582.909399224806
1360897848.48,5735.043774319066
1360897848.387,5120.639534883721
1360897848.387,5520.3488372093025
1360897848.366,2914.333976833977
1360897854.086,13093.75
1360897857.715,4266.886210762332
1360897864.805,199460.9375
1360897864.805,230640.625
1360897864.805,223645.83333333334
1360897864.805,154527.34375
1360897864.805,337453.125
1360897864.895,100726.5625
1360897864.894,73515.625
1360897864.898,177492.1875
1360897864.898,345031.25
1360897864.961,242031.25
1360897864.96,269437.5
1360897864.816,78781.25
1360897864.816,116971.875
1360897864.878,177101.5625
1360897890.697,1169.8022959183675
1360897848.399,1871.5879549393414
1360897950.765,2156.25
1360898055.677,4676.0204081632655
1360898055.677,3468.6856995884773
1360898055.677,4706.39088114754
1360898055.741,2131.844008264463
1360898055.74,2064.185684647303
1360898055.74,2132.206632653061
1360898055.74,2921.2939049586776
1360898055.74,24570.3125
1360898055.74,4274.84631147541
1360898055.74,2263.5588842975208
1360898055.592,4546.810699588477
1360898055.592,1990.2423469387757
1360898055.592,3087.5771604938273
1360898055.592,3577.224794238683
1360898055.591,4801.51168699187
1360898055.655,3043.1947314049585
1360898055.655,2286.7381198347107
1360898055.655,2009.4912190082646
1360898055.655,2691.309400826446
1360898055.655,3281.1854338842977
1360898055.655,4157.018442622951
1360898055.655,3071.280991735537
1360898055.655,1381.2889004149379
1360898055.654,1730.888429752066
1360898055.654,2281.056301652892
1360898054.627,795.3869047619048
1360898072.742,2204.326923076923
1360898045.462,6246.014541088581
1360898107.736,16.07142857142857
1360898132.411,2156.25
1360898135.954,34717.329545454544
1360898136.148,8910.15625
1360898125.227,3030.904968454259
1360898129.542,72619.140625
1360898129.538,79137.5
1360898129.538,73210.9375
1360898129.538,62675.0
1360898129.538,83539.0625
1360898129.538,103143.97321428571
1360898129.542,36676.33928571428
1360898129.451,57753.125
1360898129.517,86179.08653846153
1360898129.517,32574.519230769234
1360898129.517,56187.5
1360898129.517,51666.294642857145
1360898129.396,82944.85294117646
1360898129.46,69549.27884615384
1360898129.46,49418.52678571428
1360898129.46,49612.980769230766
1360898129.46,40230.20833333333
1360898129.459,40453.125
1360898129.459,61665.625
1360898129.459,64840.8203125
1360898129.459,54427.734375
1360898129.459,63723.958333333336
1360898129.459,38162.109375
1360898129.459,53450.892857142855
1360898148.596,109643.96619496855
1360898135.999,169.67975206611573
1360898153.256,155.85191082802547
1360898148.6,12000.0
1360898159.246,6207.589285714285
1360898159.241,7002.604166666667
1360898159.167,235.56614349775785
1360898176.429,95612.26851851853
1360898185.05,2625.0
1360898173.464,3187.803988326848
1360898173.528,1609.86328125
1360898173.528,1306.09130859375
1360898173.528,187953.125
1360898173.528,1716.552734375
1360898173.528,1848.5107421875
1360898173.527,1621.7041015625
1360898173.591,1178.2475490196077
1360898173.527,1884.94873046875
1360898173.591,1835.75439453125
1360898173.591,1782.6593137254902
1360898173.527,1502.3193359375
1360898173.591,1405.6372549019607
1360898173.591,2180.6372549019607
1360898172.757,312.7693965517241
1360898173.395,2547.178988326848
1360898173.459,3281.3720703125
1360898173.522,2668.3823529411766
1360898173.522,2339.3382352941176
1360898173.456,1505.31005859375
1360898173.456,2129.638671875
1360898176.386,448.5005605381166
1360898200.69,5650.9765625
1360898200.754,15593.1640625
1360898200.754,12612.539556962025
1360898200.753,12334.058544303798
1360898200.753,13875.197784810127
1360898200.688,10743.75
1360898200.752,9412.860576923076
1360898200.752,10860.363924050633
1360898200.605,11225.0
1360898200.605,7204.905063291139
1360898200.669,10834.1796875
1360898200.672,16207.67405063291
1360898200.672,7782.051282051282
1360898200.672,9555.2734375
1360898200.607,11196.373456790123
1360898200.607,10577.136075949367
1360898200.671,8152.096518987342
1360898205.543,99156.25
1360898205.543,104742.1875
1360898205.537,180242.1875
1360898205.537,145041.66666666666
1360898205.458,166062.5
1360898205.458,108307.29166666667
1360898205.458,142132.8125
1360898236.316,2156.25
1360898156.922,5814.827667930661
1360898343.295,27812.5
1360898357.649,741.2263406940062
1360898362.167,4758.399566473989
1360898362.167,3939.6348110465115
1360898362.167,4916.907514450867
1360898362.167,4276.553468208092
1360898361.254,67.5
1360898362.079,3858.9662063953488
1360898362.079,5191.338511560693
1360898369.328,5945.045405982906
1360898379.466,532.1320564516129
1360898389.167,1016.3352272727273
1360898392.195,258046.875
1360898392.118,6632.211538461538
1360898392.117,166687.5
1360898395.339,78.23165529010238
1360898401.652,1805031.25
1360898417.663,198.04067460317458
1360898414.554,78075.79580745341
1360898416.996,13281.25
1360898396.003,3720.8815707133917
1360898146.2,343228.4226190476
1360898435.067,200.41546242774567
1360898447.788,22786.91123188406
1360898440.82,9810.044642857143
1360898440.82,14501.302083333334
1360898440.881,16487.45598591549
1360898440.756,10592.664930555555
1360898440.82,9287.364130434784
1360898440.82,8514.24632352941
1360898440.82,12096.788194444445
1360898446.928,1458.3213048498844
1360898477.04,18960.9375
1360898473.648,48375.0
1360898477.909,8218.75
1360898362.577,1857.0181564245809
1360898362.577,2857.044343575419
1360898362.644,2455.946059250978
1360898362.644,1937.674678591392
1360898362.58,1889.0712290502793
1360898362.58,2524.493715083799
1360898362.58,1847.9224860335196
1360898362.58,1806.1277932960893
1360898362.644,2103.3485885969812
1360898476.908,37796.875
1360898473.706,44203.125
1360898477.667,5479.166666666667
1360898362.529,1842.7025139664806
1360898362.529,2203.0027932960893
1360898362.529,3112.6920391061453
1360898362.529,2180.874650837989
1360898362.589,1954.924189491336
1360898362.589,1798.1501537171605
1360898362.589,2547.800796534377
1360898362.593,1613.803102291783
1360898484.719,39531.25
1360898486.053,35093.75
1360898485.838,26562.5
1360898484.477,69548.29545454546
1360898484.541,18898.4375
1360898482.154,39703.125
1360898486.245,34593.75
1360898493.607,24291.666666666668
1360898477.606,2510.4166666666665
1360898489.001,36281.25
1360898485.153,14620.95905172414
1360898473.093,8376.420454545456
1360898476.785,15845.22804054054
1360898476.785,22211.359797297297
1360898475.555,9703.125
1360898476.125,19048.981741573032
1360898476.696,9031.672297297297
1360898476.929,3723.9583333333335
1360898485.202,9304.660652920962
1360898485.196,11161.88226744186
1360898496.531,35593.75
1360898481.484,29273.4375
1360898481.714,17921.875
1360898484.554,3338.207347972973
1360898484.553,868.6224489795918
1360898485.821,17929.6875
1360898484.469,2600.4011824324325
1360898504.001,23854.166666666668
1360898496.318,531.6274154589372
1360898357.093,7180.06745947099
1360898507.103,2625.0
1360898475.039,6552.426397205589
1360898494.637,41007.8125
1360898494.952,84.6798780487805
1360898495.714,1320.1822916666665
1360898495.713,844.2665289256198
1360898503.267,253.38955026455028
1360898528.17,27812.5
1360898477.337,2493.3317550505053
1360898539.272,15550.0
1360898538.953,10261.363636363636
1360898702.262,16.843971631205672
1360898811.509,62.83244680851063
1360898818.611,15.75
1360898857.226,61.5234375
1360898864.34,15.625
1360899611.634,11.522861356932152
1360900305.704,15550.0
1360900301.473,4108.333333333333
1360900305.811,1941.9934640522877
1360900305.415,41007.8125
1360900329.407,95.76612903225806
1360900364.601,2156.25
1360900368.309,2156.25
1360900498.396,22781.25
1360900498.692,25718.75
1360900557.583,2156.25
1360901616.71,4.958832335329341
1360902759.672,1625.0
1360902759.672,4612.092391304348
1360902820.179,2156.25
1360902911.344,745125.0
1360902911.322,325468.75
1360902911.703,8437.5
1360902911.703,8437.5
1360902911.703,8437.5
1360902911.702,8437.5
1360902911.613,8437.5
1360902913.959,477.734375
1360902953.211,27812.5
1360902973.83,2156.25
1360902976.221,4588.641826923076
1360902985.502,6449.159564393939
1360902980.289,15371.199324324325
1360902980.985,16020.833333333332
1360902980.202,4592.447916666667
1360902983.193,3510.0446428571427
1360902983.257,22734.375
1360902983.257,11441.636029411764
1360902983.257,17800.091911764706
1360902983.256,14160.714285714286
1360902983.256,12212.05357142857
1360902983.256,12433.823529411764
1360902984.126,13171.875
1360902985.305,71664.0625
1360902983.151,18050.189393939396
1360902983.151,9143.841911764706
1360902983.15,16687.5
1360902983.15,12067.555147058823
1360902983.15,16726.5625
1360902983.15,12704.50367647059
1360902983.15,14843.75
1360902983.15,9688.701923076924
1360902983.149,9630.514705882353
1360902983.149,18435.546875
1360902983.149,17851.785714285714
1360902983.149,7678.308823529412
1360902983.149,10602.272727272726
1360902984.035,12161.184210526315
1360902985.218,149656.25
1360902985.218,160234.375
1360902993.017,20531.25
1360902994.396,5362.79296875
1360903000.017,6781.25
1360903000.208,11734.375
1360903021.885,282250.0
1360903009.424,163005.20833333334
1360903010.265,1947.069156804734
1360903010.329,2598.8661504424776
1360903010.329,2076.0569852941176
1360903010.328,3005.3926991150443
1360903010.328,2955.2327712609967
1360903010.328,2566.832595870206
1360903010.328,3177.0833333333335
1360903010.328,2129.3916420118344
1360903010.328,2181.4441568047337
1360903010.328,2743.685471976401
1360903010.327,2545.450367647059
1360903010.327,2442.076553254438
1360903010.327,2199.4593108504396
1360903010.181,2017.6069321533926
1360903010.181,2135.4779411764703
1360903010.244,2758.9351173020527
1360903010.244,2506.406710914454
1360903010.244,2972.324046920821
1360903010.244,1958.6261094674555
1360903010.244,2118.6667899408285
1360903020.469,2681.6716269841268
1360903020.532,1635.2618243243244
1360903020.376,2899.2001978891817
1360903031.755,5505.390625
1360903059.997,2156.25
1360903044.089,5314.964157706093
1360903044.089,3195.956541218638
1360903044.153,5011.522032374101
1360903044.152,4757.616487455197
1360903044.152,3792.2267025089604
1360903044.088,4579.966517857143
1360903044.152,2918.1654676258995
1360903044.151,3013.32059352518
1360903044.151,3360.943100358423
1360903044.151,2675.0672043010754
1360903044.151,3122.583183453238
1360903044.011,3484.6550179211467
1360903044.074,4198.980734767025
1360903044.074,2986.848021582734
1360903044.074,2494.287634408602
1360903044.073,3987.974683544304
1360903044.073,4833.071043165468
1360903044.073,2669.858870967742
1360903044.073,4444.413219424461
1360903044.073,4174.937185929649
1360903056.743,24570.3125
1360903062.663,20336.847389558232
1360903062.099,60.58808016877637
1360903061.803,247015.625
1360903061.716,1388.392857142857
1360903072.863,4281.25
1360903073.005,7828.125
1360903078.254,3555.015756302521
1360903069.612,8384.844080338267
1360903078.039,2708.8287275064267
1360903099.781,2625.0
1360903082.886,2351.260080645161
1360903082.886,1043.4253246753246
1360903082.949,2169.751213592233
1360903082.885,2841.129032258065
1360903082.949,1848.4526699029127
1360903082.885,2321.39268488746
1360903082.885,2442.389112903226
1360903082.885,2613.2056451612902
1360903082.884,1255.695564516129
1360903082.884,1946.1241883116882
1360903082.884,2488.9112903225805
1360903082.884,1608.2157258064515
1360903082.799,1873.7903225806451
1360903082.798,2053.4778225806454
1360903082.798,2359.4761326860844
1360903082.86,1598.2504045307444
1360903082.86,1903.4182847896438
1360903096.008,2815.5940594059407
1360903102.594,3792.6568441064637
1360903102.721,4766.638835877862
1360903102.721,2305.1049618320612
1360903102.512,3976.1450381679388
1360903102.618,2917.99856870229
1360903110.288,4596.170774647887
1360903110.288,9405.81597222222
1360903110.288,5618.177816901408
1360903110.288,5812.609265734266
1360903110.288,5309.859154929577
1360903110.288,5249.229753521127
1360903110.288,8196.506076388889
1360903110.288,8003.472222222222
1360903110.288,4201.59527972028
1360903110.288,5110.145246478873
1360903110.352,4710.49735915493
1360903110.352,4284.110915492958
1360903110.203,4705.747377622378
1360903110.203,8076.605902777778
1360903110.203,7265.4094827586205
1360903110.203,6017.045454545454
1360903110.203,7146.853146853146
1360903110.203,6343.640734265734
1360903133.01,2156.25
1360903114.88,1226.8601190476193
1360903144.906,46746.79487179487
1360903159.88,27812.5
1360903153.216,16186.41707920792
1360903138.672,7114.2578125
1360903138.671,3443.877551020408
1360903138.671,5702.168367346939
1360903138.67,6152.669270833333
1360903138.67,7987.882653061225
1360903138.67,6490.559895833333
1360903138.67,4034.1796875
1360903138.594,7145.9375
1360903138.593,7367.5
1360903138.588,12826.530612244898
1360903138.588,2757.8125
1360903138.494,3423.150510204082
1360903138.558,10067.602040816328
1360903138.558,8014.030612244898
1360903138.558,6555.013020833333
1360903138.494,3026.47953539823
1360903138.557,7642.219387755102
1360903138.557,7208.125
1360903155.053,98.1320821529745
1360902980.147,2539.4608778625957
1360903202.442,12838.541666666666
1360903200.162,219.82758620689654
1360903204.148,42.78846153846154
1360903199.378,3784.1796875
1360903202.584,9403.645833333334
1360903206.579,2453.543526785714
1360903206.578,1296.1753731343283
1360903206.642,2884.677419354839
1360903206.642,3136.3970588235293
1360903206.642,2802.144970414201
1360903206.642,2602.7934083601285
1360903206.578,3552.14552238806
1360903206.578,2558.582361516035
1360903206.578,2087.9477339181285
1360903206.642,1924.0353697749194
1360903206.642,3301.9589552238804
1360903206.642,2168.4599550898206
1360903206.641,3609.984984984985
1360903206.641,3030.693620178042
1360903208.01,267.85714285714283
1360903209.024,375.0
1360903209.01,375.0
1360903209.517,10839.84375
1360903206.46,3941.669721407625
1360903206.46,3039.2257462686566
1360903206.524,1837.8472222222222
1360903206.459,3061.1007462686566
1360903206.527,2355.205278592375
1360903206.527,2808.8727678571427
1360903206.527,2284.5882789317507
1360903208.403,1890.1041666666667
1360903208.971,170.31660104986875
1360903216.655,10.57509505703422
1360903217.194,4669.836956521739
1360903216.918,439.29083094555875
1360903221.874,2661.355633802817
1360903221.874,2707.0633561643835
1360903218.93,1625.0
1360903219.117,16218.75
1360903221.379,3205.078125
1360903245.528,34667.01388888889
1360903234.853,5450.797872340426
1360903234.853,6107.700892857143
1360903234.853,4255.429964539007
1360903234.853,2340.0930851063827
1360903234.917,4936.607142857142
1360903234.916,4176.450892857143
1360903234.916,5415.401785714285
1360903234.916,3640.9598214285716
1360903234.916,4738.255033557047
1360903237.532,7931.3401442307695
1360903234.767,4870.075757575758
1360903234.835,2630.859375
1360903234.835,4747.321428571428
1360903234.835,3508.1473214285716
1360903234.834,5241.70918367347
1360903234.834,4517.075892857143
1360903234.77,5329.676418439717
1360903234.834,3130.732913669065
1360903234.834,4186.5026595744675
1360903236.135,4289.783653846154
1360903236.447,3423.875
1360903262.368,2156.25
1360903258.843,10304.45995145631
1360903242.8,39070.3125
1360903243.239,87.875
1360903243.302,418.41004184100416
1360903267.6,28385.70601851852
1360903272.941,2156.25
1360903250.761,72.51602564102565
1360903279.822,429.6875
1360903279.821,381.9444444444444
1360903280.33,859.375
1360903280.128,572.9166666666666
1360903286.282,117.66098484848484
1360903289.878,3706.25
1360903273.861,2275.0
1360903272.66,797.7941176470589
1360903279.725,812.5
1360903279.762,1625.0
1360903300.907,583.3333333333334
1360903294.895,19.72517730496454
1360903281.154,2683.59375
1360903285.398,3625.0
1360903289.983,7571.875
1360903298.886,401.0416666666667
1360903298.953,109.01521381578948
1360903299.264,312.5
1360903298.87,382.07547169811323
1360903300.171,966.5178571428571
1360903300.55,1095.703125
1360903304.099,16380.208333333332
1360903304.29,954.3027638190955
1360903304.226,526.640625
1360903304.226,1475.0162760416667
1360903304.289,1318.3976715686274
1360903304.417,1530.573918269231
1360903304.416,1252.862004950495
1360903304.416,916.4186507936508
1360903304.416,1261.3636363636365
1360903304.416,1197.8377525252527
1360903304.145,692.5480769230769
1360903304.209,636.6164921465969
1360903304.209,668.2213930348258
1360903304.208,1680.4187192118227
1360903304.208,696.6211928934009
1360903304.143,837.2395833333334
1360903304.143,1027.6381909547738
1360903304.335,1354.3445121951218
1360903304.207,1841.8655778894472
1360903304.207,1069.7115384615386
1360903304.394,375.0
1360903304.333,1100.7380653266332
1360903304.333,1313.8020833333333
1360903304.333,1313.8020833333333
1360903304.524,1027.1256345177665
1360903304.588,1970.703125
1360903333.185,69412.5
1360903318.785,2607.553680981595
1360903324.683,291476.5625
1360903349.802,2156.25
1360903332.805,96.13715277777777
1360903335.27,26596.59090909091
1360903335.27,24759.86842105263
1360903335.33,23530.2734375
1360903335.33,17856.25
1360903335.397,18942.56756756757
1360903335.269,24362.5
1360903335.333,28298.56418918919
1360903335.333,28012.746710526317
1360903335.309,29341.346153846152
1360903335.309,20266.071428571428
1360903335.309,23607.291666666664
1360903335.306,16564.967105263157
1360903335.373,19105.034722222223
1360903335.229,28608.963815789473
1360903335.229,22448.660714285714
1360903335.229,21720.48611111111
1360903335.165,24255.208333333332
1360903335.229,25014.880952380954
1360903335.229,20804.464285714286
1360903335.229,21334.91847826087
1360903335.229,19874.13194444444
1360903335.228,24791.015625
1360903335.292,19589.84375
1360903336.432,26984.375
1360903342.344,42468.229166666664
1360903369.701,687.5
1360903369.691,859.375
1360903365.078,1401.3342696629213
1360903365.881,8531.25
1360903365.944,15625.0
1360903370.822,6469.426406926406
1360903369.151,122.06296992481202
1360903374.175,267.85714285714283
1360903375.146,43054.6875
1360903376.744,4044.1491433021806
1360903394.445,16719.51219512195
1360903398.351,572.0766129032257
1360903395.773,13313.344594594595
1360903400.385,161371.09375
1360902979.642,3054.9633936261844
1360903424.73,135.41666666666666
1360903418.135,30757.8125
1360903419.895,1664.0625
1360903423.159,62.83244680851063
1360903418.096,145475.11574074073
1360903426.887,129.12326388888889
1360903426.887,910.2112676056338
1360903426.887,920.9821428571429
1360903370.246,2672.094832251082
1360903370.246,3329.1666666666665
1360903426.95,513.0813953488372
1360903370.31,3015.7763724434876
1360903370.309,2400.598762109795
1360903370.309,2234.9009229098806
1360903370.309,2139.382489106754
1360903370.305,3411.8003229278793
1360903370.305,2946.7134757383965
1360903370.305,2894.597178270042
1360903370.308,2332.6661733046285
1360903370.308,2878.350619612069
1360903374.404,2314.4892939814813
1360903427.138,370.5357142857143
1360903427.074,140.9970238095238
1360903427.137,2345.360824742268
1360903426.815,231.03932584269663
1360903426.878,354.1666666666667
1360903426.878,215.71180555555554
1360903423.163,83.88956310679612
1360903423.163,932.3645104895105
1360903423.163,3092.963129496403
1360903423.163,685.1393884892086
1360903423.163,801.1465827338129
1360903423.226,126.78571428571428
1360903431.418,328.125
1360903423.226,2017.6977040816325
1360903431.481,316.40625
1360903428.216,162.5
1360903421.171,4675.4807692307695
1360903429.088,547.9166666666667
1360903432.603,296.2239583333333
1360903432.603,296.2239583333333
1360903424.921,1082.8804347826087
1360903432.793,360.0852272727273
1360903424.985,869.2934782608695
1360903432.793,360.0852272727273
1360903425.049,1401.5486725663718
1360903425.049,605.5743243243244
1360903424.981,890.7585470085471
1360903425.109,1026.1270491803277
1360903425.112,6035.898760330579
1360903425.112,611.0491071428571
1360903425.112,769.875
1360903425.24,439.453125
1360903425.112,477.39955357142856
1360903425.112,368.86160714285717
1360903425.112,508.2310267857143
1360903425.112,154.6474358974359
1360903432.919,549.1071428571429
1360903385.367,5867.120343839541
1360903370.196,2391.2520336225593
1360903370.26,2467.048267326733
1360903370.26,2287.460148777896
1360903370.26,2421.90882034632
1360903370.26,2937.045393318965
1360903370.26,2503.6904117009753
1360903370.26,2606.527928416486
1360903370.26,2304.2960239651416
1360903370.259,2960.878632938644
1360903370.259,2545.6769708423326
1360903430.419,306.5878378378378
1360903430.419,306.5878378378378
1360903430.419,306.5878378378378
1360903430.419,290.86538461538464
1360903298.322,8664.581313620942
1360903427.026,4509.725765306122
1360903427.09,374.3556701030928
1360903427.089,3413.3376288659797
1360903426.577,49.56896551724138
1360903426.811,1431.423611111111
1360903426.811,185.5193661971831
1360903426.807,7575.399709302325
1360903426.807,912.8521126760563
1360903423.093,6713.395979020979
1360903423.093,9250.0
1360903423.093,12596.631205673759
1360903423.092,11449.977517985611
1360903423.092,233.37765957446808
1360903423.092,2367.5809352517986
1360903423.156,451.0044642857143
1360903423.156,1081.7434210526314
1360903420.147,1007.5990437158471
1360903428.145,209.82142857142858
1360903420.4,221.85945273631842
1360903428.463,122.24264705882352
1360903428.526,350.0
1360903429.099,639.5833333333333
1360903424.421,152.38402061855672
1360903432.551,296.2239583333333
1360903432.865,524.1477272727273
1360903424.929,2838.0681818181815
1360903424.847,1057.2033898305085
1360903424.975,1668.8646788990827
1360903424.911,1704.861111111111
1360903425.039,1213.3522727272727
1360903425.039,754.6106557377049
1360903425.039,979.7512755102041
1360903425.167,517.08984375
1360903425.039,3160.7954545454545
1360903425.038,504.9426020408163
1360903433.033,893.2291666666666
1360903417.612,16511.09506302521
1360903418.685,21960.227272727272
1360903430.272,15.625
1360903434.62,880.2083333333334
1360903434.62,880.2083333333334
1360903427.067,2979.1666666666665
1360903427.13,939.5303672316384
1360903435.321,1980.46875
1360903426.869,9132.743362831858
1360903426.868,1354.3402777777778
1360903428.084,6326.581790123457
1360903428.084,1005.3680981595093
1360903428.212,596.38671875
1360903428.082,1683.090490797546
1360903428.721,1376.6447368421052
1360903428.912,953.4375
1360903428.912,1527.8942953020135
1360903428.912,2511.40625
1360903428.912,2650.062919463087
1360903428.719,3493.689903846154
1360903428.885,1213.71644295302
1360903428.885,941.9863861386139
1360903428.885,2447.357382550336
1360903429.523,140.91981132075472
1360903429.523,771.6951438848921
1360903429.523,1505.1591981132076
1360903429.521,227.00471698113208
1360903429.521,250.29481132075472
1360903440.977,2640.625
1360903440.977,2640.625
1360903429.648,2906.25
1360903432.974,88.31521739130436
1360903427.013,2067.7884615384614
1360903427.013,763.916015625
1360903427.077,832.274011299435
1360903434.561,792.1875
1360903427.076,888.4180790960452
1360903427.076,918.167372881356
1360903438.891,1055.5555555555557
1360903426.794,851.6680743243244
1360903426.794,3679.5673076923076
1360903426.794,1034.1346153846155
1360903435.814,9500.0
1360903428.001,1334.1641104294479
1360903428.131,763.76953125
1360903428.636,1787.9901960784314
1360903428.64,3518.3823529411766
1360903428.831,1352.0343959731545
1360903428.831,465.28942953020135
1360903431.903,133.55654761904762
1360903428.83,918.0998322147651
1360903428.83,2061.451342281879
1360903428.83,337.4580536912752
1360903429.467,2342.2759433962265
1360903429.466,677.158273381295
1360903429.466,469.98651079136687
1360903429.594,1208.2572992700732
1360903429.466,218.75
1360903429.466,518.8679245283018
1360903440.92,2640.625
1360903424.585,2122.5694444444443
1360903425.031,28708.902310924368
1360903419.768,3214.4607843137255
1360903441.199,624.755859375
1360903429.294,1023.0923694779117
1360903442.348,6144.791666666666
1360903442.348,13860.416666666668
1360903427.052,608.3881578947369
1360903430.572,248.30163043478262
1360903427.051,304.60526315789474
1360903435.307,1043.75
1360903436.074,432.74066091954023
1360903441.19,625.9765625
1360903442.212,673.2047872340426
1360903442.34,20276.388888888887
1360903442.34,4047.9166666666665
1360903427.043,348.35526315789474
1360903427.042,865.6470070422534
1360903431.512,283.3674065420561
1360903425.683,6238.518370607028
1360903450.284,2681.25
1360903434.41,352.67857142857144
1360903438.506,2580.128205128205
1360903438.506,1485.6770833333333
1360903450.41,2109.375
1360903438.442,2161.204268292683
1360903438.441,2101.890756302521
1360903450.345,2915.625
1360903446.505,296.875
1360903438.504,782.0444915254237
1360903438.696,1542.8046218487395
1360903438.696,2826.239224137931
1360903450.599,4015.625
1360903438.694,913.4716386554622
1360903438.822,1175.4076086956522
1360903438.885,1626.2122844827586
1360903442.661,1406.25
1360903438.821,1345.788043478261
1360903438.821,2411.2799657534247
1360903438.949,1295.028409090909
1360903443.236,1363.392857142857
1360903438.82,2221.21147260274
1360903438.883,2009.8329741379312
1360903438.883,870.3962053571429
1360903435.872,96.5909090909091
1360903431.705,139.50358851674642
1360903439.833,3086.7883663366338
1360903431.944,1487.025669642857
1360903429.063,271.27976190476187
1360903429.061,329.0035140562249
1360903440.644,4615.349264705882
1360903445.698,236.1328125
1360903445.89,4551.50462962963
1360903438.08,306.910569105691
1360903450.174,3250.0
1360903441.917,12407.552083333334
1360903441.917,15878.255208333334
1360903450.299,3933.59375
1360903450.299,1997.767857142857
1360903438.395,1954.8319327731092
1360903438.395,2561.573093220339
1360903450.299,1830.7291666666667
1360903438.395,2387.192234848485
1360903438.459,1783.0882352941178
1360903438.458,1146.2339743589744
1360903434.362,115.49539170506912
1360903438.458,1708.1997863247864
1360903438.458,2444.915254237288
1360903435.065,1269.4556451612905
1360903438.649,4059.9184782608695
1360903435.065,4367.953431372549
1360903450.553,6057.291666666667
1360903438.776,2769.7368421052633
1360903442.616,653.293918918919
1360903438.776,1232.2823660714287
1360903438.776,2263.087606837607
1360903450.616,11335.9375
1360903442.715,3721.4285714285716
1360903438.811,905.4054054054054
1360903438.811,863.4207589285714
1360903438.808,922.0157657657658
1360903438.808,902.6227678571429
1360903435.799,96.5909090909091
1360903435.799,59.2485549132948
1360903444.816,3025.7906626506024
1360903429.007,1711.5963855421687
1360903429.006,1372.8037148594376
1360903429.324,754.9528301886792
1360903441.839,4093.098958333333
1360903425.011,626.5318627450981
1360903426.861,234.375
1360903433.518,63.87578616352202
1360903449.966,3162.5
1360903427.589,468.75
1360903427.589,375.0
1360903430.204,175.78125
1360903430.201,175.78125
1360903430.456,175.78125
1360903427.5,375.0
1360903427.504,468.75
1360903444.919,245.42025862068968
1360903445.303,379.82954545454544
1360903442.293,2167.568108974359
1360903443.251,6220.607517482517
1360903443.379,1246.8525179856115
1360903443.379,307.3291366906475
1360903443.379,640.1721014492754
1360903443.251,2362.8715034965035
1360903443.315,4453.125
1360903443.315,5491.087147887324
1360903443.315,127.67857142857142
1360903445.486,1511.9742990654206
1360903442.285,2928.3854166666665
1360903443.243,12890.952797202797
1360903443.307,7983.164612676056
1360903443.361,750.3372302158273
1360903443.361,556.7670863309353
1360903451.808,18109.375
1360903431.395,117.1875
1360903429.654,375.0
1360903446.316,378.656914893617
1360903446.316,1519.802807486631
1360903446.316,348.7903225806452
1360903446.316,297.79411764705884
1360903446.316,368.93284574468083
1360903446.316,1257.937834224599
1360903450.347,58.125
1360903450.987,4750.0
1360903450.346,170.1923076923077
1360903446.442,2046.7918882978724
1360903446.442,1093.5837765957447
1360903446.442,517.2384510869565
1360903451.05,103.34429824561403
1360903450.346,134.4951923076923
1360903450.345,112.59920634920636
1360903446.441,979.8141891891892
1360903446.505,55.36684782608696
1360903443.176,403.79464285714283
1360903443.174,472.99107142857144
1360903451.301,49.59239130434782
1360903443.555,142.5925925925926
1360903443.932,102.9052734375
1360903447.966,140.13975155279505
1360903444.638,3232.6536016949153
1360903444.701,1730.8423913043478
1360903444.637,79.05982905982906
1360903444.701,405.5646929824561
1360903445.121,105.3612385321101
1360903445.184,672.3050458715596
1360903445.566,335.86014851485146
1360903449.083,620.8479020979021
1360903446.011,285.50392670157066
1360903446.139,1172.6888020833333
1360903446.139,805.3902116402116
1360903446.139,647.9828042328041
1360903446.138,2838.43085106383
1360903446.01,2345.3125
1360903449.21,327.2569444444444
1360903446.137,1448.9087301587301
1360903449.78,1590.5797101449275
1360903448.824,343.0208333333333
1360903449.334,1806.25
1360903450.165,80.21653543307086
1360903450.229,66.37596899224806
1360903446.261,396.19348404255317
1360903446.261,587.3161764705882
1360903446.261,850.6851604278075
1360903446.261,1492.9276315789475
1360903446.261,198.02807486631016
1360903446.261,367.10438829787233
1360903446.261,468.1651069518716
1360903450.864,158.6334745762712
1360903450.932,9500.0
1360903450.931,4718.75
1360903450.291,148.05947580645162
1360903450.995,3734.375
1360903450.994,526.9097222222222
1360903446.386,345.09408602150535
1360903446.386,910.405585106383
1360903446.386,1528.091755319149
1360903446.386,3788.0067567567567
1360903446.386,1933.8430851063831
1360903446.45,55.36684782608696
1360903458.418,3166.6666666666665
1360903446.45,2126.953125
1360903443.057,4322.293133802817
1360903443.121,4872.65625
1360903443.121,196.20535714285714
1360903443.121,380.46875
1360903443.121,2376.6622340425533
1360903443.116,65.04875886524823
1360903451.353,7736.979166666667
1360903451.353,1921.875
1360903443.544,1927.3554104477612
1360903444.562,79.05982905982906
1360903444.561,7016.949152542373
1360903445.006,5495.917792792793
1360903448.077,154.37104430379748
1360903445.192,1608.1845238095239
1360903445.256,3458.089953271028
1360903437.45,2632.488019169329
1360903445.96,964.2506544502618
1360903446.088,1718.1682180851064
1360903446.088,572.4206349206349
1360903446.088,2872.1891534391534
1360903448.711,459.7630718954248
1360903449.158,470.66326530612247
1360903446.086,477.2203947368421
1360903446.086,1339.0299479166667
1360903446.086,308.8624338624338
1360903446.086,1788.6904761904764
1360903446.086,1144.3684895833333
1360903446.086,1058.366402116402
1360903449.455,1071.3141025641025
1360903441.837,933.5443037974684
1360903432.229,208.33333333333334
1360903450.857,73.625
1360903450.227,722.3919172932331
1360903450.418,86.68154761904762
1360903446.704,105.19719251336898
1360903449.261,2106.879340277778
1360903450.22,584.2592592592592
1360903450.859,71.75
1360903441.421,1298.2954545454545
1360903458.449,927.464430894309
1360903458.451,1552.591463414634
1360903460.171,1158.203125
1360903460.171,1214.35546875
1360903460.171,277.5065104166667
1360903460.171,1083.1705729166667
1360903460.17,387.20703125
1360903460.17,1348.9583333333333
1360903460.17,715.8203125
1360903460.17,378.2552083333333
1360903460.17,659.8307291666666
1360903460.169,974.7721354166666
1360903460.169,378.2552083333333
1360903458.153,589.1978346456693
1360903458.405,609.8831300813008
1360903458.405,1366.2347560975609
1360903458.405,571.1805555555555
1360903460.094,1070.6380208333333
1360903460.094,841.30859375
1360903460.094,111.00260416666667
1360903460.094,1359.2122395833333
1360903460.094,836.42578125
1360903460.094,836.7513020833334
1360903460.093,203.77604166666666
1360903460.093,1371.7447916666667
1360903461.237,1880.2083333333333
1360903464.435,3796.875
1360903458.136,43841.21621621622
1360903458.072,1027.9281496062993
1360903458.072,34473.254504504504
1360903446.296,1874.4485294117649
1360903452.401,6039.27951388889
1360903452.401,5130.859375
1360903452.401,6885.47092013889
1360903452.464,2511.9229094076654
1360903456.688,2883.968609865471
1360903449.774,733.666918429003
1360903452.393,6096.571180555556
1360903452.393,7759.385850694444
1360903451.172,58.55582524271845
1360903451.172,126.36529126213591
1360903455.331,78.06096311475409
1360903447.897,234.375
1360903450.038,1790.151515151515
1360903450.711,920.1116771159875
1360903446.991,75.43103448275862
1360903447.774,267.85714285714283
1360903448.657,312.5
1360903450.158,409.26955521472394
1360903450.478,50.68359375
1360903450.539,79.54545454545455
1360903466.906,1497.2615979381442
1360903450.329,112.43099369085174
1360903451.032,20.91815960912052
1360903470.928,2872.1354166666665
1360903471.185,7416.666666666667
1360903471.249,5994.791666666667
1360903471.566,13656.25
1360903451.982,3437.6066552901025
1360903451.981,5481.22866894198
1360903468.552,1911.830357142857
1360903452.874,1366.543458781362
1360903464.52,3751.6276041666665
1360903461.64,2344.1901408450703
1360903464.629,1459.940159574468
1360903464.501,2547.6888020833335
1360903453.109,310.28409090909093
1360903469.556,8716.045673076924
1360903469.62,6831.597222222223
1360903469.616,18232.01650943396
1360903469.62,423.97836538461536
1360903470.193,7527.698863636363
1360903462.256,4374.522900763359
1360903473.135,331.25
1360903465.711,1457.4762658227849
1360903465.711,5708.465189873417
1360903465.519,271.6796875
1360903465.518,7040.8203125
1360903465.71,1604.628164556962
1360903470.506,5751.220703125
1360903470.569,1183.203125
1360903458.473,922.0971563981043
1360903450.536,200.97843450479232
1360903451.174,35.00405844155844
1360903470.886,2131.7708333333335
1360903470.886,9415.104166666668
1360903471.14,4640.625
1360903451.363,51.58319536423841
1360903468.365,2664.2795138888887
1360903460.3,4212.6953125
1360903451.852,2733.418367346939
1360903452.17,20245.512543252593
1360903460.81,487.38532110091745
1360903464.328,3387.7551020408164
1360903452.807,1628.5282258064515
1360903464.454,13388.997395833334
1360903472.39,11335.9375
1360903464.581,5967.586436170212
1360903462.213,4102.9341603053435
1360903469.573,3739.38679245283
1360903453.06,310.0568181818182
1360903465.662,2745.253164556962
1360903465.662,2409.2167721518986
1360903465.662,8122.824367088608
1360903451.55,111765.625
1360903468.656,11085.50347222222
1360903468.656,21542.534722222223
1360903468.656,16758.02951388889
1360903469.874,2935.997596153846
1360903469.681,4393.136160714285
1360903471.147,4863.636363636363
1360903471.529,697.3958333333334
1360903468.648,14947.69965277778
1360903468.648,6993.92361111111
1360903468.648,16426.86631944444
1360903469.797,2545.1061320754716
1360903469.797,3830.1504629629626
1360903469.797,2446.0495283018868
1360903469.861,1932.391826923077
1360903471.511,297.13541666666663
1360903454.955,5828.733766233766
1360903470.912,780.3442028985507
1360903471.357,867.3199152542372
1360903471.42,252.15517241379308
1360903471.547,176.06026785714286
1360903471.61,321.65948275862064
1360903472.412,5070.878623188406
1360903472.858,1784.7842261904764
1360903472.858,427.20588235294116
1360903472.858,4627.232142857143
1360903472.857,3012.276785714286
1360903472.857,1022.7640086206898
1360903472.921,1111.9791666666667
1360903472.921,1803.8461538461538
1360903472.857,5853.125
1360903472.857,1677.59900990099
1360903472.857,3297.0588235294117
1360903473.049,5327.0263671875
1360903473.049,886.0012755102041
1360903473.049,3856.3144329896904
1360903473.049,1180.734536082474
1360903473.048,619.6073008849557
1360903473.048,2086.9845360824743
1360903473.048,906.4110824742269
1360903473.112,4028.645833333333
1360903473.108,2145.1822916666665
1360903472.855,4245.163690476191
1360903472.855,3346.139705882353
1360903472.855,396.67792792792795
1360903472.919,2062.8104304635763
1360903473.047,4060.083762886598
1360903473.047,2668.3311855670104
1360903473.11,1351.965206185567
1360903471.117,1338.4576612903224
1360903471.224,130.46875
1360903471.223,4304.427083333334
1360903471.287,968.2539682539683
1360903471.35,294.1810344827586
1360903471.478,190.515350877193
1360903471.478,153.234649122807
1360903471.414,351.82291666666663
1360903471.477,155.69196428571428
1360903476.275,9500.0
1360903471.985,8226.72193877551
1360903472.366,9276.834239130436
1360903472.811,1919.8529411764707
1360903472.811,1078.3943965517242
1360903472.811,2838.419117647059
1360903472.811,2373.345588235294
1360903472.811,1044.4504310344826
1360903472.875,2909.226190476191
1360903472.81,1099.2726293103447
1360903472.81,2098.7132352941176
1360903472.81,1036.764705882353
1360903472.81,3577.7573529411766
1360903472.81,3714.5220588235293
1360903472.81,4944.852941176471
1360903472.81,856.1698717948718
1360903473.001,3339.884020618557
1360903473.001,251.28865979381442
1360903473.001,707.4298469387755
1360903472.936,15434.495192307691
1360903473.0,231.31443298969074
1360903473.0,541.8814432989691
1360903473.0,2534.471649484536
1360903473.0,934.3507751937985
1360903473.0,3832.908163265306
1360903473.0,256.7654639175257
1360903472.996,2105.0257731958764
1360903473.06,3599.609375
1360903459.157,1521.6346153846155
1360903458.999,504.16666666666663
1360903461.324,9506.25
1360903461.319,163230.46875
1360903461.319,10200.0
1360903461.573,36769.53125
1360903461.762,286338.5416666667
1360903462.052,62093.75
1360903461.345,46300.78125
1360903461.726,6710.9375
1360903461.725,10750.0
1360903463.182,20402.34375
1360903463.182,110158.65384615384
1360903464.363,74941.40625
1360903462.841,94793.52678571429
1360903463.092,15511.71875
1360903480.302,1114.3318965517242
1360903485.286,18544.270833333332
1360903474.263,13158.333333333334
1360903474.687,66081.25
1360903475.866,125093.75
1360903475.865,64363.28125
1360903476.878,54167.96875
1360903473.841,312.5
1360903475.024,5779.296875
1360903476.784,289041.6666666667
1360903477.037,298.8013698630137
1360903476.512,5832.589285714285
1360903477.53,237181.25
1360903477.528,51351.5625
1360903478.665,48114.583333333336
1360903478.665,10515.625
1360903478.664,40.76086956521739
1360903478.728,102524.55357142857
1360903477.501,15437.5
1360903477.488,114197.91666666667
1360903478.572,37588.06818181818
1360903478.636,46609.375
1360903478.636,191458.33333333334
1360903478.635,9708.333333333334
1360903478.571,75125.0
1360903478.635,46.875
1360903499.539,41.313559322033896
1360903482.695,3.620906801007557
1360903482.61,86.23310810810811
1360903487.568,1378.3396946564885
1360903462.598,3531.3818565400843
1360903507.329,33.854166666666664
1360903510.858,67.70833333333333
1360903507.337,38.69047619047619
1360903207.847,2659.366443765796
1360903496.063,2994.5973258706467
1360903496.063,3293.446072319202
1360903496.063,1872.2587719298244
1360903496.063,5049.833579881657
1360903496.063,3578.7484413965085
1360903496.126,2473.8143844221104
1360903496.126,3274.874055415617
1360903496.061,4275.0376506024095
1360903496.061,1759.2117537313432
1360903496.061,2372.434701492537
1360903496.125,5146.022727272728
1360903496.972,2807.3699874686718
1360903496.972,2544.8538557213933
1360903496.972,2516.091417910448
1360903497.036,2737.4067164179105
1360903497.036,3445.5457089552237
1360903496.972,3402.1586658354113
1360903496.971,2416.122512437811
1360903497.035,2782.2994402985073
1360903497.035,2409.187030075188
1360903497.161,3203.5961055276384
1360903501.987,4350.9837962962965
1360903502.87,4286.001461988304
1360903502.87,5424.182692307692
1360903537.637,4484.375
1360903537.908,1101.5625
1360903538.354,533.8541666666666
1360903521.887,21947.443181818184
1360903521.95,19115.95394736842
1360903521.95,13761.71875
1360903522.012,42527.34375
1360903522.076,14115.625
1360903522.075,10887.01923076923
1360903522.139,67890.625
1360903522.137,24975.0
1360903522.2,24065.625
1360903522.2,21831.473214285714
1360903522.2,43320.3125
1360903522.389,236656.25
1360903522.801,8012.499999999999
1360903522.865,10111.71875
1360903522.927,36822.916666666664
1360903522.863,15194.53125
1360903522.926,17237.723214285714
1360903522.99,10629.6875
1360903522.99,11503.125
1360903522.989,7501.953125
1360903523.177,23275.568181818184
1360903561.794,22762.221534653465
1360903553.429,1727.3936170212767
1360903555.585,15093.75
1360903555.583,5502.604166666667
1360903271.206,41528.61201298701
1360903559.598,1928.246359223301
1360903559.598,1802.7912621359224
1360903559.598,1645.0621966019417
1360903559.661,7581.0546875
1360903559.725,2112.410071942446
1360903559.725,881.1356707317073
1360903559.725,1625.5702554744526
1360903559.596,1416.1622276029057
1360903559.66,2037.9409975669098
1360903559.659,844.1681873479318
1360903559.723,8554.496951219513
1360903559.723,1432.0121951219514
1360903561.098,887.524162371134
1360903562.273,1603.9972899728998
1360903559.508,1730.7342233009708
1360903559.508,2023.5512742718447
1360903559.508,711.2408980582525
1360903559.508,1375.4930218446602
1360903559.635,1253.9634146341464
1360903559.635,940.4725609756097
1360903559.635,1379.344512195122
1360903559.805,463.39285714285717
1360903560.818,875.1598465473146
1360903562.189,927.3797425474255
1360903562.182,1142.361111111111
1360903600.884,123.046875
1360903595.966,57021.34683098591
1360903603.902,31.25
1360903596.108,46.52777777777778
1360903619.476,248.78472222222223
1360903609.83,1625.0
1360903610.149,23640.625
1360903609.936,149.16666666666666
1360903639.584,3437.5
1360903639.583,1145.8333333333333
1360903604.954,14743.530499075785
1360903639.472,1718.75
1360903632.832,1423.5819327731092
1360903630.461,410.0506756756757
1360903640.42,5086.647727272728
1360903642.487,4372.811284046692
1360903642.487,5159.829545454546
1360903642.487,4685.789233576642
1360903642.487,4930.2662037037035
1360903642.487,5953.06712962963
1360903642.487,3110.83984375
1360903642.487,5054.26025390625
1360903640.328,6191.170302013423
1360903640.325,4455.098122866894
1360903640.325,4659.621147260274
1360903642.399,4626.234965635738
1360903642.399,3463.4615384615386
1360903642.399,2819.8317307692305
1360903642.399,3783.0528846153848
1360903642.399,5052.5
1360903642.395,4670.13888888889
1360903642.394,3660.8349420849418
1360903642.394,3842.319139194139
1360903642.394,4587.386363636363
1360903642.394,4530.01179245283
1360903642.394,5668.339416058395
1360903663.382,2780.7565789473683
1360903662.423,71.03683774834437
1360903686.818,62.83244680851063
1360903681.463,5328.343531468532
1360903672.861,1816.681338028169
1360903689.956,178772.32142857142
1360903677.469,4140.306122448979
1360903677.533,2474.158653846154
1360903677.529,3591.4486434108526
1360903677.465,4075.745558375634
1360903677.468,2724.278846153846
1360903677.468,3487.349302030457
1360903677.532,2677.192408376963
1360903677.532,2815.7832278481014
1360903675.252,7462.5
1360903677.364,3630.798969072165
1360903677.362,3072.522095959596
1360903677.426,1409.5332278481012
1360903677.362,2862.531565656566
1360903677.426,3121.3634910485935
1360903677.426,1970.01582278481
1360903677.426,4041.467875318066
1360903677.426,2028.362341772152
1360903677.426,3405.5689102564106
1360903677.426,3172.4373393316196
1360903677.426,2122.7221867007675
1360903677.426,2346.9145569620255
1360903677.426,1940.862341772152
1360903677.425,2891.534810126582
1360903693.76,15.625
1360903690.143,104.52586206896551
1360903716.974,22537.5
1360903702.906,1596.6183574879226
1360903702.905,2524.9774639423076
1360903702.969,1576.35195035461
1360903703.032,1502.096036585366
1360903703.221,1761.7282082324455
1360903703.347,2112.100737100737
1360903704.465,812.6992984693877
1360903702.889,2058.4545724465556
1360903702.953,1783.312958435208
1360903703.142,1874.7345266990292
1360903703.206,1685.1581695331695
1360903703.206,1812.19806763285
1360903703.269,2072.2222222222226
1360903703.332,1882.2115384615386
1360903703.395,1674.0579044117646
1360903703.458,2075.143417874396
1360903703.458,1737.0807926829268
1360903703.458,1815.3132603406325
1360903703.458,1093.9035626535626
1360903703.458,1322.9166666666667
1360903703.457,1494.300558312655
1360903703.521,1625.6462895377128
1360903739.975,339.164402173913
1360903736.935,27369.62365591398
1360903724.072,1858.5069444444443
1360903727.147,82.46970663265306
1360903734.239,118859.375
1360903734.237,1651.2044270833333
1360903734.144,45091.517857142855
1360903734.208,37440.625
1360903734.398,39967.1875
1360903734.142,27739.0625
1360903734.269,26470.3125
1360903762.464,136312.5
1360903781.035,76.171875
1360903781.419,130.0
1360903762.62,1421.916335978836
1360903762.425,108.37765957446808
1360903773.742,2513.9627659574467
1360903772.001,4417.059748427673
1360903758.467,7003.752587991718
1360903778.556,3289.995026525199
1360903778.554,1931.9256756756758
1360903778.554,3122.049534574468
1360903778.474,3029.83710106383
1360903778.474,2232.327874331551
1360903792.128,12887.19512195122
1360903807.634,8687.5
1360903784.986,4273.802570093458
1360903785.05,4780.362776025237
1360903785.05,3983.9169381107495
1360903785.048,4469.188084112149
1360903785.048,2826.061320754717
1360903785.176,5013.358410493827
1360903785.174,3224.927325581395
1360903784.902,5191.840277777777
1360903785.093,2233.912417763158
1360903785.093,2442.844055374593
1360903785.093,4132.572852760736
1360903785.093,4868.614551083591
1360903785.093,3225.461409395973
1360903785.093,3685.95297029703
1360903785.093,3774.980709876543
1360903807.233,22250.0
1360903802.901,180.55555555555554
1360903787.05,3370.8881578947367
1360903787.241,4225.364963503649
1360903792.234,36.62367724867725
1360903802.878,3097.0892137096776
1360903803.448,2306.5011160714284
1360903817.681,281140.625
1360903818.629,194609.375
1360903818.937,2334.375
1360903819.127,2593.75
1360903803.57,2324.7532894736846
1360903803.634,2649.2042440318305
1360903803.554,3060.00664893617
1360903813.11,730.5314171122996
1360903813.3,1313.8020833333333
1360903813.491,15125.0
1360903817.846,1582.7205882352941
1360903817.846,2324.8330860534124
1360903817.85,3134.3657270029676
1360903817.914,2196.5247844827586
1360903817.846,2616.561572700297
1360903817.91,1740.3492647058822
1360903817.91,2291.4823008849557
1360903817.768,1876.3918821839081
1360903817.831,2621.2775735294117
1360903817.831,1565.4037610619469
1360903817.764,2040.261008522727
1360903817.828,3569.3840579710145
1360903817.828,1774.8135653409092
1360903819.623,3356.426164215686
1360903827.655,3551.382211538462
1360903827.655,3314.165900735294
1360903827.655,2301.6913082437277
1360903827.575,3090.1003649635036
1360903827.57,3420.9055656934306
1360903830.954,1968.8998800959232
1360903831.022,2535.8009708737864
1360903831.021,2033.715109223301
1360903840.542,59.438961988304094
1360903844.283,55044.642857142855
1360903844.346,1278.6585365853657
1360903844.216,1805.4045893719808
1360903844.216,2941.706730769231
1360903844.28,21061.383928571428
1360903844.343,1937.5
1360903844.177,3410.8009708737864
1360903844.177,2038.455703883495
1360903844.177,3963.174882629108
1360903844.177,1673.0127427184466
1360903844.177,1176.805218446602
1360903849.007,232075.0
1360903863.378,16610.128012048193
1360903857.422,3960.2764423076924
1360903857.422,3536.2572393822393
1360903857.421,3189.2667844522966
1360903857.344,3236.879355400697
1360903857.344,3361.8514150943397
1360903887.08,2253.5021551724135
1360903887.08,485.18318965517244
1360903887.207,867.1875
1360903871.463,2912.658898305085
1360903871.527,3479.4351374570447
1360903871.526,1281.0889175257732
1360903871.462,3338.0826271186443
1360903871.462,2544.1459760273974
1360903871.526,2775.2118644067796
1360903888.394,257.97872340425533
1360903888.525,130.7091346153846
1360903640.841,1971.5226284837636
1360903886.151,5019.245426829269
1360903886.151,4927.083333333333
1360903886.151,804.3064024390244
1360903886.151,3498.6496913580245
1360903886.151,6192.835365853658
1360903886.151,3371.527777777778
1360903886.15,3235.7253086419755
1360903886.15,3723.721590909091
1360903886.15,1068.8202247191011
1360903886.214,3938.311688311688
1360903886.214,5075.390625
1360903886.954,1055.5555555555557
1360903886.954,3300.5514705882356
1360903887.142,2508.413461538462
1360903887.209,144.53125
1360903890.217,4750.0
1360903874.664,1547.235576923077
1360903887.843,1404.8295454545455
1360903483.745,5049.843480138169
1360903888.222,11285.45673076923
1360903872.477,1190.5817474048442
1360903872.477,4173.411016949153
1360903872.477,2225.712159863946
1360903872.477,3264.2478813559323
1360903872.477,2742.4788135593217
1360903872.477,2595.2097750865055
1360903872.477,2758.792372881356
1360903872.476,2125.529661016949
1360903872.54,1937.8720238095236
1360903872.54,3151.5834731543623
1360903640.778,2009.6993751593982
1360903885.958,420.48611111111114
1360903886.085,6713.414634146342
1360903886.085,1868.75
1360903886.085,1200.0762195121952
1360903886.148,4776.62037037037
1360903886.084,2585.841049382716
1360903886.084,572.9801829268292
1360903886.084,3555.9413580246915
1360903886.084,831.3643292682927
1360903886.084,3530.864197530864
1360903886.084,717.0350609756098
1360903886.147,6609.983766233766
1360903886.147,1603.0844155844154
1360903886.91,3766.304347826087
1360903891.002,381.9444444444444
1360903891.318,487.5
1360903890.601,279.84375
1360903890.601,278.59375
1360903890.601,682.03125
1360903890.601,1160.3125
1360903890.601,519.0217391304349
1360903890.601,1211.5625
1360903891.111,139.20454545454544
1360903886.144,1852.7181952662722
1360903890.211,21008.602528089887
1360903887.075,504.75543478260863
1360903890.976,145.66532258064515
1360903891.359,692.5060679611651
1360903890.975,181.61962365591398
1360903891.423,356.0049019607843
1360903890.975,803.6123853211009
1360903891.487,352.1039603960396
1360903891.487,948.7933168316832
1360903891.487,1963.02599009901
1360903891.486,879.7957920792079
1360903891.486,1126.0829207920792
1360903891.358,1338.8956310679612
1360903891.422,228.03217821782178
1360903891.486,103.6509900990099
1360903891.486,1156.404702970297
1360903891.55,363.125
1360903891.55,1695.3125
1360903891.55,1080.625
1360903891.55,288.03661616161617
1360903891.55,456.25
1360903886.078,3068.8794378698226
1360903886.077,2362.4260355029587
1360903890.934,549.3119266055046
1360903891.317,832.9793689320388
1360903891.317,1478.4587378640776
1360903891.289,560.0728155339806
1360903891.289,356.0049019607843
1360903891.481,195.625
1360903891.481,512.1875
1360903891.481,106.5625
1360903890.748,8510.876225490198
1360903890.812,794.3997524752475
1360903890.812,136.29331683168317
1360903890.876,137.65625
1360903879.472,1625.0
1360903884.204,2421.755268199234
1360903886.36,429.1158536585366
1360903887.06,802.6494565217391
1360903890.135,1625.0
1360903892.212,446.5957125603865
1360903892.592,280567.7083333333
1360903892.129,490.86654589371983
1360903892.129,36062.5
1360903892.129,223.44501201923077
1360903892.49,4248.88085399449
1360903914.28,1169.5926966292134
1360903914.28,2573.330965909091
1360903914.28,3296.875
1360903914.28,6655.007102272728
1360903914.28,4980.113636363637
1360903914.279,4053.721910112359
1360903914.279,4561.797752808989
1360903914.279,2876.4204545454545
1360903914.279,25576.620370370372
1360903914.279,4460.323033707865
1360903914.725,1326.742256637168
1360903914.789,832.5892857142857
1360903917.952,1583.3333333333333
1360903914.234,4449.087078651685
1360903914.234,6142.578125
1360903914.234,5004.261363636363
1360903914.234,3728.9325842696626
1360903914.234,5972.478693181818
1360903914.234,1213.4831460674159
1360903914.234,2036.2215909090908
1360903914.234,6031.25
1360903914.234,3064.9578651685392
1360903914.234,3433.1109550561796
1360903914.871,380.0
1360903900.779,10.569852941176471
1360903913.345,2093.6959342560554
1360903918.009,25269.99327956989
1360903918.754,794.6198453608248
1360903918.754,374.3556701030928
1360903918.754,728.8411458333334
1360903918.754,134.92838541666666
1360903918.754,1161.5657216494847
1360903918.754,972.7770618556701
1360903918.754,1501.7903645833333
1360903918.882,50.91728855721393
1360903914.273,1691.53559602649
1360903914.273,789.7350993377484
1360903914.269,2634.312913907285
1360903914.269,1349.544701986755
1360903914.273,2174.938725490196
1360903914.273,799.1514900662252
1360903914.273,2450.5380794701987
1360903914.273,787.7690397350993
1360903914.784,2306.9982394366193
1360903913.717,442.61006289308176
1360903918.71,1682.9896907216496
1360903918.71,267.7408854166667
1360903918.837,50.5105198019802
1360903918.709,141.91365979381442
1360903918.709,895.01953125
1360903918.837,50.606343283582085
1360903918.837,50.742574257425744
1360903918.837,50.99502487562189
1360903914.164,981.5995065789474
1360903914.228,1057.7400662251655
1360903914.228,1131.4155629139073
1360903919.347,118.89367816091955
1360903919.347,269.03735632183907
1360903913.931,88.22559366754618
1360903913.821,26.529947916666668
1360903939.27,406.25
1360903939.142,1463.5416666666667
1360903939.265,406.25
1360903939.265,525.0
1360903939.219,406.25
1360903939.218,406.25
1360903939.218,525.0
1360903914.533,222.88379854368932
1360903914.986,23.4375
1360903941.181,1576.2152777777778
1360903941.181,3469.2708333333335
1360903941.181,678.5714285714286
1360903941.18,4545.3125
1360903941.18,2741.243131868132
1360903941.18,4510.763888888889
1360903939.097,3936.219262295082
1360903939.097,3368.4752747252746
1360903939.161,663.8888888888889
1360903939.161,1545.138888888889
1360903939.161,847.3657024793389
1360903939.161,611.8285123966942
1360903939.353,3866.657838983051
1360903939.349,3886.3877118644064
1360903939.097,812.8842213114755
1360903939.353,5171.610169491525
1360903939.161,6530.73347107438
1360903939.161,574.7675619834711
1360903939.352,2275.323275862069
1360903939.352,3608.477011494253
1360903939.352,3458.692528735632
1360903941.136,2014.5833333333335
1360903941.136,3372.048611111111
1360903941.136,6128.819444444445
1360903941.135,2135.0694444444443
1360903941.135,5406.423611111111
1360903941.135,2023.4375
1360903939.05,2296.4907786885246
1360903939.113,3464.746900826446
1360903939.113,5767.1745867768595
1360903939.113,600.077479338843
1360903939.113,2495.659722222222
1360903939.113,3173.7847222222226
1360903939.305,1284.4827586206898
1360903939.305,4021.4512711864404
1360903939.049,399.03846153846155
1360903939.045,4555.32786885246
1360903939.113,4186.09118852459
1360903939.113,1857.1180555555554
1360903939.113,3206.597222222222
1360903939.303,517.0815677966102
1360903939.303,3165.948275862069
1360903941.155,5583.0285904255325
1360903953.374,380.0
1360903938.365,1066.8922811059908
1360903938.431,362.5
1360903953.184,4448.807565789473
1360903958.047,863.6363636363636
1360903953.374,2639.7860738255035
1360903953.374,2140.4733009708734
1360903953.374,3722.8397651006712
1360903953.374,2183.8235294117644
1360903953.374,2484.981796116505
1360903953.374,981.2047101449275
1360903953.245,2160.8146067415732
1360903953.372,2820.4697986577185
1360903953.372,1763.7867647058822
1360903953.372,1494.2354368932038
1360903960.177,22106.25
1360903953.116,3667.6603618421054
1360903953.116,2309.4161184210525
1360903953.18,4179.842715231788
1360903957.98,3709.408967391304
1360903953.179,3871.171357615894
1360903953.306,3274.05303030303
1360903953.306,754.6401515151515
1360903953.306,459.7315436241611
1360903953.306,1492.6593959731545
1360903953.306,2443.75
1360903953.306,2977.3284313725494
1360903953.306,2766.988255033557
1360903953.306,458.05369127516775
1360903953.306,482.9068791946309
1360903953.306,433.7248322147651
1360903953.306,3970.8460365853657
1360903953.306,4610.318791946309
1360903939.068,3728.3653846153848
1360903940.256,77.46138996138995
1360903940.966,155.36556603773585
1360903958.04,542.8620218579235
1360903957.974,645.2866022099447
1360903958.038,780.2140883977901
1360903953.365,1443.54248046875
1360903952.28,1290.2619294605809
1360903965.393,258.4821428571429
1360903957.966,1765.107044198895
1360903957.966,1699.4993093922653
1360903957.965,864.3271857923497
1360903953.292,1872.3548228346456
1360903953.292,294.49462890625
1360903977.8,8311.154801324505
1360903964.463,2504.971590909091
1360903968.782,8341.567095588236
1360903968.846,5751.507675438596
1360903968.845,6864.136904761905
1360903968.845,9620.756172839507
1360903968.845,9247.366573033707
1360903968.909,6425.130208333333
1360903968.845,11543.682795698924
1360903968.845,8417.570153061224
1360903968.909,5000.877808988764
1360903968.908,6131.959033613445
1360903968.908,3649.0625
1360903968.972,4322.010869565218
1360903968.908,8035.669191919192
1360903968.908,6783.630952380952
1360903968.972,7535.831766917293
1360903968.972,7172.73622047244
1360903967.257,440.5085403726708
1360903968.69,7714.5753816793895
1360903968.817,6836.371527777777
1360903968.881,7837.10354477612
1360903968.881,7897.621268656716
1360903968.748,8226.052989130436
1360903968.815,6023.579545454545
1360903968.879,5599.200581395348
1360903968.878,3964.873120300752
1360903982.528,74.07823741007194
1360903973.273,22848.307291666668
1360903977.103,312.5
1360903977.294,375.0
1360903977.544,7065.104166666667
1360903976.828,312.5
1360903977.021,267.85714285714283
1360903977.021,401.7857142857143
1360903977.021,312.5
1360903977.463,7049.479166666667
1360903981.608,11484.375
1360904021.522,58158.801020408166
1360904004.019,1221.7817164179105
1360904004.019,23663.4837962963
1360904004.019,25296.502976190473
1360904004.019,1243.0814676616915
1360904004.082,11896.739130434784
1360904003.954,1675.2093672456576
1360904004.018,17544.98922413793
1360904004.018,23422.238372093023
1360904004.082,18524.107142857145
1360904004.145,1184.53125
1360904006.214,24433.59375
1360904003.873,18716.032608695652
1360904003.873,13056.712962962964
1360904003.873,1238.5235732009926
1360904003.868,15481.889204545456
1360904003.996,746.7658977556109
1360904003.932,16896.334134615383
1360904003.996,8775.59840425532
1360904003.995,23491.58653846154
1360904003.931,13516.72149122807
1360904003.935,9581.313775510203
1360904003.999,18093.75
1360904003.935,19960.49528301887
1360904003.999,25602.777777777777
1360904029.138,6890.625
1360904030.45,359.375
1360904019.459,10.220125786163521
1360904043.781,1513.3463541666667
1360904047.745,117.40095628415301
1360904049.118,2666.2914265129684
1360904049.118,1297.0100864553312
1360904049.118,2856.101190476191
1360904049.118,4910.267857142857
1360904049.118,1801.8731988472623
1360904049.118,1952.3144812680116
1360904049.118,1836.41030259366
1360904049.117,1283.996757925072
1360904049.117,3729.315476190476
1360904050.031,2008.465417867435
1360904050.031,1105.7115112994352
1360904050.031,1936.4643371757925
1360904050.03,1513.169642857143
1360904050.03,2461.7255043227665
1360904050.03,2672.2291076487254
1360904050.03,1267.4658764367816
1360904050.03,1221.4067002881845
1360904050.03,2200.2963362068963
1360904050.03,2161.0206582633054
1360904050.03,1685.1203304597702
1360904050.094,1959.5238095238094
1360904050.094,799.3587427745664
1360904050.094,1274.7922687861271
1360904060.285,45.0507614213198
1360904060.412,166720.03424657535
1360904056.7,1650.689935064935
1360904056.027,6872.793079096045
1360904078.726,15057.291666666666
1360904078.725,14761.160714285714
1360904078.725,12891.666666666668
1360904078.789,6462.602459016393
1360904078.789,10099.864130434784
1360904078.789,12921.54255319149
1360904078.789,11228.125
1360904078.789,14765.299479166666
1360904078.789,13614.483173076924
1360904078.853,8098.651960784315
1360904078.649,12502.272727272726
1360904078.649,15028.45982142857
1360904078.649,15849.431818181818
1360904078.649,8368.30357142857
1360904078.649,11685.075431034482
1360904078.713,17785.326086956524
1360904078.712,11901.442307692309
1360904078.648,17748.84259259259
1360904078.648,14581.951530612245
1360904078.684,13166.752049180328
1360904078.684,13908.909574468085
1360904078.686,13663.383152173912
1360904078.686,14164.870689655172
1360904104.371,4750.0
1360904085.217,1468.2865466101696
1360904084.942,151.29950495049505
1360904112.5,381.9444444444444
1360904112.564,343.75
1360904112.436,730.7692307692307
1360904112.499,429.6875
1360904112.499,343.75
1360904112.499,343.75
1360904112.563,146.484375
1360904104.371,77.22571942446044
1360904103.135,429.25347222222223
1360904103.199,474.104020979021
1360904103.199,2858.937937062937
1360904103.199,2592.9904513888887
1360904114.573,1357.142857142857
1360904103.501,453.83064516129036
1360904103.501,1013.7001811594204
1360904103.501,2197.1240942028985
1360904103.564,575.3877737226277
1360904103.564,1635.0769927536232
1360904103.5,2187.7264492753625
1360904103.5,1267.096920289855
1360904103.564,1139.0398550724638
1360904112.322,687.5
1360904112.386,343.75
1360904112.45,262.5
1360904104.257,6149.046985815603
1360904104.257,77.22571942446044
1360903957.983,4359.394353839802
1360904103.069,257.1614583333333
1360904103.133,3740.301724137931
1360904103.133,460.4458041958042
1360904103.132,1756.8837412587413
1360904103.132,2856.2062937062938
1360904103.132,1518.3566433566434
1360904103.451,2798.7588652482273
1360904103.451,1133.1521739130435
1360904103.45,764.6059782608695
1360904103.446,1855.072463768116
1360904103.51,1678.2618613138686
1360904103.45,1825.8605072463768
1360904103.45,2362.0535714285716
1360904103.514,235.62956204379563
1360904103.514,1631.1141304347827
1360904091.517,43277.29779411764
1360904112.439,1601.120283018868
1360904112.439,2279.923349056604
1360904112.434,2672.46462264151
1360904112.626,2664.8968446601943
1360904112.63,1204.7936893203882
1360904112.629,2350.2730582524273
1360904114.79,3038.2313829787236
1360904114.762,6781.25
1360904114.762,2214.7606382978724
1360904114.762,925.531914893617
1360904119.303,500.0
1360904112.307,293.8988095238095
1360904112.307,2050.5725190839694
1360904112.307,2279.7759433962265
1360904112.371,3161.5384615384614
1360904112.371,1469.4940476190477
1360904112.371,966.5178571428571
1360904112.497,3121.9223484848485
1360904112.497,1865.746359223301
1360904114.63,2195.146276595745
1360904102.485,3090.106225296443
1360904104.062,240.87532299741602
1360904112.432,2950.1574612403097
1360904112.432,2561.3581730769233
1360904112.432,2719.8359073359075
1360904112.432,527.6768410852713
1360904112.496,412.5702247191011
1360904112.496,5984.920058139534
1360904112.495,359.19331395348837
1360904112.623,5998.6572265625
1360904119.243,1536.968954248366
1360904119.243,941.9202302631578
1360904119.242,4144.325657894738
1360904119.241,1077.0970394736844
1360904119.241,954.5547385620915
1360904119.305,1037.6655629139073
1360904120.325,859.9537037037037
1360904112.388,1912.124515503876
1360904112.388,2171.875
1360904112.388,584.2417635658916
1360904112.388,2982.2031853281856
1360904112.451,1881.1773255813953
1360904112.387,361.24517374517376
1360904112.579,3964.4775390625
1360904112.578,4170.95947265625
1360904112.578,405.029296875
1360904128.841,3166.6666666666665
1360904114.617,1340.6531531531532
1360904119.031,1549.2238562091502
1360904119.095,973.1413398692811
1360904119.095,1648.2319078947369
1360904119.094,1332.208806818182
1360904136.051,1357.142857142857
1360904128.939,1244.6022727272727
1360904129.002,284.5170454545455
1360904129.066,1983.4735576923076
1360904129.066,2460.9375
1360904128.938,576.8581081081081
1360904133.353,1583.3333333333333
1360904129.001,1282.3863636363637
1360904129.001,2590.8638535031846
1360904133.353,2924.893465909091
1360904129.065,1136.0378440366972
1360904133.353,1264.3960674157304
1360904129.065,3960.5791284403667
1360904128.839,500.7102272727273
1360904128.903,4625.573394495413
1360904128.903,1032.7620967741934
1360904128.903,2155.0403225806454
1360904128.903,2618.5897435897436
1360904128.903,302.17889908256876
1360904128.903,1495.804398148148
1360904133.126,1417.310393258427
1360904133.189,3012.784090909091
1360904138.805,950.0
1360904112.432,119.63959854014598
1360904112.936,4679.6875
1360904136.113,465.6905594405594
1360904136.113,3688.419117647059
1360904136.113,2424.1695804195806
1360904128.937,2796.4969758064517
1360904129.001,3673.5359251968503
1360904129.0,529.0354330708661
1360904133.224,2500.575657894737
1360904133.288,1967.1052631578948
1360904129.0,523.2529527559055
1360904129.0,558.0708661417323
1360904129.0,2349.740612648221
1360904133.288,1796.2993421052631
1360904129.063,4439.105731225297
1360904129.063,3320.220588235294
1360904136.008,619.3181818181818
1360904136.003,2154.296875
1360904136.003,2890.8420138888887
1360904136.002,2749.0166083916083
1360904138.944,2906.5755208333335
1360904139.008,3333.276098901099
1360904139.008,401.9007731958763
1360904138.942,3091.978092783505
1360904139.006,2003.9473684210525
1360904139.006,4622.233072916667
1360904136.059,1600.314349112426
1360904136.059,1762.4339788732395
1360904136.058,1688.8204225352113
1360904128.928,2956.6313976377955
1360904133.215,2975.607638888889
1360904145.114,1357.142857142857
1360904135.961,1335.0087412587413
1360904135.877,575.6118881118881
1360904135.877,720.8116319444445
1360904135.877,1355.251736111111
1360904135.877,257.21153846153845
1360904138.861,387.88659793814435
1360904138.861,2215.104166666667
1360904138.795,2493.1640625
1360904128.5,1940.418144208038
1360904145.131,802.1418539325844
1360904145.194,8843.75
1360904145.194,156.4275568181818
1360904145.258,599.4971264367816
1360904145.258,2892.156862745098
1360904145.258,342.83088235294116
1360904145.258,51889.96292372882
1360904145.258,3110.1409313725494
1360904145.385,329.77941176470586
1360904145.385,785.8455882352941
1360904145.385,1014.7058823529411
1360904145.385,1100.9191176470588
1360904145.385,5184.375
1360904145.385,223.89705882352942
1360904145.385,136.3970588235294
1360904145.385,825.735294117647
1360904145.385,1500.3125
1360904145.448,163.87648809523807
1360904145.448,525.297619047619
1360904145.185,3394.607843137255
1360904145.184,417.38505747126436
1360904145.184,412.17672413793105
1360904145.311,1345.9558823529412
1360904145.311,122.97794117647058
1360904145.311,1232.1691176470588
1360904145.31,427.20588235294116
1360904145.31,313.7867647058824
1360904145.31,756.8014705882354
1360904145.31,2623.6076732673264
1360904145.31,123.71323529411765
1360904145.373,1057.1056547619046
1360904145.373,2446.242559523809
1360904138.963,1890.540081521739
1360904133.388,375.61576354679806
1360904167.437,1583.3333333333333
1360904145.278,20883.928571428572
1360904145.703,15515.625
1360904145.702,6696.428571428572
1360904146.273,217910.15625
1360904144.942,57.57767341040462
1360904145.87,213769.53125
1360904173.595,5951.997422680412
1360904173.849,2609.543010752688
1360904173.845,3056.619623655914
1360904173.849,890.2889784946236
1360904173.849,580.1411290322582
1360904173.849,2912.6344086021504
1360904173.849,1583.3333333333333
1360904167.359,343.9078282828283
1360904167.359,1100.8376288659795
1360904167.359,2780.2835051546394
1360904167.359,4199.257425742574
1360904167.359,3973.0992268041236
1360904167.423,2398.7630208333335
1360904167.422,335.61862244897964
1360904167.422,1601.7252604166667
1360904167.422,352.359693877551
1360904167.422,1044.5963541666667
1360904167.422,3613.877118644068
1360904167.422,2152.423469387755
1360904167.422,2559.8958333333335
1360904173.527,2711.6623711340203
1360904173.782,395.497311827957
1360904173.782,329.8051075268817
1360904173.782,1542.8427419354837
1360904173.782,1193.2123655913977
1360904173.782,1416.6666666666667
1360904173.781,1144.3212365591398
1360904167.309,2840.2061855670104
1360904167.313,5792.388613861386
1360904167.313,4547.3582474226805
1360904167.313,388.8888888888889
1360904167.313,3958.1679894179892
1360904167.377,1635.7421875
1360904167.377,1842.1624331550802
1360904167.377,2894.1326530612246
1360904167.311,1772.8737113402062
1360904167.311,333.01767676767673
1360904167.311,1668.653350515464
1360904167.31,360.61262376237624
1360904167.31,2366.0272277227723
1360904167.374,1698.3418367346937
1360904167.374,4414.225260416667
1360904179.373,1583.3333333333333
1360904183.303,527.7777777777778
1360904179.456,2135.730421686747
1360904179.456,3076.3888888888887
1360904179.456,4238.704819277109
1360904173.792,4788.4685672514615
1360904179.41,3298.5692771084337
1360904179.41,1274.0963855421687
1360904179.41,3685.052710843374
1360904179.41,1457.2665662650604
1360904179.408,1712.7259036144578
1360904179.408,2581.7018072289156
1360904166.521,1860.540400552486
1360904166.531,259.40111420612817
1360904173.579,3464.4230769230767
1360904173.706,2238.1904069767443
1360904173.77,2732.733463035019
1360904190.218,1444.3247126436781
1360904173.834,2643.6648832684828
1360904190.218,1178.3405172413793
1360904173.834,2184.5703125
1360904190.218,1267.2413793103447
1360904190.218,372.3060344827586
1360904190.217,6305.675287356322
1360904190.217,390.625
1360904190.281,1507.6308139534883
1360904190.281,3423.1468023255816
1360904190.216,1058.728448275862
1360904190.216,1583.3333333333333
1360904190.216,3425.8261494252874
1360904190.216,1443.4267241379312
1360904190.28,1163.8808139534883
1360904190.28,1178.9607558139535
1360904190.28,4137.718023255814
1360904190.28,376.63517441860466
1360904174.707,2513.817148760331
1360904183.215,3619.886363636364
1360904183.279,2956.886574074074
1360904183.279,2340.8830275229357
1360904183.279,2016.7717889908258
1360904183.279,1717.3032407407406
1360904183.279,3397.7924311926604
1360904173.503,3234.2548076923076
1360904173.694,405.82275390625
1360904173.753,1548.5983455882354
1360904190.137,428.6997126436782
1360904190.141,1474.4971264367816
1360904190.14,2838.362068965517
1360904190.14,388.4698275862069
1360904190.14,2397.0905172413795
1360904190.14,910.9195402298851
1360904190.14,1794.3606321839081
1360904190.204,1535.2470930232557
1360904190.204,1719.8401162790697
1360904190.204,5093.023255813953
1360904190.203,2575.399709302326
1360904190.203,1228.1976744186047
1360904190.203,1770.893895348837
1360904183.197,2127.8935185185187
1360904183.197,565.9722222222222
1360904183.197,2121.672453703704
1360904183.197,2057.3394495412845
1360904183.136,1640.7670454545455
1360904183.2,3069.2997685185187
1360904183.2,317.31892523364485
1360904179.354,2590.0517751479288
1360904179.352,2471.261160714286
1360904173.226,102.95542635658914
1360904200.519,93.75
1360904191.261,379.77941176470586
1360904204.923,2217.3763736263736
1360904204.923,2569.633152173913
1360904204.923,399.72527472527474
1360904204.987,1446.3541666666665
1360904204.923,3524.2101648351645
1360904204.922,3933.379120879121
1360904204.986,3217.534722222222
1360904204.986,2380.3819444444443
1360904204.986,1191.4491758241759
1360904205.05,2306.88202247191
1360904205.05,1996.5277777777776
1360904205.05,2197.50702247191
1360904205.05,6818.644662921348
1360904205.05,372.19101123595505
1360904205.05,2075.8680555555557
1360904205.05,340.063202247191
1360904205.05,1618.6797752808989
1360904204.685,424.1573033707865
1360904204.876,3178.3997252747254
1360904204.876,3072.0108695652175
1360904204.94,3179.340277777778
1360904205.003,2144.4873595505615
1360904204.874,3190.4189560439563
1360904204.874,2591.346153846154
1360904204.874,3277.129120879121
1360904205.001,363.2373595505618
1360904205.001,2362.3595505617977
1360904205.811,1900.0
1360904218.057,527.7777777777778
1360904203.751,2071.514423076923
1360904217.92,6327.313311688312
1360904217.983,4384.581367924528
1360904218.047,455.7658450704226
1360904218.046,506.712147887324
1360904218.046,2170.119382022472
1360904219.481,2042.8046218487395
1360904227.161,950.0
1360904219.736,1825.1358695652173
1360904219.736,1352.7173913043478
1360904219.732,319.0217391304348
1360904219.732,1055.5555555555557
1360904217.847,3496.854707792208
1360904217.91,4842.422385620915
1360904217.91,2754.2317708333335
1360904217.974,2882.7479338842977
1360904217.973,2130.5555555555557
1360904222.645,950.0
1360904217.972,723.2298951048951
1360904219.307,306.04338842975204
1360904219.691,2020.3394396551726
1360904219.691,1377.1739130434783
1360904219.691,2033.9673913043478
1360904219.691,912.0923913043479
1360904205.528,395.15984195402297
1360904205.591,119.6509009009009
1360904204.319,6950.572709163347
1360904205.503,45.42042042042042
1360904205.146,329.79910714285717
1360904220.294,3146.875
1360904217.914,2314.520474137931
1360904217.786,3065.972222222222
1360904217.786,2722.956730769231
1360904217.978,4267.992424242424
1360904217.786,2442.0405982905986
1360904217.978,3207.115800865801
1360904217.913,3577.653556034483
1360904218.041,7530.412946428572
1360904222.713,2217.953821656051
1360904227.155,920.9770114942529
1360904227.153,1935.8836206896553
1360904227.153,1525.3232758620688
1360904217.013,1474.2613636363637
1360904217.71,10173.13829787234
1360904217.837,1683.3243534482758
1360904217.708,3959.5352564102564
1360904217.708,2929.887820512821
1360904217.708,2533.253205128205
1360904217.9,4134.800295857988
1360904217.9,715.3003246753246
1360904222.635,7498.606687898089
1360904217.835,702.7209051724138
1360904217.898,5003.883136094674
1360904217.961,538.179347826087
1360904226.6,976.4802631578947
1360904227.108,686.7816091954023
1360904227.108,3847.162356321839
1360904227.083,3496.6264204545455
1360904225.97,1752.4038461538462
1360904226.569,1339.2857142857142
1360904250.082,27899.24568965517
1360904262.958,53851.5625
1360904242.942,15765.625
1360904242.733,1890.3882575757575
1360904247.042,14708.233173076924
1360904247.106,8434.832317073171
1360904247.106,20445.667613636364
1360904247.106,6832.114361702128
1360904247.106,8782.877604166666
1360904247.106,8517.252604166666
1360904247.106,7257.102272727272
1360904247.105,2553.880899705015
1360904247.1,16808.307926829268
1360904247.1,7590.320121951219
1360904247.1,17626.302083333332
1360904247.1,9950.852272727274
1360904247.103,10131.640625
1360904247.103,11345.9375
1360904245.509,153.83953168044076
1360904247.01,15306.40243902439
1360904247.009,18796.316964285714
1360904247.009,22140.625
1360904247.007,13846.283783783785
1360904247.007,13925.10775862069
1360904247.007,11363.948170731706
1360904247.007,13458.841463414634
1360904247.007,5623.405612244898
1360904249.775,11411.458333333334
1360904249.838,312.5
1360904249.689,6681.066176470588
1360904269.28,8635.150547445255
1360904257.003,243921.875
1360904277.467,129887.0849609375
1360904276.964,88.23939732142857
1360904300.543,292.96875
1360904300.502,609.375
1360904300.502,609.375
1360904304.521,10281.25
1360904287.965,5449.917763157894
1360904287.964,2338.112113402062
1360904288.028,3555.301047120419
1360904288.027,4934.168781725888
1360904288.027,4061.528497409326
1360904288.027,4461.369346733668
1360904287.963,3231.4814814814813
1360904287.963,4795.3831658291465
1360904288.026,4216.838430851064
1360904288.026,3949.6891361256544
1360904288.026,4284.990026595745
1360904287.875,2594.9457908163267
1360904287.879,2217.022235576923
1360904287.879,3671.7147435897436
1360904287.879,2621.778350515464
1360904287.878,3028.833762886598
1360904287.942,4494.896356783919
1360904287.942,4370.681532663317
1360904287.942,4058.0929487179487
1360904287.942,2585.978403141361
1360904287.942,3610.3566753926702
1360904292.198,155408.48214285713
1360904298.998,1112.3046875
1360904298.997,2198.6897786458335
1360904298.912,1237.5895182291667
1360904303.941,65.35075057736721
1360904320.719,11979.124493927126
1360904326.784,48712.466032608696
1360904337.304,771.780303030303
1360904323.059,37226.15131578947
1360904323.059,27332.589285714286
1360904323.059,20650.735294117647
1360904323.059,26336.348684210527
1360904323.123,24783.48214285714
1360904323.058,17026.315789473683
1360904323.058,23300.78125
1360904323.058,27442.1875
1360904323.058,18579.6875
1360904323.058,15823.78472222222
1360904323.122,29524.816176470587
1360904322.979,11939.778645833334
1360904322.979,29763.88888888889
1360904322.979,24994.485294117647
1360904322.979,22216.666666666664
1360904322.979,17304.6875
1360904323.043,18988.051470588234
1360904322.977,34658.203125
1360904322.976,22514.70588235294
1360904322.976,18926.5625
1360904323.04,32569.531249999996
1360904324.134,76949.21875
1360904323.861,76259.375
1360904323.987,33883.92857142857
1360904360.395,3437.5
1360904336.579,11828.125
1360904242.006,2265.537257019438
1360904386.393,139.42307692307693
1360904386.432,2651.5625
1360904446.181,1078.125
1360904583.628,22250.0
1360904603.206,375.5514705882353
1360904598.559,168870.84082733814
1360904607.194,1746.09375
1360904586.95,366.0616812227074
1360904598.412,63.17446043165467
1360904597.984,10597.65625
1360904604.096,27333.333333333332
1360904602.519,11968.75
1360904610.204,312.58289124668437
1360904664.226,2156.25
1360904647.061,7817.708333333333
1360904646.135,1232.9545454545455
1360904664.849,54.464285714285715
1360904694.255,2156.25
1360904694.173,2156.25
1360904750.135,2515.625
1360904975.209,51.520270270270274
1360905038.274,47.65625
1360907549.138,4808.423913043479
1360907546.68,19571.25
1360907546.806,3411.739864864865
1360907549.155,28230.978260869568
1360907546.753,21902.87162162162
1360907546.753,12277.027027027027
1360907546.756,2462.4155405405404
1360907546.756,27769.301470588234
1360907556.53,488.76953125
1360907553.388,1430.0986842105262
1360907549.224,64365.472560975606
1360907549.224,10546.41544117647
1360907549.223,11629.192073170732
1360907551.842,7606.301229508196
1360907551.841,7665.47131147541
1360907552.352,4734.669811320755
1360907549.899,16637.5
1360907556.225,19852.941176470587
1360907556.229,28378.216911764706
1360907556.293,19684.283088235294
1360907556.229,15758.92857142857
1360907551.297,15605.46875
1360907549.181,31093.368902439026
1360907552.288,5470.2240566037735
1360907552.286,7407.7240566037735
1360907555.673,25355.282738095237
1360907556.247,19238.636363636364
1360907549.094,837.189226519337
1360907558.467,52228.236607142855
1360907558.467,751.953125
1360907558.423,60397.87946428572
1360907558.423,3058.59375
1360907558.421,69410.59027777777
1360907558.42,769.53125
1360907543.928,45729.166666666664
1360907544.878,91378.90625
1360907545.934,11359.375
1360907546.507,91.34615384615384
1360907544.911,4108.333333333333
1360907545.799,5890.625
1360907545.799,4937.5
1360907568.541,2671.5494791666665
1360907572.274,3667.5
1360907572.231,6023.75
1360907572.231,4428.125
1360907572.231,5300.625
1360907550.952,4972.877358490566
1360907550.105,119.10714285714286
1360907550.261,359.375
1360907568.739,655.6451612903226
1360907573.976,17370.689655172413
1360907571.571,9790.296052631578
1360907572.274,19619.459219858156
1360907577.638,4242.1875
1360907574.792,2412.1527777777774
1360907581.32,36341.471354166664
1360907578.863,177.44252873563218
1360907579.117,10906.25
1360907604.864,718.75
1360907609.03,2156.25
1360907604.397,1625.0
1360907634.799,2156.25
1360907626.064,5786.458333333333
1360907626.805,8549.534574468085
1360907658.119,43.52094240837697
1360907671.306,3562.5
1360907672.383,49.31640625
1360907675.254,2988.467261904762
1360907683.451,6230.46875
1360907683.642,12352.94117647059
1360907667.979,3243.4210526315787
1360907683.807,698.902027027027
1360907669.31,94.24603174603175
1360907671.67,7216.796875
1360907684.502,12.426181102362206
1360907677.237,146.23786407766988
1360907701.746,4281.25
1360907702.041,7583.333333333333
1360907707.906,8950.520833333334
1360907732.53,410.7142857142857
1360907739.155,1248.9583333333335
1360907731.282,5682.470034246576
1360907730.711,19317.307692307695
1360907739.092,850.0
1360907728.194,39425.892857142855
1360907728.258,312.5
1360907728.422,200.89285714285714
1360907725.936,6147.569444444444
1360907728.106,20894.83173076923
1360907728.15,234.375
1360907728.15,267.85714285714283
1360907729.872,7412.683823529412
1360907729.872,2536.514945652174
1360907729.871,8632.8125
1360907730.475,3956.9866920152094
1360907731.047,1841.2624378109451
1360907731.046,13311.298076923076
1360907731.046,10957.03125
1360907730.918,9774.739583333334
1360907730.981,6631.25
1360907731.173,267.85714285714283
1360907730.981,5445.723684210527
1360907731.045,64.2658390410959
1360907731.044,14454.427083333334
1360907731.236,234.375
1360907731.236,267.85714285714283
1360907731.231,267.85714285714283
1360907731.231,267.85714285714283
1360907732.25,312.5
1360907729.782,961.8990384615385
1360907729.78,3275.0282805429865
1360907729.78,2115.1988636363635
1360907729.78,28046.875
1360907730.902,2090.7774390243903
1360907730.902,4814.23611111111
1360907730.902,4796.875
1360907730.965,1580.8457711442786
1360907730.901,3648.0263157894738
1360907730.965,5379.261363636363
1360907730.964,6103.794642857143
1360907731.028,267.85714285714283
1360907731.092,267.85714285714283
1360907731.155,312.5
1360907731.154,187.5
1360907732.892,52564.23611111112
1360907732.955,185.546875
1360907733.946,135932.29166666666
1360907734.736,256.46841397849465
1360907732.878,3750.0
1360907733.003,5437.5
1360907733.886,74828.125
1360907733.865,101949.21875
1360907739.316,375.0
1360907739.237,267.85714285714283
1360907727.551,3089.6919169611306
1360907731.23,6588.5306553911205
1360907761.491,400.390625
1360907743.25,19.31423611111111
1360907746.359,74.26697530864197
1360907749.941,145.60810810810813
1360907750.126,112.74636929460581
1360907764.989,4636.71875
1360907744.095,14187.5
1360907744.154,1018.75
1360907743.102,7328.125
1360907743.77,5078.125
1360907743.835,41775.669642857145
1360907744.026,21375.0
1360907744.089,616.4707568807339
1360907747.055,13929.6875
1360907747.307,33953.125
1360907749.584,2000.0
1360907749.578,2000.0
1360907755.633,67440.10416666667
1360907760.985,4108.333333333333
1360907761.293,479.1666666666667
1360907764.862,20851.5625
1360907765.05,7097.65625
1360907769.984,80.01592356687898
1360907795.191,406.25
1360907728.414,9536.538231064238
1360907728.413,6835.690316395015
1360907732.377,5016.023190621815
1360907786.929,11.962890625
1360907792.891,659085.9375
1360907825.221,2156.25
1360907825.074,2156.25
1360907869.673,221.5909090909091
1360907865.977,66.32653061224491
1360907871.271,52.41935483870968
1360907870.077,8062.5
1360907910.063,8062.5
1360907950.091,9000.0
1360907988.685,7328.125
1360908011.884,24.93351063829787
1360908020.944,18.830128205128204
1360908012.566,17.65422077922078
1360907737.485,325217.7083333334
1360907747.468,220289.57201086957
1360907754.327,215065.17857142855
1360908049.368,383755.2631578947
1360907761.183,350185.546875
1360907742.879,36900.49342105263
1360907763.578,271956.16319444444
1360908042.064,3407.678324099723
1360908064.762,108.64825581395348
1360908062.964,16869.791666666668
1360908063.892,21816.40625
1360908060.921,6309.659090909091
1360908060.917,2463.3049242424245
1360908060.916,3108.774038461538
1360908060.843,5427.083333333333
1360908081.491,27570.723684210527
1360908081.703,18519.53125
1360908081.767,738.8392857142857
1360908064.357,720.9821428571429
1360908064.29,5714.583333333334
1360908064.481,553.5714285714286
1360908065.153,40796.875
1360908064.214,58984.375
1360908065.075,132093.75
1360908065.646,58.156370656370655
1360907766.843,154309.44638324875
1360908094.786,6031.25
1360908092.597,28250.0
1360908092.727,1471.875
1360907793.954,412281.568877551
1360907792.162,447126.6163793104
1360907796.195,312349.21875
1360907797.539,274463.3413461539
1360908097.47,5746.292372881356
1360908097.47,9039.331896551725
1360908095.101,799.609375
1360908094.07,6098.470052083333
1360908094.07,990.72265625
1360908094.07,1339.3132716049383
1360908094.07,4036.265432098766
1360908094.642,457.2557471264368
1360908094.642,4969.827586206897
1360908094.642,771.7313218390805
1360908094.642,478.44827586206895
1360908094.642,470.1704545454545
1360908094.642,311.42241379310343
1360908094.642,1933.5488505747128
1360908094.578,554.8650568181818
1360908094.641,560.5244252873564
1360908094.641,9677.801724137931
1360908099.505,786.9318181818182
1360908097.049,17692.16417910448
1360908097.427,8846.713362068966
1360908097.427,12040.678879310346
1360908097.427,17681.608606557376
1360908095.059,106.0546875
1360908094.93,7649.199695121952
1360908095.053,168.359375
1360908094.027,17171.549479166668
1360908094.027,1140.2391975308642
1360908094.027,21593.75
1360908094.027,19323.881172839505
1360908094.027,4991.70524691358
1360908094.027,463.5416666666667
1360908094.534,1167.2585227272727
1360908094.516,77378.19602272726
1360908094.515,1065.5184659090908
1360908094.515,900.390625
1360908094.579,635.5962643678162
1360908094.579,911.6379310344828
1360908094.579,7827.406609195403
1360908094.579,9694.683908045978
1360908094.579,527.8376436781609
1360908094.579,2133.441091954023
1360908094.578,779.8132183908046
1360907799.057,275065.4560810811
1360908083.913,517.5857843137255
1360908098.371,683.2074175824175
1360908098.371,337.63586956521743
1360908103.808,107062.23060344828
1360908104.316,464.0151515151515
1360908098.322,318.61413043478257
1360908092.146,3187.6168952618455
1360908092.271,663.8471177944863
1360908092.588,23.397842639593907
1360908092.588,23.397842639593907
1360908092.091,2163.0907960199006
1360908092.509,23.397842639593907
1360908092.509,23.397842639593907
1360908093.402,766.4930555555555
1360908093.526,80.42433110367892
1360908094.967,32.555835734870314
1360908095.03,142.97326589595374
1360908095.157,821.5843023255815
1360908118.636,220679.6875
1360908094.635,2737.296388101983
1360908094.699,320.7120028409091
1360908118.826,6296.875
1360908094.989,142.97326589595374
1360908093.451,1258.8864555256066
1360908095.051,567.9800724637681
1360908093.958,46.83195592286501
1360908094.594,244.58451704545456
1360908118.553,31906.25
1360908094.554,321.5553977272727
1360908094.554,347.0791903409091
1360908094.554,424.6271306818182
1360908094.554,18.86541193181818
1360908095.267,467.5758670520231
1360908095.715,54.66445427728613
1360908094.877,458.2297585227273
1360908095.261,707.8215317919075
1360908095.708,147.21607669616517
1360908095.708,21.386430678466077
1360908095.708,130.53097345132744
1360908095.768,48.47540431266846
1360908097.368,159.31697612732097
1360908098.074,545625.0
1360908098.074,12531.25
1360908099.023,358937.5
1360908099.087,268541.6666666667
1360908099.214,497484.375
1360908099.468,9062.5
1360908099.531,198109.375
1360908099.595,368406.25
1360908098.02,1014687.5
1360908098.946,20195.3125
1360908099.009,20156.25
1360908099.007,224348.95833333334
1360908099.199,164362.5
1360908099.134,264484.375
1360908099.134,215437.5
1360908099.39,4687.5
1360908099.453,9062.5
1360908099.453,14375.0
1360908099.516,14375.0
1360908099.148,17296.875
1360908099.116,600171.875
1360908117.244,3193.603515625
1360908117.37,389.86895161290323
1360908117.37,618.4475806451612
1360908117.557,15806.144067796611
1360908117.624,508.08189655172407
1360908117.624,864.7629310344828
1360908117.687,5467.9276315789475
1360908119.351,30671.875
1360908117.75,343.75
1360908125.878,9281.25
1360908125.878,17984.375
1360908117.877,4667.24537037037
1360908117.877,15342.013888888889
1360908119.604,8326.189159292035
1360908119.667,6598.6328125
1360908117.169,2842.3076923076924
1360908118.449,1392.361111111111
1360908118.449,204.86111111111111
1360908118.445,541.3194444444445
1360908119.856,5290.1376146789
1360908118.448,21961.292613636364
1360908118.448,2270.8333333333335
1360908118.511,261.0085227272727
1360908118.575,1680.0426136363635
1360908126.575,45343.75
1360908120.047,788.697429906542
1360908118.702,4095.6554878048782
1360908116.365,4246.629901960785
1360908124.684,28420.036764705885
1360908118.858,3531.25
1360908117.194,2304.931640625
1360908117.321,2378.5282258064517
1360908121.289,7847.02034883721
1360908118.985,4062.5
1360908117.321,839.2137096774194
1360908119.112,7312.5
1360908119.238,2330.3571428571427
1360908117.574,11713.362068965518
1360908117.574,1121.4978448275863
1360908117.573,722.2521551724138
1360908119.237,2731.7708333333335
1360908117.701,2554.129464285714
1360908117.569,169.1810344827586
1360908125.828,22250.0
1360908117.764,4694.886363636364
1360908117.891,855.247641509434
1360908126.018,4359.375
1360908126.017,5429.6875
1360908119.616,11677.455357142857
1360908119.616,51455.63616071428
1360908118.398,204.86111111111111
1360908118.378,8822.916666666666
1360908119.785,4691.800458715596
1360908118.437,4523.792613636363
1360908119.976,787.9672897196261
1360908118.568,9766.369047619048
1360908118.695,20771.09375
1360908121.057,5695.3125
1360908124.512,3823.660714285714
1360908124.447,5054.253472222223
1360908124.702,61484.375
1360908118.885,3945.8841463414633
1360908124.708,11837.5
1360908124.772,48388.71951219512
1360908124.708,21371.180555555555
1360908124.772,49014.1006097561
1360908125.667,3101.7736486486488
1360908119.843,13969.441371681416
1360908119.843,13099.695796460177
1360908119.843,6569.828539823009
1360908117.411,3581.0546875
1360908117.411,10326.66015625
1360908117.411,5184.326171875
1360908117.411,2774.90234375
1360908117.539,502.2321428571429
1360908117.795,3669.719827586207
1360908117.794,3925.1077586206893
1360908117.794,303.87931034482756
1360908117.794,16899.24568965517
1360908117.794,3499.4612068965516
1360908125.666,5390.213815789473
1360908125.666,7108.9527027027025
1360908117.794,1479.7952586206898
1360908117.794,350.3707627118644
1360908121.31,5643.229166666667
1360908124.766,3676.4481707317073
1360908124.766,16065.548780487805
1360908117.405,18266.357421875
1360908125.661,8675.675675675675
1360908117.405,3103.759765625
1360908125.661,3481.8412162162163
1360908125.661,3116.9763513513512
1360908119.837,22800.470132743365
1360908119.837,21397.12389380531
1360908119.837,8803.097345132743
1360908117.788,1315.7327586206898
1360908117.788,20884.15948275862
1360908117.788,25738.146551724138
1360908117.788,24664.33189655172
1360908117.788,543.9116379310344
1360908117.788,167.83405172413794
1360908125.66,4393.503289473684
1360908120.411,174.12860576923077
1360908120.411,5778.695913461538
1360908126.906,1418.0947580645163
1360908126.906,4081.149193548387
1360908126.906,911.2903225806451
1360908126.906,4587.449596774194
1360908126.906,1031.25
1360908126.906,1531.25
1360908126.905,974.2943548387096
1360908126.905,4714.465725806452
1360908121.273,4254.98670212766
1360908126.904,545.6149193548388
1360908125.432,4633.088235294117
1360908125.557,7950.301204819277
1360908125.685,1142.9398148148148
1360908125.747,8567.96875
1360908125.874,100.36057692307693
1360908122.098,4821.6552734375
1360908122.098,1466.9189453125
1360908125.938,6673.701298701299
1360908122.093,652.4658203125
1360908122.093,2250.9765625
1360908125.997,192.43421052631578
1360908127.853,9500.0
1360908126.572,11460.587686567163
1360908126.891,4999.243951612903
1360908126.826,5962.301587301587
1360908126.826,9981.150793650795
1360908126.826,6251.2400793650795
1360908126.826,5565.476190476191
1360908126.826,32232.390873015873
1360908126.821,576.3888888888888
1360908126.824,3426.09126984127
1360908126.824,743.7996031746031
1360908126.824,7897.073412698413
1360908126.824,9402.281746031746
1360908126.888,2818.84765625
1360908126.888,360.88709677419354
1360908126.888,1847.2782258064515
1360908126.888,687.7520161290322
1360908129.233,162.68382352941177
1360908121.104,16037.36888111888
1360908121.104,1036.7132867132866
1360908124.686,13705.729166666666
1360908126.861,2115.171370967742
1360908121.229,583.3333333333334
1360908125.387,9638.980263157895
1360908125.387,4418.996710526316
1360908125.45,580.1809210526316
1360908125.45,1380.6089743589744
1360908125.704,12447.65625
1360908125.832,1063.9022435897436
1360908122.055,4546.0205078125
1360908122.055,1729.248046875
1360908125.895,664.5698051948052
1360908125.958,224.7121710526316
1360908122.054,906.6162109375
1360908125.957,791.9407894736842
1360908126.145,5522.170608108107
1360908127.938,204.86111111111111
1360908126.53,10137.59328358209
1360908122.857,1983.9285714285716
1360908126.764,2206.3492063492067
1360908126.764,4072.172619047619
1360908126.764,5797.619047619048
1360908126.763,3033.9781746031745
1360908126.763,1657.986111111111
1360908126.763,5142.36111111111
1360908126.763,6299.603174603175
1360908126.763,4814.23611111111
1360908126.763,1699.404761904762
1360908126.827,361.89516129032256
1360908126.763,5113.0952380952385
1360908126.827,2171.3709677419356
1360908126.827,3265.1209677419356
1360908126.827,929.9395161290322
1360908126.827,5859.879032258065
1360908126.827,3781.005859375
1360908126.827,3293.3467741935483
1360908126.827,8743.951612903225
1360908126.827,214.71774193548387
1360908126.827,401.7137096774194
1360908126.827,3358.618951612903
1360908126.827,3253.780241935484
1360908126.827,1259.828629032258
1360908126.827,4174.647177419355
1360908126.827,1590.2217741935485
1360908126.826,1438.2560483870968
1360908128.871,20608.21759259259
1360908121.061,1572.1153846153845
1360908129.124,153.64583333333334
1360908126.174,987.2532894736842
1360908126.174,312.0888157894737
1360908116.436,3374.618902439024
1360908122.09,69.09722222222223
1360908120.93,2379.332165109034
1360908122.487,226062.5
1360908122.803,130.7193396226415
1360908122.099,342664.0625
1360908122.412,94984.375
1360908124.163,50.40322580645161
1360907802.239,116941.91348728247
1360908129.342,18910.0
1360908131.096,53011.71875
1360908131.154,40652.77777777778
1360908131.473,1148750.0
1360908131.476,29125.0
1360908131.535,114312.5
1360908131.535,358835.9375
1360908131.064,15437.5
1360908131.063,359460.9375
1360908131.127,592953.125
1360908131.445,375625.0
1360907849.442,209529.4994813278
1360908161.815,25546.875
1360908162.132,10734.375
1360908162.894,7921.875
1360908163.084,7921.875
1360908161.028,1140.2391975308642
1360908161.028,21593.75
1360908161.028,5054.1015625
1360908161.014,1356.0546875
1360908161.457,3015.625
1360908161.644,19166.666666666668
1360908162.094,10984.375
1360908094.568,2285.5750487329437
1360908160.967,15361.689814814816
1360908160.967,19323.881172839505
1360908160.967,4036.265432098766
1360908160.966,463.5416666666667
1360908161.476,1154.1432584269662
1360908161.476,890.2738764044944
1360908161.476,488.4129213483146
1360908161.476,1890.0983146067415
1360908161.476,789.4097222222223
1360908161.476,754.3890449438202
1360908161.476,897.998595505618
1360908161.476,9460.323033707866
1360908161.476,464.8876404494382
1360908161.476,507.5491573033708
1360908161.476,304.4241573033708
1360908161.472,9476.82584269663
1360908161.793,160.34226190476193
1360908161.729,7379.22794117647
1360908161.793,101.00446428571429
1360908161.793,761.5327380952382
1360908160.99,971.19140625
1360908164.38,52618.206521739135
1360908161.433,548.6306179775281
1360908161.433,446.9803370786517
1360908161.433,8035.112359550561
1360908161.433,467.69662921348316
1360908161.433,2085.498595505618
1360908161.433,64850.297619047626
1360908161.433,4872.366573033708
1360908161.433,547.9283707865169
1360908161.433,762.2893258426966
1360908161.686,99.81617647058825
1360908173.199,2156.25
1360908160.864,6118.001302083333
1360908161.481,362.78044871794873
1360908161.609,91.73387096774194
1360908128.317,4730.327560240964
1360908161.441,418.77003205128204
1360908121.63,3612.0626335470083
1360908128.852,4174.646871202916
1360908161.161,76531.25
1360908161.466,128703.125
1360908161.464,16390.625
1360908161.739,8010.8173076923085
1360908162.058,10328.629032258064
1360908162.25,17718.75
1360908162.25,143521.875
1360908162.226,3071.2890625
1360908162.033,5921.875
1360908162.032,53750.0
1360908162.285,10484.375
1360908162.285,38781.25
1360908163.616,18281.25
1360908161.981,965484.375
1360908161.981,41804.6875
1360908161.958,51781.25
1360908162.211,24335.9375
1360908162.273,3900.904605263158
1360908162.46,270187.5
1360908163.606,1208.3333333333333
1360908163.694,600171.875
1360908169.465,21220.588235294115
1360908169.465,15390.625
1360908169.465,2523.2941513761466
1360908169.465,10947.610294117647
1360908169.463,15379.8828125
1360908169.463,11943.359375
1360908169.463,21263.786764705885
1360908169.463,12769.301470588236
1360908169.463,11055.989583333334
1360908169.463,23107.63888888889
1360908169.463,17625.91911764706
1360908169.462,11830.729166666666
1360908169.388,8325.284090909092
1360908169.388,11669.034090909092
1360908169.388,9102.5390625
1360908169.384,4467.329545454546
1360908169.387,17656.25
1360908169.387,13841.911764705883
1360908169.387,13768.229166666666
1360908169.387,11360.3515625
1360908169.387,29269.097222222223
1360908169.387,19340.625
1360907864.529,139570.13290229885
1360907897.077,365969.1722972973
1360908183.222,276027.34375
1360908186.021,20671.875
1360908211.352,2343.75
1360908211.415,4484.375
1360908167.511,3106.8559751972944
1360908240.8,574.266975308642
1360908240.8,172.0727848101266
1360908240.795,6734.1796875
1360908240.795,836.9140625
1360908240.795,671.875
1360908240.795,1678.5714285714287
1360908245.339,2156.25
1360908241.373,275.66964285714283
1360908241.756,903.6787974683544
1360908241.756,1017.2872340425532
1360908241.755,205.2734375
1360908164.631,2625.011152748037
1360908241.161,769.1532258064516
1360908241.734,72.55208333333334
1360908258.784,6421.875
1360908258.9,7817.708333333333
1360908318.383,2156.25
1360908318.382,2156.25
1360908331.013,308.4490740740741
1360907899.141,94743.86998014121
1360908047.019,354850.50675675675
1360908043.562,436496.09375
1360908350.442,501.8382352941176
1360908350.046,8406.25
1360908367.96,6781.25
1360908368.149,11734.375
1360908428.537,2156.25
1360908428.537,2156.25
1360908439.415,64421.33620689656
1360908453.387,9500.0
1360908435.301,2680.6640625
1360908456.335,10000.0
1360908463.326,9500.0
1360908457.177,9500.0
1360908440.948,2028.214928057554
1360908441.774,9828.125
1360908441.774,15322.02743902439
1360908441.508,12286.458333333334
1360908441.844,5041.487068965517
1360908441.843,8876.346982758621
1360908441.973,14685.388513513513
1360908441.973,10597.128378378378
1360908441.973,11720.861486486487
1360908442.037,8016.059027777778
1360908441.972,14700.0
1360908442.036,14168.91891891892
1360908442.036,19175.223214285714
1360908442.036,13351.99652777778
1360908442.036,8929.25347222222
1360908442.036,5219.618055555556
1360908442.922,12947.443181818182
1360908441.957,19544.763513513513
1360908441.957,20455.208333333336
1360908441.957,14305.12152777778
1360908441.957,8623.263888888889
1360908441.957,11778.645833333334
1360908441.957,11919.704861111111
1360908441.956,7394.53125
1360908441.956,7042.100694444444
1360908441.956,9101.99652777778
1360908455.241,109.7972972972973
1360908456.456,272.8602216748768
1360908464.773,59500.0
1360908464.835,702.5353773584906
1360908464.963,107.73026315789473
1360908464.962,107.73026315789473
1360908456.416,498.3066502463054
1360908456.416,304.8799261083744
1360908464.924,107.73026315789473
1360908457.242,2916.8494152046783
1360908448.868,28140.625
1360908449.059,49234.375
1360908452.988,2522.253787878788
1360908451.155,11484.375
1360908452.647,106.47796352583588
1360908452.852,4371.96072319202
1360908454.624,473.0846774193548
1360908479.311,9500.0
1360908457.286,2363.689365671642
1360908474.392,9500.0
1360908455.516,4625.935872395833
1360908454.804,1062.7804487179487
1360908455.1,4859.294871794872
1360908456.565,101.83502906976743
1360908457.772,33687.5
1360908455.316,7156.25
1360908454.538,319515.625
1360908454.537,271.3178294573643
1360908455.264,239296.875
1360908458.096,205.72916666666666
1360908480.391,1202.9272151898733
1360908484.1,9500.0
1360908465.027,678484.375
1360908457.271,9720.591421143847
1360908453.043,15087.96027131783
1360908453.043,13700.858034321373
1360908479.187,8390.155579399143
1360908439.694,8057.53262158956
1360908452.913,28968.919049459044
1360908452.976,10133.566978193146
1360908452.976,15794.359520123839
1360908452.976,7563.7675507020285
1360908473.883,6687.5
1360908474.581,13135.416666666666
1360908474.312,175.32703488372093
1360908478.649,4256.25
1360908478.503,175.16447368421055
1360908480.049,515.2138157894736
1360908480.049,6284.950657894738
1360908483.772,2765.625
1360908484.154,10839.84375
1360908486.704,709.7470238095239
1360908493.781,13018.727836879434
1360908493.132,2794.324925816024
1360908494.476,11527.814716312056
1360908493.965,12012.252697841726
1360908494.092,6586.9212962962965
1360908494.092,10279.19708029197
1360908494.028,10908.061594202898
1360908494.028,13545.413669064748
1360908494.027,12394.334532374101
1360908494.091,9748.289233576643
1360908494.091,11261.25919117647
1360908494.091,10512.68115942029
1360908494.091,9620.471014492754
1360908494.661,9361.958661417322
1360908497.497,10001.694277108434
1360908493.953,13008.325729927006
1360908493.953,11968.300359712232
1360908494.016,8112.454379562044
1360908494.015,9410.845588235294
1360908494.015,6568.518518518519
1360908494.011,9321.16788321168
1360908494.011,10235.857664233576
1360908494.011,8797.559306569345
1360908495.484,10447.231359649124
1360908520.25,295.5078125
1360908520.25,2122.265625
1360908519.732,892.4418604651163
1360908519.667,6072.532894736842
1360908519.667,8040.203651685393
1360908520.208,269.483024691358
1360908520.208,586.4197530864199
1360908520.207,198.6328125
1360908519.622,3621.7105263157896
1360908519.69,154.6875
1360908505.17,4.403794037940379
1360908529.33,5109.375
1360908534.866,2156.25
1360908511.108,85.5324074074074
1360908519.411,1116.9884554140128
1360908520.076,69.04761904761905
1360908518.769,11171.875
1360908490.158,5312.326549491212
1360908559.248,2625.0
1360908493.887,2270.058497536946
1360908575.724,2671.5315934065934
1360908575.724,101724.75961538461
1360908575.723,56345.81043956044
1360908576.007,2335.9375
1360908575.233,26747.395833333332
1360908576.512,125.19778481012658
1360908576.703,90.58544303797468
1360908575.678,5937.3282967032965
1360908575.677,3540.3225806451615
1360908575.677,1507.3180379746836
1360908576.745,2179.6875
1360908576.027,9284.711826347306
1360908568.327,3355.224609375
1360908572.976,5828.125
1360908572.581,76420.75892857143
1360908574.41,11796.875
1360908624.83,2156.25
1360908647.235,317036.4583333333
1360908639.508,1735.5324074074074
1360908643.9,494.7916666666667
1360908644.726,15809.375
1360908644.726,11686.979166666668
1360908644.726,10594.791666666668
1360908644.79,14337.284482758621
1360908644.79,9551.041666666666
1360908644.79,20691.40625
1360908644.79,9974.137931034482
1360908644.66,13193.548387096775
1360908644.66,8641.129032258064
1360908644.787,10230.064655172415
1360908645.581,15655.2734375
1360908645.704,14381.465517241379
1360908645.704,11173.491379310346
1360908645.704,11888.469827586207
1360908645.579,17760.584677419356
1360908645.643,15331.25
1360908645.706,9104.910714285714
1360908645.706,12921.33620689655
1360908645.706,15599.676724137931
1360908645.706,8867.456896551725
1360908645.706,47515.625
1360908645.706,20216.145833333332
1360908645.706,108984.375
1360908646.672,153140.625
1360908649.442,156.3309585492228
1360908649.634,11734.375
1360908644.16,3374.4285714285716
1360908710.054,2156.25
1360908710.054,2156.25
1360909295.038,28203.125
1360909307.246,10714.84375
1360909307.501,5567.708333333333
1360909307.501,15125.0
1360909307.501,4421.875
1360909307.501,34175.0
1360909308.227,3699.21875
1360909308.458,15197.916666666666
1360909308.649,28007.8125
1360909308.649,30792.96875
1360909308.187,3570.3125
1360909307.653,38126.041666666664
1360909308.163,4035.15625
1360909308.159,4300.78125
1360909294.85,1323.7179487179487
1360909308.349,261.4182692307692
1360909324.54,115.19607843137254
1360909328.444,37781.25
1360909324.54,19934.436274509804
1360909324.54,15761.029411764706
1360909324.54,180.75980392156862
1360909324.731,2633.1380208333335
1360909324.731,2043.9453125
1360909324.794,4169.215425531915
1360909324.794,4646.941489361702
1360909324.984,43500.0
1360909325.301,7739.583333333333
1360909323.819,8549.851190476189
1360909323.814,12601.686507936507
1360909323.942,2297.65625
1360909326.935,42640.625
1360909323.927,865.1041666666666
1360909327.318,4328.125
1360909327.382,8869.140625
1360909327.572,14468.75
1360909316.243,117.83494475138122
1360909328.275,8218.75
1360909324.494,5409.926470588235
1360909324.498,10657.169117647058
1360909308.562,51.979166666666664
1360909324.498,2325.9803921568628
1360909324.689,2834.6354166666665
1360909324.689,2091.4713541666665
1360909324.689,1573.5677083333333
1360909324.816,128.05706521739128
1360909324.816,3723.505434782609
1360909325.066,1051.3392857142858
1360909325.261,1191.9070512820513
1360909305.357,3894.7649572649575
1360909325.706,5479.166666666667
1360909307.179,69.898753894081
1360909323.754,5555.695564516129
1360909323.753,12710.9375
1360909323.625,30093.26923076923
1360909323.689,9349.702380952382
1360909323.881,2148.4375
1360909323.752,931.9556451612904
1360909323.752,10210.685483870968
1360909326.824,44562.5
1360909315.496,315.185546875
1360909323.879,417.1875
1360909323.879,259.6354166666667
1360909326.823,15350.44642857143
1360909326.95,41328.125
1360909327.078,8218.75
1360909327.27,9265.625
1360909327.205,10218.75
1360909327.269,19703.125
1360909327.333,6375.0
1360909327.716,5796.875
1360909327.779,10937.5
1360909326.541,1388.392857142857
1360909324.044,3516.983695652174
1360909323.081,1536.1168032786884
1360909328.762,617.1875
1360909327.256,886.0728346456693
1360909327.256,882.6279527559055
1360909327.256,366.2647637795275
1360909324.499,1248.2536764705883
1360909325.962,5526.6794217687075
1360909327.213,416.8307086614173
1360909327.212,883.7352362204724
1360909327.85,1079.059829059829
1360909323.356,16548.295454545452
1360909323.69,10687.071917808218
1360909325.245,8214.0625
1360909325.309,11707.5
1360909326.939,33953.125
1360909326.937,4497.159090909091
1360909326.937,4333.806818181818
1360909326.937,2998.5795454545455
1360909327.448,31765.625
1360909327.447,18834.375
1360909327.447,22421.875
1360909327.698,13304.6875
1360909327.829,24231.25
1360909327.444,49656.25
1360909324.792,2787.59765625
1360909326.798,11000.0
1360909326.929,232.71150190114068
1360909326.864,22796.875
1360909327.309,15562.5
1360909327.372,11646.484375
1360909327.372,25750.0
1360909327.372,22187.5
1360909327.372,968125.0
1360909327.627,1081000.0
1360909327.686,35503.125
1360909327.686,4500.0
1360909327.242,868250.0
1360909327.242,4021.3815789473683
1360909327.689,78875.0
1360909327.689,15660.15625
1360909328.454,224625.0
1360909327.685,14415.625
1360909327.685,35765.625
1360909327.664,17759.375
1360909327.664,36093.75
1360909327.983,160968.75
1360909328.621,680890.625
1360909328.373,6351.5625
1360909328.132,59687.5
1360909328.301,6460.9375
1360909328.3,6421.875
1360909341.656,2205.2283653846152
1360909365.293,4484.375
1360909365.293,4484.375
1360909365.357,2343.75
1360909324.006,3841.0390378548896
1360909359.54,176.97704081632654
1360909365.416,15781.25
1360909366.173,13521.484375
1360909401.929,2156.25
1360909392.615,167.97820823244552
1360909419.989,8671.875
1360909444.418,29140.625
1360909444.481,10296.875
1360909444.608,234203.125
1360909443.507,15375.0
1360909444.247,57062.5
1360909444.375,17312.5
1360909437.392,8879.38596491228
1360909443.211,109734.375
1360909437.913,5920.990566037735
1360909444.609,137.2340425531915
1360909442.677,13741.913910505837
1360909442.804,2374.6924212598424
1360909443.251,1855.9097782258066
1360909443.251,2688.445060483871
1360909443.251,1770.9387651821862
1360909443.182,4026.146673387097
1360909442.815,410718.75
1360909442.878,5179.6875
1360909443.26,45125.0
1360909443.132,343351.5625
1360909443.641,455078.125
1360909441.81,343.85738831615123
1360909442.127,3250.0
1360909442.808,11578.125
1360909442.808,43213.541666666664
1360909478.033,54867.1875
1360909478.224,15375.0
1360909487.983,109734.375
1360909471.818,1069.7852760736198
1360909471.454,97.51998546511628
1360909471.067,1171.2312734082398
1360909471.067,586.5205223880597
1360909471.067,76.50862068965516
1360909471.067,1182.6508620689656
1360909471.579,96.66475535168195
1360909471.768,352.4666172106825
1360909470.982,749.3586753731342
1360909470.981,1396.3501908396947
1360909470.981,778.3462389380531
1360909470.981,2060.0110619469024
1360909471.364,3631.8396226415093
1360909471.362,278.5465542521994
1360909471.489,262.81342182890853
1360909472.424,12580.492424242424
1360909478.178,370.3125
1360909478.123,882.2265625
1360909470.8,16628.489377470356
1360909471.438,5228.893649193548
1360909488.295,818984.375
1360909488.226,33812.5
1360909495.481,220.74044585987264
1360909502.836,8.689839572192513
1360909502.835,8.689839572192513
1360909522.125,28312.5
1360909522.02,47562.5
1360909539.899,8070.3125
1360909540.026,231.77083333333334
1360909528.95,6520.102339181286
1360909537.588,1599.330357142857
1360909537.647,1135.6707317073171
1360909537.647,466.51785714285717
1360909537.778,914.2992424242424
1360909537.906,425.2533783783784
1360909537.778,40285.9375
1360909538.097,8397.32142857143
1360909538.161,25173.295454545452
1360909538.161,37637.784090909096
1360909538.161,23013.88888888889
1360909538.161,7557.291666666667
1360909538.161,5154.861111111111
1360909538.288,579.190340909091
1360909538.607,1442.7083333333333
1360909538.415,568.452380952381
1360909538.479,60968.75
1360909538.606,1848.9583333333333
1360909538.606,1309.6955128205127
1360909538.67,3227.7960526315787
1360909539.69,5460.9375
1360909539.734,2175.78125
1360909540.305,1939.732142857143
1360909537.354,54142.578125
1360909529.289,76.04166666666666
1360909537.862,1453.125
1360909537.734,506.155303030303
1360909537.989,1985.2195945945946
1360909538.117,28945.075757575756
1360909538.117,34518.465909090904
1360909538.117,32633.333333333332
1360909538.117,5910.416666666666
1360909538.117,4663.541666666666
1360909538.18,13629.861111111111
1360909538.499,1581.25
1360909538.499,418.75
1360909538.562,1810.0961538461538
1360909539.633,2183.59375
1360909539.504,11488.28125
1360909539.759,4700.892857142857
1360909539.887,43500.0
1360909540.015,7812.5
1360909521.879,2884.465144230769
1360909540.471,110.3515625
1360909537.648,23672.63719512195
1360909539.606,694.3670382165606
1360909539.606,995.1241134751773
1360909539.734,41.90705128205128
1360909541.007,96.921992481203
1360909539.559,355.5975274725275
1360909539.559,289.42087155963304
1360909539.498,156.6238038277512
1360909536.834,6995.2761627906975
1360909539.833,190320.3125
1360909537.969,4093.1712962962965
1360909538.266,13332.03125
1360909539.535,64635.41666666667
1360909539.789,6273.4375
1360909539.533,96493.30357142857
1360909539.788,215437.5
1360909539.737,190320.3125
1360909538.946,5356.770833333333
1360909539.455,57562.5
1360909539.647,40457.29166666667
1360909539.454,106354.91071428571
1360909538.733,77498.046875
1360909539.615,15167.613636363636
1360909539.615,218993.75
1360909539.937,443593.75
1360909538.628,3466.9471153846152
1360909539.583,12919.034090909092
1360909539.583,53937.5
1360909539.583,19175.0
1360909539.78,110620.53571428571
1360909539.968,9062.5
1360909539.968,9062.5
1360909540.095,65359.375
1360909540.095,14375.0
1360909540.095,14375.0
1360909540.793,19778.125
1360909540.793,24121.09375
1360909540.856,11968.75
1360909541.852,8664.0625
1360909541.852,133921.875
1360909541.852,17328.125
1360909542.102,33093.75
1360909539.921,9062.5
1360909539.921,1723.9583333333333
1360909540.049,14375.0
1360909540.727,22394.53125
1360909540.727,19112.5
1360909541.105,40671.875
1360909543.058,16619.791666666668
1360909540.656,75437.5
1360909541.118,3929.6875
1360909541.501,3090.909090909091
1360909542.203,182265.625
1360909542.203,183000.0
1360909538.111,6174.103260869566
1360909570.682,52.00559701492537
1360909570.644,52.00559701492537
1360909570.708,52.79356060606061
1360909556.143,17328.125
1360909580.367,1648.628048780488
1360909580.367,1648.628048780488
1360909580.43,1330.7926829268292
1360909580.43,518.2926829268292
1360909580.43,1330.7926829268292
1360909577.101,124.34895833333333
1360909584.46,3664.0625
1360909580.938,2963.5416666666665
1360909581.001,11796.875
1360909581.001,11796.875
1360909581.001,11320.3125
1360909581.128,20312.5
1360909581.128,7640.625
1360909581.128,7703.125
1360909581.128,7707.03125
1360909581.381,50179.6875
1360909581.445,18062.5
1360909581.445,18093.75
1360909581.445,15789.0625
1360909581.445,15687.5
1360909577.86,215.10416666666669
1360909581.7,18117.1875
1360909581.635,8421.875
1360909581.635,8421.875
1360909581.763,7570.3125
1360909581.699,11800.78125
1360909581.762,7570.3125
1360909581.89,9750.0
1360909581.826,6710.9375
1360909581.89,6843.75
1360909581.954,8421.875
1360909581.953,7140.625
1360909581.953,7156.25
1360909581.953,11796.875
1360909581.953,14578.125
1360909578.689,2270.6117021276596
1360909581.953,7906.25
1360909578.753,441.31944444444446
1360909581.953,4661.458333333333
1360909578.753,14313.683712121212
1360909578.753,54476.90217391305
1360909582.08,18171.875
1360909582.016,3968.75
1360909582.08,12859.375
1360909582.144,5119.140625
1360909582.08,6828.125
1360909582.208,4785.714285714285
1360909582.079,3421.875
1360909582.143,7578.125
1360909582.207,4790.178571428572
1360909579.07,1615.234375
1360909579.134,1943.1089743589744
1360909579.069,2114.346590909091
1360909579.132,8883.984375
1360909579.132,2357.421875
1360909579.132,3835.546875
1360909579.132,1758.59375
1360909582.888,17078.125
1360909582.76,64304.6875
1360909582.823,7312.5
1360909583.077,158168.75
1360909580.069,3921.875
1360909582.949,30773.4375
1360909583.013,7312.5
1360909583.46,26187.5
1360909583.46,26312.5
1360909580.322,1648.628048780488
1360909580.322,1648.628048780488
1360909584.353,7328.125
1360909584.353,7328.125
1360909580.385,1331.1737804878048
1360909584.353,7328.125
1360909580.384,1330.7926829268292
1360909580.512,197.3684210526316
1360909580.703,10898.660714285714
1360909580.893,531.25
1360909580.956,11335.9375
1360909581.401,18093.75
1360909581.401,15781.25
1360909581.591,8421.875
1360909581.654,18101.5625
1360909577.942,5851.699561403509
1360909581.718,7570.3125
1360909581.718,7570.3125
1360909581.781,23820.3125
1360909581.717,7132.8125
1360909581.908,15750.0
1360909581.908,7156.25
1360909581.908,1078.125
1360909581.78,6695.3125
1360909582.036,13687.5
1360909582.035,6843.75
1360909581.907,4468.75
1360909581.887,8437.5
1360909581.951,15140.625
1360909582.08,7335.9375
1360909581.952,7421.875
1360909582.016,7578.125
1360909582.143,1683.0357142857142
1360909578.687,500.0
1360909578.686,99861.41304347827
1360909578.686,49488.45108695652
1360909582.59,5882.8125
1360909582.59,5921.875
1360909582.717,64234.375
1360909582.46,3955.078125
1360909579.004,230.46875
1360909582.524,4640.625
1360909579.068,42642.1875
1360909579.068,5483.573717948718
1360909579.068,3659.765625
1360909579.068,326.953125
1360909583.035,158665.625
1360909582.842,28875.0
1360909579.961,275.4755434782609
1360909579.961,486.4130434782609
1360909582.905,30726.5625
1360909583.224,9203.125
1360909583.799,9210.9375
1360909580.853,226.5625
1360909578.392,5254.261363636363
1360909579.991,939.7865853658537
1360909579.991,275.9146341463415
1360909580.502,622.6325757575758
1360909578.387,10193.41856060606
1360909579.666,6090.692934782608
1360909579.986,819.359756097561
1360909580.369,966.9642857142857
1360909581.26,1206.6851265822784
1360909581.641,342.1875
1360909581.641,156.88344594594594
1360909582.149,225.0
1360909591.914,2156.25
1360909580.9,103.40366242038216
1360909580.9,103.2046178343949
1360909580.9,108.28025477707007
1360909581.599,156.88344594594594
1360909581.917,107.39715189873418
1360909583.176,950.6478658536586
1360909583.176,950.6478658536586
1360909583.559,464.781746031746
1360909580.108,1956.25
1360909580.425,95825.52083333333
1360909580.679,196031.25
1360909580.804,4435.31976744186
1360909581.376,20390.625
1360909581.439,3859.375
1360909581.694,46656.25
1360909581.565,9375.0
1360909580.609,64635.41666666667
1360909580.673,17968.75
1360909581.243,7335.9375
1360909581.243,11156.25
1360909581.307,11601.5625
1360909581.37,8593.75
1360909581.242,11390.625
1360909581.242,11156.25
1360909581.369,8593.75
1360909581.496,19781.25
1360909581.559,7750.0
1360909584.186,33937.5
1360909584.377,22144.53125
1360909604.629,7312.5
1360909580.831,160968.75
1360909581.64,278125.0
1360909581.894,10109.375
1360909582.849,97765.625
1360909583.104,18203.125
1360909583.422,265625.0
1360909583.422,812890.625
1360909581.546,48710.68548387097
1360909581.991,6625.0
1360909582.436,621953.125
1360909583.064,18203.125
1360909583.383,106335.9375
1360909583.383,138875.0
1360909583.383,990718.75
1360909584.211,222585.9375
1360909610.046,44562.5
1360909614.076,5457.932692307692
1360909614.198,3504.076086956522
1360909611.448,16437.5
1360909611.383,26863.28125
1360909614.073,16437.5
1360909614.327,14468.75
1360909614.626,3968.75
1360909615.642,11286.458333333334
1360909613.715,5201.171875
1360909613.714,4215.277777777777
1360909613.714,3551.875
1360909613.842,67856.61764705883
1360909611.026,6111.607142857143
1360909611.093,22066.40625
1360909611.409,7674.278846153846
1360909614.801,7464.84375
1360909614.864,5424.107142857143
1360909615.184,11064.903846153848
1360909615.056,11231.971153846152
1360909612.24,7715.1442307692305
1360909615.44,6105.46875
1360909612.495,7378.348214285715
1360909612.686,7891.826923076924
1360909609.549,20691.576086956524
1360909613.709,4148.065476190476
1360909613.708,3786.684782608696
1360909613.708,3244.2129629629626
1360909611.019,5377.757352941177
1360909611.083,9792.613636363636
1360909611.083,9359.375
1360909611.083,12424.107142857143
1360909611.53,21730.76923076923
1360909611.658,5778.846153846154
1360909611.789,6135.817307692308
1360909611.917,49328.125
1360909612.105,7156.25
1360909612.36,9194.711538461539
1360909615.432,819.1964285714286
1360909615.304,6173.076923076924
1360909615.624,6751.041666666667
1360909615.752,7080.208333333333
1360909615.88,5081.0546875
1360909596.397,27802.083333333332
1360909620.357,16437.5
1360909620.42,3750.0
1360909616.662,3009.375
1360909620.018,17668.75
1360909620.082,13971.354166666666
1360909615.472,7976.6355140186915
1360909616.985,5417.410714285715
1360909616.921,36692.708333333336
1360909617.496,317021.484375
1360909618.264,72330.72916666667
1360909618.008,1110957.03125
1360909618.263,6616.071428571428
1360909618.455,39726.5625
1360909618.647,143646.875
1360909618.711,28662.5
1360909619.734,17712.5
1360909616.02,4742.1875
1360909617.044,13848.011363636364
1360909617.172,1055873.798076923
1360909617.172,10619.318181818182
1360909617.299,807683.2386363636
1360909618.259,214552.08333333334
1360909618.259,831099.4318181819
1360909618.258,25005.208333333332
1360909618.642,18835.9375
1360909616.143,4843.75
1360909616.463,6191.1057692307695
1360909616.591,5732.142857142857
1360909614.034,6625.8125
1360909609.26,15567.708333333334
1360909611.93,36500.0
1360909613.83,22475.183823529413
1360909614.908,446395.8333333333
1360909619.709,17928.125
1360909619.708,267320.3125
1360909619.836,7903.125
1360909620.572,19266.319444444445
1360909620.427,36875.0
1360909620.402,310710.9375
1360909619.893,25739.583333333332
1360909619.968,14375.0
1360909645.819,8218.75
1360909646.584,16437.5
1360909647.266,43500.0
1360909646.098,17673.713235294115
1360909646.162,16437.5
1360909646.671,16437.5
1360909656.354,35476.5625
1360909649.057,13916.666666666666
1360909656.101,1143863.28125
1360909653.796,16317.887931034484
1360909658.126,13971.354166666666
1360909656.422,6151.442307692308
1360909657.759,3761.71875
1360909656.086,1185020.8333333333
1360909645.254,496.09375
1360909645.762,166239.58333333334
1360909645.761,31220.51886792453
1360909645.761,24272.99528301887
1360909646.057,3638.5135135135138
1360909646.12,20723.958333333332
1360909646.247,28625.0
1360909646.247,6097.65625
1360909646.247,5527.34375
1360909646.685,28285.590277777777
1360909647.071,16130.208333333332
1360909647.198,4535.845588235295
1360909647.77,194027.34375
1360909657.916,2728.935917721519
1360909648.776,29978.125
1360909648.451,119.70338983050847
1360909648.514,11908.203125
1360909649.344,11210.9375
1360909649.378,7227.678571428572
1360909649.377,22177.083333333332
1360909649.373,6464.285714285715
1360909649.441,22654.829545454548
1360909657.463,954.1355721393035
1360909657.463,219.13771712158808
1360909657.526,435.08416458852867
1360909656.959,92.61029411764706
1360909657.118,3272.3267180094786
1360909658.451,27.197630922693264
1360909658.514,184.34382793017457
1360909681.221,355.5743243243243
1360909645.753,5263.721446700508
1360909682.492,6828.125
1360909682.683,1481.5340909090908
1360909683.131,293.0871212121212
1360909683.131,286.4583333333333
1360909683.194,1110.3515625
1360909683.194,742.1875
1360909686.458,11109.375
1360909686.521,11234.375
1360909683.576,214.38953488372093
1360909683.64,7539.0625
1360909683.64,868.3035714285714
1360909683.831,1818.9102564102564
1360909683.831,8218.75
1360909683.766,5007.8125
1360909684.086,20364.583333333332
1360909683.766,3571.265243902439
1360909685.399,3195.3125
1360909683.09,293.0871212121212
1360909686.29,197570.3125
1360909646.097,3490.5448717948716
1360909683.153,742.1875
1360909683.536,214.38953488372093
1360909683.6,31984.375
1360909683.6,399.7093023255814
1360909683.663,516.3871951219512
1360909683.727,2152.901785714286
1360909683.727,14265.625
1360909686.542,3559.8958333333335
1360909683.598,628.2703488372093
1360909683.662,417.4107142857143
1360909683.726,2130.5803571428573
1360909687.295,9281.25
1360909647.103,14313.241432337434
1360909682.082,13739.497950819672
1360909682.146,2712.121212121212
1360909682.146,3540.885416666667
1360909682.146,10503.125
1360909682.146,1818.4895833333335
1360909682.849,1044.0340909090908
1360909682.849,2900.0
1360909683.297,247.39583333333334
1360909683.297,280.13392857142856
1360909683.297,2136.532738095238
1360909683.233,3228.9244186046512
1360909683.233,337.9360465116279
1360909683.233,397.1656976744186
1360909683.297,9405.13392857143
1360909683.361,274.0091463414634
1360909683.744,416.0714285714286
1360909683.744,416.0714285714286
1360909682.141,13537.239583333334
1360909682.141,12439.322916666666
1360909682.141,5448.4375
1360909682.141,1167.4479166666667
1360909682.141,3134.1145833333335
1360909682.077,9751.838235294117
1360909682.844,2775.1913265306125
1360909682.844,2854.017857142857
1360909682.844,2694.6428571428573
1360909682.844,2180.17578125
1360909683.228,3194.4040697674423
1360909683.228,613.3720930232558
1360909683.228,700.2180232558139
1360909683.228,856.4680232558139
1360909683.227,3133.7209302325577
1360909683.291,281.25
1360909683.291,1129.8363095238096
1360909683.291,3270.461309523809
1360909683.291,311.7559523809524
1360909683.739,416.0714285714286
1360909683.739,782.1428571428571
1360909683.739,416.0714285714286
1360909683.781,1987.9261363636365
1360909683.904,781.25
1360909684.353,20001.201923076922
1360909683.543,15445.3125
1360909684.282,7881.510416666667
1360909684.279,9389.322916666666
1360909681.362,7550.973360655738
1360909682.445,36213.8671875
1360909683.147,1721.7261904761904
1360909682.422,6015.625
1360909684.15,5750.0
1360909684.15,5750.0
1360909684.149,5750.0
1360909686.291,2239.5833333333335
1360909688.368,59171.875
1360909688.368,32737.499999999996
1360909688.622,22984.375
1360909688.622,19309.375
1360909688.622,5296.875
1360909688.364,32737.499999999996
1360909688.428,380640.625
1360909688.428,49007.8125
1360909688.491,64635.41666666667
1360909685.028,26125.0
1360909685.096,5750.0
1360909685.095,5750.0
1360909685.349,13296.875
1360909685.452,9093.75
1360909686.469,40539.0625
1360909688.354,380640.625
1360909688.668,17968.75
1360909688.672,2065.625
1360909688.544,22929.6875
1360909688.671,14375.0
1360909709.987,125677.08333333333
1360909710.114,2811.3839285714284
1360909710.114,17864.182692307695
1360909710.114,45677.083333333336
1360909710.3,43500.0
1360909710.432,29921.875
1360909710.239,29921.875
1360909710.495,29921.875
1360909710.686,29921.875
1360909685.27,2556.25
1360909686.286,444460.9375
1360909687.752,25000.0
1360909710.857,29921.875
1360909710.921,49437.5
1360909711.24,11468.75
1360909711.24,8796.875
1360909711.24,108773.4375
1360909711.24,9140.625
1360909685.24,3570.549242424242
1360909687.853,160968.75
1360909710.075,3457.291666666667
1360909710.075,4321.614583333333
1360909710.075,5583.705357142857
1360909710.33,29921.875
1360909710.557,29921.875
1360909710.685,29921.875
1360909710.875,70906.25
1360909711.0,212000.0
1360909711.191,126437.5
1360909711.191,11187.5
1360909711.191,89437.5
1360909711.191,32843.75
1360909711.191,8312.5
1360909711.19,9937.5
1360909711.382,27203.125
1360909709.95,333.88157894736844
1360909701.041,80.00144341801385
1360909727.072,2156.25
1360909727.072,2343.75
1360909727.072,2156.25
1360909727.072,2156.25
1360909710.591,25312.5
1360909710.828,960.9375
1360909790.998,15781.25
1360909790.87,28742.1875
1360909797.692,153.7109375
1360909797.692,3166.5396341463415
1360909797.818,156.64556962025316
1360909806.709,2156.25
1360909798.836,8413.109756097561
1360909798.836,4762.048192771084
1360909798.836,5230.986445783133
1360909797.777,152.7777777777778
1360909797.648,2241.9921875
1360909798.794,8604.724702380952
1360909798.794,36392.507530120485
1360909798.774,8426.393072289156
1360909791.576,3914.855072463768
1360909796.097,48263.28125
1360909798.072,1391.9082125603866
1360909797.944,11687.5
1360909799.177,71.02736928104575
1360909825.183,90018.25221238939
1360909825.183,5822.916666666667
1360909825.183,6711.5234375
1360909825.183,6656.782670454546
1360909825.145,4303.544207317073
1360909825.145,5778.409090909091
1360909825.144,5002.507716049383
1360909816.385,7828.125
1360909816.12,6781.25
1360909828.376,402.391975308642
1360909824.481,937.7957413249212
1360909824.535,72.74247491638795
1360909825.215,72.79473244147157
1360909875.599,2156.25
1360909875.541,2156.25
1360910397.63,2718.75
1360910400.982,129.46428571428572
1360910400.42,7.387907608695652
1360910406.06,2718.75
1360910408.413,5.646417445482866
1360910412.98,164.77272727272725
1360910455.202,1812.5
1360910479.74,7.42827868852459
1360910485.713,302.0833333333333
1360910487.944,543.75
1360910491.204,151.04166666666666
1360910494.58,36.98979591836735
1360910504.854,906.25
1360910556.935,2265.625
1360910577.678,6.788389513108615
1360910574.64,7.984581497797357
1360910706.832,1812.5
1360910709.098,14.71185064935065
1360910706.506,4531.25
1360910770.721,2114.5833333333335
1360910802.837,13.229927007299269
1360910859.705,27812.5
1360910854.838,453.125
1360910880.556,2718.75
1360910952.703,19489.583333333332
1360910953.663,19916.666666666668
1360910954.636,11409.375
1360910964.398,2718.75
1360911177.836,15031.25
1360911177.9,13037.5
1360911584.244,16.96428571428571
1360911696.336,16.843971631205672
1360911733.706,16.96428571428571
1360911857.608,16.96428571428571
1360911990.758,1208.3333333333333
1360912403.21,11.66044776119403
1360912863.628,22250.0
1360912862.022,11107.142857142857
1360912857.763,3423.6111111111113
1360912860.233,94.24603174603175
1360912862.417,8300.223214285714
1360912922.062,2156.25
1360912910.229,32.608695652173914
1360912984.418,31.25
1360912984.482,31.914893617021274
1360912984.588,31.914893617021274
1360912984.588,31.914893617021274
1360913006.285,33.333333333333336
1360913294.14,107.8125
1360913319.682,22882.8125
1360913758.937,598.9583333333334
1360913902.398,6057.8125
1360914815.502,12960.9375
1360914816.838,18541.666666666668
1360914829.891,7671.875
1360914830.401,2796.875
1360914829.791,2125.0
1360914811.412,3217.1875
1360914816.001,7052.734375
1360914850.946,1792.7989130434783
1360914830.208,32.421875
1360914847.552,1765.7894736842106
1360914830.335,889.5399305555555
1360914851.391,1979.1666666666667
1360914847.678,77.76988636363637
1360914847.934,990.2573529411765
1360914852.157,3166.6666666666665
1360914852.22,526.9097222222222
1360914852.284,2463.5416666666665
1360914844.731,16277.989130434782
1360914828.987,1442.257217847769
1360914844.667,2959.2141544117644
1360914852.666,4078.125
1360914852.666,3090.625
1360914844.73,284.49074074074076
1360914844.986,2945.4941860465115
1360914844.986,3487.403100775194
1360914844.986,13371.124031007752
1360914852.73,1886.1607142857142
1360914852.666,2281.25
1360914845.05,520.5078125
1360914852.73,2390.625
1360914853.049,4239.583333333333
1360914853.176,3003.90625
1360914853.176,1443.359375
1360914853.24,1319.4444444444443
1360914853.24,1175.3472222222224
1360914829.815,124.74524456521739
1360914829.815,123.89305177111716
1360914829.815,104.90463215258855
1360914829.815,130.43478260869566
1360914829.815,97.40149456521739
1360914829.815,202.87024456521738
1360914829.815,119.89100817438691
1360914829.815,91.96185286103542
1360914829.815,153.7024456521739
1360914829.814,70.65217391304347
1360914847.54,486.1111111111111
1360914847.54,351.85185185185185
1360914846.259,434.74264705882354
1360914847.539,473.71031746031747
1360914847.539,351.85185185185185
1360914839.836,9097.861842105263
1360914852.315,8723.958333333334
1360914848.411,562.5
1360914852.696,2618.3035714285716
1360914845.015,72.021484375
1360914852.887,2296.875
1360914844.694,2166.304347826087
1360914844.694,5384.103260869566
1360914849.878,824.21875
1360914853.142,2988.28125
1360914853.014,1416.6666666666667
1360914853.141,3042.96875
1360914844.949,3273.6191860465115
1360914844.949,2700.5813953488373
1360914844.949,617.6801801801802
1360914853.46,2550.0
1360914850.26,280.10670731707313
1360914853.523,2475.0
1360914829.779,115.80381471389646
1360914829.779,78.16757493188011
1360914829.779,142.40828804347828
1360914829.779,136.20923913043478
1360914829.779,129.75543478260872
1360914829.779,140.96559945504086
1360914829.779,90.86277173913044
1360914829.942,79.39877717391305
1360914829.942,179.47520380434784
1360914828.344,996.7927631578948
1360914829.173,34.968248663101605
1360914828.065,765.7873376623377
1360914828.32,2447.0805921052633
1360914829.152,78.33389037433156
1360914844.827,774.3703358208955
1360914847.705,16576.89606741573
1360914847.705,233.47701149425288
1360914847.575,1513.2211538461538
1360914854.91,4218.75
1360914854.974,6057.291666666667
1360914854.017,1346.4781746031747
1360914855.296,125.9765625
1360914855.422,107.25308641975309
1360914847.55,402.63064971751413
1360914855.678,4359.375
1360914851.518,141.5929203539823
1360914854.524,202.65151515151513
1360914854.523,1625.0
1360914854.523,1573.6607142857142
1360914852.155,232.0995145631068
1360914854.522,2082.589285714286
1360914854.586,280.52884615384613
1360914854.586,1915.1785714285713
1360914844.728,6251.712328767123
1360914852.726,235.37234042553192
1360914854.961,3214.84375
1360914855.152,210.37946428571428
1360914855.216,127.57120253164558
1360914854.487,2250.0
1360914854.484,2258.9285714285716
1360914852.116,275.7888349514563
1360914852.116,575.5461165048544
1360914854.484,1769.53125
1360914854.484,102.22138554216868
1360914852.817,238.6209239130435
1360914853.774,196.59810126582278
1360914853.774,4067.708333333333
1360914851.32,22.804054054054053
1360914851.511,94.41877431906615
1360914868.275,1551.5625
1360914854.515,102.5297619047619
1360914854.579,34.76375598086125
1360914852.147,5384.311224489796
1360914858.222,327.9166666666667
1360914851.308,133.59375
1360914854.507,48.74401913875598
1360914854.57,40.9688995215311
1360914852.687,116.0007911392405
1360914852.687,71.92774261603375
1360914853.069,149.95941558441558
1360914845.004,74.80796089385474
1360914845.267,267.85714285714283
1360914845.347,375.0
1360914847.415,468.75
1360914847.072,312.5
1360914847.007,111.45174050632912
1360914847.839,375.0
1360914848.3,187.5
1360914854.028,462.2993119266055
1360914857.484,610.1235029940119
1360914854.532,52.00892857142858
1360914867.01,12213.922764227644
1360914871.106,232.6171875
1360914867.009,146.484375
1360914868.221,11993.25
1360914876.221,2059.8958333333335
1360914876.285,575.0
1360914877.305,8260.416666666666
1360914868.793,143.10747663551402
1360914877.369,10632.8125
1360914868.92,259.46969696969694
1360914877.304,8239.583333333334
1360914868.792,180.6192660550459
1360914877.559,8378.125
1360914877.623,13195.3125
1360914866.742,3850.4022277227723
1360914866.742,262.3873873873874
1360914866.742,857.6858108108108
1360914866.737,400.54086538461536
1360914868.145,28841.466346153848
1360914868.209,32772.0
1360914868.144,38556.59448818898
1360914868.208,32483.25
1360914868.186,2008.7719298245613
1360914876.761,1962.890625
1360914876.953,3143.75
1360914868.758,143.10747663551402
1360914877.526,8371.875
1360914853.142,222.676917989418
1360914866.708,831.0096153846154
1360914852.234,78.08641975308642
1360914852.681,30.737704918032787
1360914868.302,1216.7075163398692
1360914857.983,397.2039473684211
1360914880.397,8514.802631578947
1360914878.908,1790.1278409090908
1360914878.908,258.0758426966292
1360914878.908,1740.9446022727273
1360914878.907,145.06392045454544
1360914878.907,2721.875
1360914879.227,3765.625
1360914879.099,3718.75
1360914878.011,8665.17857142857
1360914867.003,399.2550872093023
1360914867.003,250.9934971098266
1360914878.01,55.06674757281554
1360914867.066,279.1483918128655
1360914867.066,435.3070175438596
1360914878.01,8932.291666666666
1360914867.002,43.51380813953489
1360914867.002,340.1162790697674
1360914867.066,287.9203216374269
1360914867.066,248.0922965116279
1360914883.13,1900.0
1360914867.066,272.2953216374269
1360914867.066,264.34576023391816
1360914879.417,11875.0
1360914878.069,595.2970297029702
1360914883.448,566.8402777777778
1360914879.928,854.8259493670886
1360914871.608,444.4236526946108
1360914879.863,342.5632911392405
1360914875.575,4938.270246478873
1360914868.15,418.93262987012986
1360914868.277,1620.4342532467533
1360914884.149,8062.5
1360914878.389,3789.0625
1360914878.389,4066.40625
1360914876.213,376.6826923076923
1360914880.565,513.3568548387096
1360914880.628,521.7725409836066
1360914868.148,337.6623376623377
1360914878.452,134.1314935064935
1360914868.212,467.83088235294116
1360914868.212,59.86201298701298
1360914876.468,4036.7431640625
1360914876.276,2847.208969465649
1360914868.212,149.35064935064935
1360914878.388,6739.583333333333
1360914868.212,108.5633116883117
1360914884.403,15359.375
1360914880.945,3251.5625
1360914877.551,698.6811926605506
1360914885.359,3973.9583333333335
1360914885.359,4005.208333333333
1360914866.543,61.19064245810056
1360914885.422,12718.75
1360914866.734,2524.9467329545455
1360914866.606,966.5677374301675
1360914878.892,155.71732954545456
1360914878.892,10104.166666666666
1360914877.996,205.57598039215685
1360914879.02,1781.4316860465117
1360914877.995,6062.5
1360914879.211,3138.0208333333335
1360914866.987,319.90606936416185
1360914877.995,7676.339285714285
1360914879.275,100.52710843373494
1360914866.987,252.08938953488374
1360914883.115,2465.625
1360914867.051,240.77119883040933
1360914867.051,292.39766081871346
1360914867.051,227.9251453488372
1360914883.051,1583.3333333333333
1360914866.987,676.6896802325582
1360914866.987,475.79479768786126
1360914878.058,986.3861386138614
1360914878.058,184.09653465346534
1360914867.05,297.87427325581393
1360914867.05,407.61264534883725
1360914879.53,2369.7916666666665
1360914878.058,5421.875
1360914878.122,210.15625
1360914878.122,1722.65625
1360914879.53,1777.34375
1360914879.658,9414.0625
1360914879.658,109.78618421052632
1360914879.658,9414.0625
1360914883.37,2681.25
1360914879.721,3554.6875
1360914878.121,1722.65625
1360914883.349,1055.5555555555557
1360914883.862,2205.3571428571427
1360914875.862,3777.030109489051
1360914868.118,18774.588178294576
1360914880.534,2497.227822580645
1360914878.421,4066.40625
1360914868.181,59.86201298701298
1360914876.181,2449.337121212121
1360914868.181,124.39123376623377
1360914868.181,259.8417207792208
1360914868.116,483.46185064935065
1360914876.18,377.16346153846155
1360914880.916,15581.25
1360914878.356,7564.453125
1360914868.18,323.93790849673206
1360914868.179,282.6797385620915
1360914884.371,2851.5625
1360914868.243,989.4230769230769
1360914877.005,3038.862179487179
1360914885.328,5976.5625
1360914877.52,913.9908256880734
1360914885.392,9570.3125
1360914877.583,81.30296610169492
1360914885.327,6601.5625
1360914885.327,5773.4375
1360914877.011,774.2319915254237
1360914878.226,962.2790404040404
1360914879.952,57038.099315068495
1360914869.711,690.8386752136753
1360914878.223,962.2790404040404
1360914878.926,8075.520833333334
1360914879.053,9111.170977011494
1360914879.053,8048.311781609195
1360914880.205,1851.5625
1360914882.893,3043.923611111111
1360914882.893,3206.770833333333
1360914882.893,3058.854166666667
1360914882.893,8873.263888888889
1360914882.892,112.26114649681529
1360914886.924,127.57120253164558
1360914886.988,127.57120253164558
1360914886.219,2359.375
1360914886.219,342.94871794871796
1360914886.219,455.859375
1360914887.307,2179.6875
1360914886.282,2833.3333333333335
1360914886.346,3059.375
1360914886.281,2949.21875
1360914886.281,2863.28125
1360914886.345,107.39715189873418
1360914886.345,3293.75
1360914886.344,2109.375
1360914886.598,5968.75
1360914886.598,9085.9375
1360914886.724,380.0403225806452
1360914884.419,197.38924050632912
1360914886.847,6382.8125
1360914882.879,5029.861111111111
1360914882.879,14227.256944444445
1360914887.102,100.83575581395348
1360914886.269,9750.0
1360914886.265,2847.65625
1360914886.265,2475.0
1360914886.333,2681.25
1360914886.333,3953.125
1360914883.452,145.78276699029126
1360914886.689,6101.5625
1360914884.319,267.6028481012658
1360914885.467,218.19196428571428
1360914882.649,1524.2091049382716
1360914868.962,42.61363636363636
1360914869.664,30.612244897959183
1360914869.052,372.80825791855204
1360914870.074,34.72222222222222
1360914870.433,58.59375
1360914871.165,34.090909090909086
1360914872.874,72.11538461538461
1360914874.145,144.23076923076923
1360914894.324,1656.25
1360914883.112,5412.813926940639
1360914884.935,78.3132530120482
1360914878.513,38.26530612244898
1360914878.027,116.07142857142857
1360914877.47,385.8612804878049
1360914882.773,11953.125
1360914900.836,253.86757425742573
1360914905.154,3709.375
1360914886.33,15140.625
1360914886.33,19437.5
1360914883.449,1979.1666666666667
1360914886.392,2604.1666666666665
1360914883.512,5518.229166666667
1360914884.021,4442.708333333333
1360914886.577,34.090909090909086
1360914884.21,16375.0
1360914884.44,16265.625
1360914882.894,4898.4375
1360914883.145,4203.125
1360914885.665,5054.6875
1360914885.68,76531.25
1360914889.635,7218.75
1360914886.854,9375.0
1360914918.74,232.14285714285714
1360914917.771,19148.695054945056
1360914905.619,6310.76388888889
1360914923.624,125.1570351758794
1360914945.315,2796.875
1360914945.315,2453.125
1360914923.289,150.10883084577114
1360914965.14,2156.25
1360914943.991,58973.345588235294
1360914945.132,38164.0625
1360914945.132,67562.5
1360914945.132,43.913994169096206
1360914945.131,78101.5625
1360914945.131,80716.14583333333
1360914945.079,123140.625
1360914945.078,167957.03125
1360914944.871,61772.569444444445
1360914967.346,4716.024709302325
1360914967.345,1890.625
1360914968.94,6687.5
1360914969.004,9093.75
1360914969.004,5718.75
1360914968.812,10421.875
1360914969.195,4437.5
1360914969.322,2859.375
1360914969.322,3343.75
1360914965.864,17281.25
1360914965.864,19500.426136363636
1360914965.864,1276.0416666666667
1360914967.335,24898.4375
1360914967.334,5296.875
1360914967.968,7832.03125
1360914968.483,6411.458333333333
1360914968.675,332.3688271604938
1360914968.802,98.01136363636363
1360914965.831,18478.61842105263
1360914965.831,5394.462719298246
1360914965.831,9050.0
1360914964.97,5779.7238372093025
1360914968.796,25656.25
1360914968.947,96390.625
1360914968.947,150515.625
1360914965.999,12277.113970588236
1360914967.917,81940.7894736842
1360914965.976,8670.49632352941
1360914967.443,160968.75
1360914967.825,70951.5625
1360914967.039,19467.83088235294
1360914967.167,5328.125
1360914967.421,200658.85416666666
1360914967.484,49000.0
1360914968.118,4750.0
1360914968.628,14359.375
1360914967.052,38781.25
1360914967.373,177177.08333333334
1360914967.373,6710.227272727272
1360914968.051,9613.28125
1360915008.597,2242.1875
1360914990.41,54.016620498614955
1360915008.368,239.58333333333334
1360915116.727,85489.58333333333
1360915133.86,1783.2446808510638
1360915116.085,9781.25
1360915116.085,18576.171875
1360915116.085,548312.5
1360915116.211,121678.57142857143
1360915116.591,70781.25
1360915115.915,165812.5
1360915116.169,375710.9375
1360915116.169,10671.875
1360915116.169,3133.9285714285716
1360915116.233,30937.5
1360915116.296,11625.0
1360915116.36,80414.93055555556
1360915116.613,21437.5
1360915116.9,47541.666666666664
1360915117.216,260914.0625
1360915118.039,66265.625
1360915116.929,184644.53125
1360915117.172,1645.8333333333333
1360915150.499,8390.625
1360915138.534,11734.375
1360915137.11,560.7311320754717
1360915150.388,1838.5416666666667
1360915149.951,42291.666666666664
1360915150.526,129131.25
1360915150.526,109651.78571428571
1360915150.526,62134.765625
1360915150.196,29555.989583333332
1360915150.505,95515.625
1360915150.505,194958.33333333334
1360915168.651,48.46859452736319
1360915193.867,2156.25
1360915276.067,15218.75
1360915276.066,2054.6875
1360915276.066,7812.5
1360915276.194,8208.333333333334
1360915276.194,12343.75
1360915276.321,14151.041666666666
1360915276.448,14171.875
1360915276.448,14161.458333333334
1360915276.507,26835.9375
1360915276.639,53734.375
1360915276.702,26835.9375
1360915276.702,3445.3125
1360915276.702,7578.125
1360915276.702,15171.875
1360915276.766,10843.75
1360915276.766,10104.166666666666
1360915276.702,8132.8125
1360915276.702,2756.25
1360915276.83,30203.125
1360915276.83,10843.75
1360915276.829,10104.166666666666
1360915276.829,10843.75
1360915276.893,4536.458333333333
1360915277.276,9414.0625
1360915277.53,1777.34375
1360915277.53,1777.34375
1360915277.849,18015.625
1360915276.051,15437.5
1360915276.111,8203.125
1360915276.175,8223.958333333334
1360915276.306,14171.875
1360915276.434,14166.666666666666
1360915276.561,6804.6875
1360915276.561,6804.6875
1360915276.561,53656.25
1360915276.689,26828.125
1360915276.668,7578.125
1360915276.796,30179.6875
1360915276.668,15089.84375
1360915276.668,1913.6029411764705
1360915276.668,15058.59375
1360915276.791,10104.166666666666
1360915277.242,9414.0625
1360915277.241,9414.0625
1360915277.433,4462.5
1360915277.241,9414.0625
1360915277.497,1777.34375
1360915277.56,1777.34375
1360915277.555,1421.875
1360915274.932,5468.75
1360915255.018,51468.75
1360915254.721,165812.5
1360915254.948,48.58870967741936
1360915255.14,1113.2686084142397
1360915255.04,21468.75
1360915274.306,73.07841614906832
1360915274.811,536.0887096774194
1360915274.811,10091.72077922078
1360915274.939,57.1546052631579
1360915280.314,219.89889705882354
1360915277.223,89.03556034482759
1360915277.861,18828.125
1360915274.723,821.5725806451612
1360915274.915,57.1546052631579
1360915261.259,1838.5416666666667
1360915288.497,8390.625
1360915288.496,6882.8125
1360915279.149,405.95095693779905
1360915288.609,8390.625
1360915274.318,960.203729281768
1360915274.893,2854.1666666666665
1360915274.893,1712.5
1360915274.826,8406.25
1360915274.89,8828.125
1360915274.89,3348.9583333333335
1360915274.844,38781.25
1360915274.844,412.7482476635514
1360915274.844,4260.416666666667
1360915274.844,4304.6875
1360915275.134,25460.9375
1360915274.772,1475.625
1360915274.635,64037.49999999999
1360915295.309,7210.9375
1360915295.277,4195.3125
1360915276.405,24453.125
1360915278.638,30734.375
1360915278.637,12942.307692307691
1360915278.636,153093.75
1360915277.228,2489.1826923076924
1360915277.228,11953.125
1360915277.291,75093.75
1360915276.529,3692.7083333333335
1360915276.593,7968.75
1360915278.512,15406.25
1360915276.655,1481.7708333333333
1360915276.715,49406.25
1360915278.573,5236.778846153846
1360915277.164,11953.125
1360915277.159,2215.625
1360915277.226,75093.75
1360915277.608,2406.25
1360915277.141,325835.9375
1360915277.141,173398.4375
1360915277.141,182636.71875
1360915277.907,125093.75
1360915277.129,146109.375
1360915277.129,182867.1875
1360915278.269,130468.75
1360915307.754,4195.3125
1360915292.63,96.5358527131783
1360915307.705,7000.0
1360915287.76,4625.0
1360915288.607,36578.125
1360915288.607,38843.75
1360915288.607,2923.466435185185
1360915288.607,47453.125
1360915288.543,66.7851170568562
1360915288.606,148.67265886287626
1360915288.606,27015.625
1360915288.606,35609.375
1360915288.732,1268.0128737541527
1360915288.535,33531.25
1360915288.535,37296.875
1360915288.53,237.5310430463576
1360915288.53,237.95681063122922
1360915288.53,29296.875
1360915288.534,38625.0
1360915288.534,52765.625
1360915288.534,205.6601821192053
1360915288.534,41890.625
1360915288.534,10859.375
1360915314.667,4484.375
1360915292.506,98.06547619047619
1360915294.383,8135.846480582524
1360915323.059,2156.25
1360915307.738,25750.0
1360915323.37,173.8721804511278
1360915314.705,270.8333333333333
1360915347.405,5372.857862903226
1360915331.995,99.33850364963503
1360915365.492,2882.8125
1360915365.363,1187.5
1360915355.374,27428.333333333336
1360915365.2,3695.3125
1360915365.328,1187.5
1360915367.918,127.57120253164558
1360915366.315,142.43861607142858
1360915369.193,2429.6875
1360915364.777,2101.017441860465
1360915364.777,15116.642441860466
1360915364.969,6467.645202020202
1360915364.969,3526.7319277108436
1360915366.697,171.71052631578948
1360915366.697,15453.125
1360915366.697,11953.125
1360915366.697,14015.625
1360915366.697,5703.125
1360915364.969,3995.3497023809527
1360915366.76,171.29088785046727
1360915366.76,4250.0
1360915366.824,3578.125
1360915366.824,3734.375
1360915366.952,7078.125
1360915366.951,5898.4375
1360915366.951,8437.5
1360915366.951,7906.25
1360915367.015,3526.0416666666665
1360915366.951,7289.0625
1360915366.951,4468.75
1360915365.925,15968.75
1360915367.907,107.39715189873418
1360915367.907,127.57120253164558
1360915366.051,9500.0
1360915366.369,12250.0
1360915368.929,12750.0
1360915368.993,5695.3125
1360915366.56,28906.25
1360915364.768,7100.395114942529
1360915364.768,1373.0014534883721
1360915366.688,267.6028481012658
1360915364.959,2790.4743975903616
1360915366.751,6380.208333333333
1360915366.751,6359.375
1360915364.959,111166.8244949495
1360915364.959,3611.2351190476193
1360915366.751,289.17253521126764
1360915366.791,3703.125
1360915366.854,9750.0
1360915366.918,15750.0
1360915366.918,3828.125
1360915366.914,4125.0
1360915366.981,6429.6875
1360915367.045,9085.9375
1360915364.708,1241.2060301507538
1360915365.027,56.21778350515464
1360915365.474,5539.281542056075
1360915366.945,110.51136363636363
1360915367.2,73.6328125
1360915366.3,54.507902298850574
1360915369.114,72.23557692307692
1360915366.437,11875.0
1360915366.499,13328.125
1360915366.812,16234.375
1360915367.065,19781.25
1360915366.141,1527.644230769231
1360915366.456,33109.375
1360915366.561,78.24835526315789
1360915365.146,1560.763888888889
1360915366.999,250.08468834688347
1360915365.399,38.03661616161616
1360915366.999,6546.875
1360915366.999,7750.0
1360915367.824,15140.625
1360915365.387,208.24611244019138
1360915366.851,10109.375
1360915367.041,6625.0
1360915365.359,87.28319377990431
1360915390.785,6829.787234042553
1360915367.929,114.99083129584352
1360915371.675,41.63575667655786
1360915391.91,7906.25
1360915391.91,7851.5625
1360915392.037,12750.0
1360915392.033,12882.8125
1360915392.228,17500.0
1360915392.356,6804.6875
1360915392.228,2979.1666666666665
1360915392.42,3260.4166666666665
1360915392.483,7812.5
1360915392.547,9906.25
1360915392.611,9765.625
1360915392.739,10710.9375
1360915392.93,16281.25
1360915392.994,8495.535714285714
1360915392.993,16281.25
1360915393.057,19656.25
1360915393.057,19648.4375
1360915390.496,20104.375
1360915393.631,4875.0
1360915393.695,5250.0
1360915393.695,3351.5625
1360915393.694,3109.375
1360915393.694,3539.0625
1360915393.694,2746.09375
1360915393.95,3496.09375
1360915393.95,4859.375
1360915393.95,5270.833333333333
1360915390.686,443.23979591836735
1360915390.686,2694.148936170213
1360915390.681,205.11968085106383
1360915393.945,3351.5625
1360915393.949,2949.21875
1360915393.885,8437.5
1360915393.949,2130.2083333333335
1360915393.949,3351.5625
1360915390.812,177.08333333333334
1360915394.076,9500.0
1360915394.14,4542.96875
1360915390.812,177.08333333333334
1360915390.939,1178.0523255813953
1360915390.939,1176.5988372093025
1360915391.003,1206.1011904761904
1360915391.895,7765.625
1360915391.895,7859.375
1360915392.023,12359.375
1360915392.023,12921.875
1360915392.214,2979.1666666666665
1360915392.214,2979.1666666666665
1360915392.405,3260.4166666666665
1360915392.405,3260.4166666666665
1360915390.228,3250.0
1360915392.532,9906.25
1360915392.532,9765.625
1360915392.596,9765.625
1360915392.596,6661.458333333333
1360915392.659,14026.041666666666
1360915392.723,14281.25
1360915392.851,8140.625
1360915392.851,8495.535714285714
1360915392.851,8495.535714285714
1360915392.851,2614.5833333333335
1360915392.915,2614.5833333333335
1360915392.978,1856.25
1360915392.978,19640.625
1360915390.524,3375.3125
1360915393.596,3195.3125
1360915393.659,3496.09375
1360915393.659,4582.03125
1360915393.659,4859.375
1360915393.659,4558.59375
1360915390.651,196.14361702127658
1360915390.651,231.0505319148936
1360915390.714,11120.24456521739
1360915393.85,9750.0
1360915393.85,4875.0
1360915393.914,4286.458333333333
1360915393.914,4859.375
1360915393.914,2949.21875
1360915393.978,8437.5
1360915390.581,3572.80585106383
1360915393.973,8437.5
1360915390.645,231.0505319148936
1360915390.841,10937.5
1360915393.667,194.02173913043478
1360915393.667,1957.8804347826087
1360915394.242,2877.505896226415
1360915394.754,1284.7576530612246
1360915393.795,96.6537610619469
1360915394.051,100.20068807339449
1360915394.686,365.53030303030306
1360915392.364,341.5798611111111
1360915392.363,42.01388888888889
1360915392.363,131.76305970149255
1360915400.682,15312.5
1360915392.81,286.9873046875
1360915400.682,7898.4375
1360915393.001,660.7862903225806
1360915400.937,5468.75
1360915393.193,728.305785123967
1360915393.192,74.89669421487604
1360915393.32,255.2521008403361
1360915393.32,1323.7920168067228
1360915401.192,12390.625
1360915401.32,4593.75
1360915401.384,26796.875
1360915401.383,10652.34375
1360915393.639,5450.54347826087
1360915393.639,337.719298245614
1360915393.639,101.5625
1360915401.447,30320.3125
1360915401.511,60671.875
1360915401.511,30312.5
1360915393.703,137.4446902654867
1360915401.511,6062.5
1360915393.703,125.69137168141592
1360915393.703,111.41304347826086
1360915401.574,16265.625
1360915393.958,188.9334862385321
1360915401.83,9414.0625
1360915393.958,131.12745098039215
1360915393.958,167.57454128440367
1360915401.702,13433.59375
1360915393.958,247.27637614678898
1360915401.893,15156.25
1360915401.893,3554.6875
1360915401.765,2353.515625
1360915401.893,29796.875
1360915401.957,16265.625
1360915402.149,3554.6875
1360915394.085,79.28240740740742
1360915394.149,174.94158878504672
1360915402.148,9414.0625
1360915402.148,2369.7916666666665
1360915394.403,115.50245098039217
1360915394.403,140.7766990291262
1360915395.104,190.86021505376343
1360915392.477,196.07612781954887
1360915400.477,10384.765625
1360915400.796,6179.6875
1360915392.86,550.719246031746
1360915400.924,8500.0
1360915400.731,4940.625
1360915400.795,7757.8125
1360915393.115,711.4497950819673
1360915401.051,7859.375
1360915393.243,723.1770833333333
1360915393.179,68.95661157024793
1360915393.306,1928.5714285714287
1360915401.114,14192.708333333334
1360915401.114,21289.0625
1360915393.666,89.3640350877193
1360915401.282,4536.458333333333
1360915401.346,26796.875
1360915401.345,10652.34375
1360915393.665,5708.74451754386
1360915393.665,64.29756637168143
1360915401.537,16265.625
1360915401.665,13433.59375
1360915401.665,4593.75
1360915393.92,84.43233944954129
1360915393.92,131.12745098039215
1360915393.92,5690.482954545454
1360915393.92,246.98967889908258
1360915401.664,4536.458333333333
1360915401.792,11156.25
1360915401.984,18828.125
1360915401.855,30265.625
1360915401.855,15156.25
1360915401.855,2369.7916666666665
1360915401.919,16265.625
1360915402.111,9414.0625
1360915394.366,40.50364077669903
1360915395.644,170.18072289156626
1360915400.41,1157.6704545454545
1360915400.853,84.34466019417476
1360915401.623,113.49587912087912
1360915400.209,959.8214285714286
1360915400.847,84.34466019417476
1360915390.809,403.4455128205128
1360915392.987,961.1413043478261
1360915393.484,617.2490157480315
1360915407.545,75957.88690476191
1360915400.44,9702.651515151516
1360915400.679,2511.71875
1360915400.679,165062.5
1360915400.679,2854.1666666666665
1360915400.679,53808.59375
1360915400.865,16973.958333333332
1360915401.377,1328.125
1360915401.376,5322.916666666667
1360915402.778,7625.0
1360915402.948,15406.25
1360915403.456,13328.125
1360915400.634,8828.125
1360915400.887,16973.958333333332
1360915401.332,1328.125
1360915401.331,5322.916666666667
1360915401.649,32216.517857142855
1360915401.773,5393.229166666667
1360915401.773,3692.7083333333335
1360915402.459,5744.791666666667
1360915402.714,379.2613636363636
1360915402.905,19989.583333333332
1360915402.903,20005.208333333332
1360915402.903,102083.33333333333
1360915401.599,18703.125
1360915401.599,154494.79166666666
1360915401.578,210917.4107142857
1360915408.515,103.4981343283582
1360915437.437,1429.6875
1360915435.402,61400.41208791209
1360915450.028,49296.68209876543
1360915466.486,8390.625
1360915466.486,7437.5
1360915466.579,8390.625
1360915474.549,2796.875
1360915474.544,3785.15625
1360915474.642,8390.625
1360915485.438,23375.0
1360915485.438,2179.6875
1360915485.566,10593.75
1360915485.373,7390.625
1360915485.565,5151.041666666667
1360915479.736,4906.25
1360915483.643,3166.6666666666665
1360915483.643,4109.375
1360915479.866,8390.625
1360915485.109,9500.0
1360915485.465,15531.25
1360915479.702,1198.6607142857142
1360915483.605,3166.6666666666665
1360915483.605,5098.958333333333
1360915466.572,105.87686567164178
1360915466.568,586.3095238095239
1360915466.699,34.090909090909086
1360915466.527,491.3949275362319
1360915466.527,84.58533653846153
1360915465.666,4632.501554726368
1360915486.017,3703.125
1360915486.144,3843.75
1360915486.204,3526.0416666666665
1360915486.271,7875.0
1360915486.271,5507.8125
1360915486.271,4875.0
1360915484.479,270.6163194444444
1360915486.271,5270.833333333333
1360915486.334,6375.0
1360915486.461,11328.125
1360915485.563,375.1953125
1360915485.627,275.1736111111111
1360915486.97,127.57120253164558
1360915485.561,197.19145569620252
1360915485.561,205.93398876404495
1360915485.689,2002.232142857143
1360915483.128,1574.409298780488
1360915483.639,4807.645631067961
1360915483.639,4585.404829545454
1360915483.639,4312.144886363637
1360915485.941,3179.6875
1360915486.005,2683.59375
1360915486.005,2800.78125
1360915488.116,106.86728395061729
1360915483.892,321.59323770491807
1360915492.084,8390.625
1360915492.084,7320.3125
1360915486.131,4250.0
1360915486.259,4661.458333333333
1360915486.259,106.0546875
1360915486.322,4468.75
1360915486.258,7289.0625
1360915486.385,6429.6875
1360915486.385,8437.5
1360915486.449,9085.9375
1360915486.513,107.96875
1360915485.528,1328.125
1360915483.604,100780.36221590909
1360915483.604,2813.9204545454545
1360915483.604,3414.0625
1360915474.633,926.6387195121952
1360915474.633,14179.6875
1360915474.633,970.2743902439024
1360915474.566,17859.375
1360915474.566,997.1064814814815
1360915474.566,866.1265432098766
1360915485.185,1737.127590673575
1360915486.263,75.99431818181817
1360915486.326,105.69324712643679
1360915485.172,56.803385416666664
1360915485.107,48.88853092783505
1360915486.834,70.54640718562874
1360915479.796,17367.1875
1360915479.752,31296.875
1360915483.692,837.6116071428571
1360915483.656,5979.166666666667
1360915483.58,6979.166666666667
1360915483.558,1327.5462962962963
1360915484.514,61359.375
1360915486.23,9718.75
1360915486.355,6593.75
1360915486.419,7812.5
1360915485.703,4623.579545454546
1360915486.318,7570.3125
1360915486.317,3273.4375
1360915486.317,9375.0
1360915486.632,36.76470588235294
1360915485.578,117.1875
1360915485.578,5411.458333333333
1360915485.173,9751.953125
1360915485.746,120840.625
1360915485.975,5054.6875
1360915491.833,294285.15625
1360915527.503,4484.375
1360915509.755,7822.916666666667
1360915509.437,4281.25
1360915569.376,2156.25
1360915569.376,2156.25
1360915605.176,15453.125
1360915604.92,6046.875
1360915605.24,9570.3125
1360915605.24,11953.125
1360915605.24,7765.625
1360915605.304,11203.125
1360915605.175,14781.25
1360915605.367,12171.875
1360915605.751,8437.5
1360915605.749,5695.3125
1360915605.749,7875.0
1360915605.813,12593.75
1360915604.721,12312.5
1360915604.721,4750.0
1360915604.848,2375.0
1360915604.848,2375.0
1360915605.168,5703.125
1360915605.167,13203.125
1360915605.359,11828.125
1360915605.295,12718.75
1360915605.295,11546.875
1360915605.295,4250.0
1360915605.742,6125.0
1360915605.742,5898.4375
1360915605.742,7289.0625
1360915605.742,7906.25
1360915605.87,11390.625
1360915605.721,5968.75
1360915606.001,225.0
1360915607.985,11015.625
1360915608.048,11015.625
1360915608.75,4359.375
1360915604.846,3233.621987951807
1360915604.844,3058.35843373494
1360915605.164,267.2072784810127
1360915605.353,107.39715189873418
1360915605.865,6429.6875
1360915605.8,4661.458333333333
1360915604.705,11720.404411764706
1360915604.705,151.62037037037038
1360915604.832,4369.3524096385545
1360915604.832,3214.0436746987953
1360915604.832,2991.3403614457834
1360915605.151,197.5870253164557
1360915605.831,9085.9375
1360915606.012,50.13297872340426
1360915604.074,1449.816176470588
1360915608.428,96.70138888888889
1360915608.428,2130.2746815286623
1360915604.902,64.70352564102565
1360915605.204,129.98670212765958
1360915604.655,19343.75
1360915604.501,7114.583333333333
1360915605.628,14656.25
1360915620.273,6868.376358695652
1360915627.302,8390.625
1360915604.815,32.81790657439446
1360915627.271,14875.0
1360915627.463,4195.3125
1360915604.921,43.03571428571429
1360915604.921,16281.25
1360915605.491,7750.0
1360915605.788,9375.0
1360915607.321,98120.1171875
1360915605.783,9890.625
1360915605.847,2350.0
1360915604.746,499.3351063829787
1360915605.24,16328.125
1360915606.711,28188.75
1360915605.366,6546.875
1360915605.362,6357.421875
1360915605.298,19437.5
1360915605.747,15140.625
1360915605.811,8742.1875
1360915607.279,26122.0703125
1360915607.343,9011.363636363636
1360915607.407,71750.0
1360915605.105,349.4515011547344
1360915605.539,25.578161592505854
1360915609.581,203429.6875
1360915608.072,78968.75
1360915632.112,9500.0
1360915632.303,1937.5
1360915632.941,11406.25
1360915632.941,9570.3125
1360915632.941,887.3355263157895
1360915633.005,10734.375
1360915632.877,5976.5625
1360915633.005,4250.0
1360915632.941,14015.625
1360915633.005,5601.5625
1360915633.132,5968.75
1360915633.132,891.6666666666667
1360915633.132,7906.25
1360915633.132,3796.875
1360915633.132,2796.875
1360915633.26,12765.625
1360915633.259,9085.9375
1360915633.259,5648.4375
1360915633.387,1071.0227272727273
1360915632.1,9500.0
1360915632.1,12328.125
1360915632.1,9500.0
1360915632.547,4837.5
1360915632.738,7718.75
1360915632.905,8085.9375
1360915632.969,6312.5
1360915632.905,5554.6875
1360915633.097,3843.75
1360915633.033,9750.0
1360915633.097,3351.5625
1360915633.097,1215.625
1360915633.097,5679.6875
1360915633.096,7828.125
1360915633.096,7242.1875
1360915633.096,5507.8125
1360915633.096,4218.75
1360915633.666,4359.375
1360915632.107,61889.47368421053
1360915632.106,63.88449367088607
1360915633.125,107.39715189873418
1360915633.38,225.0
1360915633.571,99.31752873563218
1360915631.519,1522.4431818181818
1360915632.22,259.95710784313724
1360915632.858,267.2072784810127
1360915632.922,197.38924050632912
1360915632.906,194.98005319148936
1360915633.544,2130.2746815286623
1360915622.358,119.19466403162056
1360915622.564,11367.1875
1360915627.409,7031.25
1360915627.409,366296.875
1360915626.283,1830.9151785714287
1360915648.368,13117.1875
1360915648.367,8390.625
1360915649.769,475.2286585365854
1360915648.544,4195.3125
1360915631.915,19656.25
1360915631.914,14906.25
1360915631.894,19656.25
1360915632.224,9062.5
1360915632.224,5825.892857142857
1360915632.669,8480.46875
1360915632.987,245.3253073770492
1360915632.122,52.61857707509881
1360915632.122,700.1008064516129
1360915633.014,16351.5625
1360915633.077,18843.75
1360915633.141,4196.900933609959
1360915654.702,217093.75
1360915654.829,321206.25
1360915664.256,85.52631578947368
1360915664.256,325.0
1360915608.242,5308.575831422018
1360915664.612,5796.875
1360915665.186,9500.0
1360915666.124,4750.0
1360915663.818,801.6826923076923
1360915648.761,24562.5
1360915665.183,3955.672554347826
1360915665.247,8279.761904761905
1360915665.247,7540.660511363637
1360915666.584,447.764598540146
1360915664.979,6088.010204081633
1360915665.229,8564.360119047618
1360915665.229,19559.151785714286
1360915665.229,7078.125
1360915665.229,10359.730113636364
1360915665.406,951.9382911392405
1360915665.725,6466.145833333333
1360915657.488,13281.25
1360915664.896,13437.5
1360915665.213,887.5
1360915665.276,221953.125
1360915666.038,482757.8125
1360915665.974,5000.0
1360915666.101,5078.125
1360915666.227,144593.75
1360915666.355,31512.5
1360915665.738,2638.671875
1360915694.242,7000.0
1360915657.186,5037.733289930556
1360915694.231,8390.625
1360915695.484,8390.625
1360915700.139,6510.482594936709
1360915699.936,4297.4537037037035
1360915700.127,1831.3301282051282
1360915700.127,4520.1740506329115
1360915699.896,1082.5407608695652
1360915693.796,20229.166666666668
1360915712.298,2156.25
1360915710.946,15043.064024390244
1360915694.236,43796.875
1360915694.24,38640.625
1360915694.24,28453.125
1360915694.239,35843.75
1360915694.239,51796.875
1360915695.357,7046.875
1360915694.194,144.70108695652172
1360915694.194,35625.0
1360915694.194,35843.75
1360915694.194,39500.0
1360915694.193,39171.875
1360915694.193,37906.25
1360915693.335,147.72727272727275
1360915699.946,218085.9375
1360915735.95,2998.798076923077
1360915736.716,3166.6666666666665
1360915736.712,2375.0
1360915737.1,3695.3125
1360915737.482,13203.125
1360915737.481,5703.125
1360915737.481,11953.125
1360915737.545,4250.0
1360915737.609,6007.8125
1360915737.673,3496.09375
1360915737.737,5765.625
1360915737.673,7289.0625
1360915737.736,11109.375
1360915737.736,7906.25
1360915737.736,5773.4375
1360915737.864,9085.9375
1360915738.311,11015.625
1360915738.694,11937.5
1360915738.757,6117.1875
1360915739.332,2179.6875
1360915736.707,2375.0
1360915736.707,3085.9375
1360915737.218,8062.5
1360915737.473,7726.5625
1360915737.665,9750.0
1360915737.665,7875.0
1360915737.409,15531.25
1360915737.729,5289.0625
1360915737.729,5445.3125
1360915737.536,6380.208333333333
1360915737.596,6359.375
1360915737.728,4468.75
1360915737.728,11359.375
1360915737.728,8437.5
1360915737.792,12859.375
1360915738.366,2203.125
1360915718.029,126.70833333333334
1360915718.281,11382.8125
1360915736.708,50371.875
1360915736.708,3873.1617647058824
1360915736.708,4402.757352941176
1360915736.836,63.88449367088607
1360915748.738,2796.875
1360915748.865,13875.0
1360915737.473,263.8671875
1360915737.472,197.19145569620252
1360915737.728,107.39715189873418
1360915737.919,225.0
1360915738.874,105.5640243902439
1360915748.025,2156.25
1360915736.695,4212.683823529412
1360915736.695,3059.9264705882356
1360915736.695,2018.933823529412
1360915736.695,147.21200980392157
1360915737.589,183.28125
1360915748.917,8390.625
1360915738.846,2116.7919303797466
1360915737.97,49.97519841269842
1360915736.681,34.869025735294116
1360915737.618,71.80204280155641
1360915737.426,88.6015325670498
1360915753.997,308.0357142857143
1360915737.437,5023.4375
1360915737.412,4164.0625
1360915737.476,6697.916666666667
1360915737.413,8148.4375
1360915737.413,558.4077380952382
1360915737.795,18817.434210526317
1360915738.367,117.1875
1360915738.239,1143.3823529411764
1360915738.367,9375.0
1360915738.367,19781.25
1360915738.367,15140.625
1360915738.494,7692.708333333333
1360915739.003,5343.75
1360915737.361,59.07914201183432
1360915738.366,6546.875
1360915738.173,16234.375
1360915738.3,117.1875
1360915738.3,5875.0
1360915738.36,7750.0
1360915738.938,5343.75
1360915738.936,79015.625
1360915738.337,10109.375
1360915758.414,4195.3125
1360915758.337,14406.25
1360915758.337,8390.625
1360915748.05,2288.0150139664806
1360915762.746,10789.992559523811
1360915770.738,1635.4166666666667
1360915770.907,5479.166666666667
1360915770.715,8390.625
1360915754.139,99.83974358974359
1360915749.427,5088.616071428572
1360915749.491,276.69460641399417
1360915749.554,2855.536488439306
1360915749.553,251.69042397660817
1360915749.553,71.36824324324324
1360915749.381,306.640625
1360915749.443,341.7000728862974
1360915749.507,361.1111111111111
1360915749.506,1829.302536231884
1360915749.633,44681.25
1360915749.824,25531.25
1360915778.361,8618.56617647059
1360915778.489,2210.15625
1360915778.488,3215.401785714286
1360915778.488,2946.875
1360915778.488,3225.0
1360915777.265,36212.5
1360915778.478,2537.5
1360915778.478,2210.15625
1360915778.456,3157.3660714285716
1360915778.456,3170.8333333333335
1360915778.456,3225.0
1360915759.021,38953.125
1360915759.021,43718.75
1360915758.977,33656.25
1360915767.224,293.2551319648094
1360915771.416,41609.375
1360915771.354,15044.642857142857
1360915776.373,54150.0
1360915777.116,56943.22916666667
1360915777.816,7893.601190476191
1360915777.815,5746.527777777777
1360915778.516,11864.583333333334
1360915779.025,35839.28571428572
1360915778.96,31296.875
1360915798.158,12875.498670212766
1360915798.158,6650.15625
1360915798.157,4750.0
1360915798.157,3856.715425531915
1360915798.157,3675.6981382978724
1360915798.411,136.46788990825686
1360915798.602,24187.5
1360915798.474,7343.75
1360915798.729,13203.125
1360915798.728,7679.6875
1360915798.728,5976.5625
1360915798.728,197.19145569620252
1360915798.851,8500.0
1360915798.915,11390.625
1360915798.915,5960.9375
1360915798.979,8234.375
1360915798.979,5898.4375
1360915798.983,107.39715189873418
1360915798.983,7906.25
1360915799.174,222.2222222222222
1360915799.174,11296.875
1360915799.749,5367.1875
1360915799.813,6125.0
1360915798.146,3163.065159574468
1360915798.146,2375.0
1360915798.146,13125.0
1360915798.145,3859.208776595745
1360915798.145,2375.0
1360915797.439,5465.625
1360915798.782,588.9008620689656
1360915798.59,15875.0
1360915798.718,5703.125
1360915798.91,12343.75
1360915798.717,6380.208333333333
1360915798.909,3234.375
1360915798.973,7242.1875
1360915798.973,4661.458333333333
1360915799.037,6703.125
1360915799.081,12765.625
1360915798.823,12625.0
1360915798.827,6007.8125
1360915799.018,5968.75
1360915799.082,9085.9375
1360915799.657,267.2072784810127
1360915800.104,4359.375
1360915799.928,2103.2822327044023
1360915798.196,64.29140127388536
1360915798.768,106.23254189944134
1360915799.981,85.10044642857143
1360915808.667,2156.25
1360915758.636,2824.0254602991945
1360915776.383,11492.492572156196
1360915798.966,77.52913135593221
1360915799.221,50.78125
1360915814.065,2156.25
1360915798.128,38.089859437751
1360915798.782,7010.416666666667
1360915799.16,33109.375
1360915799.349,4964.84375
1360915799.537,15140.625
1360915799.6,19781.25
1360915799.6,7281.25
1360915798.74,651.4756944444445
1360915799.224,7804.6875
1360915799.605,7812.5
1360915799.412,9718.75
1360915799.602,2350.0
1360915798.738,8328.125
1360915798.738,9734.375
1360915799.439,76531.25
1360915799.566,10109.375
1360915798.714,9734.375
1360915816.242,20851.5625
1360915844.785,2343.75
1360915860.298,8390.625
1360915860.298,13750.0
1360915875.54,2156.25
1360915857.258,16298.611111111111
1360915860.144,10359.375
1360915884.417,8390.625
1360915884.406,7437.5
1360915884.594,8390.625
1360915860.93,1120.2751989389922
1360915860.93,39.95358090185677
1360915891.803,7937.881097560975
1360915900.953,7437.5
1360915900.953,4195.3125
1360915901.016,8390.625
1360915878.377,4520.833333333333
1360915878.599,7583.333333333333
1360915883.569,1851.1210073710074
1360915909.464,7359.375
1360915909.528,8390.625
1360915909.451,4195.3125
1360915885.035,290.167297979798
1360915885.035,373.4891857506361
1360915885.035,38453.125
1360915885.035,282.0945945945946
1360915885.035,316.54198841698843
1360915885.035,41046.875
1360915885.035,280.28474903474904
1360915885.035,273.9783653846154
1360915885.094,45.27653452685422
1360915885.158,66.48166023166023
1360915884.993,641.9767811704835
1360915884.993,375.0
1360915884.997,273.1660231660232
1360915884.997,35265.625
1360915884.997,39453.125
1360915884.997,313.58590733590734
1360915884.997,281.49131274131275
1360915916.964,7359.375
1360915913.508,7437.5
1360915913.508,4195.3125
1360915860.316,12344.84835600907
1360915916.89,4195.3125
1360915924.499,790.3645833333334
1360915920.659,22694.110576923078
1360915920.659,25279.447115384617
1360915920.659,12365.74074074074
1360915920.659,760.5698529411765
1360915924.685,4359.375
1360915924.753,7726.5625
1360915924.881,381.00961538461536
1360915924.881,5601.5625
1360915916.881,803.7929389312976
1360915916.88,614.5038167938931
1360915916.88,225.4293893129771
1360915916.88,675.2146946564885
1360915924.944,5773.4375
1360915924.944,4250.0
1360915916.944,224.7596153846154
1360915916.944,447.18992248062017
1360915916.944,198.0377906976744
1360915916.944,289.6075581395349
1360915916.944,331.85096153846155
1360915916.944,334.30232558139534
1360915916.944,343.75
1360915925.199,4875.0
1360915925.263,7906.25
1360915925.327,4718.75
1360915925.327,11937.5
1360915925.327,8437.5
1360915925.391,12859.375
1360915918.925,33765.625
1360915919.052,39830.078125
1360915919.052,3796.875
1360915923.787,1656.25
1360915923.786,7765.625
1360915920.138,113284.00735294117
1360915924.489,9500.0
1360915924.489,9500.0
1360915920.648,19742.1875
1360915920.648,9535.45673076923
1360915924.616,4597.65625
1360915924.679,3023.4375
1360915924.807,5703.125
1360915924.807,6601.5625
1360915924.871,11953.125
1360915916.87,268.2490458015267
1360915900.934,185.52631578947367
1360915916.934,261.5067829457364
1360915916.934,307.21153846153845
1360915916.87,231.8702290076336
1360915916.934,315.16472868217056
1360915916.934,305.35368217054264
1360915916.934,303.9001937984496
1360915916.934,363.10096153846155
1360915916.934,308.2932692307692
1360915900.934,160.52631578947367
1360915924.998,11109.375
1360915916.934,322.0687984496124
1360915924.998,5796.875
1360915924.87,6359.375
1360915900.934,8534.135883905012
1360915924.998,5289.0625
1360915913.606,47.22030386740332
1360915925.185,5250.0
1360915925.185,4859.375
1360915925.253,5492.1875
1360915925.317,6703.125
1360915925.381,9085.9375
1360915925.38,6101.5625
1360915919.02,31439.453125
1360915919.02,5119.791666666667
1360915924.459,6171.875
1360915923.561,4927.083333333333
1360915924.454,9500.0
1360915901.326,90.43817934782608
1360915909.493,955.75
1360915913.136,2087.951030927835
1360915920.661,1571.76906779661
1360915928.661,1204.9278846153845
1360915928.661,18582.03125
1360915932.628,4925.78125
1360915932.692,1855.46875
1360915926.163,7375.343406593407
1360915928.915,1508.609693877551
1360915926.413,1715.2979651162789
1360915921.872,5843.947784810126
1360915925.264,107.39715189873418
1360915925.328,2055.9523809523807
1360915930.063,423.51973684210526
1360915922.255,104.4407894736842
1360915922.255,60.64967105263158
1360915925.71,104.66867469879517
1360915927.372,532.5520833333334
1360915927.371,335.7204861111111
1360915927.627,1331.3419117647059
1360915927.627,1537.6838235294117
1360915927.691,10212.220149253732
1360915927.627,832.2610294117648
1360915931.659,2341.5178571428573
1360915923.403,64.29140127388536
1360915931.339,8125.0
1360915923.467,4738.326149425287
1360915927.882,300.78125
1360915923.402,5899.680397727272
1360915923.466,2934.4468390804595
1360915928.325,4421.0526315789475
1360915924.296,2325.154958677686
1360915928.648,15931.189903846152
1360915932.616,31804.6875
1360915932.616,4750.0
1360915932.615,4632.8125
1360915932.679,1855.46875
1360915932.679,17593.75
1360915926.151,7671.35989010989
1360915924.87,197.19145569620252
1360915924.805,267.6028481012658
1360915929.86,147197.91666666666
1360915930.052,2354.1666666666665
1360915922.243,60.64967105263158
1360915930.115,23871.09375
1360915925.443,222.2222222222222
1360915922.242,60.64967105263158
1360915931.113,42406.25
1360915931.432,3656.25
1360915927.336,1809.0277777777776
1360915931.624,3100.0
1360915931.624,15468.75
1360915923.432,3191.0919540229884
1360915927.591,13714.154411764706
1360915927.655,134.88051470588235
1360915927.655,4651.585820895522
1360915923.239,1381.0391104294479
1360915923.367,1442.2940340909092
1360915923.367,3300.9588068181815
1360915927.782,2494.9519230769233
1360915928.101,782.5741525423729
1360915924.493,6065.875
1360915924.941,145.13530927835052
1360915933.934,14011.904761904763
1360915933.934,14709.82142857143
1360915933.934,8031.746031746032
1360915934.637,2674.1071428571427
1360915934.637,2781.25
1360915934.701,5227.061170212765
1360915927.404,11937.916666666666
1360915927.404,8812.083333333334
1360915927.404,1932.9166666666665
1360915927.916,4679.457720588235
1360915927.915,21319.852941176472
1360915927.915,600.0466417910447
1360915927.915,580.4570895522388
1360915927.915,877.7985074626866
1360915932.907,8906.25
1360915927.915,17097.886029411766
1360915928.175,4836.55753968254
1360915933.93,38050.55147058823
1360915933.93,9879.960317460318
1360915933.93,27931.985294117647
1360915934.697,2436.8489583333335
1360915926.569,355.5126404494382
1360915934.633,3452.168367346939
1360915934.633,4191.964285714285
1360915927.4,6112.708333333333
1360915927.4,3697.7083333333335
1360915927.4,4434.791666666666
1360915927.912,290.21139705882354
1360915927.912,1726.4458955223881
1360915927.911,487.6399253731343
1360915927.911,2239.0391791044776
1360915927.911,4624.310661764705
1360915927.911,11122.012867647058
1360915927.975,23069.72947761194
1360915928.66,811.0119047619048
1360915932.627,28247.0703125
1360915932.627,4944.9462890625
1360915932.691,4661.9094488188975
1360915932.691,1027.099609375
1360915932.947,5701.346544715447
1360915941.074,2473.9583333333335
1360915924.882,68.33584337349397
1360915933.201,4483.3907480314965
1360915924.945,1061.8724899598392
1360915924.941,1008.1576305220883
1360915937.169,730.7692307692307
1360915924.945,1381.4006024096386
1360915934.417,10380.859375
1360915933.648,3815.1041666666665
1360915933.712,1129.0822072072074
1360915933.712,1186.936936936937
1360915933.711,937.9222972972973
1360915933.711,1063.626126126126
1360915929.871,107.33060747663552
1360915925.199,29.777151639344265
1360915929.871,3056.4903846153848
1360915929.871,346.9626168224299
1360915925.199,54.59183673469388
1360915925.263,84.74794238683128
1360915925.327,75.86518595041322
1360915929.87,7441.734813084112
1360915929.87,184.14135514018693
1360915938.062,1078.125
1360915925.518,52.69351464435147
1360915935.692,125906.25
1360915931.404,10110.32516891892
1360915931.467,149.65986394557822
1360915936.267,22671.875
1360915931.403,2415.2238175675675
1360915932.107,1894.0496575342465
1360915931.658,624.5659722222222
1360915923.786,488.35440074906364
1360915923.977,87.26415094339622
1360915940.553,4867.1875
1360915932.616,8076.66015625
1360915940.68,153500.0
1360915932.68,282.1044921875
1360915932.68,5680.610236220472
1360915924.552,95.53395669291338
1360915932.68,6204.1092519685035
1360915932.871,60.23185483870968
1360915932.935,348.8313008130081
1360915941.063,2473.9583333333335
1360915924.871,123.83868243243244
1360915933.254,197.16631355932205
1360915924.998,139.48633603238866
1360915934.342,17282.366071428572
1360915924.934,915.9136546184739
1360915929.857,1861.4193925233644
1360915933.701,2847.4069148936173
1360915934.533,15371.09375
1360915929.861,3901.285046728972
1360915933.701,999.7184684684685
1360915925.252,41.92386831275721
1360915925.252,35.0922131147541
1360915934.596,436.6319444444444
1360915933.892,257.37847222222223
1360915938.475,429914.0625
1360915935.657,562093.75
1360915931.433,43.89880952380952
1360915924.453,1314.767156862745
1360915919.162,97.81073446327683
1360915944.187,5695.4941860465115
1360915924.795,80.9436274509804
1360915924.795,283.8134765625
1360915933.567,3416.048728813559
1360915932.923,552.6889534883721
1360915933.179,796.125
1360915933.307,425.20491803278685
1360915930.17,2450.095663265306
1360915931.705,1283.150337837838
1360915924.792,80.9436274509804
1360915932.728,5438.573473282442
1360915937.464,501.6942771084337
1360915925.368,314.405487804878
1360915925.56,44.94598765432099
1360915936.726,1663.1944444444443
1360915936.726,3342.881944444445
1360915936.726,1682.4652777777778
1360915936.726,592.0138888888888
1360915936.726,284.72222222222223
1360915936.726,995.9620786516854
1360915936.726,4165.028089887641
1360915936.726,2058.6376404494385
1360915936.726,3740.870786516854
1360915936.726,4090.238764044944
1360915936.79,3627.4578651685392
1360915936.79,2696.7329545454545
1360915936.726,1320.8333333333333
1360915936.79,3658.3806818181815
1360915936.726,4696.453651685393
1360915936.726,2131.7708333333335
1360915936.726,260.1825842696629
1360915936.79,4356.889204545454
1360915942.038,4632.8125
1360915936.726,2004.513888888889
1360915936.79,1452.247191011236
1360915936.79,2883.522727272727
1360915936.789,3201.7045454545455
1360915936.789,3992.542613636364
1360915942.037,49703.125
1360915936.789,4542.96875
1360915936.789,3016.1576704545455
1360915936.789,5861.481741573034
1360915945.044,10406.25
1360915945.044,10406.25
1360915945.298,4432.291666666667
1360915942.482,577.6442307692307
1360915942.482,19143.028846153848
1360915942.482,1420.9134615384614
1360915942.481,1668.9903846153845
1360915942.481,7152.6442307692305
1360915929.873,3842.2430203045687
1360915938.127,137.59328358208955
1360915945.998,7921.875
1360915938.51,2064.036885245902
1360915943.31,3234.975961538462
1360915943.31,18582.63221153846
1360915943.374,811.2745098039215
1360915935.502,6128.153669724771
1360915943.374,2129.2892156862745
1360915943.374,2354.1666666666665
1360915943.374,2670.6495098039213
1360915943.374,1153.799019607843
1360915943.374,885.7230392156863
1360915943.374,1366.2860576923076
1360915943.438,975.3125
1360915943.437,670.1388888888888
1360915946.573,2640.625
1360915935.565,871.7873831775701
1360915943.757,1160.0694444444443
1360915943.821,1186.7897727272727
1360915938.829,5757.044057377049
1360915943.885,1487.6453488372092
1360915943.884,313.2267441860465
1360915943.948,371.6517857142857
1360915946.956,7421.875
1360915946.956,7421.875
1360915935.884,3924.9089805825242
1360915947.148,2375.0
1360915947.915,4359.375
1360915936.267,13283.182989690722
1360915936.459,26082.945478723403
1360915936.714,2842.0138888888887
1360915942.026,9500.0
1360915936.714,491.84027777777777
1360915936.714,655.8988764044944
1360915936.714,1448.9583333333333
1360915942.026,44093.75
1360915936.714,2052.604166666667
1360915942.026,9851.5625
1360915936.714,485.60393258426967
1360915936.714,2561.8055555555557
1360915942.026,40492.1875
1360915936.778,2744.7331460674154
1360915936.714,2267.708333333333
1360915936.714,1609.0277777777778
1360915936.778,6324.96488764045
1360915936.713,1263.7152777777778
1360915936.713,1295.138888888889
1360915936.777,3329.723011363636
1360915936.713,1015.798611111111
1360915936.777,3689.6306818181815
1360915936.713,4467.345505617977
1360915936.713,4252.808988764044
1360915936.713,4066.319444444445
1360915936.713,281.9522471910112
1360915936.777,2810.3932584269664
1360915936.777,3147.8230337078653
1360915936.777,3796.6974431818185
1360915936.777,687.1448863636364
1360915941.065,13312.668010752688
1360915941.064,1605.6787634408602
1360915942.216,1771.875
1360915945.032,10406.25
1360915937.16,3478.6739864864862
1360915942.471,8282.350352112677
1360915942.471,24080.528846153848
1360915942.471,5029.807692307692
1360915942.471,261.0576923076923
1360915945.415,7921.875
1360915942.471,25092.649647887323
1360915942.471,6220.432692307692
1360915945.99,7921.875
1360915945.989,7921.875
1360915945.989,7921.875
1360915935.025,456.1705508474576
1360915943.28,1681.7908653846155
1360915943.344,957.4142156862745
1360915943.344,16509.191176470587
1360915943.344,130.20833333333334
1360915943.344,3524.5098039215686
1360915943.344,2589.4607843137255
1360915943.344,1122.549019607843
1360915943.344,1760.2163461538462
1360915943.344,1275.735294117647
1360915943.408,795.625
1360915943.344,16997.549019607843
1360915943.344,2044.730392156863
1360915943.344,2187.8063725490197
1360915935.344,3861.7680180180178
1360915943.344,2059.436274509804
1360915943.344,16106.311274509802
1360915943.408,918.4375
1360915946.544,2640.625
1360915946.543,2640.625
1360915946.607,3960.9375
1360915946.479,2417.96875
1360915943.599,605.0531914893617
1360915946.543,2640.625
1360915943.79,256.7471590909091
1360915946.67,7921.875
1360915943.854,197.3110465116279
1360915946.734,69843.75
1360915943.854,14586.845930232557
1360915946.926,48125.0
1360915946.926,40492.1875
1360915947.113,2316.40625
1360915947.177,6567.708333333333
1360915947.177,2214.84375
1360915936.236,8250.48324742268
1360915947.445,2968.75
1360915931.385,131.94444444444446
1360915932.926,7477.291666666667
1360915943.052,980.1203051643192
1360915943.052,872.1918202764977
1360915943.052,1068.064024390244
1360915958.282,1385.4166666666667
1360915954.442,18128.125
1360915958.663,2562.5
1360915944.198,65473.85817307692
1360915955.78,55976.5625
1360915947.78,1507.3180379746836
1360915947.972,702.8935185185186
1360915948.483,1145.6685126582279
1360915956.099,2958.3333333333335
1360915948.483,2118.571993670886
1360915956.226,4933.59375
1360915956.674,35383.41346153846
1360915943.039,920.2898550724638
1360915941.951,48.63911290322581
1360915943.038,731.3673708920187
1360915958.142,1833.3333333333333
1360915958.141,4739.583333333333
1360915950.329,217953.125
1360915954.683,21468.75
1360915954.683,10078.125
1360915954.81,27117.1875
1360915944.226,4301.122572815534
1360915955.744,35261.71875
1360915955.999,14835.9375
1360915956.063,13937.5
1360915956.127,614828.125
1360915956.127,12500.0
1360915956.254,3453.125
1360915956.446,13937.5
1360915956.446,21679.6875
1360915956.446,24171.875
1360915956.638,19785.714285714286
1360915934.762,26.041666666666668
1360915960.247,4453.125
1360915937.72,267.85714285714283
1360915937.783,267.85714285714283
1360915937.655,312.5
1360915941.04,5446.413934426229
1360915960.703,1222.0293209876543
1360915960.703,1236.9791666666667
1360915960.767,1853.125
1360915960.702,12880.787037037036
1360915960.702,4925.78125
1360915956.795,5300.0
1360915956.987,2665.9679878048782
1360915956.923,12595.846036585366
1360915956.987,5890.252976190476
1360915956.987,23092.71978021978
1360915965.817,2156.25
1360915958.136,2718.4001865671644
1360915954.807,157.14003164556962
1360915960.305,46765.625
1360915960.153,4851.5625
1360915960.668,2375.0
1360915960.666,16049.479166666668
1360915956.76,4819.949127906977
1360915956.76,2807.4171686746986
1360915956.76,18027.472527472528
1360915956.76,12892.113095238095
1360915956.76,10281.71875
1360915956.888,5137.289325842697
1360915956.952,11294.66911764706
1360915942.375,126.01169064748203
1360915942.333,73.11893203883494
1360915942.065,2700.0
1360915945.774,600171.875
1360915942.347,765.0067446043165
1360915942.475,24843.75
1360915943.623,4006.1773255813955
1360915945.218,244234.375
1360915945.218,3934.027777777778
1360915945.345,2777.34375
1360915942.335,386.45462633451956
1360915942.339,1067.910777385159
1360915942.531,338.5970744680851
1360915942.322,1620.2517667844522
1360915943.279,27156.25
1360915945.195,4615.45138888889
1360915945.193,16009.374999999998
1360915945.279,21598.360655737702
1360915946.613,23.75
1360915947.056,25873.4375
1360915947.693,102406.25
1360915947.732,210523.4375
1360915948.434,41562.5
1360915948.498,42765.625
1360915948.113,46200.0
1360915948.368,22101.5625
1360915948.368,99828.125
1360915948.496,86257.8125
1360915948.496,52206.25
1360915948.496,42265.625
1360915945.292,6578.125
1360915945.292,64635.41666666667
1360915945.611,1389.423076923077
1360915947.69,339003.90625
1360915947.624,79977.94117647059
1360915948.072,30635.416666666668
1360915948.072,88553.125
1360915948.199,40781.25
1360915948.326,12683.59375
1360915948.326,41550.78125
1360915948.326,29125.0
1360915948.39,18515.625
1360915948.07,59993.75
1360915948.453,88468.75
1360915948.453,39367.1875
1360915948.197,34054.6875
1360915948.576,1103.125
1360915948.58,6203.125
1360915948.58,57375.0
1360915948.324,16359.375
1360915948.387,54140.625
1360915948.387,73411.45833333333
1360915948.707,4976.5625
1360915948.834,4750.0
1360915958.116,2207.465277777778
1360915958.116,2542.100694444445
1360915956.702,682.0652173913044
1360915965.786,570.1388888888889
1360915958.105,2233.5992907801415
1360915958.105,315.330615942029
1360915958.1,2248.1294014084506
1360915958.104,2540.6468531468536
1360915960.509,46.28164556962025
1360915961.149,913.563829787234
1360915968.441,31838.16964285714
1360915956.668,10846.484375
1360915956.796,8508.969907407407
1360915949.837,53474.330357142855
1360915949.771,52468.75
1360915954.214,27042.613636363636
1360915955.551,8406.25
1360915955.482,8406.25
1360915956.054,117018.75
1360915977.719,159.7222222222222
1360915977.719,239.58333333333334
1360915979.758,4484.375
1360915979.758,328.125
1360915977.706,143.75
1360915979.725,180.55555555555554
1360915960.019,118347.65625
1360915960.567,51062.5
1360915997.54,2179.6875
1360915995.102,2580.7291666666665
1360915995.74,16218.75
1360915995.803,4750.0
1360915995.803,9500.0
1360915995.802,4750.0
1360915996.058,5703.125
1360915995.866,3709.375
1360915996.186,4250.0
1360915996.378,5765.625
1360915996.058,15453.125
1360915996.505,5710.9375
1360915996.249,3496.09375
1360915996.249,4468.75
1360915996.377,8437.5
1360915996.377,5445.3125
1360915996.377,7289.0625
1360915996.377,7875.0
1360915996.824,3828.125
1360915996.884,7906.25
1360915997.016,9078.125
1360915995.777,12328.125
1360915995.9,14453.125
1360915996.032,13203.125
1360915996.032,5976.5625
1360915996.096,381.00961538461536
1360915996.16,12015.625
1360915996.096,6359.375
1360915996.16,5554.6875
1360915996.351,6375.0
1360915996.351,5367.1875
1360915996.351,5289.0625
1360915996.479,6429.6875
1360915996.862,5937.5
1360915978.03,91.75531914893617
1360915978.284,11375.0
1360915994.591,1284.978693181818
1360915994.846,3003.9893617021276
1360915994.846,13830.119680851065
1360915994.846,32540.39228723404
1360915995.803,140.46875
1360915996.122,273.75
1360915996.377,106.0546875
1360915994.899,64.29140127388536
1360915994.835,3647.440159574468
1360915996.027,196.79588607594937
1360915996.027,263.8671875
1360915996.091,134.765625
1360915996.603,204.54545454545456
1360915997.242,98.7215909090909
1360915931.704,2512.9634533898306
1360916008.223,718.75
1360915947.358,2563.7326759061834
1360915995.422,50.718582887700535
1360915996.061,103.78196022727272
1360915996.76,70.97138554216868
1360915996.955,2056.8443251533745
1360915949.465,4159.33827457265
1360915989.801,16890.625
1360915995.072,689.7977941176471
1360915995.583,40078.125
1360915995.582,44825.520833333336
1360915995.751,15140.625
1360915995.751,9890.625
1360915995.814,2350.0
1360915996.198,26.041666666666668
1360915995.456,9718.75
1360915995.52,48446.42857142857
1360915995.52,41533.854166666664
1360915995.583,6546.875
1360915995.583,3875.0
1360915995.272,19125.0
1360915995.247,7803.125
1360915995.565,76531.25
1360915995.821,10109.375
1360915996.013,6625.0
1360916037.3,487.5
1360916038.252,2156.25
1360916040.553,181740.65721649484
1360916052.925,11265.625
1360916045.187,1427.0833333333333
1360916045.886,3943.75
1360916082.396,1635.4166666666667
1360916082.385,8390.625
1360916083.834,4857.02537593985
1360915981.026,172525.77957708781
1360916087.136,3905.5059523809527
1360916098.464,4325.625
1360916082.399,143.32086267605635
1360916082.399,124.22975352112677
1360916082.399,97.05105633802818
1360916082.399,125.77024647887325
1360916082.399,187.99515845070422
1360916082.399,121.53389084507042
1360916082.399,141.39524647887325
1360916082.399,122.46919014084507
1360916082.399,146.2918133802817
1360916082.399,125.99031690140843
1360916082.399,115.97711267605634
1360916082.399,112.43556701030928
1360916101.979,2179.6875
1360916099.484,6562.5
1360916099.611,632.2916666666667
1360916099.547,3166.6666666666665
1360916099.93,4682.291666666667
1360916100.313,7765.625
1360916100.313,7718.75
1360916100.377,13203.125
1360916100.376,4785.15625
1360916100.44,4239.583333333333
1360916100.44,2833.3333333333335
1360916100.44,3973.9583333333335
1360916100.568,5250.0
1360916100.504,2683.59375
1360916100.632,3796.875
1360916100.632,2796.875
1360916100.632,4026.041666666667
1360916100.759,8437.5
1360916100.755,5968.75
1360916087.315,90.05132850241546
1360916082.387,134.9031690140845
1360916082.387,109.98019366197182
1360916082.387,144.4212147887324
1360916082.387,125.93529929577466
1360916082.387,131.82218309859155
1360916082.387,144.47623239436618
1360916082.383,147.00704225352112
1360916082.383,113.11619718309859
1360916082.386,247.4141725352113
1360916082.386,118.50792253521126
1360916082.386,121.09375
1360916099.536,3166.6666666666665
1360916099.472,5098.958333333333
1360916099.536,3166.6666666666665
1360916099.898,2463.5416666666665
1360916100.28,5703.125
1360916100.344,11953.125
1360916100.407,4005.208333333333
1360916100.535,3932.2916666666665
1360916100.599,4859.375
1360916100.599,5270.833333333333
1360916100.471,3085.9375
1360916100.599,3351.5625
1360916100.791,9085.9375
1360916100.534,4875.0
1360916100.726,6429.6875
1360916100.854,12203.125
1360916092.341,30370.35472972973
1360916081.397,828.1777871621622
1360916082.767,56.41385767790262
1360916101.791,97.6123595505618
1360916099.487,3970.246010638298
1360916099.487,13803.191489361701
1360916099.486,116.52260638297872
1360916099.486,13183.676861702128
1360916098.644,1398.0263157894738
1360916098.644,5949.21875
1360916099.453,129.98670212765958
1360916099.453,13532.912234042555
1360916099.579,63.48270440251573
1360916099.446,14063.996010638299
1360916099.446,11567.985372340425
1360916099.578,137.75802752293578
1360916100.281,197.38924050632912
1360916100.344,267.6028481012658
1360916100.344,312.5
1360916089.079,77.31894841269842
1360916100.855,222.2222222222222
1360916100.599,106.0546875
1360916105.14,2156.25
1360916116.245,9500.0
1360916116.244,3710.9375
1360916101.776,2130.2746815286623
1360916100.338,69.91038602941177
1360916116.021,24289.0625
1360916116.213,3710.9375
1360916100.917,49.920550847457626
1360916116.532,2765.625
1360916099.965,2968.75
1360916100.029,1875.0
1360916100.348,6664.0625
1360916100.985,5838.541666666667
1360916100.985,1958.3333333333333
1360916101.049,3875.0
1360916100.921,9375.0
1360916100.669,16328.125
1360916100.733,6479.166666666667
1360916100.86,15140.625
1360916100.86,2182.2916666666665
1360916100.796,2330.078125
1360916099.241,5546.875
1360916099.213,139.55152671755724
1360916099.213,6541.666666666667
1360916100.295,3369.7916666666665
1360916101.97,19781.25
1360916128.202,26431.2118902439
1360916116.57,556593.75
1360916116.504,43.79111842105264
1360916116.135,19156.25
1360916135.044,447.79411764705884
1360916137.86,4359.375
1360916135.043,367.0955882352941
1360916135.615,4340.4876373626375
1360916135.679,1900.0
1360916135.678,1583.3333333333333
1360916135.806,1900.0
1360916136.252,3882.8125
1360916136.38,2851.5625
1360916136.38,4988.28125
1360916136.38,260.9953703703703
1360916136.572,2777.34375
1360916136.635,4239.583333333333
1360916136.699,2816.40625
1360916136.635,4250.0
1360916136.635,3085.9375
1360916136.699,2683.59375
1360916136.763,4859.375
1360916136.763,5270.833333333333
1360916136.763,3539.0625
1360916136.891,8437.5
1360916136.954,6057.291666666667
1360916137.082,219.5121951219512
1360916135.603,4390.281593406593
1360916135.603,2710.5978260869565
1360916135.602,2459.6497252747254
1360916135.602,3249.4904891304345
1360916135.73,154.63917525773198
1360916135.73,2192.7083333333335
1360916136.113,14062.5
1360916136.113,7390.625
1360916136.347,320.80078125
1360916136.347,3503.90625
1360916136.347,3859.375
1360916136.346,194.921875
1360916136.346,2988.28125
1360916136.602,924.2788461538462
1360916136.665,3250.0
1360916136.729,107.39715189873418
1360916136.729,5244.791666666667
1360916136.729,2746.09375
1360916136.793,3351.5625
1360916136.729,3979.1666666666665
1360916136.793,949.21875
1360916136.921,6429.6875
1360916136.984,4067.708333333333
1360916123.405,172.41071428571428
1360916123.97,7822.916666666667
1360916145.608,3020.8333333333335
1360916137.736,54.05890804597701
1360916146.118,301.93014705882354
1360916146.182,5960.9375
1360916146.181,8085.9375
1360916146.373,15656.25
1360916146.373,7906.25
1360916146.437,6703.125
1360916146.436,6125.0
1360916146.436,5695.3125
1360916137.151,81.8142361111111
1360916145.534,3166.6666666666665
1360916145.596,3695.3125
1360916137.724,1926.8139367816093
1360916145.788,14062.5
1360916145.915,3992.1875
1360916146.107,6601.5625
1360916146.17,9570.3125
1360916146.234,5367.1875
1360916146.17,322.265625
1360916146.17,5703.125
1360916146.361,9750.0
1360916146.361,5507.8125
1360916146.361,7242.1875
1360916135.545,96700.70564516129
1360916146.233,6312.5
1360916146.297,11203.125
1360916146.297,5968.75
1360916146.297,6085.9375
1360916146.361,6765.625
1360916146.361,5695.3125
1360916146.425,3843.75
1360916146.489,6382.8125
1360916146.489,9085.9375
1360916135.736,61.989379084967325
1360916136.374,130.24400684931507
1360916136.736,82.91666666666667
1360916136.736,121.97916666666667
1360916145.504,3166.6666666666665
1360916145.504,3085.9375
1360916148.703,4250.0
1360916145.503,4750.0
1360916148.895,4359.375
1360916127.051,34.198113207547166
1360916146.162,94.29190751445087
1360916146.158,105.64236111111111
1360916146.353,54.13602941176471
1360916146.352,107.8125
1360916146.608,70.97138554216868
1360916146.608,112.76355421686748
1360916134.895,1022.0719914040116
1360916104.873,83161.35009168704
1360916145.449,21703.04008152174
1360916145.513,147.9678961748634
1360916145.513,1186.1338797814208
1360916145.513,2404.2862021857923
1360916145.513,1149.4193989071039
1360916145.513,51.827185792349724
1360916148.841,2143.930288461538
1360916153.0,2156.25
1360916146.082,126.16738505747126
1360916146.404,78.67647058823529
1360916135.651,79.46958456973293
1360916148.809,71.92270992366412
1360916145.481,1932.9747267759562
1360916145.481,1491.2909836065573
1360916136.01,217.109375
1360916136.71,192.88079470198676
1360916137.008,170.42632450331126
1360916137.008,75.9519867549669
1360916135.901,12496.09375
1360916136.015,937.5
1360916136.841,4125.0
1360916136.84,427.49183006535947
1360916136.968,249.5860927152318
1360916137.032,80.0
1360916135.471,212.35795454545456
1360916135.855,454807.2916666667
1360916136.365,983.9638157894736
1360916135.452,425.5907012195122
1360916135.448,239.549512987013
1360916135.831,94453.125
1360916136.533,121.4817880794702
1360916146.56,50453.125
1360916146.559,38200.520833333336
1360916146.509,44648.4375
1360916146.509,42526.041666666664
1360916160.115,145237.45381773397
1360916151.675,7218.75
1360916153.431,220.74044585987264
1360916180.513,718.75
1360916173.087,54874.44196428572
1360916162.105,5770.833333333333
1360916163.568,8638.888888888889
1360916187.241,187.5
1360916187.241,359.375
1360916187.368,1121.09375
1360916187.368,315.625
1360916187.23,406.25
1360916187.23,234.375
1360916187.225,359.375
1360916180.549,623.046875
1360916198.677,4927.083333333333
1360916198.677,4390.625
1360916198.677,2927.0833333333335
1360916198.663,3843.75
1360916198.643,4390.625
1360916194.01,8686.677631578947
1360916202.264,4359.375
1360916198.678,13727.997448979591
1360916198.673,2914.7321428571427
1360916199.892,9635.416666666666
1360916198.932,390.2616279069768
1360916200.083,6125.0
1360916200.083,196.99367088607593
1360916200.147,3049.1071428571427
1360916200.211,2734.375
1360916200.147,250.3810975609756
1360916200.275,1716.517857142857
1360916200.594,6359.375
1360916200.658,2980.46875
1360916200.658,3070.3125
1360916200.722,1763.0208333333333
1360916200.786,1815.1041666666667
1360916200.85,2915.625
1360916201.165,5695.3125
1360916199.433,147.5183823529412
1360916198.667,4670.121173469388
1360916198.667,3953.125
1360916200.073,3802.0833333333335
1360916200.137,3638.3928571428573
1360916200.045,264.2578125
1360916200.112,4044.642857142857
1360916200.24,1533.482142857143
1360916200.496,2833.3333333333335
1360916200.623,2816.40625
1360916200.75,1915.1785714285713
1360916200.75,1933.0357142857142
1360916200.686,1625.0
1360916200.75,2625.0
1360916200.877,2984.375
1360916200.877,3162.5
1360916201.065,8437.5
1360916201.129,6429.6875
1360916201.193,9085.9375
1360916202.138,2130.2746815286623
1360916202.009,107.39715189873418
1360916202.009,127.57120253164558
1360916202.137,104.2921686746988
1360916198.232,64.29140127388536
1360916197.901,833.564082278481
1360916201.997,127.57120253164558
1360916198.666,15744.283536585366
1360916200.18,142.07848837209303
1360916197.232,82.74501661129568
1360916196.935,98.92418032786885
1360916200.779,71.16036821705427
1360916198.722,58.174740484429066
1360916200.939,49.26470588235294
1360916201.322,50.78125
1360916199.758,479.1666666666667
1360916199.757,8480.46875
1360916199.757,479.1666666666667
1360916199.756,406.25
1360916200.009,1241.2109375
1360916200.198,7812.5
1360916201.005,3785.15625
1360916201.196,6546.875
1360916201.196,1937.5
1360916199.714,651.4756944444445
1360916199.714,479.1666666666667
1360916199.777,1875.0
1360916198.879,3097.65625
1360916198.942,2714.84375
1360916200.323,116132.8125
1360916200.449,3253.125
1360916200.83,9718.75
1360916198.505,2291.6666666666665
1360916200.354,38265.625
1360916198.48,1858.3333333333335
1360916198.48,2291.6666666666665
1360916200.712,5054.6875
1360916202.02,19781.25
1360916216.464,12516.913659793814
1360916238.084,3387.5
1360916238.084,3211.805555555555
1360916238.343,2640.625
1360916237.821,3166.6666666666665
1360916238.395,3087.5
1360916228.832,55717.47819767442
1360916237.792,3166.6666666666665
1360916237.792,3166.6666666666665
1360916237.792,4104.166666666667
1360916238.408,254.7063253012048
1360916237.823,137.64204545454544
1360916178.491,87560.1233299075
1360916236.026,48076.5625
1360916237.793,89.26005747126436
1360916247.359,359.375
1360916237.728,551.2210264900663
1360916237.879,68.02083333333334
1360916237.879,128.64583333333331
1360915955.703,149518.05555555556
1360915956.215,110610.67708333333
1360916235.944,3906.25
1360916236.072,28772.321428571428
1360916236.072,56232.700892857145
1360916236.072,5634.375
1360916236.07,13280.671296296296
1360916236.134,120.52149681528662
1360916237.772,35.78629032258065
1360916237.707,21039.0625
1360916235.586,35.53921568627451
1360916236.159,5804.375
1360916236.03,2082.9326923076924
1360916237.429,15718.75
1360916237.406,19062.5
1360916237.405,161.9318181818182
1360916256.691,2156.25
1360916262.383,2375.0
1360916262.382,2817.7083333333335
1360916262.51,3148.4375
1360916261.453,19031.25
1360916237.998,9671.875
1360916237.998,165838.54166666666
1360916237.953,42.095115681233935
1360916238.012,213.46153846153845
1360916262.409,1781.25
1360916262.91,1471.875
1360916262.461,622.3323170731708
1360916262.461,148.01747311827955
1360916262.588,2245.3125
1360916263.291,320.23026315789474
1360916263.291,690.4296875
1360916263.291,6836.397058823529
1360916263.291,991.4473684210526
1360916263.291,804.9342105263157
1360916263.418,3001.0416666666665
1360916263.737,708.8068181818182
1360916263.992,8726.5625
1360916264.055,1955.357142857143
1360916261.04,10212.907608695652
1360916261.04,8382.744565217392
1360916261.04,9585.190217391304
1360916261.812,1608.448093220339
1360916262.45,1533.5648148148148
1360916262.45,28825.520833333332
1360916262.514,4942.835365853658
1360916262.386,1555.684840425532
1360916262.45,124061.97916666666
1360916263.217,1188.8020833333333
1360916263.281,1100.4934210526317
1360916263.281,7766.493055555556
1360916263.281,840.7894736842105
1360916263.728,598.0113636363636
1360916260.816,4693.960336538462
1360916261.007,9663.315217391304
1360916261.007,13736.684782608696
1360916261.007,10744.157608695652
1360915970.864,384814.23611111107
1360916249.123,12203.125
1360916265.77,1944.3959497206704
1360916261.553,2229.1666666666665
1360916261.548,1677.0833333333333
1360916261.743,3171.875
1360916261.51,8040.625
1360916261.849,1735.9375
1360916263.021,18644.53125
1360916262.444,1682.2916666666667
1360916262.507,2258.75
1360916262.634,3541.6666666666665
1360916263.716,312.5
1360916263.97,29679.6875
1360916262.336,214562.5
1360916262.335,1901.7857142857142
1360916262.462,3267.8571428571427
1360916262.525,13850.44642857143
1360916263.229,37639.42307692308
1360916263.037,20489.583333333332
1360916262.921,6529.017857142857
1360916262.712,7338.541666666667
1360916262.903,9887.276785714286
1360916272.823,11375.0
1360916272.493,172.57332402234638
1360916301.979,6429.6875
1360916300.051,1357.142857142857
1360916300.051,1357.142857142857
1360916301.198,6125.0
1360916301.326,5976.5625
1360916301.454,6359.375
1360916301.454,3703.125
1360916301.518,5679.6875
1360916301.581,5781.25
1360916301.773,11296.875
1360916301.261,5151.041666666667
1360916301.453,3578.125
1360916301.581,6375.0
1360916301.581,5289.0625
1360916301.901,6992.1875
1360916301.901,7906.25
1360916302.028,9085.9375
1360916302.474,2179.6875
1360916299.268,7390.625
1360916300.018,2190.1041666666665
1360916300.018,1451.7045454545455
1360916300.082,1666.193181818182
1360916300.018,1357.142857142857
1360916301.229,3802.0833333333335
1360916301.421,6023.4375
1360916301.868,15750.0
1360916301.868,11703.125
1360916301.868,14578.125
1360916300.716,3511.71875
1360916301.228,7007.8125
1360916301.292,6380.208333333333
1360916301.42,4250.0
1360916301.876,4468.75
1360916302.173,149.12974683544303
1360916302.428,92.90994623655914
1360916299.033,2182.0068359375
1360916299.033,1599.4873046875
1360916299.033,227530.029296875
1360916299.033,2347.2900390625
1360916299.033,64.29140127388536
1360916248.215,5462.276301518438
1360916300.245,266.9270833333333
1360916301.266,185.1478494623656
1360916301.33,241.41483516483515
1360916301.906,220.06777108433735
1360916302.098,225.0
1360916298.768,1272.6871468926552
1360916299.019,2312.1337890625
1360916299.023,2663.9404296875
1360916299.023,10162.109375
1360916300.028,156.52901785714286
1360916301.875,110.88102409638554
1360916301.239,244.79166666666666
1360916302.274,2116.7919303797466
1360916301.348,88.11598557692307
1360916299.73,127.88284132841329
1360916300.176,572.0274390243902
1360916300.686,1103.298611111111
1360916300.813,22484.375
1360916301.812,6546.875
1360916301.363,4689.732142857143
1360916301.81,19781.25
1360916300.131,1875.0
1360916300.685,21652.777777777777
1360916300.749,29085.227272727272
1360916301.77,3875.0
1360916301.834,2350.0
1360916300.746,22037.5
1360916301.192,16234.375
1360916299.698,1618.75
1360916299.893,3490.234375
1360916300.866,2819.1964285714284
1360916302.398,76531.25
1360916302.525,10109.375
1360916305.268,56.03448275862069
1360916328.197,2796.875
1360916332.546,1078.125
1360916328.186,1163.4615384615386
1360916332.519,1078.125
1360916331.384,72637.93682795699
1360916281.425,145092.56601607348
1360916343.277,24036.842105263157
1360916328.103,18375.0
1360916328.103,18726.5625
1360916328.167,22257.8125
1360916328.167,20218.75
1360916328.171,19664.0625
1360916328.106,22468.75
1360916328.17,12437.5
1360916328.106,18671.875
1360916328.17,21085.9375
1360916328.17,23453.125
1360916328.06,19304.6875
1360916328.06,22617.1875
1360916328.06,22773.4375
1360916328.124,14445.3125
1360916328.124,17875.0
1360916328.124,21921.875
1360916328.124,16226.5625
1360916328.06,21117.1875
1360916328.124,21617.1875
1360916328.06,22523.4375
1360916328.06,11171.875
1360916328.123,18859.375
1360916328.123,14335.9375
1360916328.123,3264.2045454545455
1360916328.123,20625.0
1360916327.677,17026.785714285714
1360916331.498,35.53921568627451
1360916360.591,7374.122191011236
1360916328.961,3872.6143036912754
1360916367.188,359.375
1360916369.166,6325.1953125
1360916361.879,11390.625
1360916361.59,6421.875
1360916381.433,173378.77747252746
1360916388.06,83.50903614457832
1360916421.453,1078.125
1360916437.582,118070.3125
1360916442.297,7224.739583333333
1360916438.585,782.3093220338984
1360916438.585,961.864406779661
1360916442.36,18093.75
1360916442.488,3263.0208333333335
1360916438.584,4407.971398305085
1360916438.584,3228.945974576271
1360916438.584,885.4608050847457
1360916442.552,6898.4375
1360916442.616,19648.4375
1360916442.999,63884.765625
1360916442.998,37916.666666666664
1360916443.062,56542.96875
1360916443.062,239.2578125
1360916443.19,22489.583333333332
1360916443.19,8265.625
1360916443.382,10786.458333333334
1360916439.601,4375.0
1360916443.509,14468.75
1360916443.573,9501.201923076924
1360916443.764,951.7045454545454
1360916443.7,3109.375
1360916440.18,44785.71428571428
1360916443.764,20898.4375
1360916443.892,155487.2159090909
1360916440.627,6197.916666666667
1360916444.019,6953.125
1360916440.371,5052.083333333333
1360916440.371,47371.09375
1360916440.627,19637.5
1360916436.082,2105.023734177215
1360916440.562,61595.48611111112
1360916440.818,22255.208333333332
1360916444.274,9380.208333333334
1360916444.338,7281.25
1360916440.946,43765.625
1360916440.813,6562.5
1360916436.721,8680.697278911564
1360916436.656,3715.2660472972975
1360916437.168,710.8258928571428
1360916437.103,9961.32535460993
1360916437.103,4113.25354609929
1360916437.807,41024.55357142857
1360916438.191,27458.29133064516
1360916442.158,1969.7745901639346
1360916442.158,16770.089285714286
1360916442.222,129.42708333333334
1360916442.222,4303.90625
1360916445.614,4725.694444444444
1360916442.094,3468.75
1360916442.221,363.47336065573774
1360916442.221,2648.4375
1360916442.281,7999.735169491525
1360916438.253,4401.803861788618
1360916442.349,2607.5
1360916438.572,1315.1483050847457
1360916438.572,2250.2648305084745
1360916438.572,1297.643442622951
1360916438.636,2262.286324786325
1360916438.572,841.2341101694916
1360916442.411,8210.9375
1360916442.475,204.76973684210526
1360916438.763,158.69565217391303
1360916442.986,26567.708333333332
1360916439.274,3406.25
1360916439.274,3791.6666666666665
1360916442.986,26906.25
1360916442.986,67103.515625
1360916443.114,1133.6436170212767
1360916443.114,1514.3229166666667
1360916443.178,53223.958333333336
1360916443.433,22718.75
1360916443.561,28944.196428571428
1360916443.561,4656.25
1360916443.625,2272.1354166666665
1360916440.36,4613.28125
1360916440.36,7675.78125
1360916444.008,4710.9375
1360916444.008,19442.708333333332
1360916440.424,2971.7345505617977
1360916440.359,4401.041666666667
1360916440.615,28187.5
1360916440.615,1346.4752906976744
1360916440.595,3075.5208333333335
1360916444.115,9395.833333333334
1360916444.179,2787.9464285714284
1360916443.987,6617.1875
1360916440.595,372.09302325581393
1360916440.595,84.6656976744186
1360916440.594,5281.25
1360916444.306,5179.6875
1360916444.114,6218.75
1360916444.306,31082.03125
1360916444.178,11429.6875
1360916440.781,821.9126506024096
1360916440.781,40882.8125
1360916440.909,31368.75
1360916440.973,7320.3125
1360916436.625,11347.761824324325
1360916445.135,24242.647058823528
1360916437.071,872.229609929078
1360916442.191,22048.4375
1360916442.191,2493.75
1360916442.062,32586.53846153846
1360916442.19,283.8114754098361
1360916442.19,27791.193181818184
1360916442.19,1734.375
1360916442.19,14668.489583333332
1360916446.158,4345.170454545454
1360916442.824,6412.627551020409
1360916439.176,176.5478971962617
1360916440.266,1617.7083333333333
1360916440.454,532.1479885057471
1360916445.573,129703.125
1360916445.573,19122.395833333332
1360916445.573,16981.770833333332
1360916441.157,240.7483552631579
1360916442.437,405.6919642857143
1360916440.258,658.5069444444445
1360916440.258,18705.555555555555
1360916440.258,511.97916666666663
1360916445.377,11835.069444444445
1360916445.569,43171.875
1360916445.569,24291.666666666668
1360916445.569,98601.5625
1360916442.113,13564.583333333334
1360916437.664,234.375
1360916445.107,34.198113207547166
1360916448.343,17343.75
1360916510.017,36.98979591836735
1360916238.468,137293.75
1360916241.283,538133.207070707
1360916597.661,52.951388888888886
1360916713.14,61.5234375
1360916720.166,15.625
1360916752.865,36.98979591836735
1360916769.58,54.464285714285715
1360917247.229,11.591246290801186
1360918608.268,39.8936170212766
1360918747.922,39.8936170212766
1360918747.922,39.8936170212766
1360918747.848,39.8936170212766
1360918747.847,39.8936170212766
1360918789.026,39.8936170212766
1360919104.665,16.96428571428571
1360919106.639,16.843971631205672
1360921224.139,15.184859154929578
1360921826.893,110.57692307692307
1360922136.687,59.5703125
1360922182.154,635.4166666666666
1360922565.966,15.734265734265735
1360922694.983,11.455278592375366
1360922774.688,18.75
1360922880.594,18.36993243243243
1360923163.77,18.494897959183675
1360924399.055,16.493055555555557
1360924543.081,15.84507042253521
1360928456.04,57.765151515151516
1360929105.489,18.36993243243243
1360929175.687,953.125
1360929218.476,17.769607843137255
1360929338.276,57.765151515151516
1360929513.995,18.36993243243243
1360930168.847,16.843971631205672
1360930365.269,15.957446808510637
1360930883.595,16.07142857142857
1360931051.544,16.843971631205672
1360931051.507,23.106060606060606
1360931156.446,16.843971631205672
1360931156.41,23.106060606060606
1360931445.882,16.843971631205672
1360931445.846,23.106060606060606
1360931462.393,15.292553191489361
1360931617.914,16.96428571428571
1360932416.471,15.292553191489361
1360942587.919,17.74691358024691
1360942864.501,20.833333333333332
1360942864.927,21.12676056338028
1360942864.336,20.54794520547945
1360942864.841,21.12676056338028
1360942905.808,20.54794520547945
1360945556.244,40.76086956521739
1360945556.217,40.76086956521739
1360945556.131,40.76086956521739
1360945556.13,40.76086956521739
1360945600.177,39.8936170212766
1360947135.613,912.1919014084507
1360947138.106,27338.541666666668
1360947140.344,18898.4375
1360947222.231,45203.125
1360947222.357,45203.125
1360947228.384,22560.59966216216
1360947228.384,23687.922297297297
1360947228.188,1384.6293604651164
1360947228.314,401.5997023809524
1360947228.332,20387.45777027027
1360947228.332,25576.22466216216
1360947228.307,7300.523952095808
1360947219.412,153618.75
1360947215.89,3577.205882352941
1360947219.335,65093.75
1360947219.712,814.0222063037249
1360947220.174,4210.9375
1360947220.169,8421.875
1360947221.987,5726.5625
1360947223.128,20433.59375
1360947219.837,2147.758152173913
1360947219.837,4011.3636363636365
1360947220.09,4210.9375
1360947220.089,8421.875
1360947223.597,63210.648148148146
1360947233.682,17296.938775510203
1360947233.613,17009.463922764226
1360947233.681,19031.696428571428
1360947233.548,24200.647865853658
1360947233.548,21323.996443089432
1360947233.611,28461.352040816328
1360947233.61,23409.566326530614
1360947233.61,22830.93112244898
1360947248.129,871.875
1360947227.748,23593.75
1360947227.748,21890.625
1360947227.748,27514.266304347824
1360947227.748,23904.01785714286
1360947227.748,22139.780405405407
1360947227.747,23944.467905405407
1360947227.747,24508.02364864865
1360947227.811,25475.59931506849
1360947227.747,23493.303571428572
1360947224.157,36376.11607142857
1360947225.279,50742.1875
1360947226.483,11468.75
1360947227.692,12377.95608108108
1360947227.692,15364.864864864865
1360947227.692,14130.278716216215
1360947227.692,23334.97431506849
1360947227.692,26542.863175675677
1360947227.692,23816.511824324323
1360947225.084,30660.590277777777
1360947225.084,15151.041666666666
1360947225.843,8021.875
1360947227.956,9759.560502283104
1360947247.015,2077.348602484472
1360947232.556,34837.38425925926
1360947233.128,33228.515625
1360947233.128,40085.74695121951
1360947233.051,34097.17987804878
1360947257.805,12667.643229166666
1360947266.059,3328.125
1360947242.49,390.3870558375634
1360947242.489,647.7633248730964
1360947242.489,387.57138324873097
1360947260.393,898.4375
1360947241.864,87178.75
1360947246.447,1500.0
1360947268.433,101.46604938271605
1360947268.433,4180.6640625
1360947251.92,5118.6121323529405
1360947251.92,3225.5974264705883
1360947251.92,3751.470588235294
1360947251.92,6451.149425287356
1360947251.92,8286.780973451327
1360947251.92,2321.001838235294
1360947251.92,3247.603244837758
1360947224.778,3851.7880577427823
1360947269.321,209.88805970149255
1360947269.448,5208.333333333333
1360947269.448,165.3846153846154
1360947269.638,5979.166666666667
1360947269.638,5480.46875
1360947249.35,10606.825657894737
1360947269.894,7812.5
1360947269.894,3257.8125
1360947270.149,5989.583333333333
1360947269.956,1312.5
1360947270.02,4396.875
1360947270.339,69052.08333333333
1360947233.666,4206.45
1360947270.338,3989.5833333333335
1360947270.402,6308.673469387755
1360947270.72,13895.833333333334
1360947258.667,2649.409871244635
1360947258.666,5031.726371951219
1360947251.744,41.6360294117647
1360947251.872,8871.55330882353
1360947251.872,5726.194852941177
1360947260.448,102.63480392156862
1360947251.872,4000.7352941176473
1360947251.872,5360.80383480826
1360947251.872,4038.143382352941
1360947251.872,5191.55604719764
1360947251.871,8481.936416184972
1360947251.871,4555.540191740412
1360947251.871,4271.599264705882
1360947251.871,6641.592920353983
1360947228.383,7743.391973125884
1360947268.574,2179.6875
1360947269.083,3690.44384057971
1360947269.377,165.3846153846154
1360947269.25,204.75746268656715
1360947269.568,6953.125
1360947269.503,2052.0833333333335
1360947273.407,2156.25
1360947269.758,38181.8426724138
1360947269.886,2357.1428571428573
1360947269.949,4512.5
1360947269.757,10560.075431034482
1360947270.266,103046.875
1360947270.266,18321.18055555556
1360947270.648,45876.953125
1360947270.648,52369.791666666664
1360947258.929,95.53964757709251
1360947273.024,15445.146276595744
1360947258.843,7488.79179331307
1360947271.832,8617.032284768213
1360947272.024,3746.09375
1360947271.977,6718.75
1360947271.977,6587.655141843972
1360947271.977,5897.24392361111
1360947271.976,5490.359042553192
1360947258.884,5912.4195278969955
1360947271.425,588.0816246056783
1360947258.817,5211.995249406175
1360947267.833,16.927083333333332
1360947268.512,22.569444444444443
1360947269.236,8682.92086129754
1360947273.585,20.91284987277354
1360947258.78,4549.511894075404
1360947275.971,9189.236111111111
1360947269.132,3677.0096305031448
1360947297.759,167078.73858447486
1360947395.005,3706.25
1360947400.525,37796.875
1360947400.587,18960.9375
1360947400.714,37781.25
1360947400.299,1410.2224576271187
1360947395.561,6309.027777777777
1360947404.452,4281.25
1360947404.704,11218.75
1360947455.009,2156.25
1360947458.017,12099.264705882353
1360947460.273,2156.25
1360947460.208,2156.25
1360947472.846,17890.625
1360947472.762,17890.625
1360947472.919,11703.125
1360947477.895,3560.546875
1360947482.437,3789.0625
1360947483.432,11156.25
1360947483.621,18828.125
1360947480.673,12765.625
1360947480.736,18828.125
1360947481.117,8932.291666666666
1360947478.335,1965.625
1360947479.222,11367.1875
1360947479.286,6843.75
1360947483.381,2242.1875
1360947480.16,16132.8125
1360947458.177,356.1893203883495
1360947459.323,452.09651898734177
1360947459.323,498.93196202531647
1360947458.092,16247.395833333332
1360947459.235,481.01265822784814
1360947459.235,400.5142405063291
1360947479.652,1025.735294117647
1360947476.119,6853.75
1360947476.63,3874.246987951807
1360947477.333,4067.708333333333
1360947477.397,905.27950310559
1360947477.333,9451.221955128205
1360947477.333,2557.5921474358975
1360947478.226,8867.021276595744
1360947478.226,13589.871453900709
1360947478.226,12631.316489361701
1360947473.746,8635.811611374407
1360947473.81,5152.5297619047615
1360947473.809,7546.875
1360947473.809,11823.660714285714
1360947479.249,497.375
1360947479.631,1579.5693277310925
1360947479.694,2062.900641025641
1360947476.11,103.48214285714286
1360947483.917,1834.6108490566037
1360947477.324,1514.6233974358975
1360947477.388,3993.548387096774
1360947477.324,3241.4596273291922
1360947481.547,3943.820224719101
1360947478.218,5754.404362416107
1360947478.218,5659.352836879432
1360947478.218,12808.399822695035
1360947473.792,10513.839285714284
1360947473.792,3495.461309523809
1360947479.294,288.9364919354839
1360947482.878,272.28860294117646
1360947482.878,1334.4184027777776
1360947480.71,254.39453125
1360947483.91,8968.75
1360947484.87,726.5625
1360947477.122,306.74342105263156
1360947489.025,8350.0
1360947481.217,2218.324829931973
1360947473.281,8027.362089201878
1360947473.344,27598.83549528302
1360947473.216,4167.202102803739
1360947481.28,173.67097701149424
1360947473.279,3764.0111502347418
1360947473.79,1519.5842760180994
1360947489.341,10242.1875
1360947478.328,1100.5130597014925
1360947478.647,1560.5314960629921
1360947475.166,468.4065934065934
1360947487.643,232.14285714285714
1360947491.158,14468.75
1360947472.596,2259.038677130045
1360947476.947,308.366935483871
1360947480.909,1256.4538043478262
1360947473.741,1436.5091463414635
1360947477.516,1227.1050347222224
1360947476.62,2550.78125
1360947477.69,6169.784330985915
1360947477.817,658.9285714285714
1360947489.975,28875.0
1360947482.358,283.74094202898556
1360947482.613,158.89423076923077
1360947479.091,89.9422268907563
1360947475.118,463.59890109890114
1360947479.281,73.17073170731707
1360947483.376,628.90625
1360947483.438,735.2594339622641
1360947483.497,255.3125
1360947480.172,299.9089805825243
1360947496.846,4437.5
1360947497.035,52541.666666666664
1360947497.16,3510.4166666666665
1360947497.16,47408.203125
1360947497.346,61628.47222222222
1360947497.41,9296.875
1360947497.537,6562.5
1360947497.664,24421.875
1360947494.719,93034.28819444444
1360947497.663,31350.0
1360947497.726,31256.696428571428
1360947495.658,3791.6666666666665
1360947496.485,4664.0625
1360947497.115,6151.041666666667
1360947497.115,5052.083333333333
1360947497.114,4401.041666666667
1360947494.206,39126.1574074074
1360947497.276,16912.5
1360947497.276,5281.25
1360947497.34,17640.625
1360947497.34,15201.171875
1360947497.467,22255.208333333332
1360947497.657,4880.208333333333
1360947495.604,5109.375
1360947480.339,1634.0228873239437
1360947500.876,95.33005617977527
1360947500.876,5040.515988372093
1360947500.94,2164.0625
1360947500.94,26175.78125
1360947500.94,742.3349056603774
1360947500.94,26107.63888888889
1360947500.939,11320.3125
1360947501.509,6625.0
1360947501.572,20378.125
1360947501.572,9389.583333333332
1360947497.346,878.440366972477
1360947501.826,5381.25
1360947501.889,8218.75
1360947502.017,2054.6875
1360947502.144,2674.375
1360947502.525,11020.833333333334
1360947502.525,8089.84375
1360947495.1,112.14398734177215
1360947502.715,20585.9375
1360947502.779,4656.25
1360947502.906,5507.8125
1360947502.842,13632.8125
1360947502.95,3489.5833333333335
1360947502.951,13932.291666666666
1360947503.015,3140.625
1360947503.078,10429.6875
1360947503.142,19713.541666666668
1360947503.142,4411.458333333333
1360947503.142,155561.07954545453
1360947503.205,7619.791666666667
1360947503.393,14070.3125
1360947503.397,5179.6875
1360947503.524,4854.166666666667
1360947503.65,859.375
1360947500.828,14318.655303030302
1360947500.892,558.372641509434
1360947500.891,2445.3125
1360947500.891,22339.638157894737
1360947500.891,1540.0390625
1360947500.954,1441.6666666666667
1360947501.082,19684.895833333332
1360947501.526,10261.458333333334
1360947501.526,29468.75
1360947501.634,41293.269230769234
1360947501.697,6380.208333333333
1360947502.458,22866.16847826087
1360947502.458,11359.375
1360947502.457,10851.5625
1360947502.712,33632.8125
1360947495.158,570.8210059171598
1360947503.153,5630.208333333333
1360947503.285,5630.208333333333
1360947503.285,9351.5625
1360947503.412,24865.625
1360947496.241,178.80154639175257
1360947484.79,26.055630026809652
1360947484.98,21.964986910994764
1360947486.372,3411.4583333333335
1360947486.562,1378.5
1360947486.987,29.575892857142858
1360947486.987,29.575892857142858
1360947486.987,29.575892857142858
1360947484.901,17.751963350785342
1360947486.27,901.7979452054794
1360947486.904,29.575892857142858
1360947486.967,267.85714285714283
1360947500.762,141.51503164556962
1360947497.625,470.9284855769231
1360947497.689,501.1322463768116
1360947501.337,5584.974315068493
1360947501.783,174.46043165467626
1360947502.103,2135.7276119402986
1360947498.838,9359.70744680851
1360947496.085,123.31627155172414
1360947497.601,305.93297101449275
1360947497.729,242.11237980769232
1360947488.772,1023.5096153846155
1360947504.771,1270.3651685393259
1360947500.866,915.1119402985075
1360947500.866,5878.103595890411
1360947505.025,235.24305555555554
1360947501.31,2801.146582733813
1360947501.31,101.49456521739131
1360947501.628,105.41213768115942
1360947501.691,659.265350877193
1360947489.848,1779.9650493421052
1360947494.904,3155.0282921810704
1360947505.975,57702.91095890411
1360947505.975,282.15579710144925
1360947495.095,532.0963541666666
1360947495.095,386.45833333333337
1360947495.094,1024.7395833333333
1360947495.094,623.995983935743
1360947495.094,340.625
1360947504.277,185.1679104477612
1360947504.405,4715.865384615385
1360947504.596,3866.593567251462
1360947504.596,10506.724683544304
1360947504.596,14468.75
1360947500.819,1135.0279850746267
1360947500.946,9243.338178294573
1360947497.104,1310.847355769231
1360947508.429,143.5185185185185
1360947497.27,182.85714285714286
1360947508.593,119.79166666666667
1360947508.66,176.63043478260872
1360947494.642,1946.392276422764
1360947489.775,1894.6340460526317
1360947495.022,601.4973958333333
1360947495.021,821.0286458333334
1360947495.017,1504.1015625
1360947514.984,3125.0
1360947504.766,2763.168238993711
1360947504.766,1132.1536144578313
1360947492.159,62046.875
1360947492.078,143206.25
1360947490.941,44236.979166666664
1360947493.189,75437.5
1360947493.316,16457.8125
1360947495.386,39.8936170212766
1360947495.83,3210.9375
1360947496.145,7822.916666666667
1360947496.611,38.26530612244898
1360947505.959,19394.487359550563
1360947505.959,42824.633049242424
1360947511.014,292.6136363636364
1360947515.525,1320.9696261682243
1360947515.528,660.4071100917431
1360947516.164,1714.84375
1360947516.099,7170.13888888889
1360947505.891,42341.173835125446
1360947505.889,30813.27825670498
1360947505.889,64601.33558091286
1360947515.477,592.2934322033898
1360947515.477,580.9919724770642
1360947515.477,501.06837606837604
1360947504.592,34.72222222222222
1360947508.699,308.28184410646384
1360947524.89,21.95945945945946
1360947514.543,2240.082762557078
1360947514.924,5855.2811135371185
1360947514.923,113.48684210526316
1360947515.497,2964.824120603015
1360947515.496,1701.6715116279072
1360947515.496,1986.790458937198
1360947515.496,2860.4633084577117
1360947515.496,1557.2400990099009
1360947524.837,21.95945945945946
1360947525.028,25.79365079365079
1360947525.341,22.569444444444443
1360947524.548,23.214285714285715
1360947527.61,30.09259259259259
1360947514.873,3070.9459459459463
1360947515.426,3560.2678571428573
1360947515.426,6287.6391700404865
1360947515.426,2334.11214953271
1360947515.426,3307.5504658385094
1360947515.425,1220.435049019608
1360947228.313,42117.770522388055
1360947227.581,41896.5585443038
1360947227.325,44303.75744047619
1360947227.581,29453.92628205128
1360947508.153,128.28947368421055
1360947508.28,312.5
1360947508.782,11044.791666666666
1360947508.846,312.5
1360947508.844,312.5
1360947507.778,375.0
1360947508.011,12158.066860465116
1360947507.673,32895.833333333336
1360947509.542,175.78125
1360947509.537,267.85714285714283
1360947511.404,312.5
1360947511.276,4316.810344827586
1360947512.608,44531.25
1360947514.546,33199.21875
1360947514.546,138277.34375
1360947514.546,197784.72222222222
1360947513.751,3088.5416666666665
1360947514.516,30757.102272727272
1360947514.516,136734.375
1360947514.771,117002.60416666667
1360947514.835,303.6894273127753
1360947528.448,14.683734939759036
1360947525.497,12.795275590551181
1360947530.071,23.89705882352941
1360947514.729,172425.78125
1360947513.919,106752.60416666667
1360947528.739,8.977900552486188
1360947533.215,11.284722222222221
1360947533.596,11.861313868613138
1360947532.569,12.037037037037036
1360947533.849,11.443661971830986
1360947532.784,11.861313868613138
1360947533.546,10.220125786163521
1360947533.901,10.350318471337578
1360947532.621,13.31967213114754
1360947534.282,10.833333333333334
1360947233.367,15829.141260162602
1360947233.431,19037.053571428572
1360947233.367,17677.382172131147
1360947233.431,16011.288265306124
1360947233.431,20777.21567622951
1360947233.431,18721.322016460905
1360947233.431,24963.49897540984
1360947233.431,19278.63520408163
1360947233.367,21464.79591836735
1360947233.431,25024.590163934427
1360947537.19,6.448412698412698
1360947537.951,7.888349514563107
1360947540.792,7.31981981981982
1360947537.874,7.77511961722488
1360947538.445,7.454128440366973
1360947535.633,26.915322580645164
1360947543.049,6.178707224334601
1360947576.503,76.171875
1360947552.935,3.8056206088992974
1360947277.095,157461.2132352941
1360947581.341,18.8953488372093
1360947282.661,169611.51960784316
1360947285.657,157082.10784313726
1360947589.204,23.557692307692307
1360947589.218,19.631410256410255
1360947288.53,153160.63904494382
1360947294.417,204537.99019607843
1360947577.882,8.902616279069768
1360947583.151,16.46505376344086
1360947597.777,4.737609329446064
1360947640.185,3.977272727272727
1360947673.269,169.1810344827586
1360947673.268,188.70192307692307
1360947672.203,110.24305555555556
1360947491.911,882.7658500175623
1360947663.872,4.939516129032258
1360947658.021,14.310747663551401
1360947658.873,16.289893617021278
1360947664.806,3.9363753213367607
1360947677.501,17.643960674157302
1360947674.977,32.978995901639344
1360947677.038,15.172101449275361
1360947680.047,9.15634110787172
1360947677.902,15.861742424242424
1360947733.115,75.23148148148148
1360947735.315,61.5234375
1360947738.991,22.518382352941178
1360947744.336,79.65686274509804
1360947739.11,35.79545454545455
1360947722.0,5.508093525179856
1360947722.773,5.778301886792453
1360947749.308,42.76315789473684
1360947753.971,97.5
1360947752.467,67.70833333333333
1360947752.466,85.52631578947368
1360947508.421,576.2649778588174
1360947742.448,15.75
1360947748.704,42.76315789473684
1360947737.309,43.75
1360947755.95,31.553398058252426
1360947472.773,243242.1875
1360947814.0,5.650369003690036
1360947889.85,15.625
1360947963.987,6.992009132420091
1360948015.141,135.41666666666666
1360948015.333,108.33333333333334
1360948015.653,97.5
1360948016.483,73.86363636363637
1360948014.687,90.27777777777777
1360948015.134,135.41666666666666
1360948015.454,76.171875
1360948015.332,135.41666666666666
1360948963.973,3702.3809523809527
1360948967.958,26874.0234375
1360948966.36,6507.8125
1360948966.33,3795.394736842105
1360948966.969,615.625
1360948966.969,2794.6180555555557
1360948966.969,174.04513888888889
1360948966.323,6253.207236842106
1360948966.323,1814.7203947368423
1360948966.322,174.0953947368421
1360948967.961,6292.447916666666
1360948967.961,880.2083333333334
1360948967.961,6445.3125
1360948961.793,9254.81204710145
1360948961.856,4083.95606884058
1360948961.856,867.9234601449275
1360948966.142,1240.3846153846155
1360948962.046,81.8452380952381
1360948962.237,884.0368470149253
1360948962.3,652.8558052434456
1360948962.3,696.3951310861423
1360948962.491,132.57753759398497
1360948962.235,6084.713152985074
1360948962.235,874.9416977611941
1360948962.295,506.90543071161056
1360948961.499,3277.0796263345196
1360948964.371,97.53989361702126
1360948965.456,282.18176605504584
1360948961.743,11014.778880866426
1360948961.743,6954.653532608695
1360948962.187,9668.157527881041
1360948962.187,4916.044776119403
1360948962.358,3214.0507518796994
1360948962.421,552.7712264150944
1360948962.928,96.923828125
1360948962.928,51.55642023346303
1360948964.812,118.63938053097345
1360948964.939,87.75111607142857
1360948964.938,87.804203539823
1360948960.545,2612.6302083333335
1360948964.49,7570.833333333334
1360949017.53,21343.75
1360949023.83,1078.125
1360949019.135,7070.833333333334
1360949018.045,1625.0
1360949317.115,11.837121212121213
1360949557.072,5031.25
1360952117.013,15.957446808510637
1360954410.549,828.125
1360954435.614,465.1015228426396
1360955084.282,13.816765578635016
1360955386.982,11.355377906976743
1360955439.877,17.28723404255319
1360956794.539,143.75
1360956794.013,84.55882352941177
1360956796.441,84.55882352941177
1360956797.027,95.83333333333334
1360956990.001,89.84375
1360958408.836,20.089285714285715
1360958766.353,15.84507042253521
1360959132.114,15.024038461538462
1360959332.125,15.024038461538462
1360960313.037,15.024038461538462
1360960463.009,15.024038461538462
1360966098.44,8.873456790123456
1360969466.288,54.464285714285715
1360969657.205,56.06617647058824
1360969775.35,59.5703125
1360969829.21,15.957446808510637
1360972846.751,11.820652173913043
1360972846.75,10.456730769230768
1360972846.442,10.182584269662922
1360972849.636,4.820478723404255
1360972848.484,15.447443181818182
1360972858.52,12.083333333333334
1360972858.949,86.30952380952381
1360972866.721,12.19170403587444
1360972863.613,5.4593373493975905
1360972869.348,1812.5
1360972878.161,20.936468646864686
1360972874.811,679.6875
1360972879.989,8.69304556354916
1360972880.664,1359.375
1360972881.108,35.53921568627451
1360972881.295,7.767857142857143
1360972879.846,453.125
1360972883.139,17.261904761904763
1360972905.156,359.375
1360972886.249,36.83943089430895
1360972886.249,11.007085020242915
1360972891.88,906.25
1360972898.92,18.034825870646767
1360972899.931,1359.375
1360972902.515,302.0833333333333
1360972901.934,12.003311258278146
1360972905.709,13.08664259927798
1360972903.619,201.38888888888889
1360972904.507,5.62888198757764
1360972904.828,388.39285714285717
1360972905.018,24.03846153846154
1360972906.44,36.25
1360972907.01,9.85054347826087
1360972908.247,12.029867256637168
1360972907.539,4.979395604395604
1360972907.983,906.25
1360972908.785,15.231092436974789
1360972912.731,29.71311475409836
1360972915.047,10.476878612716764
1360972918.01,906.25
1360972915.799,11.95580474934037
1360972918.127,1812.5
1360972922.843,1812.5
1360972920.262,9.958791208791208
1360972922.755,906.25
1360972922.952,8.469626168224298
1360972926.361,2718.75
1360972923.193,1812.5
1360972924.335,23.600260416666668
1360972926.93,906.25
1360972930.933,362.5
1360972934.167,604.1666666666666
1360972934.703,725.0
1360972938.029,113.28125
1360972935.202,302.0833333333333
1360972939.191,388.39285714285717
1360972943.471,906.25
1360972945.599,24.39903846153846
1360972947.101,13.020833333333334
1360972947.671,906.25
1360972948.757,1812.5
1360972949.835,19.17989417989418
1360972950.154,679.6875
1360972947.014,38.400423728813564
1360972951.139,25.17361111111111
1360972951.14,2718.75
1360972952.661,15.899122807017545
1360972959.633,139.42307692307693
1360972960.52,604.1666666666666
1360972960.691,27.46212121212121
1360972963.09,6.164965986394558
1360972965.047,137.31060606060606
1360972965.172,302.0833333333333
1360972965.358,44.56967213114754
1360972965.935,1359.375
1360972966.087,18.880208333333332
1360972967.273,906.25
1360972967.006,1359.375
1360972968.513,453.125
1360972968.64,362.5
1360972975.182,5.981848184818483
1360972975.757,29.369212962962962
1360972978.335,1359.375
1360972979.031,1812.5
1360972979.283,362.5
1360972980.46,1208.3333333333333
1360972981.857,72.08806818181817
1360972983.238,37.760416666666664
1360972983.499,362.5
1360972986.399,1359.375
1360972985.564,26.971726190476193
1360972986.496,906.25
1360972987.477,503.47222222222223
1360972990.12,19.012237762237763
1360972990.309,1359.375
1360972990.244,2718.75
1360972990.371,5.0069060773480665
1360972989.577,26.65441176470588
1360972991.32,1208.3333333333333
1360972995.03,6.729579207920792
1360972999.426,647.3214285714286
1360972996.074,543.75
1360973000.304,906.25
1360973000.622,1132.8125
1360973003.061,8.091517857142858
1360973003.25,362.5
1360973003.549,1208.3333333333333
1360973003.745,776.7857142857143
1360973006.568,15.04149377593361
1360973006.842,906.25
1360973010.339,906.25
1360973008.312,26.65441176470588
1360973009.496,19.99080882352941
1360973009.876,3625.0
1360973011.12,1812.5
1360973014.065,30.720338983050848
1360973014.065,302.0833333333333
1360973013.126,402.77777777777777
1360973015.896,226.5625
1360973016.403,679.6875
1360973019.193,1208.3333333333333
1360973023.084,302.0833333333333
1360973020.237,21.075581395348838
1360973025.841,8.055555555555555
1360973024.253,776.7857142857143
1360973024.443,725.0
1360973024.949,604.1666666666666
1360973026.381,604.1666666666666
1360973030.561,34.198113207547166
1360973029.964,906.25
1360973030.219,2718.75
1360973032.287,40.57835820895522
1360973033.603,39.98161764705882
1360973033.5,38.97849462365591
1360973033.5,4.565491183879093
1360973036.988,10.182584269662922
1360973038.434,362.5
1360973038.688,402.77777777777777
1360973040.272,1812.5
1360973041.16,725.0
1360973042.046,17.427884615384617
1360973043.18,302.0833333333333
1360973045.553,12.528801843317972
1360973044.859,8.67224880382775
1360973047.164,82.38636363636363
1360973047.282,2718.75
1360973047.663,75.52083333333333
1360973049.909,24.942660550458715
1360973049.351,52.28365384615385
1360973055.109,258.92857142857144
1360973056.819,906.25
1360973057.96,362.5
1360973059.773,453.125
1360973056.865,17.945544554455445
1360973062.481,517.8571428571429
1360973063.18,33.69140625
1360973063.18,33.69140625
1360973063.18,33.69140625
1360973063.101,33.69140625
1360973065.744,247.1590909090909
1360973063.975,247.1590909090909
1360973065.18,453.125
1360973066.868,27.05223880597015
1360973069.097,543.75
1360973069.352,7.680084745762712
1360973070.725,453.125
1360973071.296,906.25
1360973068.507,122.46621621621621
1360973070.387,21.198830409356724
1360973072.858,679.6875
1360973074.363,604.1666666666666
1360973075.187,604.1666666666666
1360973073.105,24.877450980392155
1360973074.288,11.618589743589745
1360973076.519,1359.375
1360973077.28,247.1590909090909
1360973077.569,1510.4166666666667
1360973077.678,1812.5
1360973079.117,755.2083333333334
1360973081.646,1812.5
1360973083.465,201.38888888888889
1360973084.704,2718.75
1360973086.332,1132.8125
1360973086.46,725.0
1360973084.018,453.125
1360973086.026,453.125
1360973086.51,201.38888888888889
1360973091.044,362.5
1360973095.476,86.30952380952381
1360973092.18,906.25
1360973093.877,8.263677811550153
1360973094.827,58.467741935483865
1360973098.651,453.125
1360973098.905,10.182584269662922
1360973100.248,1208.3333333333333
1360973103.182,106.61764705882352
1360973105.375,2718.75
1360973107.164,129.46428571428572
1360973109.997,1812.5
1360973114.285,1812.5
1360973117.026,604.1666666666666
1360973117.702,906.25
1360973119.775,1132.8125
1360973117.391,517.8571428571429
1360973120.596,906.25
1360973127.837,517.8571428571429
1360973124.231,9.200507614213198
1360973124.928,906.25
1360973126.62,3625.0
1360973127.38,27.74234693877551
1360973130.525,30.208333333333332
1360973129.537,26.395631067961165
1360973133.071,362.5
1360973132.938,40.27777777777778
1360973136.848,604.1666666666666
1360973141.947,15.715317919075146
1360973144.266,906.25
1360973151.755,604.1666666666666
1360973149.621,453.125
1360973151.371,1812.5
1360973154.215,25.17361111111111
1360973154.41,2718.75
1360973153.088,647.3214285714286
1360973153.72,15.256734006734007
1360973162.397,2718.75
1360973162.779,16.679447852760738
1360973162.13,1208.3333333333333
1360973167.589,18.570696721311478
1360973171.282,906.25
1360973171.666,906.25
1360973175.293,9.440104166666666
1360973173.529,388.39285714285717
1360973179.074,56.640625
1360973177.468,23.770491803278688
1360973179.604,755.2083333333334
1360973180.123,1812.5
1360973181.835,11.215965346534652
1360973182.509,19.36431623931624
1360973184.433,258.92857142857144
1360973186.124,3625.0
1360973193.223,16.32882882882883
1360973195.63,1812.5
1360973198.188,17.163825757575758
1360973202.848,113.28125
1360973201.369,604.1666666666666
1360973202.135,1812.5
1360973205.239,9.472996515679442
1360973205.533,26.65441176470588
1360973211.157,2718.75
1360973212.376,906.25
1360973214.115,16.552511415525114
1360973217.773,28.3203125
1360973218.638,4531.25
1360973220.118,20.213754646840147
1360973225.89,453.125
1360973229.409,725.0
1360973228.963,15.992647058823529
1360973232.405,906.25
1360973233.884,3625.0
1360973234.707,3625.0
1360973234.833,139.42307692307693
1360973236.635,1359.375
1360973236.308,62.80940594059406
1360973238.439,1208.3333333333333
1360973239.912,67.12962962962963
1360973241.562,679.6875
1360973244.063,604.1666666666666
1360973244.19,26.918316831683168
1360973244.57,3625.0
1360973245.014,15.625
1360973244.551,15.899122807017545
1360973245.733,66.63602941176471
1360973245.924,4531.25
1360973250.754,725.0
1360973250.943,1510.4166666666667
1360973253.215,604.1666666666666
1360973263.677,32.36607142857143
1360973261.838,23.641304347826086
1360973262.457,120.83333333333333
1360973265.058,15.859374999999998
1360973264.85,906.25
1360973265.04,17.56298449612403
1360973268.558,647.3214285714286
1360973270.059,906.25
1360973273.994,906.25
1360973275.643,18.494897959183675
1360973273.742,906.25
1360973274.669,906.25
1360973281.834,1812.5
1360973282.211,792.96875
1360973283.225,41.95601851851852
1360973288.555,1812.5
1360973292.824,33.15548780487805
1360973292.76,3625.0
1360973295.219,725.0
1360973296.17,453.125
1360973298.745,14.85655737704918
1360973302.071,22.943037974683545
1360973306.42,2718.75
1360973308.123,12.885071090047393
1360973308.563,59.840425531914896
1360973313.984,17.229087452471486
1360973317.691,906.25
1360973316.175,13.039568345323742
1360973316.935,2718.75
1360973322.671,1812.5
1360973321.528,5.442942942942943
1360973335.254,604.1666666666666
1360973335.318,1812.5
1360973331.961,906.25
1360973336.114,1812.5
1360973338.626,8.549528301886792
1360973340.201,3625.0
1360973342.015,15.360169491525424
1360973342.395,15.27387640449438
1360973341.361,258.92857142857144
1360973344.989,226.5625
1360973350.529,906.25
1360973350.656,33.074817518248175
1360973357.951,1812.5
1360973359.514,1812.5
1360973360.199,906.25
1360973361.023,453.125
1360973362.39,453.125
1360973382.179,27.644230769230766
1360973367.466,201.38888888888889
1360973364.701,453.125
1360973366.761,37.760416666666664
1360973367.054,906.25
1360973369.634,543.75
1360973368.987,362.5
1360973368.987,543.75
1360973392.259,34.63855421686747
1360973372.19,1359.375
1360973372.379,906.25
1360973372.631,1208.3333333333333
1360973372.17,302.0833333333333
1360973373.413,2718.75
1360973379.412,339.84375
1360973376.393,1208.3333333333333
1360973377.384,2718.75
1360973379.709,181.25
1360973379.641,77.67857142857143
1360973379.84,1208.3333333333333
1360973382.412,31.25
1360973380.008,329.5454545454545
1360973382.334,18.42948717948718
1360973384.33,453.125
1360973387.415,2265.625
1360973391.403,604.1666666666666
1360973392.729,31.25
1360973394.105,226.5625
1360973395.631,2718.75
1360973392.646,18.42948717948718
1360973392.646,24.03846153846154
1360973396.175,8.213746223564954
1360973397.481,1812.5
1360973399.131,906.25
1360973415.17,1812.5
1360973418.327,453.125
1360973418.454,1208.3333333333333
1360973422.269,679.6875
1360973425.877,3625.0
1360973424.296,3625.0
1360973438.911,1812.5
1360973444.825,604.1666666666666
1360973454.582,5.346607669616519
1360973457.422,9.108040201005025
1360973457.422,604.1666666666666
1360973456.768,906.25
1360973460.685,3625.0
1360973463.975,10.125698324022347
1360973464.589,2718.75
1360973476.12,453.125
1360973478.508,906.25
1360973480.843,453.125
1360973481.017,1812.5
1360973485.555,1359.375
1360973492.773,1812.5
1360973492.759,5.315249266862169
1360973495.151,906.25
1360973497.327,53.30882352941176
1360973500.794,1208.3333333333333
1360973507.572,9.0625
1360973506.799,3625.0
1360973513.921,302.0833333333333
1360973531.529,23.036858974358974
1360973518.633,453.125
1360973519.616,906.25
1360973541.487,23.036858974358974
1360973525.63,3625.0
1360973526.963,19.419642857142858
1360973530.963,24.03846153846154
1360973530.963,31.25
1360973541.085,24.03846153846154
1360973541.007,31.25
1360973544.789,1812.5
1360973552.462,1510.4166666666667
1360973559.805,805.5555555555555
1360973567.66,2265.625
1360973576.385,1208.3333333333333
1360973578.518,2265.625
1360973578.944,6.66360294117647
1360973581.513,388.39285714285717
1360973582.717,7.745726495726496
1360973591.177,1359.375
1360973594.94,3625.0
1360973592.606,906.25
1360973602.125,3625.0
1360973602.631,14.664239482200646
1360973600.736,3625.0
1360973603.308,604.1666666666666
1360973609.931,20.690639269406393
1360973610.349,3625.0
1360973612.206,906.25
1360973613.582,8.276255707762557
1360973611.965,543.75
1360973615.841,543.75
1360973618.663,19.28191489361702
1360973625.655,1812.5
1360973642.216,604.1666666666666
1360973653.096,86.30952380952381
1360973654.218,201.38888888888889
1360973660.089,194.19642857142858
1360973661.836,12.213611859838274
1360973664.297,1132.8125
1360973673.681,1359.375
1360973679.777,5.542813455657492
1360973680.347,2718.75
1360973686.082,543.75
1360973704.346,1812.5
1360973707.754,1812.5
1360973706.28,725.0
1360973712.515,5437.5
1360973713.468,453.125
1360973717.595,906.25
1360973721.339,1087.5
1360973735.832,1812.5
1360973736.878,1359.375
1360973740.22,725.0
1360973756.549,3625.0
1360973759.062,1510.4166666666667
1360973759.696,6.971153846153847
1360973761.278,258.92857142857144
1360973791.018,1208.3333333333333
1360973841.478,2718.75
1360973847.702,543.75
1360973851.754,906.25
1360973849.532,6.998069498069498
1360973851.863,906.25
1360973852.175,1812.5
1360973855.619,159.92647058823528
1360973869.425,906.25
1360973880.449,5.809294871794872
1360973878.594,201.38888888888889
1360973882.983,906.25
1360973883.426,906.25
1360973884.063,34.85576923076923
1360973906.231,1812.5
1360973917.145,1510.4166666666667
1360973924.702,362.5
1360973926.618,388.39285714285717
1360973939.188,6.971153846153847
1360973953.142,604.1666666666666
1360973953.46,2114.5833333333335
1360973957.11,1510.4166666666667
1360973971.756,1359.375
1360973976.639,1812.5
1360973979.192,17.945544554455445
1360973994.03,1812.5
1360974006.58,1359.375
1360974015.161,278.84615384615387
1360974021.937,566.40625
1360974022.291,164.77272727272725
1360974022.226,906.25
1360974021.919,402.77777777777777
1360974021.982,362.5
1360974033.557,1812.5
1360974063.427,906.25
1360974066.289,604.1666666666666
1360974091.549,604.1666666666666
1360974151.978,1812.5
1360974152.574,1812.5
1360974163.035,1132.8125
1360974202.097,164.77272727272725
1360974228.003,906.25
1360974245.362,1087.5
1360974263.299,1812.5
1360974269.446,95.39473684210527
1360974281.598,679.6875
1360974298.099,7.080078125
1360974318.795,1812.5
1360974361.782,1359.375
1360974362.208,2718.75
1360974389.581,604.1666666666666
1360974388.382,6.971153846153847
1360974391.966,2718.75
1360974395.722,1132.8125
1360974422.387,15.491452991452991
1360974464.962,8.469626168224298
1360974468.15,418.2692307692308
1360974470.97,906.25
1360974490.163,906.25
1360974513.326,2718.75
1360974528.688,1812.5
1360974539.618,604.1666666666666
1360974554.42,8.630952380952381
1360975896.927,61.49193548387097
1360976131.292,56.06617647058824
1360976171.475,54.464285714285715
1360986227.075,56.06617647058824
1360986488.763,48.87820512820513
1360987045.851,11.455278592375366
1360987140.378,191.70673076923077
1360987157.068,113.86217948717949
1360987177.421,226.5625
1360987181.597,172.61904761904762
1360987185.542,62.86127167630058
1360987218.139,9.130982367758186
1360987245.68,15.154682274247492
1360987281.053,6.427304964539007
1360987299.184,10.376908396946565
1360987298.505,388.39285714285717
1360987317.253,46.30474452554745
1360987369.634,15.412414965986395
1360987451.105,42.151162790697676
1360987451.032,1812.5
1360987456.334,1359.375
1360987456.027,604.1666666666666
1360987458.45,258.92857142857144
1360987469.528,906.25
1360987470.043,2718.75
1360987472.287,6.25
1360987480.625,1208.3333333333333
1360987511.261,11.413727959697733
1360987532.239,5.62888198757764
1360987589.696,16.37801204819277
1360987596.117,8.20135746606335
1360987605.658,1812.5
1360987606.195,22.65625
1360987619.815,42.74764150943396
1360987622.626,24.493243243243242
1360987232.36,120.74487554904832
1360987646.621,7.025193798449613
1360987652.603,6.66360294117647
1360987657.971,7.914847161572052
1360987663.525,453.125
1360987667.873,2718.75
1360987671.341,10.661764705882353
1360987674.835,604.1666666666666
1360987694.386,2718.75
1360987695.02,86.30952380952381
1360987697.792,1812.5
1360987696.917,72.5
1360987708.635,39.40217391304348
1360987715.364,362.5
1360987739.595,12.372013651877133
1360987769.211,906.25
1360987780.476,14.735772357723578
1360987806.953,566.40625
1360987815.885,604.1666666666666
1360987818.538,362.5
1360987821.088,2718.75
1360987828.785,8.067507418397625
1360987842.652,48.986486486486484
1360987861.028,53.59543010752688
1360987898.364,4531.25
1360987905.683,10.788690476190476
1360987925.252,9.564643799472295
1360987988.845,71.07843137254902
1360987992.567,29.71311475409836
1360988015.409,14.5
1360988015.207,63.59649122807018
1360988024.286,1812.5
1360988029.52,29.55163043478261
1360988046.536,72.5
1360988062.811,142.65046296296296
1360988069.698,125.48076923076923
1360988067.487,38.446969696969695
1360988071.334,23.95374449339207
1360988072.918,45.519406392694066
1360988072.529,52.6889534883721
1360988075.313,48.986486486486484
1360988075.817,45.3125
1360988077.388,61.78977272727273
1360988076.576,194.19642857142858
1360988079.434,1812.5
1360988089.293,44.81456043956044
1360988120.332,151.04166666666666
1360988124.239,6.404593639575972
1360988131.572,1510.4166666666667
1360988150.908,164.77272727272725
1360988214.013,1812.5
1360988214.204,604.1666666666666
1360988212.565,697.1153846153845
1360988215.408,151.04166666666666
1360988247.491,1812.5
1360988271.499,226.5625
1360988400.181,494.3181818181818
1360988467.776,2265.625
1360988193.084,380.8876811594203
1360988559.225,190.78947368421055
1360988559.491,24.493243243243242
1360988564.791,1359.375
1360988991.928,953.125
1360989760.541,56.06617647058824
1360990352.837,6.737918215613383
1360990358.019,77.27713178294573
1360990359.637,906.25
1360990382.936,161.83035714285714
1360990388.544,453.125
1360990433.307,1812.5
1360991861.132,51.520270270270274
1360991878.289,1812.5
1360991956.764,181.25
1360992048.933,54.464285714285715
1360992226.31,1132.8125
1360992296.358,1359.375
1360992331.123,1359.375
1360992358.864,906.25
1360992461.707,1510.4166666666667
1360992677.653,906.25
1360994195.485,10.359116022099448
1360996678.717,11.355377906976743
1360996741.064,11.289739884393065
1361000302.827,59.840425531914896
1361000799.393,11.355377906976743
1361002669.815,11.591246290801186
1361003364.277,11.388483965014576
1361006197.046,16.07142857142857
1361006291.187,1656.25
1361010423.48,59.840425531914896
1361011977.496,11.421783625730994
1361015433.816,10.869565217391305
1361016852.301,54.464285714285715
1361018634.142,11.625744047619047
1361021332.727,51.520270270270274
1361024516.871,56.06617647058824
1361024815.014,51.520270270270274
1361025068.633,52.951388888888886
1361025582.548,56.06617647058824
1361040355.965,39.8936170212766
1361040356.028,39.8936170212766
1361040359.075,39.8936170212766
1361043344.46,31.914893617021274
1361043344.652,31.914893617021274
1361049587.792,16.18705035971223
1361049636.258,15.957446808510637
1361049810.894,20.97902097902098
1361051987.634,11.801359516616316
1361055692.08,3593.75
1361057736.033,16.304347826086957
1361057890.737,476.5625
1361057936.667,54.464285714285715
1361059209.974,17.427884615384617
1361059210.111,27.46212121212121
1361059251.96,906.25
1361059277.509,679.6875
1361059292.247,1812.5
1361059294.01,2718.75
1361059294.517,453.125
1361059295.637,725.0
1361059326.869,1510.4166666666667
1361059436.29,604.1666666666666
1361059549.64,2265.625
1361059549.206,453.125
1361059583.864,604.1666666666666
1361063213.364,19.85062893081761
1361066919.659,40.76086956521739
1361066920.292,39.8936170212766
1361066921.054,39.8936170212766
1361066919.575,40.76086956521739
1361068616.809,13.575072886297376
1361068736.697,16.927083333333332
1361072814.629,13.45736994219653
1361073962.675,59.840425531914896
1361074994.428,16.18705035971223
1361079089.576,31.914893617021274
1361079089.576,31.914893617021274
1361079090.611,32.608695652173914
1361079090.522,32.608695652173914
1361086535.803,34.57446808510638
1361087570.761,11.160714285714286
1361092169.671,62.5
1361093542.903,11.556952662721894
1361093905.128,14.616935483870966
1361093918.451,755.2083333333334
1361093932.685,8.127802690582959
1361093929.162,12.083333333333334
1361093931.306,51.29716981132076
1361093939.339,1057.2916666666667
1361094230.977,11.322463768115941
1361098318.127,11.591246290801186
1361099306.6,107.6740506329114
1361101217.846,37.17672413793104
1361107366.059,11.71875
1361107446.981,39.8936170212766
1361107446.979,39.8936170212766
1361107446.937,39.8936170212766
1361107446.935,39.8936170212766
1361108721.535,13.694852941176471
1361111249.899,19.9468085106383
1361111770.883,125.0
1361111769.819,117.1875
1361111769.819,117.1875
1361111770.816,125.0
1361112324.658,11.06586402266289
1361130999.308,11.455278592375366
1361133431.108,40.76086956521739
1361133431.106,39.8936170212766
1361133430.992,40.76086956521739
1361133430.992,39.8936170212766
1361135230.97,16.18705035971223
1361140694.111,32.608695652173914
1361141186.112,48.87820512820513
1361144093.157,16.843971631205672
1361144093.082,38.56382978723404
1361144193.725,38.56382978723404
1361144193.723,16.725352112676056
1361144344.243,10.775862068965518
1361145733.496,39.40217391304348
1361147333.637,17.16549295774648
1361148720.973,57.765151515151516
1361156143.514,7069.602272727272
1361156159.872,8218.75
1361156160.0,11697.916666666666
1361156160.255,17979.166666666668
1361156160.255,9208.333333333334
1361156160.255,7625.0
1361156160.446,10812.5
1361156160.446,49468.75
1361156160.574,37593.75
1361156160.702,37937.5
1361156158.203,13625.0
1361156158.458,7309.375
1361156159.416,202148.4375
1361156159.416,8773.4375
1361156159.416,10510.416666666666
1361156159.416,8773.4375
1361156159.608,40768.229166666664
1361156159.608,113277.34375
1361156159.671,13015.625
1361156159.862,5956.25
1361156159.989,8239.583333333334
1361156160.244,9125.0
1361156160.244,52567.708333333336
1361156160.308,54125.0
1361156159.141,45114.583333333336
1361156159.396,13364.583333333334
1361156159.396,5843.75
1361156159.588,80065.10416666667
1361156159.652,41976.5625
1361156159.651,18546.875
1361156137.903,3625.0
1361156158.988,4476.5625
1361156159.234,4472.65625
1361156143.437,4731.119791666667
1361156185.851,1631.6964285714287
1361156186.726,24531.25
1361156182.224,1611.7788461538462
1361156185.42,1663.296568627451
1361156179.195,1332.6612903225807
1361156188.16,99242.1875
1361156188.16,29546.875
1361156188.16,35921.875
1361156188.288,98593.75
1361156188.415,49427.083333333336
1361156188.734,138098.95833333334
1361156188.734,9562.5
1361156188.734,11437.5
1361156188.926,31031.25
1361156188.862,12312.5
1361156188.925,36343.75
1361156188.989,78804.6875
1361156188.989,18880.208333333332
1361156189.117,64593.75
1361156189.053,65911.45833333333
1361156189.309,201578.125
1361156189.309,1728.515625
1361156189.309,6031.25
1361156189.372,7993.75
1361156189.436,1828.125
1361156189.755,18578.125
1361156189.883,2482.1428571428573
1361156190.458,75187.5
1361156190.394,12614.583333333334
1361156190.458,19375.0
1361156186.809,5673.4375
1361156188.151,128718.75
1361156188.151,44296.875
1361156188.15,27447.916666666668
1361156188.214,31921.875
1361156188.406,30664.0625
1361156188.725,3573.660714285714
1361156188.725,9562.5
1361156188.725,11187.5
1361156188.852,22875.0
1361156188.852,11437.5
1361156188.98,75343.75
1361156188.916,24625.0
1361156188.98,46343.75
1361156188.98,77554.6875
1361156188.98,19864.583333333332
1361156189.299,35687.5
1361156189.299,22875.0
1361156189.299,26625.0
1361156189.427,12046.875
1361156189.427,1667.4107142857142
1361156189.621,9468.75
1361156189.737,2739.5833333333335
1361156189.8,27125.0
1361156189.864,9648.4375
1361156190.44,26125.0
1361156190.375,21625.0
1361156190.241,10989.583333333334
1361156190.431,17710.9375
1361156203.34,2156.25
1361156203.195,20442.708333333332
1361156204.986,34196.875
1361156203.64,35687.5
1361156205.368,20031.25
1361156205.496,5570.3125
1361156205.368,55703.125
1361156205.367,6760.416666666667
1361156205.495,4268.229166666667
1361156205.942,4468.75
1361156205.942,4843.75
1361156205.942,2839.285714285714
1361156205.942,5958.333333333333
1361156206.198,14562.5
1361156206.201,10312.5
1361156206.453,20281.25
1361156202.994,55765.625
1361156203.89,1483.4558823529412
1361156203.312,3238.28125
1361156203.184,12015.625
1361156205.348,5507.8125
1361156205.348,42996.875
1361156205.347,38839.84375
1361156205.923,4468.75
1361156205.538,60640.625
1361156206.114,8937.5
1361156205.921,6041.666666666667
1361156206.113,5958.333333333333
1361156206.369,8531.25
1361156184.585,20503.90625
1361156190.184,1759.6203512396694
1361156188.478,101.99652777777777
1361156188.356,10546.875
1361156225.724,8824.83552631579
1361156227.105,14040.364583333334
1361156227.901,23218.75
1361156227.901,21718.75
1361156228.028,21093.75
1361156227.763,83929.6875
1361156227.89,9687.5
1361156227.89,10937.5
1361156227.89,8812.5
1361156239.101,2156.25
1361156221.44,70.59556159420289
1361156272.128,14748.579545454544
1361156272.957,3875.0
1361156273.341,11359.375
1361156368.316,9687.5
1361156367.031,9131.076388888889
1361156368.306,21843.75
1361156368.497,7031.25
1361156375.334,2546.875
1361156375.142,6269.097222222223
1361156435.26,2156.25
1361156505.126,11352.67857142857
1361156505.55,232396.30681818182
1361156506.983,55515.625
1361156513.364,448.31730769230774
1361156511.376,21093.75
1361156506.899,19531.25
1361156512.642,20373.046875
1361156510.59,18026.041666666668
1361156514.108,15544.034090909092
1361156514.979,19375.0
1361156522.46,7867.1875
1361156515.032,10546.875
1361156522.499,459123.5795454546
1361156525.153,1838.9204545454545
1361156528.886,121.74809644670052
1361156528.774,153.68470149253733
1361156555.012,2156.25
1361156538.897,258.92857142857144
1361156918.262,11138.392857142857
1361156918.708,230020.83333333334
1361156936.84,19375.0
1361156933.255,16248.437500000002
1361156934.913,32596.874999999996
1361156936.893,20281.25
1361156936.234,24426.339285714286
1361156942.091,19375.0
1361156942.155,20281.25
1361156946.507,18171.875
1361156943.113,18442.708333333332
1361156941.317,14748.579545454544
1361156943.797,21093.75
1361156946.555,271562.5
1361156947.085,1743.8038793103447
1361156950.951,80.01664648910412
1361156951.125,7270.833333333333
1361157007.101,1078.125
1361157227.545,20093.75
1361157231.217,28851.5625
1361158571.488,7859.375
1361158883.541,8671.875
1361158884.057,12361.111111111111
1361158978.056,2562.5
1361158977.658,15734.375
1361158978.226,4819.661458333333
1361159047.0,1023.2469512195122
1361159052.124,7711.647727272728
1361159052.2,68.8017955801105
1361159052.918,6421.875
1361159106.166,2156.25
1361159150.629,11125.0
1361159364.917,22393.75
1361159528.657,190.53171641791045
1361159550.53,4740.384615384615
1361159580.736,670.4252577319587
1361160421.203,7776.5625
1361160426.422,18661.458333333332
1361160419.726,94.24603174603175
1361160417.128,3243.4210526315787
1361160421.88,9460.9375
1361160480.881,2156.25
1361160648.51,27992.1875
1361160712.369,6890.625
1361161084.954,18541.666666666668
1361161298.484,13.731060606060606
1361161376.559,7664.0625
1361161423.266,7.523148148148148
1361161620.176,4057.9268292682923
1361161691.752,19375.0
1361161688.922,22378.125
1361161689.753,10546.875
1361161691.221,23283.48214285714
1361161691.796,23406.25
1361161694.744,20281.25
1361161693.394,9620.65972222222
1361161705.681,1838.9204545454545
1361161709.168,4520.833333333333
1361161709.34,7270.833333333333
1361161759.26,4855.46875
1361161759.508,70214.48863636365
1361161764.782,1078.125
1361161764.782,1078.125
1361161778.622,4520.833333333333
1361161778.874,5683.59375
1361161808.709,2156.25
1361161826.696,103.00925925925925
1361162023.973,1398.4375
1361162024.737,5479.166666666667
1361162024.99,2796.875
1361162023.957,991.6666666666667
1361162030.893,6820.977393617021
1361162035.049,3059.375
1361162032.841,777.9605263157895
1361162036.101,1279.513888888889
1361162034.023,1035.4166666666667
1361162035.039,7557.291666666667
1361162035.967,878.125
1361162035.965,878.125
1361162037.543,153.24519230769232
1361162030.556,1606.3226744186045
1361162030.872,186.30952380952382
1361162030.872,1566.5509259259259
1361162030.872,7010.0859788359785
1361162042.645,558.8235294117648
1361162031.621,1472.5961538461538
1361162043.013,1343.75
1361162031.621,54.80527638190954
1361162031.493,263.4698275862069
1361162023.938,147.0820189274448
1361162024.002,203.7202380952381
1361162035.266,1033.5144927536232
1361162035.138,390.625
1361162024.001,95.9256329113924
1361162035.329,500.78124999999994
1361162024.001,187.20425867507888
1361162023.937,95.98214285714286
1361162023.937,198.39891975308643
1361162023.937,183.50749211356467
1361162024.001,196.1257886435331
1361162024.001,37.00396825396825
1361162024.001,103.36159305993691
1361162024.951,1113.1933279742766
1361162044.149,1830.078125
1361162033.332,1965.3291420118344
1361162036.53,1119.7916666666667
1361162031.534,521.4353015075377
1361162023.02,1636.8455014749263
1361162023.915,43.317307692307686
1361162023.915,1574.2795950155764
1361162025.064,231.46446078431373
1361162023.002,1118.2642961876832
1361162034.969,10238.932291666666
1361162023.897,55.33653846153847
1361162035.225,1151.0044642857142
1361162023.897,93.22115384615384
1361162035.8,158.18798449612405
1361162030.796,6999.750664893617
1361162022.922,869.5931085043989
1361162031.431,344.82758620689657
1361162034.951,2754.741379310345
1361162031.537,1015.8641581632653
1361162031.536,2327.8846153846152
1361162031.535,2106.744260204082
1361162031.535,2244.7115384615386
1361162031.535,221.47435897435898
1361162034.991,856.294014084507
1361162035.182,390.1721014492754
1361162023.852,240.258487654321
1361162023.852,165.79311708860757
1361162023.852,165.27562111801242
1361162023.915,210.71428571428572
1361162023.915,253.45031545741327
1361162023.915,332.7205882352941
1361162023.915,120.4160094637224
1361162023.915,225.2070189274448
1361162023.915,218.1071993670886
1361162023.979,121.89471608832808
1361162044.255,2478.125
1361162044.126,1036.931818181818
1361162044.254,2228.125
1361162036.445,1720.4287190082646
1361162036.509,133.85416666666666
1361162023.183,3282.516891891892
1361162044.996,1867.1875
1361162044.995,1851.5625
1361162045.244,260.9953703703703
1361162045.372,2991.0714285714284
1361162045.434,2871.527777777778
1361162045.37,4875.0
1361162045.37,1689.732142857143
1361162045.37,1968.75
1361162045.37,2765.625
1361162045.369,3241.319444444445
1361162042.677,288.4114583333333
1361162042.675,95.52190721649484
1361162044.367,247.65625
1361162045.248,1560.267857142857
1361162045.375,583.3333333333334
1361162044.875,1816.9642857142858
1361162044.939,1416.6666666666667
1361162045.294,234.7608024691358
1361162045.294,4291.666666666667
1361162045.293,1948.4375
1361162045.292,3347.65625
1361162045.292,1423.828125
1361162045.292,1179.6875
1361162042.599,239.04639175257734
1361162031.525,46921.69117647059
1361162035.172,641.2730414746544
1361162044.29,185.82589285714286
1361162036.482,4816.823122529645
1361162049.537,1805.186170212766
1361162033.392,234.375
1361162034.723,225.67195595854923
1361162054.69,1411.830357142857
1361162054.69,1735.7536764705883
1361162054.753,2263.989825581395
1361162054.944,815.3089887640449
1361162055.007,1158.0459770114942
1361162055.007,1116.8478260869565
1361162042.719,154.4060559006211
1361162042.91,493.23104693140795
1361162048.132,138.04768041237114
1361162044.349,66.99064960629921
1361162052.474,828.5800970873787
1361162044.855,82.6530612244898
1361162045.219,68.71157786885246
1361162045.282,73.30246913580248
1361162054.622,1724.4944852941178
1361162054.686,861.473880597015
1361162054.876,1339.0456989247311
1361162054.876,678.5954301075269
1361162055.004,1311.7732558139535
1361162055.004,125.0
1361162047.832,5413.036616161616
1361162045.098,424.2984693877551
1361162044.768,309.375
1361162036.683,71.74657534246576
1361162039.172,113.07565789473684
1361162061.719,109.375
1361162061.013,148.89705882352942
1361162045.973,38.78012048192772
1361162061.076,239.58333333333334
1361162061.328,359.375
1361162061.39,191.17647058823528
1361162061.517,158.203125
1361162054.538,1438.25
1361162054.665,3579.75
1361162054.92,949.8279816513761
1361162042.695,2070.6976232394363
1361162055.047,828.9930555555555
1361162055.047,673.6273364485982
1361162055.047,1008.3912037037037
1361162055.047,698.7847222222222
1361162055.047,12393.241279069767
1361162055.047,12677.32558139535
1361162063.111,923.7132352941177
1361162054.919,844.5945945945946
1361162054.919,819.8107798165138
1361162054.982,885.7060185185185
1361162055.046,407.62867647058823
1361162055.046,874.855324074074
1361162055.046,991.822429906542
1361162055.046,9752.863219895287
1361162055.046,14819.527511961722
1361162055.046,932.7445652173914
1361162059.754,94.60227272727273
1361162059.753,271.23397435897436
1361162059.752,94.60227272727273
1361162064.742,15283.203125
1361162065.268,19781.25
1361162065.058,978.125
1361162065.313,1489.5833333333333
1361162065.591,1750.0
1361162061.228,148.89705882352942
1361162065.583,1750.0
1361162065.583,1750.0
1361162060.574,514.6484375
1361162061.0,215.625
1361162061.193,143.75
1361162061.256,159.7222222222222
1361162062.598,1533.0882352941178
1361162062.661,1615.234375
1361162061.569,479.1666666666667
1361162054.848,954.1103603603603
1361162063.04,923.7132352941177
1361162054.911,901.8061926605506
1361162054.975,943.0490654205607
1361162054.975,808.0150462962963
1361162054.975,12642.803485576924
1361162054.974,882.5120192307693
1361162054.974,8875.44642857143
1361162054.974,11445.862676056338
1361162063.739,446.875
1361162064.225,1717.7083333333335
1361162064.984,2822.9166666666665
1361162056.475,1142.146017699115
1361162065.178,2895.089285714286
1361162044.441,166.9741697416974
1361162060.44,507.57575757575756
1361162065.495,718.75
1361162044.482,3882.8125
1361162042.768,359.375
1361162043.778,584.0277777777778
1361162045.374,2046.875
1361162045.371,6000.0
1361162062.316,980.4924242424242
1361162058.415,88.03689427312774
1361162063.019,593.2426948051948
1361162059.743,780.1881067961165
1361162073.668,1740.056818181818
1361162074.048,1687.5
1361162074.044,2271.484375
1361162069.118,4530.153508771929
1361162062.269,1200.5525914634145
1361162061.181,613.7907608695651
1361162074.36,3807.2916666666665
1361162070.395,1761.1607142857142
1361162070.395,8648.59693877551
1361162070.459,4328.2860824742265
1361162070.459,3300.90206185567
1361162070.523,452.3809523809524
1361162070.522,452.3809523809524
1361162061.306,4606.597222222222
1361162072.269,5151.041666666667
1361162072.269,3984.375
1361162072.46,1443.75
1361162072.459,662.6838235294118
1361162072.457,670.8984375
1361162072.905,693.9338235294118
1361162064.52,4188.701923076924
1361162072.584,529.0178571428571
1361162056.456,70.03676470588235
1361162072.902,788.6029411764706
1361162072.902,720.5882352941177
1361162073.029,587.6736111111112
1361162056.645,54.25347222222222
1361162056.645,74.7011952191235
1361162057.091,389.2857142857143
1361162057.091,50.82908163265306
1361162073.837,1428.8194444444443
1361162073.899,1423.828125
1361162061.098,279.3508287292817
1361162061.092,278.7024456521739
1361162070.371,710.5034722222222
1361162070.371,5063.271604938272
1361162070.371,3219.7164948453606
1361162070.371,527.7777777777778
1361162062.879,2572.6814516129034
1361162054.813,3463.765681003584
1361162054.813,2523.1584821428573
1361162054.813,294.8660714285714
1361162071.365,1343.75
1361162071.746,4031.25
1361162072.064,3882.8125
1361162072.191,301.93014705882354
1361162072.191,3802.0833333333335
1361162055.934,46.21647509578544
1361162072.19,6601.5625
1361162072.38,2287.5
1361162064.504,533.69140625
1361162072.763,878.4722222222222
1361162056.379,53.61519607843137
1361162076.347,2179.6875
1361162072.635,588.3152173913044
1361162072.89,609.375
1361162072.762,983.3984375
1361162072.762,857.5367647058823
1361162072.762,702.2058823529411
1361162056.633,48.55577689243028
1361162056.896,150.0
1361162056.835,175.78125
1361162057.09,200.89285714285714
1361162057.089,200.89285714285714
1361162056.742,187.5
1361162056.739,187.5
1361162057.229,181.74119241192412
1361162057.227,55.28846153846153
1361162058.777,98.6842105263158
1361162070.397,14785.496794871795
1361162070.456,82.0715206185567
1361162074.554,90.625
1361162072.284,98.76893939393939
1361162072.475,215.5866564417178
1361162072.855,117.28766025641026
1361162072.855,58.99439102564102
1361162070.319,133.17307692307693
1361162074.414,142.8912213740458
1361162075.79,86.15252293577981
1361162072.206,218.19196428571428
1361162072.141,132.24774096385542
1361162072.775,91.74679487179486
1361162061.09,162.5
1361162061.089,162.5
1361162058.076,165.44117647058823
1361162058.076,175.78125
1361162058.076,187.5
1361162061.695,1437.5
1361162060.999,162.5
1361162057.988,175.78125
1361162057.988,175.78125
1361162058.149,175.78125
1361162061.412,203.125
1361162061.412,270.8333333333333
1361162060.723,379.66008771929825
1361162062.045,137.82248157248156
1361162062.486,234.375
1361162075.94,2279.657643312102
1361162075.888,171.17834394904457
1361162070.276,1194.0104166666667
1361162070.275,864.346590909091
1361162070.737,434.02777777777777
1361162072.238,504.39453125
1361162070.691,1197.9166666666667
1361162072.437,5390.625
1361162072.627,9281.25
1361162072.88,1214.2857142857142
1361162073.008,775.0
1361162073.068,2302.0833333333335
1361162072.943,3028.125
1361162073.007,319.97282608695656
1361162072.301,2250.0
1361162072.81,777.6442307692307
1361162075.281,183656.25
1361162073.787,1328.125
1361162074.484,26597.65625
1361162098.737,1437.5
1361162095.528,181383.27205882352
1361162077.593,16.522988505747126
1361162075.382,11976.5625
1361162074.535,10769.53125
1361162077.334,33359.375
1361162112.99,43.91891891891892
1361162114.114,431.8181818181818
1361162115.486,2463.5416666666665
1361162115.863,4078.125
1361162115.803,23375.0
1361162116.121,14015.625
1361162112.921,159.7222222222222
1361162112.921,106.5340909090909
1361162116.121,2296.875
1361162116.115,4785.15625
1361162116.247,3179.6875
1361162116.247,2968.75
1361162116.311,4026.041666666667
1361162116.438,4479.166666666667
1361162116.438,2178.125
1361162116.502,4859.375
1361162116.502,3526.0416666666665
1361162116.501,3351.5625
1361162116.117,5976.5625
1361162116.308,3703.125
1361162116.436,3162.5
1361162116.756,9085.9375
1361162113.976,431.8181818181818
1361162114.102,452.3809523809524
1361162114.862,1026.0416666666667
1361162115.856,8121.09375
1361162116.044,7726.5625
1361162116.044,5703.125
1361162112.779,97.65625
1361162112.843,179.6875
1361162112.843,143.75
1361162116.167,2833.3333333333335
1361162116.294,4057.291666666667
1361162116.357,4875.0
1361162116.421,5250.0
1361162116.185,12343.75
1361162116.185,6429.6875
1361162116.121,8437.5
1361162116.938,5968.75
1361162117.062,6101.5625
1361162117.187,5773.4375
1361162113.986,3476.934523809524
1361162113.986,1623.046875
1361162114.049,59.726331360946745
1361162114.176,4149.203431372549
1361162117.438,105.75457317073172
1361162114.873,4707.766089108911
1361162112.479,6532.389322916667
1361162116.121,203.64583333333334
1361162117.718,2179.6875
1361162116.986,267.2072784810127
1361162114.289,147.0756880733945
1361162112.206,1353.3321823204421
1361162112.397,87621.65178571429
1361162116.044,197.19145569620252
1361162116.358,106.0546875
1361162116.805,222.2222222222222
1361162098.958,2690.972222222222
1361162118.965,305.80357142857144
1361162116.928,50.13297872340426
1361162113.863,84.44033101045297
1361162117.484,2103.577044025157
1361162113.788,889.2045454545454
1361162115.558,1051.9425675675675
1361162113.615,793.1547619047618
1361162113.679,850.5434782608695
1361162115.834,79383.68055555556
1361162136.634,3898.4375
1361162130.388,138.18705673758865
1361162114.179,1310.0961538461538
1361162114.304,852.2727272727273
1361162114.744,312.5
1361162114.723,267.85714285714283
1361162114.723,22.727272727272727
1361162114.783,1875.0
1361162116.367,16203.125
1361162116.481,2263.8888888888887
1361162116.672,6546.875
1361162116.668,7570.3125
1361162116.668,3916.6666666666665
1361162116.732,8171.875
1361162116.732,9890.625
1361162114.196,646.6346153846155
1361162115.625,4898.4375
1361162116.385,9734.375
1361162116.635,5828.125
1361162116.574,9375.0
1361162116.637,3875.0
1361162116.165,10109.375
1361162116.385,11776.278409090908
1361162117.905,17335.9375
1361162138.359,9365.25848765432
1361162148.794,53490.38461538461
1361162161.712,11726.814516129032
1361162165.945,4195.3125
1361162165.945,7359.375
1361162166.073,8390.625
1361162173.734,345.01008064516134
1361162165.024,1447.3236386138615
1361162173.088,52.41935483870968
1361162173.727,436.38392857142856
1361162173.727,328.88104838709677
1361162177.61,2250.0
1361162177.609,2258.9285714285716
1361162173.641,15212.197580645163
1361162173.641,5629.098360655738
1361162173.641,316.66666666666663
1361162177.609,1915.1785714285713
1361162173.641,627.0491803278688
1361162177.673,1830.7291666666667
1361162177.673,1989.5833333333333
1361162177.672,1763.0208333333333
1361162173.0,585.9375
1361162172.999,585.9375
1361162165.958,77.9532967032967
1361162165.957,70.14627659574468
1361162178.051,3214.84375
1361162157.313,32.74961300309598
1361162166.845,226.46949404761904
1361162166.909,273.5283430232558
1361162166.909,276.57185628742513
1361162166.908,308.0357142857143
1361162166.844,506.95447976878614
1361162166.844,207.5628698224852
1361162166.908,263.2630813953488
1361162166.908,150.29761904761904
1361162166.908,387.4627976190476
1361162166.908,243.64098837209303
1361162166.908,334.3001497005988
1361162175.094,671.875
1361162177.593,1625.0
1361162175.544,1675.0
1361162167.839,19816.949503311258
1361162176.476,1992.1875
1361162176.476,2002.232142857143
1361162176.539,2734.375
1361162176.475,2194.1964285714284
1361162176.794,2009.765625
1361162176.921,1533.482142857143
1361162176.984,1009.9431818181819
1361162176.92,1262.5
1361162173.582,412.55040322580646
1361162173.582,5564.549180327868
1361162173.586,160.21825396825398
1361162173.586,467.48991935483866
1361162173.586,327.5862068965517
1361162172.944,390.625
1361162177.909,2109.375
1361162166.063,5758.928571428572
1361162154.03,18336.92191689008
1361162174.574,351.85185185185185
1361162173.421,1541.015625
1361162173.485,2929.1193181818185
1361162173.484,4700.964095744681
1361162166.763,251.6257225433526
1361162166.827,235.0109011627907
1361162166.827,216.97230538922156
1361162166.763,226.4270231213873
1361162166.827,204.06062874251495
1361162166.827,139.78293413173654
1361162166.827,324.3824850299401
1361162166.827,410.92814371257487
1361162166.826,270.36830357142856
1361162178.792,3776.0416666666665
1361162178.792,6057.291666666667
1361162176.397,2703.125
1361162176.396,1629.4642857142858
1361162176.841,1148.4375
1361162176.841,1600.4464285714287
1361162176.905,1051.1363636363635
1361162168.905,181.39097744360902
1361162176.776,1062.5
1361162176.904,1135.9375
1361162177.475,1979.1666666666667
1361162177.475,2082.589285714286
1361162177.475,1398.4375
1361162157.388,6421.875
1361162157.638,11375.0
1361162179.299,1119.409403669725
1361162176.474,254.7063253012048
1361162176.542,218.19196428571428
1361162181.844,6693.11797752809
1361162178.805,222.84226190476193
1361162175.602,99.81060606060606
1361162176.43,187.8765060240964
1361162177.492,102.22138554216868
1361162172.115,3341.5389150943397
1361162178.981,49.920550847457626
1361162173.91,520.8333333333334
1361162173.909,535.3535353535353
1361162175.737,98.6842105263158
1361162177.488,2343.75
1361162175.589,3196.4285714285716
1361162176.416,4050.78125
1361162176.767,3887.5
1361162177.401,3028.125
1361162177.401,1636.71875
1361162176.66,19132.8125
1361162177.223,881.0096153846155
1361162178.559,27656.25
1361162177.62,46.44097222222222
1361162190.727,108.93854748603351
1361162198.722,57343.406593406595
1361162177.935,1468.75
1361162177.848,1550.0
1361162177.848,3956.25
1361162178.223,1359.375
1361162207.719,85283.58644859813
1361162202.487,91.92708333333334
1361162229.371,309.2517921146953
1361162230.105,34.57446808510638
1361162254.056,1398.4375
1361162254.056,2695.3125
1361162256.45,524.4140625
1361162256.407,1319.3359375
1361162247.678,15727.112676056338
1361162252.087,4912.5
1361162254.16,4218.75
1361162254.224,5456.25
1361162254.223,41296.875
1361162256.098,4058.2386363636365
1361162257.606,1323.2758620689656
1361162256.94,101177.08333333333
1361162257.912,8784.04017857143
1361162258.008,36546.875
1361162259.565,3359.375
1361162270.519,987.9807692307693
1361162271.38,2421.875
1361162300.123,1078.125
1361162308.149,135.41666666666666
1361162307.988,781.25
1361162300.943,69261.78495762711
1361162306.103,17348.59375
1361162312.465,82057.12365591398
1361162330.506,2800.78125
1361162330.506,2683.59375
1361162330.505,1078.125
1361162330.633,3796.875
1361162330.633,3703.125
1361162331.314,9750.0
1361162331.377,15750.0
1361162331.376,4468.75
1361162327.856,730.7692307692307
1361162327.856,730.7692307692307
1361162331.567,9078.125
1361162329.129,2198.863636363636
1361162329.798,2207.589285714286
1361162329.797,1140.625
1361162329.861,1328.125
1361162329.861,1740.056818181818
1361162329.856,1467.013888888889
1361162330.494,3843.75
1361162330.429,2125.0
1361162330.683,5968.75
1361162330.81,12625.0
1361162330.81,5695.3125
1361162330.937,3526.0416666666665
1361162331.319,4718.75
1361162331.254,5914.0625
1361162331.318,14578.125
1361162327.798,948.3173076923077
1361162331.318,5270.833333333333
1361162331.318,4218.75
1361162327.798,730.7692307692307
1361162331.509,12859.375
1361162328.669,1047.9910714285713
1361162332.442,1453.125
1361162329.559,2588.5416666666665
1361162329.934,174.23115079365078
1361162329.996,218.19196428571428
1361162327.107,3350.735294117647
1361162331.366,88.49158653846153
1361162331.366,128.60576923076923
1361162331.366,176.83293269230768
1361162327.845,5857.594936708861
1361162331.619,187.1875
1361162331.683,119.00252525252525
1361162340.632,4195.3125
1361162329.854,128.32185039370077
1361162326.332,715.7451923076923
1361162327.028,564.154411764706
1361162327.772,4706.784018987341
1361162327.772,770.6685126582279
1361162327.772,6529.371044303797
1361162327.772,1427.2151898734178
1361162327.772,5027.788765822785
1361162327.772,83.36629746835443
1361162327.772,63.08593749999999
1361162327.899,184.81289808917197
1361162327.899,111.6640127388535
1361162331.927,101.31048387096773
1361162340.561,3753.90625
1361162031.595,66312.21973094171
1361162332.009,2064.5254629629626
1361162327.465,2710.9375
1361162327.463,1498.798076923077
1361162327.434,2239.5833333333335
1361162328.049,1887.8676470588236
1361162329.424,4365.625
1361162327.965,109.0625
1361162328.024,520.8333333333334
1361162328.195,375.0
1361162330.835,10109.375
1361162348.478,43054.6875
1361162330.51,724.1586538461538
1361162330.7,2587.7403846153848
1361162330.763,20484.375
1361162330.807,25259.375
1361162331.187,8187.5
1361162330.053,2700.5208333333335
1361162330.365,46035.71428571428
1361162331.105,7703.125
1361162331.104,13625.0
1361162331.422,9375.0
1361162331.485,6546.875
1361162331.485,3875.0
1361162331.42,7562.5
1361162331.42,76500.0
1361162341.132,147921.875
1361162340.086,18888.671875
1361162345.342,160.38223140495867
1361162345.451,7833.333333333333
1361162368.032,1494.7916666666667
1361162368.095,28.508771929824558
1361162368.553,27812.5
1361162405.162,2156.25
1361162405.162,2156.25
1361162173.494,88403.53954081633
1361162544.574,16.725352112676056
1361166781.948,56.06617647058824
1361166992.041,48.87820512820513
1361167394.575,56.06617647058824
1361167782.439,11109.375
1361167798.817,45203.125
1361167797.944,3751.3020833333335
1361167798.834,23281.25
1361167777.84,2123.4375
1361167782.526,7481.696428571428
1361167779.937,95.76612903225806
1361167798.762,2220.4149590163934
1361167828.518,12640.625
1361167828.708,37781.25
1361167806.722,4432.859332425069
1361167830.85,4713.541666666667
1361167828.025,1862.5
1361167828.258,4724.609375
1361167807.317,4022.471910112359
1361167807.317,28690.625
1361167807.317,15151.041666666666
1361167808.314,13015.625
1361167808.567,36015.625
1361167842.189,1078.125
1361167832.617,1036.1912393162393
1361167818.435,370.4993206521739
1361167818.736,21593.75
1361167818.857,14395.833333333334
1361167848.316,2179.6875
1361167833.957,1822.4877450980393
1361167848.123,1090.4752994011976
1361167848.122,405.59505988023955
1361167848.377,65.33203125
1361167848.051,168.22604790419163
1361167848.051,2007.6721556886228
1361167832.05,79.23560049019608
1361167854.694,2179.6875
1361167832.071,2140.6636757425745
1361167832.139,2726.5625
1361167832.519,7700.9765625
1361167832.519,11036.077235772356
1361167832.519,8333.533653846152
1361167832.518,15731.25
1361167832.518,59777.644230769234
1361167843.139,31.914893617021274
1361167866.968,718.75
1361167867.221,539.0625
1361167867.157,687.5
1361167867.221,609.375
1361167867.221,215.625
1361167867.171,539.0625
1361167867.175,487.5
1361167867.238,371.52777777777777
1361167867.238,859.375
1361167807.586,3128.3088235294117
1361167869.022,2179.6875
1361167848.108,4579.164501039501
1361167860.584,3259.3176605504586
1361167860.584,398.58774038461536
1361167860.584,4101.996527777777
1361167860.063,3367.8609913793107
1361167860.508,245.41284403669724
1361167870.758,88.164592760181
1361167884.824,469.9292452830189
1361167833.992,3603.5136340468907
1361167915.936,2179.6875
1361167915.733,1949.3095930232557
1361167929.327,622.7678571428571
1361167914.876,169.11764705882354
1361167914.809,65.2439024390244
1361167914.733,1376.207729468599
1361167914.733,1453.125
1361167914.296,1176.3181279620853
1361167929.088,2130.374203821656
1361167947.886,3709.375
1361167932.945,7822.916666666667
1361167932.125,3640.625
1361167932.569,147.1798780487805
1361167968.919,11950.0
1361167967.855,14617.1875
1361167969.805,6338.541666666667
1361167947.912,5977.796052631579
1361167972.847,2179.6875
1361167972.528,1517.1097285067874
1361167992.757,2156.25
1361167989.339,353.97727272727275
1361167970.828,17709.821428571428
1361167971.19,49218.75
1361167972.107,53062.5
1361168007.874,2156.25
1361167833.84,6570.613401610644
1361168052.336,2179.6875
1361168052.108,2082.4922360248447
1361168052.176,70.21604938271605
1361168051.766,13765.625
1361168052.344,694.39448441247
1361168052.344,103.00364077669903
1361168052.271,705.9178743961353
1361168052.271,36.80048661800486
1361168079.875,1453.125
1361168079.729,2144.0304487179487
1361168070.077,6781.25
1361168070.309,7822.916666666667
1361168076.568,11796.875
1361168076.36,954.7305764411027
1361168076.491,13671.875
1361168076.491,123468.75
1361168095.864,330.2436440677966
1361168100.217,4359.375
1361168101.851,5937.5
1361168075.946,6852.440649224806
1361168099.69,257.32758620689657
1361168099.58,1995.2586206896551
1361168099.643,2020.290798611111
1361168099.643,98.52430555555556
1361168099.962,4793.615107913669
1361168399.992,123.046875
1361168403.132,31.754032258064516
1361170760.681,11.522861356932152
1361174503.244,11.289739884393065
1361175281.351,41.07142857142857
1361178231.294,11.322463768115941
1361186604.798,16.07142857142857
1361186638.068,20.9023178807947
1361189120.258,31.914893617021274
1361189120.258,33.333333333333336
1361190590.151,19.9468085106383
1361190969.893,52.951388888888886
1361192447.678,11.488970588235295
1361192575.394,16.843971631205672
1361192607.382,12.131211180124224
1361194669.401,50.16447368421053
1361194940.926,56.06617647058824
1361195065.285,50.16447368421053
1361203250.541,57.765151515151516
1361203708.319,51.520270270270274
1361206859.508,12960.9375
1361206854.768,4108.333333333333
1361206860.186,8680.288461538461
1361206857.281,95.76612903225806
1361206919.591,2156.25
1361207186.375,3683.59375
1361207186.538,22101.5625
1361207163.783,32.608695652173914
1361207193.031,6593.75
1361207195.824,76.90746753246754
1361207186.266,3808.467741935484
1361207188.845,87388.02083333333
1361207188.384,53277.34375
1361207192.133,4865.282012195122
1361207192.196,46560.41666666667
1361207192.196,1079.6130952380954
1361207192.131,10672.836538461539
1361207193.146,4045.454545454546
1361207209.947,1908.313679245283
1361207197.468,1100.8890086206898
1361207196.265,12000.0
1361207197.45,4703.125
1361207196.194,5664.0625
1361207196.194,13242.1875
1361207233.776,26203.125
1361207231.081,6617.1875
1361207235.889,17812.5
1361207235.951,7781.25
1361207236.015,11031.25
1361207233.385,4914.0625
1361207236.456,3718.75
1361207235.448,10039.0625
1361207235.704,17843.75
1361207235.767,1223.2142857142858
1361207235.995,15671.875
1361207236.058,4260.416666666667
1361207233.368,3593.75
1361207233.304,4750.0
1361207234.005,130994.79166666666
1361207213.676,27005.208333333332
1361207234.349,781.1025943396226
1361207234.857,1569.140625
1361207233.395,396.7261904761905
1361207233.398,37661.607142857145
1361207234.772,1167.5237341772151
1361207231.822,17441.980698529413
1361207231.821,11598.11580882353
1361207220.915,2198.1646825396824
1361207192.006,5778.686797752809
1361207192.578,3099.8332860385926
1361207192.577,3096.05561861521
1361207192.577,3820.339103291714
1361207233.444,673.6111111111112
1361207235.897,47.8756157635468
1361207248.887,3250.0
1361207229.238,83375.0
1361207231.068,6761.853448275862
1361207231.259,5625.0
1361207232.888,11466.145833333334
1361207232.887,4769.791666666666
1361207232.886,14821.022727272726
1361207233.141,11406.25
1361207233.395,22439.73214285714
1361207233.395,12540.17857142857
1361207231.186,267726.5625
1361207231.186,253675.78125
1361207231.25,6925.0
1361207232.69,16338.541666666668
1361207232.689,37203.125
1361207232.753,32363.839285714286
1361207232.687,12654.605263157895
1361207233.195,12763.392857142857
1361207233.924,45150.390625
1361207233.924,185476.5625
1361207234.051,11044.270833333334
1361207234.178,28742.1875
1361207234.178,76531.25
1361207232.793,7809.451219512195
1361207233.88,322046.875
1361207233.878,380406.25
1361207234.133,247539.0625
1361207234.887,112828.125
1361207233.902,7802.083333333333
1361207234.661,3242.1875
1361207234.911,61968.75
1361207235.042,10640.625
1361207234.838,4495.738636363637
1361207234.965,26093.75
1361207235.193,2128.472222222222
1361207235.571,1519.53125
1361207235.701,2103.6931818181815
1361207249.204,59.04356060606061
1361207275.547,4750.0
1361207278.7,25968.75
1361207278.954,2625.0
1361207279.018,5632.8125
1361207280.456,20078.125
1361207280.838,7835.9375
1361207280.773,15562.5
1361207279.512,11031.25
1361207279.829,3718.75
1361207275.6,3131.310096153846
1361207280.527,1427.0833333333333
1361207280.44,8921.875
1361207280.567,17812.5
1361207280.885,6390.625
1361207275.065,31843.75
1361207274.491,19449.83552631579
1361207275.102,10602.67857142857
1361207275.101,1010.986328125
1361207277.169,29518.75
1361207275.016,1388.392857142857
1361207275.079,170328.125
1361207275.078,16352.16346153846
1361207275.074,9197.916666666666
1361207275.587,2730.46875
1361207275.523,3637.3922413793107
1361207276.643,14354.166666666666
1361207278.004,16500.0
1361207277.957,30187.5
1361207278.51,195718.75
1361207278.958,11828.125
1361207278.957,26093.75
1361207279.148,832.8804347826086
1361207279.212,4628.125
1361207279.276,25.916666666666668
1361207280.46,3357.1428571428573
1361207278.439,384937.5
1361207278.691,20552.083333333332
1361207308.922,3250.0
1361207308.788,3437.5
1361207308.851,2242.1875
1361207292.723,6421.875
1361207292.913,7817.708333333333
1361207338.803,406.25
1361207351.721,15255.208333333334
1361207353.099,2156.25
1361207353.099,2156.25
1361207337.899,541.6666666666666
1361207370.893,9507.8125
1361207368.891,19593.75
1361207369.889,20015.625
1361207390.026,159.04017857142858
1361207390.406,4195.3125
1361207390.805,4195.3125
1361207390.336,7437.5
1361207388.69,1000.4550970873787
1361207389.009,203.125
1361207389.644,144.53125
1361207389.386,283.6277173913043
1361207389.861,1886.8464052287582
1361207398.647,7859.375
1361207390.647,69.75446428571429
1361207398.774,44343.75
1361207402.741,39542.1875
1361207398.773,6896.875
1361207398.005,3617.8571428571427
1361207398.963,11723.958333333334
1361207398.962,9500.0
1361207398.13,911.4583333333334
1361207398.962,15687.5
1361207390.321,600.8064516129033
1361207390.32,366.70258620689657
1361207399.024,10039.0625
1361207390.384,577.3133116883117
1361207390.384,209.4184027777778
1361207390.384,103.49025974025975
1361207399.087,14460.9375
1361207403.054,18343.75
1361207399.213,3445.3125
1361207399.277,289.17253521126764
1361207399.34,5661.458333333333
1361207399.276,6601.5625
1361207399.276,5151.041666666667
1361207399.276,264.2578125
1361207399.467,4239.583333333333
1361207398.506,6179.6875
1361207399.338,226.27314814814815
1361207399.402,1094.3433544303798
1361207399.465,3734.375
1361207399.593,5765.625
1361207399.593,9750.0
1361207399.465,3703.125
1361207399.593,5898.4375
1361207399.656,2609.375
1361207399.592,4661.458333333333
1361207399.656,3162.5
1361207399.655,5289.0625
1361207399.91,4218.75
1361207399.974,4542.96875
1361207399.973,6429.6875
1361207400.036,127.57120253164558
1361207400.036,6890.625
1361207400.1,2222.65625
1361207404.003,26117.1875
1361207404.559,9500.0
1361207400.975,7242.1875
1361207400.974,9750.0
1361207400.973,4718.75
1361207400.973,5507.8125
1361207400.973,1178.125
1361207401.033,9570.3125
1361207401.033,2275.390625
1361207401.1,6054.6875
1361207404.876,9500.0
1361207401.163,1352.4305555555557
1361207401.546,7902.34375
1361207401.61,3661.4583333333335
1361207401.61,5270.833333333333
1361207401.674,4468.75
1361207397.066,280.84935897435895
1361207401.737,8437.5
1361207401.544,3739.5833333333335
1361207401.864,4210.9375
1361207401.607,1020.4326923076923
1361207401.927,1423.1770833333333
1361207401.991,15140.625
1361207401.734,6382.8125
1361207397.445,4027.2529069767443
1361207402.116,14796.875
1361207397.89,256.9444444444444
1361207397.89,997.8298611111112
1361207397.89,31980.048076923074
1361207402.625,30726.5625
1361207398.721,12390.625
1361207398.784,1234.375
1361207398.079,89.53651685393258
1361207398.059,89.53651685393258
1361207398.889,8785.15625
1361207398.885,948.4375
1361207390.248,338.7931034482759
1361207390.311,241.53645833333334
1361207390.437,72.51320422535211
1361207398.372,15312.5
1361207398.308,7906.25
1361207399.139,157.55208333333334
1361207399.203,5976.5625
1361207403.171,1376.201923076923
1361207399.202,3402.34375
1361207399.202,3802.0833333333335
1361207399.202,785.9738372093024
1361207398.498,10179.6875
1361207399.33,4250.0
1361207399.393,3848.9583333333335
1361207399.52,7289.0625
1361207399.52,7875.0
1361207399.584,1184.8958333333333
1361207400.029,3351.5625
1361207400.896,5968.75
1361207400.96,8437.5
1361207400.896,9773.4375
1361207401.023,7906.25
1361207401.468,14723.958333333334
1361207401.468,5218.75
1361207401.532,4875.0
1361207401.531,4828.125
1361207401.723,6057.291666666667
1361207401.914,7570.3125
1361207401.977,2281.25
1361207400.036,86.48487261146497
1361207402.751,795.4400510204082
1361207399.268,639.4457547169811
1361207399.521,198.7215909090909
1361207400.919,517.578125
1361207397.918,334.1864224137931
1361207416.14,81364.46629213484
1361207401.643,64.65326855123675
1361207401.888,45.30125899280576
1361207397.155,21343.75
1361207397.155,17369.791666666668
1361207397.217,7620.535714285715
1361207397.217,2511.71875
1361207397.217,33026.78571428572
1361207397.216,27700.89285714286
1361207397.655,17414.0625
1361207397.655,7850.961538461538
1361207397.652,7705.965909090909
1361207398.142,2265.024038461538
1361207398.142,4414.0625
1361207398.141,2009.375
1361207398.043,12807.5
1361207398.235,2283.0188679245284
1361207399.432,6851.325757575758
1361207399.623,960.6481481481482
1361207399.208,4455.357142857143
1361207399.207,810.4779411764705
1361207398.411,1028.4090909090908
1361207398.41,2661.4583333333335
1361207398.409,664.0625
1361207398.536,1331.7587209302326
1361207398.791,1745.1171875
1361207398.663,17776.041666666668
1361207398.79,7570.3125
1361207399.233,475390.625
1361207400.234,7750.0
1361207401.168,7625.0
1361207401.232,1527.7777777777776
1361207402.122,8593.75
1361207399.192,9884.375
1361207399.318,6199.21875
1361207399.381,17929.6875
1361207399.44,962.2395833333334
1361207399.507,1530.859375
1361207399.571,1449.1693037974685
1361207399.761,581.1491935483871
1361207401.072,7625.0
1361207401.876,6046.875
1361207401.876,11726.5625
1361207401.876,23562.5
1361207404.528,237445.3125
1361207402.187,93.75
1361207405.634,15406.25
1361207435.076,1783.2446808510638
1361207449.779,781.25
1361207438.056,219.18706293706293
1361207449.71,781.25
1361207449.71,781.25
1361207449.709,2242.1875
1361207449.772,2625.0
1361207438.477,288.3318345323741
1361207465.136,2156.25
1361207953.099,32015.625
1361207965.603,18739.583333333332
1361207942.602,7890.625
1361207941.287,18765.625
1361207965.903,16406.25
1361207965.965,6893.75
1361207966.281,4118.75
1361207967.535,98530.69196428571
1361207955.084,1625.0
1361207954.938,3193.1818181818185
1361207981.973,27583.43446601942
1361207968.086,11542.96875
1361207968.529,18535.15625
1361207969.904,10968.75
1361207970.793,6255.7231104651155
1361207970.857,6579.756181318681
1361207970.857,4608.086340206185
1361207970.792,3474.0287162162163
1361207970.792,5255.149147727272
1361207970.792,4525.892857142857
1361207970.856,2787.030346820809
1361207970.856,6318.404796511629
1361207970.856,7282.890193370166
1361207971.365,7036.127167630058
1361207971.554,3845.4861111111113
1361207969.599,13316.40625
1361207969.599,8719.91604477612
1361207970.647,1421.6638513513512
1361207970.715,8032.184103260869
1361207970.714,8442.405523255815
1361207970.778,5078.579215116279
1361207970.778,5249.045138888889
1361207970.778,3690.912356321839
1361207970.711,6641.987645348837
1361207970.71,4036.127167630058
1361207970.71,3829.5700867052024
1361207970.71,5606.001420454546
1361207970.774,5678.038194444444
1361207970.774,5533.959537572255
1361207970.774,6109.1933139534885
1361207981.787,76.57877604166667
1361207994.888,9775.533536585366
1361207972.995,9320.3125
1361207975.418,3072.283878504673
1361207972.847,1646.5992647058822
1361207973.04,13984.375
1361207973.164,13953.125
1361207987.182,10796.875
1361207987.1,8637.5
1361207991.92,2163.030660377359
1361208016.622,203226.13636363635
1361208015.222,2156.25
1361207987.137,3606.7913385826773
1361208027.52,2625.0
1361208027.584,3437.5
1361208027.52,3437.5
1361208027.52,302.0833333333333
1361208004.771,2925.9129213483147
1361207970.076,2989.1478539576365
1361208027.441,90.625
1361208027.441,3437.5
1361208027.441,1718.75
1361208027.44,184.78260869565216
1361208027.44,3437.5
1361208027.44,113.28125
1361208027.52,60.9375
1361208028.093,71462.54595588235
1361208017.293,6770.833333333333
1361208034.452,7416.9921875
1361208026.543,25218.75
1361208026.463,39.8936170212766
1361208052.209,179.6875
1361208060.218,9669.477982954544
1361208060.218,9444.961376404495
1361208060.218,5588.271103896104
1361208060.218,6949.307528409091
1361208060.218,4576.603084415584
1361208060.139,5009.9511173184355
1361208060.134,7029.6875
1361208060.134,6382.665094339623
1361208079.82,35419.190950920245
1361208068.214,21550.455729166668
1361208068.217,14901.595744680852
1361208068.217,13246.279761904763
1361208068.217,11632.179054054055
1361208068.217,8633.370535714286
1361208068.216,10926.388888888889
1361208068.216,14476.888020833334
1361208068.128,19897.321428571428
1361208068.128,11146.205357142857
1361208068.128,14140.950520833334
1361208068.127,15497.916666666666
1361208068.127,14282.986111111111
1361208068.127,17925.130208333332
1361208068.127,13494.510135135135
1361208068.127,10526.11301369863
1361208068.127,17569.010416666668
1361208079.106,331.56622023809524
1361208117.57,2625.0
1361208117.434,2625.0
1361208117.497,3437.5
1361207967.903,5935.144570182724
1361208122.282,17079.1015625
1361208117.753,1625.0
1361208122.51,611109.375
1361208122.686,94562.5
1361208122.239,32635.416666666664
1361208090.189,11134.175755033557
1361208130.99,3322.9440789473683
1361208131.113,4148.478835978836
1361208131.18,3600.0744047619046
1361208131.18,4470.770118733509
1361208131.115,4639.444986979167
1361208131.178,1777.170365535248
1361208131.178,2449.626272264631
1361208131.178,4646.454015544041
1361208131.178,4233.7646484375
1361208131.876,12285.15625
1361208132.165,3178.595430107527
1361208130.838,3784.7176892950392
1361208130.838,4016.447368421052
1361208131.025,4035.7257033248084
1361208131.025,3689.3262987012986
1361208131.029,4809.431524547804
1361208131.092,4051.5833333333335
1361208131.092,3760.3084415584417
1361208131.026,4060.2964743589746
1361208131.09,4298.3727331606215
1361208131.09,3736.1246744791665
1361208131.09,2355.7180851063827
1361208138.798,14395.833333333334
1361208138.729,10796.875
1361208147.703,2956.367924528302
1361208153.605,14766.335227272726
1361208153.591,14590.14423076923
1361208127.457,3448.523527528809
1361208168.682,20312.5
1361208184.996,164.6471088435374
1361208207.365,2156.25
1361208194.508,34149.305555555555
1361208194.508,44519.02173913044
1361208194.508,42773.80952380953
1361208194.508,41543.85080645161
1361208194.508,22318.14236111111
1361208194.508,34628.41796875
1361208194.572,27829.326923076922
1361208194.486,36756.55241935484
1361208194.486,24620.79326923077
1361208194.486,31278.49264705882
1361208194.485,25610.991379310344
1361208194.403,22520.833333333332
1361208194.403,33417.5
1361208194.402,38243.63425925926
1361208194.402,38018.64919354839
1361208194.402,33431.45161290323
1361208194.402,27863.58173076923
1361208194.402,33684.02777777778
1361208194.401,16164.583333333332
1361208194.401,31594.254032258064
1361208194.401,39056.49038461539
1361208194.401,12127.170138888889
1361208203.511,36588.13622754491
1361208228.142,1668.75
1361208229.19,6718.75
1361208229.314,8539.0625
1361208229.504,4515.625
1361208184.907,11761.027167277167
1361208231.1,7531.25
1361208130.528,1742.2624400479615
1361208130.528,2161.964178657074
1361208229.18,1491.3963607594937
1361208227.476,3407.934131736527
1361208227.474,4250.558035714285
1361208227.474,14767.817982456141
1361208227.474,2991.9051204819275
1361208228.114,858.4905660377359
1361208228.112,2408.4119496855346
1361208228.112,8969.035823170732
1361208245.1,15397.32142857143
1361208229.101,373.6413043478261
1361208229.101,511.44506369426756
1361208228.035,2055.9158805031448
1361208228.035,2284.375
1361208225.243,5031.25
1361208228.506,12953.125
1361208228.506,11531.25
1361208228.502,16359.375
1361208225.041,11687.5
1361208228.41,8437.5
1361208228.41,28000.0
1361208229.894,35576.38888888888
1361208246.301,16125.0
1361208246.554,14734.375
1361208229.208,2570.1878324468084
1361208247.797,22601.5625
1361208251.504,5695.3125
1361208246.353,16125.0
1361208246.671,9040.625
1361208247.487,9040.625
1361208247.809,24187.5
1361208229.926,193906.25
1361208229.985,7035.714285714285
1361208229.462,133015.625
1361208231.501,20765.625
1361208229.898,14976.5625
1361208250.625,19929.6875
1361208251.072,24218.75
1361208250.871,11703.125
1361208257.433,42966.43518518518
1361208257.877,58202.00892857143
1361208258.996,5109.375
1361208259.506,11265.625
1361208259.505,875.0
1361208260.207,9037.5
1361208252.333,1902.1291208791208
1361208252.333,6954.475308641975
1361208252.333,1572.048611111111
1361208258.882,3791.6666666666665
1361208259.113,8062.5
1361208259.43,1187.5
1361208251.429,11539.741847826088
1361208251.429,1798.5733695652173
1361208251.429,7101.98252688172
1361208251.429,1467.0698924731182
1361208251.428,6023.353494623656
1361208260.13,1122.65625
1361208252.257,1820.0491573033707
1361208252.257,1552.8441011235957
1361208252.257,5846.325549450549
1361208252.565,5893.402777777778
1361208237.484,1625.0
1361208243.731,268.4434335443038
1361208265.178,49000.0
1361208265.493,43765.625
1361208265.493,12796.875
1361208265.493,14492.1875
1361208265.493,14859.375
1361208265.493,13898.4375
1361208265.62,11406.25
1361208265.682,71159.375
1361208261.266,129.05092592592592
1361208265.809,16276.041666666668
1361208262.799,807.2916666666666
1361208261.519,502.7573529411765
1361208266.061,38041.666666666664
1361208266.188,76064.453125
1361208266.188,77599.43181818181
1361208266.251,4197.916666666667
1361208266.357,11429.6875
1361208266.672,5130.208333333333
1361208266.736,7770.833333333333
1361208266.735,11729.166666666666
1361208266.862,40046.875
1361208266.862,14572.916666666666
1361208266.925,6984.375
1361208266.925,4359.375
1361208267.052,12723.958333333334
1361208266.988,7140.625
1361208267.306,81007.8125
1361208264.713,17458.333333333332
1361208264.905,142565.625
1361208265.095,5032.552083333333
1361208265.031,55210.9375
1361208265.41,47031.25
1361208265.537,64296.875
1361208265.537,6742.1875
1361208265.537,30414.0625
1361208265.536,30875.0
1361208265.536,26414.0625
1361208265.599,49869.140625
1361208265.662,49582.58928571428
1361208265.662,75321.875
1361208265.725,47710.9375
1361208265.915,25710.9375
1361208266.106,60449.65277777778
1361208266.296,11429.6875
1361208266.359,3809.8958333333335
1361208266.59,7619.791666666667
1361208266.716,46273.4375
1361208263.831,160207.20108695654
1361208266.775,19880.208333333332
1361208266.841,12960.9375
1361208267.223,3269.53125
1361208267.414,2242.1875
1361208259.669,696.8390804597701
1361208267.859,94380.20833333333
1361208260.114,198.47074468085108
1361208260.05,3083.9120370370374
1361208245.998,2753.596698113208
1361208246.797,4218.75
1361208246.796,2812.5
1361208246.354,1973.5576923076924
1361208246.645,4218.75
1361208246.706,4218.75
1361208245.84,372570.3125
1361208247.947,2510.7421875
1361208251.414,920.0799608355092
1361208252.475,61.43271857923497
1361208272.926,6273.4375
1361208273.306,14015.625
1361208277.209,9718.75
1361208277.209,20820.3125
1361208277.336,6531.25
1361208277.336,15640.625
1361208277.336,15500.0
1361208277.462,21020.833333333332
1361208277.462,96067.70833333333
1361208277.779,25031.25
1361208274.067,15156.25
1361208277.778,37343.75
1361208277.778,36671.875
1361208257.872,1586.049107142857
1361208258.253,1476.106295620438
1361208258.253,2716.2979014598536
1361208258.253,64.82712765957446
1361208258.252,496.4204545454545
1361208258.252,574.6464416058394
1361208271.417,20468.75
1361208271.864,78893.22916666667
1361208271.864,66343.75
1361208271.862,69566.96428571429
1361208271.862,75024.73958333333
1361208272.309,71279.16666666667
1361208275.38,17398.4375
1361208272.755,49634.375
1361208275.634,93011.71875
1361208272.625,60612.5
1361208272.813,4395.833333333333
1361208273.003,5052.083333333333
1361208273.194,15281.25
1361208277.16,11890.625
1361208277.16,12117.1875
1361208277.16,9773.4375
1361208277.16,7554.6875
1361208273.358,35613.28125
1361208277.325,95223.21428571429
1361208277.261,7593.75
1361208265.484,883.6236338797813
1361208277.388,16067.708333333332
1361208277.387,18963.541666666668
1361208277.577,13078.125
1361208261.257,700.7949561403509
1361208273.927,6539.0625
1361208273.927,3921.875
1361208273.987,9544.921875
1361208273.991,5132.8125
1361208257.798,10507.700892857143
1361208274.245,14468.75
1361208258.179,467.7840909090909
1361208258.175,919.0237226277372
1361208274.499,7065.848214285715
1361208274.434,1651.7857142857142
1361208274.624,9414.0625
1361208258.176,916.0795454545455
1361208258.176,1107.9493613138686
1361208258.176,323.96213503649636
1361208271.805,63828.125
1361208271.804,17406.25
1361208271.932,38113.28125
1361208271.932,30388.221153846152
1361208272.187,61320.91346153846
1361208272.548,71643.46590909091
1361208272.42,24643.229166666668
1361208275.555,6539.0625
1361208276.639,20531.25
1361208256.817,59953.125
1361208254.569,94984.375
1361208255.363,36454.86111111112
1361208255.426,1394.8863636363635
1361208255.933,145777.77777777778
1361208256.292,41359.375
1361208254.175,401257.8125
1361208254.489,226062.5
1361208253.622,74557.29166666667
1361208255.789,91276.04166666667
1361208255.788,102256.25
1361208256.211,60390.625
1361208256.21,200370.5357142857
1361208259.079,4743.75
1361208278.107,18781.25
1361208278.294,13078.125
1361208277.26,248868.60795454547
1361208263.82,6781.25
1361208263.994,7875.0
1361208263.929,40104.166666666664
1361208265.236,5674.149061032864
1361208265.617,259.98975409836066
1361208265.803,151.21951219512195
1361208265.803,88.6171497584541
1361208265.871,2432.716836734694
1361208266.251,1174.9355670103091
1361208266.8,160.17713903743316
1361208266.8,196.01521164021162
1361208266.8,413.0045572916667
1361208265.351,108.44594594594595
1361208265.414,21263.020833333332
1361208265.731,17593.75
1361208265.73,23781.25
1361208265.792,517.0731707317074
1361208266.717,17406.25
1361208266.717,594.970703125
1361208267.287,2871.0275423728813
1361208266.491,143784.375
1361208266.491,57098.958333333336
1361208267.387,141304.6875
1361208267.387,42771.875
1361208267.387,144642.578125
1361208267.387,36203.125
1361208267.387,14562.5
1361208266.459,118590.625
1361208266.463,7718.75
1361208267.342,39058.59375
1361208267.341,100165.625
1361208290.455,549854.6875
1361208274.169,30.43216253443526
1361208275.418,9451.704545454544
1361208275.716,107656.25
1361208126.704,5054.766591676041
1361208278.246,3781.25
1361208278.308,49359.375
1361208277.348,13483.072916666666
1361208277.471,50943.50961538461
1361208277.474,24852.678571428572
1361208278.622,31691.40625
1361208277.853,23411.458333333332
1361208279.163,16828.125
1361208278.101,4390.625
1361208277.263,5604.567307692308
1361208277.266,13750.0
1361208278.757,875.0
1361208303.539,2156.25
1361208263.215,6991.577515015015
1361208305.778,2242.1875
1361208254.257,3612.9306891025644
1361208256.206,2753.8156077348067
1361208295.124,150.40822072072072
1361208323.792,406.25
1361208327.381,51.41129032258065
1361208327.139,70.3125
1361208327.267,72.44318181818183
1361208335.922,11.607142857142858
1361208337.553,11.861313868613138
1361208335.975,11.284722222222221
1361208363.343,2156.25
1361208405.898,9040.625
1361208404.0,16205.038265306122
1361208404.127,40387.19512195122
1361208403.996,16750.0
1361208405.013,16214.84375
1361208404.993,18760.0
1361208403.566,21021.42137096774
1361208403.693,35522.64030612245
1361208403.555,28147.365196078434
1361208403.521,37803.30882352941
1361208403.652,28757.01530612245
1361208407.024,3040.1785714285716
1361208406.124,375.0
1361208405.884,9187.5
1361208405.883,9194.444444444445
1361208406.293,150250.0
1361208406.738,4880.208333333333
1361208406.263,17296.875
1361208406.963,250375.0
1361208410.397,5484.375
1361208412.563,92541.66666666667
1361208412.626,32343.75
1361208412.69,61578.125
1361208412.69,79203.125
1361208413.006,133031.25
1361208413.006,90013.02083333333
1361208409.838,74734.375
1361208412.189,2172.1064814814818
1361208412.892,137796.875
1361208412.892,133968.75
1361208412.442,5445.3125
1361208412.505,8437.5
1361208412.569,93937.5
1361208412.569,67031.25
1361208412.695,497515.625
1361208412.885,264500.0
1361208414.713,161835.9375
1361208420.739,237.90126459143968
1361208420.739,2676.434824902724
1361208421.039,375.0
1361208421.034,2085.9053497942386
1361208420.819,62.5
1361208431.681,8218.75
1361208431.557,8218.75
1361208436.552,102.64157458563535
1361208437.056,2828.125
1361208437.058,2828.125
1361208438.768,321.68015587529976
1361208463.553,406.25
1361208403.775,2365.7320663811565
1361208469.159,539.0625
1361208403.382,6188.736631016042
1361208412.02,6388.80120650954
1361208464.562,1584.4907407407406
1361208419.818,4948.492360208063
1361208448.157,23617.1875
1361208448.157,31500.0
1361208448.041,12513.888888888889
1361208448.041,312.5
1361208448.039,511.0997267759563
1361208448.229,23617.1875
1361208448.545,43.32386363636364
1361208478.749,6985.32196969697
1361208478.749,1770.15625
1361208482.523,4167.534722222223
1361208479.13,240.6914893617021
1361208479.575,3166.6666666666665
1361208479.639,13238.28125
1361208483.389,13937.5
1361208479.741,1053.5714285714287
1361208478.291,33460.9375
1361208485.714,43500.0
1361208478.67,1593.5921717171718
1361208478.67,1445.391414141414
1361208478.669,1416.6150990099009
1361208478.669,2392.65625
1361208483.016,8700.0
1361208479.559,11240.234375
1361208479.66,723.2142857142857
1361208479.66,1340.9090909090908
1361208483.565,13776.041666666666
1361208485.998,43500.0
1361208486.312,11567.708333333334
1361208478.752,5003.198818897638
1361208479.581,789.8596938775511
1361208479.645,983.4905660377359
1361208479.62,866.8908227848101
1361208480.194,796.5745192307693
1361208492.029,28667.410714285714
1361208492.664,4335.9375
1361208492.792,43296.875
1361208485.724,18273.4375
1361208490.202,5414.0625
1361208478.681,2696.8503937007877
1361208486.804,1577.5533536585367
1361208479.509,800.2587579617834
1361208479.571,1114.3867924528302
1361208479.763,299.6055825242718
1361208492.591,9500.0
1361208492.589,4335.9375
1361208475.862,44171.875
1361208476.41,218875.0
1361208447.358,2946.1440284653463
1361208495.85,4269.53125
1361208496.104,1679.6875
1361208486.205,2929.6875
1361208495.731,6718.75
1361208495.73,6718.75
1361208496.049,2257.8125
1361208479.452,37574.21875
1361208479.512,5737.5
1361208480.273,14057.291666666666
1361208480.443,139.85529556650246
1361208480.186,30921.875
1361208486.317,208140.625
1361208490.721,9000.0
1361208495.792,2910.8151355421687
1361208495.737,18734.375
1361208496.371,8437.5
1361208497.092,17968.75
1361208497.343,116.95075757575756
1361208496.837,64635.41666666667
1361208496.897,2843.75
1361208497.34,7822.916666666667
1361208496.459,45741.07142857143
1361208522.38,875.0
1361208529.84,2484.375
1361208529.902,1143.75
1361208480.222,9281.229864690722
1361208480.222,6547.418653350515
1361208480.198,5826.735663659794
1361208480.145,20405.323775773195
1361208480.145,3985.6233891752577
1361208480.143,11224.609375
1361208513.736,6.448412698412698
1361208517.659,7390.165441176471
1361208521.42,4515.968406593407
1361208523.002,7526.26329787234
1361208523.062,3781.25
1361208523.569,2647.341417910448
1361208523.569,3609.516189759036
1361208523.563,4351.9102373887235
1361208523.567,3249.258160237389
1361208523.885,2367.2348484848485
1361208523.885,4209.883052147239
1361208523.885,2446.808510638298
1361208523.885,2371.9408885542166
1361208523.885,2550.7931957186543
1361208523.885,2457.5489457831322
1361208523.883,1938.073394495413
1361208523.883,3477.181783536585
1361208523.883,2450.568181818182
1361208524.009,375.0
1361208524.009,375.0
1361208524.009,375.0
1361208524.262,375.0
1361208523.449,4082.3694029850744
1361208523.447,4078.3582089552233
1361208523.447,3732.6958955223877
1361208523.765,4150.047348484849
1361208523.763,3884.742093373494
1361208523.763,2439.7796352583587
1361208523.763,2350.3388554216867
1361208523.89,375.0
1361208523.888,1962.1284298780488
1361208529.142,26177.591463414632
1361208525.943,1743.4322033898304
1361208540.138,71.8980627306273
1361208538.746,58740.234375
1361208536.216,8218.75
1361208534.786,8218.75
1361208543.295,15704.282407407407
1361208568.685,5115.663109756098
1361208565.829,5656.25
1361208589.678,109.375
1361208420.031,3972.052397370109
1361208598.751,11734.375
1361208598.459,4520.833333333333
1361208634.429,790.1785714285714
1361208658.649,2156.25
1361208658.648,1078.125
1361208682.996,69531.25
1361208682.993,17406.25
1361208682.993,62522.32142857143
1361208682.989,114568.359375
1361208683.12,23057.291666666668
1361208683.439,7523.4375
1361208683.503,187523.4375
1361208683.433,123020.83333333333
1361208683.499,78125.0
1361208683.499,108035.15625
1361208680.597,14046.875
1361208680.663,2228.0405405405404
1361208680.726,14380.208333333334
1361208680.726,6539.0625
1361208680.916,13078.125
1361208685.26,6539.0625
1361208685.26,30312.5
1361208685.26,21500.0
1361208685.323,19152.34375
1361208685.578,20034.375
1361208685.898,18828.125
1361208682.606,24707.03125
1361208682.917,105853.515625
1361208682.917,85916.015625
1361208683.045,2609.375
1361208679.846,10578.125
1361208683.361,157515.625
1361208679.908,15414.930555555555
1361208683.428,138637.5
1361208683.491,882.8125
1361208680.544,34921.875
1361208680.67,71708.33333333333
1361208684.677,36019.53125
1361208685.187,10114.583333333334
1361208685.186,3921.875
1361208685.314,6539.0625
1361208685.441,11156.25
1361208665.369,926.4641608391609
1361208685.528,19000.0
1361208694.152,22666.666666666668
1361208694.151,16054.6875
1361208683.07,476.96893063583815
1361208694.098,17093.75
1361208694.098,134765.625
1361208694.097,128276.78571428572
1361208694.223,3269.53125
1361208685.319,71.22844827586206
1361208693.443,16821.428571428572
1361208670.123,10937.5
1361208673.102,1465.9090909090908
1361208674.538,50375.0
1361208674.538,42602.67857142857
1361208674.602,60343.75
1361208674.602,74015.625
1361208674.538,53284.375
1361208674.602,52490.625
1361208674.602,85203.125
1361208674.602,75481.25
1361208674.602,61368.75
1361208674.602,61984.375
1361208674.601,42091.145833333336
1361208674.601,46968.75
1361208674.601,22862.5
1361208674.601,58328.125
1361208674.452,46113.83928571428
1361208674.516,80132.8125
1361208674.516,59106.25
1361208674.451,60929.6875
1361208674.515,37166.666666666664
1361208674.515,45828.125
1361208674.515,19151.785714285714
1361208674.515,28613.28125
1361208674.579,25980.46875
1361208674.579,22265.625
1361208693.856,379172.8515625
1361208693.918,1920.4044117647059
1361208694.875,17554.6875
1361208695.065,174125.0
1361208698.9,24558.59375
1361208699.281,17406.25
1361208699.513,15046.875
1361208699.639,13875.0
1361208699.701,36042.96875
1361208700.083,17601.5625
1361208700.082,15171.875
1361208700.082,30312.5
1361208700.082,19152.34375
1361208700.335,4359.375
1361208700.334,25042.96875
1361208694.992,6539.0625
1361208699.33,6523.4375
1361208699.499,15171.875
1361208700.006,13078.125
1361208700.003,3921.875
1361208680.345,96.28378378378379
1361208680.597,370.7010582010582
1361208681.359,118812.5
1361208681.338,140328.125
1361208680.26,4003.0507915567287
1361208680.26,217.574860724234
1361208680.45,71.56992084432717
1361208680.45,125.0
1361208680.705,399.7360354223433
1361208681.255,119.11357340720221
1361208681.191,2118.7757554945056
1361208681.255,162765.625
1361208700.433,19000.0
1361208681.2,7000.0
1361208685.683,479.3669871794872
1361208685.416,11953.125
1361208686.349,1151.7761752136753
1361208703.32,34125.0
1361208703.32,12437.5
1361208703.32,338620.8881578947
1361208703.32,89089.84375
1361208703.888,1107.5246710526317
1361208699.28,1309.0277777777776
1361208704.441,13078.125
1361208708.718,17398.4375
1361208708.909,41703.125
1361208703.238,10308.59375
1361208703.238,28226.5625
1361208703.425,6539.0625
1361208702.783,31854.166666666668
1361208704.251,17195.3125
1361208708.261,24558.59375
1361208708.83,13078.125
1361208709.021,13078.125
1361208718.033,13854.166666666666
1361208718.033,108605.46875
1361208718.033,42890.625
1361208718.285,6539.0625
1361208711.749,24597.65625
1361208712.168,91312.5
1361208712.483,86361.97916666667
1361208712.482,30534.375
1361208712.801,6539.0625
1361208713.054,6539.0625
1361208717.464,19500.0
1361208717.955,389431.25
1361208718.018,83401.04166666667
1361208712.091,11442.708333333334
1361208712.091,112656.25
1361208712.091,110093.75
1361208712.091,56994.791666666664
1361208712.091,129114.58333333334
1361208712.155,1710.6907894736842
1361208712.282,85060.26785714286
1361208712.345,106361.60714285714
1361208712.471,108653.64583333333
1361208712.534,16389.508928571428
1361208712.725,115708.33333333333
1361208712.789,17226.5625
1361208712.979,269971.875
1361208708.554,1500.0
1361208694.769,279.5017482517482
1361208695.08,958.8597074468084
1361208694.377,768.7982005141388
1361208693.918,2477.4484536082473
1361208694.293,773.0499347258486
1361208694.292,1563.4191176470588
1361208695.733,125.71404569892472
1361208694.472,344.9053697183099
1361208694.472,399.748322147651
1361208695.437,247.6892605633803
1361208695.437,36093.75
1361208700.903,7583.333333333333
1361208700.562,4520.833333333333
1361208719.114,147417.4107142857
1361208718.846,17429.6875
1361208708.824,180.7865969581749
1361208719.061,6539.0625
1361208673.067,4747.756710362048
1361208703.336,11984.375
1361208708.458,83.85579937304074
1361208709.284,10411.494006849314
1361208709.453,155562.5
1361208708.441,191.6144200626959
1361208708.696,1957.4386503067485
1361208734.084,103082.03125
1361208734.148,155028.125
1361208734.083,113781.25
1361208734.332,51200.0
1361208718.396,667.1747967479674
1361208734.336,49437.5
1361208734.589,4359.375
1361208734.714,37625.0
1361208728.795,19646.875
1361208729.242,17593.75
1361208733.653,24679.6875
1361208734.035,17164.0625
1361208734.035,114796.875
1361208734.098,57429.6875
1361208734.161,67864.58333333333
1361208734.225,98406.25
1361208734.264,88255.20833333333
1361208730.614,2156.25
1361208734.452,88910.15625
1361208734.767,13078.125
1361208729.06,17195.3125
1361208729.187,6539.0625
1361208729.357,13078.125
1361208712.273,85.52631578947368
1361208719.052,1201.592167721519
1361208719.038,52.57444168734491
1361208721.351,34.57446808510638
1361208719.207,4421.875
1361208718.497,148.32204433497537
1361208721.268,34.57446808510638
1361208749.89,13078.125
1361208750.015,6539.0625
1361208743.228,22261.71875
1361208743.228,85298.61111111111
1361208743.228,110046.875
1361208743.481,112369.140625
1361208743.416,74533.203125
1361208743.669,46368.75
1361208743.604,76937.5
1361208743.794,95015.625
1361208742.897,24714.84375
1361208743.985,105115.625
1361208743.984,6539.0625
1361208744.108,6539.0625
1361208749.324,30411.458333333332
1361208749.646,93531.25
1361208749.646,17289.0625
1361208734.088,577.5786713286714
1361208743.157,60076.171875
1361208743.221,825.625
1361208743.156,11526.041666666666
1361208743.156,109286.45833333333
1361208743.725,127890.625
1361208743.915,21562.5
1361208749.698,17468.75
1361208729.167,319.82288828337875
1361208753.977,6539.0625
1361208753.977,15156.25
1361208753.977,3921.875
1361208754.04,10114.583333333334
1361208754.167,2582.03125
1361208754.357,3437.5
1361208754.548,23317.708333333332
1361208754.674,19494.791666666668
1361208755.119,22203.125
1361208755.118,46314.903846153844
1361208752.363,24566.40625
1361208752.847,13078.125
1361208755.789,10421.875
1361208752.972,6578.125
1361208753.921,19089.84375
1361208754.239,2102.272727272727
1361208754.16,24542.96875
1361208754.539,13765.625
1361208755.047,408383.3333333333
1361208755.045,17250.0
1361208755.045,63925.78125
1361208755.298,3269.53125
1361208752.606,20851.5625
1361208752.797,17500.0
1361208756.163,6539.0625
1361208753.027,15156.25
1361208753.218,47541.666666666664
1361208753.09,15281.25
1361208749.562,2694.2708333333335
1361208734.923,2443.2369402985073
1361208734.211,24412.5
1361208734.459,32363.839285714286
1361208734.585,4730.46875
1361208733.922,231.5340909090909
1361208733.921,101.63373860182371
1361208735.798,88.03934010152284
1361208734.652,9466.145833333334
1361208734.652,27484.375
1361208765.004,17226.5625
1361208755.362,557.2226821192054
1361208764.483,24628.90625
1361208765.12,18781.25
1361208765.119,778.6458333333334
1361208765.31,4359.375
1361208743.244,111.2060546875
1361208754.424,15.9375
1361208767.539,24652.34375
1361208767.858,18710.9375
1361208773.072,2156.25
1361208755.177,159.01964882943142
1361208767.913,4359.375
1361208768.104,20937.5
1361208768.293,6539.0625
1361208764.994,1876.4204545454545
1361208752.853,1777.9737903225807
1361208753.361,5303.29356846473
1361208756.573,33.203125
1361208756.18,61117.1875
1361208756.18,190320.3125
1361208756.751,16765.625
1361208765.021,303.9772727272727
1361208765.402,5410.247093023256
1361208765.466,809.0277777777778
1361208765.006,694.6022727272727
1361208765.259,7312.5
1361208765.932,13914.0625
1361208765.996,10755.208333333334
1361208777.898,12.037037037037036
1361208790.684,3531.25
1361208773.044,156.1931818181818
1361208767.824,319.88856589147287
1361208767.952,238031.25
1361208791.583,1622.869318181818
1361208794.974,25484.375
1361208795.289,81140.625
1361208795.289,28761.71875
1361208795.709,78359.375
1361208795.897,55105.46875
1361208795.897,50567.708333333336
1361208795.897,4359.375
1361208793.015,11531.25
1361208795.206,17296.875
1361208795.206,101616.31944444444
1361208795.205,96656.25
1361208795.205,72551.33928571429
1361208795.396,95441.96428571429
1361208790.765,10031.25
1361208795.436,89332.8125
1361208795.562,40882.8125
1361208795.561,54276.041666666664
1361208795.815,14333.333333333334
1361208796.005,6539.0625
1361208792.93,4359.375
1361208793.184,13078.125
1361208799.555,13409.72222222222
1361208800.173,17101.5625
1361208800.173,85343.75
1361208800.173,43772.72727272727
1361208800.172,12402.34375
1361208800.362,4359.375
1361208791.55,1706.5360915492959
1361208800.122,156523.9583333333
1361208800.121,55897.72727272727
1361208800.918,11505.208333333334
1361208801.299,1868.3035714285713
1361208784.252,232.14285714285714
1361208808.25,16989.583333333332
1361208808.735,937.5
1361208800.738,673.25
1361208808.93,6539.0625
1361208803.12,38.55846774193549
1361208808.665,17515.625
1361208808.855,20851.5625
1361208809.044,6539.0625
1361208793.169,1927.734375
1361208791.584,84.65189873417721
1361208791.645,193.8451776649746
1361208791.708,93.03435114503816
1361208791.422,4857.0713141025635
1361208791.587,332.2201017811705
1361208796.208,836.3715277777778
1361208796.65,306.1594202898551
1361208822.8,12265.625
1361208816.824,55320.3125
1361208816.823,11463.541666666666
1361208816.823,47183.59375
1361208816.951,79640.625
1361208817.015,57192.708333333336
1361208817.142,63359.375
1361208817.078,46598.958333333336
1361208817.206,17375.0
1361208817.205,6539.0625
1361208822.224,23175.78125
1361208822.602,107750.0
1361208822.602,17226.5625
1361208822.728,35375.0
1361208816.279,20212.5
1361208816.661,31265.625
1361208816.66,82625.0
1361208816.659,53458.333333333336
1361208816.851,39036.458333333336
1361208816.915,50398.4375
1361208816.914,38437.5
1361208817.232,6539.0625
1361208800.705,1794.836956521739
1361208800.832,18078.125
1361208800.309,238031.25
1361208801.301,1874.6290801186944
1361208803.283,16765.625
1361208802.072,3265.625
1361208826.527,6539.0625
1361208830.559,45734.375
1361208830.559,184270.83333333334
1361208815.646,11.607142857142858
1361208830.557,34812.5
1361208830.557,45531.25
1361208830.685,13078.125
1361208826.78,4359.375
1361208830.746,7523.4375
1361208825.202,6335.9375
1361208822.867,6539.0625
1361208830.034,24290.625
1361208826.318,1282.9326923076922
1361208826.254,18710.9375
1361208830.476,50046.875
1361208826.57,34984.375
1361208816.749,1091.023489932886
1361208832.522,19000.0
1361208830.878,13906.25
1361208831.636,13078.125
1361208831.636,3921.875
1361208831.636,30312.5
1361208831.636,7038.352272727272
1361208831.635,7699.21875
1361208832.143,18828.125
1361208830.949,48026.041666666664
1361208830.476,4853.860294117647
1361208831.81,17312.5
1361208822.661,215.14423076923077
1361208831.749,11156.25
1361208832.066,6539.0625
1361208832.363,33390.625
1361208831.77,54.09263959390863
1361208822.634,164.44672131147541
1361208822.528,355.1356589147287
1361208822.527,184.72450657894737
1361208826.754,3434.0073529411766
1361208826.61,53328.125
1361208835.043,117.96504739336493
1361208831.603,19671.875
1361208831.602,41265.625
1361208832.592,22429.6875
1361208832.006,378890.625
1361208832.003,60921.875
1361208834.739,182.07159624413146
1361208843.85,117.52717391304347
1361208843.762,69.40184049079755
1361208843.765,2038.667485955056
1361208843.765,40.69108761329305
1361208864.815,2156.25
1361208858.197,2069.691639072848
1361208858.448,3535.845588235294
1361208858.118,22584.375
1361208858.118,3794.615185950413
1361208877.458,19358.576642335767
1361208874.291,28.459821428571427
1361208864.968,15603.365384615385
1361208864.968,27003.90625
1361208864.968,8514.204545454544
1361208864.968,5677.734375
1361208864.968,18684.5703125
1361208864.967,39233.333333333336
1361208864.967,39248.046875
1361208865.031,3014.0046296296296
1361208865.031,15762.5
1361208865.031,38958.80681818182
1361208864.879,24082.291666666668
1361208864.879,22689.903846153848
1361208864.879,3969.951923076923
1361208864.879,18455.729166666668
1361208864.943,14413.352272727274
1361208865.006,26635.817307692305
1361208864.878,267.85714285714283
1361208864.878,27986.979166666668
1361208864.938,4654.384328358209
1361208864.937,39129.26136363637
1361208864.941,42880.68181818182
1361208864.941,2964.0507518796994
1361208889.027,56332.8125
1361208872.153,49.24242424242424
1361208875.54,8218.75
1361208876.552,8218.75
1361208889.548,11.607142857142858
1361208881.822,753.4722222222222
1361208883.023,11367.1875
1361208888.738,252843.75
1361208908.092,1224.431818181818
1361208908.014,227.8125
1361208908.712,4750.0
1361208908.711,347210.9375
1361208908.71,5656.25
1361208914.957,232535.15625
1361208914.627,263328.125
1361208941.863,2156.25
1361208935.842,89.78303108808291
1361208937.235,71234.375
1361208937.206,55937.5
1361208936.803,39546.875
1361208939.085,323671.875
1361208963.174,98226.5625
1361208963.168,4592.01388888889
1361208963.172,56197.265625
1361208963.172,59459.82142857143
1361208963.277,64031.25
1361208963.596,107045.13888888889
1361208964.037,4359.375
1361208964.163,14421.875
1361208962.654,19925.0
1361208963.07,18757.8125
1361208963.07,52620.53571428572
1361208963.071,91915.17857142857
1361208963.514,58550.78125
1361208963.513,80651.78571428571
1361208963.513,67918.40277777777
1361208963.576,72835.9375
1361208843.7,6173.75132837407
1361208963.955,55500.0
1361208964.272,13078.125
1361208945.169,223.0485807860262
1361208945.83,5.398671096345515
1361208947.04,6.086142322097379
1361208972.455,34531.25
1361208972.453,209666.66666666666
1361208972.512,4359.375
1361208971.807,24855.46875
1361208971.805,2156.25
1361208972.181,17429.6875
1361208972.375,13078.125
1361208953.77,1480.0824175824177
1361208978.895,19575.520833333332
1361208979.402,163183.59375
1361208979.591,3269.53125
1361208979.908,5822.916666666667
1361208980.77,36015.625
1361208980.514,7585.9375
1361208980.641,15296.875
1361208981.468,7578.125
1361208981.47,3269.53125
1361208981.47,12768.229166666666
1361208981.853,25042.96875
1361208982.108,18828.125
1361208979.262,17359.375
1361208979.326,115026.78571428571
1361208979.262,280733.55263157893
1361208979.325,113386.71875
1361208979.325,64792.41071428571
1361208980.252,4401.041666666667
1361208981.396,3079.6875
1361208981.395,1960.9375
1361208981.841,22312.5
1361208982.054,19000.0
1361208963.214,3311.1979166666665
1361208963.022,90.36648418491484
1361208964.145,31.779661016949152
1361208964.076,273.4953703703704
1361208963.88,81.15898058252426
1361208963.944,186.45584725536992
1361208964.007,319.0009124087591
1361208964.75,1665.0319343065694
1361208965.067,32203.125
1361208965.194,251.171875
1361208965.193,70140.625
1361208965.51,2103.062913907285
1361208965.574,91.78046218487394
1361208983.377,19962.5
1361208983.885,35156.25
1361208984.076,6539.0625
1361208990.027,75555.55555555556
1361208972.265,1355.7087988826815
1361208989.093,24609.375
1361208989.476,51964.28571428572
1361208989.475,32600.0
1361208989.475,39861.328125
1361208989.923,124747.76785714286
1361208989.987,109127.23214285714
1361208989.986,75437.5
1361208990.176,3269.53125
1361208990.414,43203.125
1361208990.472,6539.0625
1361208983.684,35187.5
1361208983.815,13078.125
1361208989.405,34058.59375
1361208989.405,45083.333333333336
1361208989.72,46958.333333333336
1361208989.404,17398.4375
1361208989.531,61385.416666666664
1361208989.851,116015.625
1361208968.62,5656.25
1361208998.525,6539.0625
1361208993.114,280359.375
1361208993.114,78562.5
1361208993.114,123035.15625
1361208993.114,187992.1875
1361208996.887,24613.28125
1361208945.303,4425.179503916449
1361208937.428,5724.5565878378375
1361208997.522,6539.0625
1361208997.264,17593.75
1361208997.456,43265.625
1361208983.664,1107.249149659864
1361208992.617,23540.625
1361208993.038,17132.8125
1361208993.038,129816.40625
1361208993.166,6539.0625
1361208993.735,17453.125
1361208993.927,6539.0625
1361208981.637,52.694515306122454
1361208981.272,1223.4848484848485
1361208980.379,1215.5148678414096
1361208982.745,11953.125
1361208982.198,4608.679149797571
1361208982.517,95.98214285714286
1361208982.268,170.6216577540107
1361208982.873,18238.28125
1361208993.174,152.62394514767934
1361208990.645,4137.246621621622
1361208990.005,77.24584398976981
1361208990.381,66.34553108808291
1361208990.442,791.8526785714286
1361208993.898,3652.462121212121
1361208993.898,860.2941176470589
1361208994.379,18859.375
1361208991.751,291.42775229357795
1361208993.811,208.984375
1361208993.81,469.71153846153845
1361208993.917,238031.25
1361208994.102,1437.5
1361209020.124,2156.25
1361209023.712,19893.75
1361209024.094,20890.625
1361209024.285,6539.0625
1361209024.285,2625.0
1361209029.364,118970.98214285714
1361209029.364,127692.70833333333
1361209029.619,65484.375
1361209029.747,37757.8125
1361209029.363,11729.166666666666
1361209029.939,4359.375
1361209029.811,125103.125
1361209030.237,13078.125
1361209024.21,18851.5625
1361209024.21,2625.0
1361209024.337,6539.0625
1361209028.906,19953.125
1361209029.29,69671.875
1361209029.29,65757.8125
1361209029.289,35867.1875
1361209029.481,131552.08333333334
1361209029.737,155015.625
1361209029.648,123296.875
1361209029.776,140231.77083333334
1361209029.903,11640.625
1361209038.227,54296.875
1361209038.223,76609.375
1361209038.416,61343.75
1361209024.068,755.868544600939
1361209037.732,100944.19642857143
1361209037.859,106380.859375
1361209037.987,63131.69642857143
1361209037.731,18757.8125
1361209037.731,134870.5357142857
1361209038.151,46622.395833333336
1361209038.404,6539.0625
1361209038.463,20578.125
1361209037.203,19643.75
1361209037.586,117230.46875
1361209037.65,112399.55357142857
1361209037.65,89332.03125
1361209037.89,69515.625
1361209046.461,17296.875
1361209046.461,6539.0625
1361209046.46,10265.625
1361209044.374,132.29166666666666
1361209045.328,17406.25
1361209045.328,27052.083333333332
1361209045.515,57078.125
1361209045.583,58734.375
1361209045.327,24906.25
1361209045.775,14171.875
1361209045.518,74328.125
1361209045.582,62132.8125
1361209045.646,66109.375
1361209038.902,609.375
1361209046.386,3921.875
1361209046.386,25536.458333333332
1361209046.385,30312.5
1361209046.512,13078.125
1361209046.7,11156.25
1361209045.866,19906.25
1361209046.25,34192.708333333336
1361209046.25,27105.46875
1361209046.441,80765.625
1361209046.248,43307.291666666664
1361209046.568,15343.75
1361209046.632,15468.75
1361209048.298,19000.0
1361209045.568,37296.875
1361209045.568,6671.875
1361209045.888,36019.53125
1361209024.852,100.1122754491018
1361209024.916,105.95995508982035
1361209024.979,317.36526946107784
1361209025.106,1109.7756410256409
1361209025.168,2054.1487068965516
1361209025.358,2000.1343123209167
1361209025.358,989.6282327586207
1361209024.828,182.91541916167665
1361209025.461,156.06988472622479
1361209046.981,9414.0625
1361209046.777,7213.169642857143
1361209051.444,1922.2383720930231
1361209051.613,17398.4375
1361209051.804,13078.125
1361209046.445,86.06770833333334
1361209050.987,19671.875
1361209051.367,5475.446428571428
1361209051.683,4615.953947368421
1361209048.419,23.89705882352941
1361209051.554,6539.0625
1361209038.57,752.7488425925926
1361209054.894,16388.020833333332
1361209058.283,4359.375
1361209055.271,21539.0625
1361209055.335,5085.44921875
1361209055.398,6539.0625
1361209055.84,17687.5
1361209056.604,6539.0625
1361209056.476,4527.34375
1361209056.774,14078.125
1361209056.838,19770.833333333332
1361209056.773,6578.125
1361209057.281,18687.5
1361209057.281,304172.74305555556
1361209058.102,5037.946428571428
1361209055.893,6539.0625
1361209056.084,24964.84375
1361209056.529,17398.4375
1361209058.206,126838.54166666667
1361209058.205,38375.0
1361209058.333,6539.0625
1361209039.625,24250.0
1361209040.064,256859.375
1361209051.571,214.26136363636363
1361209048.502,44859.375
1361209052.041,290.76086956521743
1361209052.105,664.4021739130435
1361209052.232,3185.908564814815
1361209052.295,370.59659090909093
1361209063.647,466.17445054945057
1361209056.157,1562.9006410256409
1361209056.64,46072.916666666664
1361209058.331,46062.5
1361209058.075,18778.846153846152
1361209058.84,2812.5
1361209056.556,3770.8333333333335
1361209057.866,611.5056818181818
1361209057.928,16190.625
1361209058.31,16515.625
1361209059.199,41847.65625
1361209059.641,8414.0625
1361209059.12,33081.25
1361209059.183,190320.3125
1361209062.116,5.952380952380952
1361209065.035,236.53846153846152
1361209065.351,329.42054020100505
1361209065.264,159.375
1361209067.437,16882.8125
1361209069.129,347210.9375
1361209069.045,5656.25
1361209075.315,499.02681660899657
1361209101.472,63084.20138888888
1361209079.385,8218.75
1361209107.313,2312.5
1361209107.377,156.25
1361209109.999,242.78846153846155
1361209090.89,691.0282258064516
1361209092.829,8591.87940140845
1361209092.829,5544.749149659863
1361209093.019,4888.950892857143
1361209093.019,3845.2797202797206
1361209093.019,4020.2141608391607
1361209093.019,6155.157342657342
1361209093.018,6165.874094202898
1361209093.018,4063.1744604316546
1361209093.018,6053.507194244604
1361209093.018,6115.965136054422
1361209092.744,7636.303191489362
1361209092.744,7041.263204225352
1361209092.744,8015.955105633802
1361209092.744,6196.742957746479
1361209092.743,8855.90277777778
1361209092.869,3815.759892086331
1361209092.869,4896.020683453237
1361209092.869,3545.5827067669175
1361209092.933,5260.678956834532
1361209092.933,5449.441964285715
1361209092.933,5881.227355072464
1361209092.933,3623.0611313868612
1361209092.933,4945.3125
1361209092.932,3609.487410071942
1361209114.237,2625.0
1361209111.6,23.55072463768116
1361209110.956,24.375
1361209109.315,102.09163346613546
1361209103.755,9.339080459770116
1361209109.671,121.13970588235294
1361209138.866,112133.76524390244
1361209136.23,2156.25
1361209124.765,5.866425992779783
1361209133.734,110931.02134146342
1361209120.398,5656.25
1361209126.603,6.063432835820896
1361209130.827,27562.5
1361209130.826,21377.95608108108
1361209130.826,21726.128472222223
1361209130.89,7790.178571428572
1361209130.89,26532.552083333332
1361209130.89,20349.076704545452
1361209130.772,23324.21875
1361209130.743,13241.666666666668
1361209130.742,27872.007978723403
1361209130.742,13570.74652777778
1361209130.742,15869.510135135135
1361209130.73,27022.002551020407
1361209130.754,25270.833333333332
1361209130.661,24764.583333333336
1361209130.661,17518.58108108108
1361209130.725,18931.25
1361209130.661,24811.48097826087
1361209130.813,24419.83695652174
1361209130.877,21717.48310810811
1361209130.939,26447.516025641027
1361209130.939,23696.98660714286
1361209130.921,27676.136363636364
1361209130.856,24552.430555555555
1361209130.983,18821.947674418607
1361209149.051,24563.89331210191
1361209136.835,7578.125
1361209161.335,160769.30147058822
1361209170.013,2156.25
1361209177.4,229004.26136363638
1361209165.332,178764.20454545453
1361209190.804,25609.002976190473
1361209143.96,6394.9588204038255
1361209064.276,1118.2708810068648
1361209222.281,11643.4375
1361209224.825,166.69544198895028
1361209224.939,7822.916666666667
1361209226.029,26978.365384615383
1361209258.317,76.7200272479564
1361209284.283,2156.25
1361209285.231,2156.25
1361209281.439,13532.296650717703
1361209286.352,76.417004048583
1361209293.795,31268.342391304348
1361209293.794,31108.695652173916
1361209293.794,24984.375
1361209293.794,32732.75862068966
1361209293.794,26212.946428571428
1361209293.794,24121.39423076923
1361209293.794,25492.1875
1361209293.794,30211.607142857145
1361209293.729,31315.625
1361209293.792,25020.535714285714
1361209293.792,31578.125
1361209294.746,33115.625
1361209293.65,35756.510416666664
1361209293.65,25974.479166666664
1361209293.714,29286.637931034486
1361209293.65,32943.45238095238
1361209293.714,32973.805147058825
1361209293.713,27561.160714285717
1361209293.713,29274.78448275862
1361209293.713,37095.703125
1361209293.713,29395.089285714286
1361209293.713,34041.07142857143
1361209293.713,21032.14285714286
1361209293.713,32264.678030303032
1361209267.956,17472.726317264573
1361209222.723,10266.632118272842
1361209318.381,81.11338797814207
1361209324.302,36521.94940476191
1361209323.546,67.67578125
1361209344.645,34804.12946428572
1361209355.093,100.96153846153847
1361209302.675,3017.7045177045175
1361209352.427,23057.484567901232
1361209351.758,107.4074074074074
1361209383.226,144.3359375
1361209371.573,34241.96428571429
1361209371.573,22218.75
1361209371.573,32388.49431818182
1361209371.573,34617.1875
1361209371.573,27928.385416666668
1361209371.573,28873.75
1361209371.573,34046.19565217391
1361209371.572,30797.585227272728
1361209371.572,39259.54861111112
1361209371.572,36168.125
1361209371.572,27799.10714285714
1361209371.572,24708.854166666664
1361209371.491,38926.80921052631
1361209371.427,28686.011904761905
1361209371.491,35565.97222222222
1361209371.491,29837.962962962964
1361209371.491,23931.490384615383
1361209371.49,32100.0
1361209371.49,33723.21428571428
1361209371.49,37284.82142857143
1361209371.49,30392.463235294115
1361209371.49,29008.41346153846
1361209371.49,27113.839285714286
1361209371.49,28061.89903846154
1361209394.616,99085.81730769231
1361209377.031,5234.684405940594
1361209382.643,13385.044642857143
1361209382.643,46074.21875
1361209382.558,106556.91964285714
1361209382.558,73847.65625
1361209382.558,49714.84375
1361209383.606,5036.458333333333
1361209382.831,113468.75
1361209387.947,72.32603092783506
1361209405.032,1861.400462962963
1361209362.404,8957.292935444579
1361209427.158,468836.95652173914
1361209421.219,53853.92441860465
1361209408.17,4520.833333333333
1361209408.344,59.54903147699758
1361209420.631,155.91397849462365
1361209459.47,144500.0
1361209444.711,159.7222222222222
1361209468.06,214.01515151515153
1361209464.86,718.75
1361209451.203,3686.134708737864
1361209451.203,4981.670673076924
1361209451.203,4750.0
1361209451.266,4261.832524271845
1361209451.266,96802.08333333333
1361209451.266,69593.75
1361209451.266,145062.5
1361209451.123,2007.3324022346371
1361209451.123,4409.077380952381
1361209451.186,4058.976715686274
1361209451.186,4893.810679611651
1361209451.186,4310.679611650486
1361209451.186,5290.287990196078
1361209474.263,359487.9518072289
1361209437.97,8240.135869565216
1361209457.639,37.729658792650916
1361209478.194,788.0859375
1361209496.974,68857.421875
1361209487.477,2096.5361445783133
1361209495.587,3306.5257352941176
1361209498.703,6421.875
1361209499.083,7822.916666666667
1361209499.795,10236.406822344323
1361209529.037,2156.25
1361209487.684,7686.967813351498
1361209514.396,31496.875
1361209514.396,53192.708333333336
1361209514.396,35500.0
1361209514.396,27536.764705882353
1361209514.396,28014.70588235294
1361209514.396,21410.511363636364
1361209514.396,19968.75
1361209514.396,28899.30555555556
1361209514.396,51723.958333333336
1361209514.396,23247.596153846152
1361209514.38,58247.767857142855
1361209514.38,28360.795454545452
1361209514.38,39897.32142857143
1361209514.293,26175.551470588234
1361209514.293,34419.921875
1361209514.293,27066.964285714286
1361209514.293,27343.75
1361209514.293,42591.03260869565
1361209514.293,23749.0234375
1361209514.293,38978.69318181818
1361209514.293,45182.291666666664
1361209514.293,24056.066176470587
1361209514.293,43346.354166666664
1361209537.533,123351.5625
1361209559.001,2156.25
1361209525.697,10948.388591433279
1361209550.585,13052.083333333334
1361209543.173,24842.662858117325
1361209569.944,67930.33364661655
1361209569.378,127.8469279661017
1361209569.549,7588.541666666667
1361209612.159,30067.97680412371
1361209318.501,754286.9318181819
1361209601.365,85.84630350194553
1361209624.206,1550.3472222222224
1361209628.932,2156.25
1361209628.93,2156.25
1361209613.11,44268.5546875
1361209613.174,21177.5
1361209613.174,17968.303571428572
1361209613.174,36325.892857142855
1361209613.178,34231.68103448276
1361209613.178,35248.26388888888
1361209613.178,38077.44565217391
1361209613.177,31452.473958333332
1361209613.113,33451.32211538461
1361209613.177,29370.1171875
1361209613.177,22790.625
1361209613.177,33926.80921052631
1361209613.177,33621.394230769234
1361209613.177,33921.2962962963
1361209613.094,37902.19907407407
1361209613.094,30839.638157894737
1361209613.094,32765.066964285714
1361209613.094,38280.42763157895
1361209613.093,30334.375
1361209613.093,16963.839285714286
1361209613.093,32031.25
1361209613.093,17182.291666666668
1361209613.093,27762.5
1361209613.092,37651.041666666664
1361209617.69,25343.588082901555
1361209654.714,145.83333333333334
1361209654.64,101.5625
1361209642.418,75.29267371601209
1361209662.572,3059.375
1361209663.082,4750.0
1361209663.082,4750.0
1361209663.654,45203.125
1361209662.587,9068.75
1361209662.587,2057.2916666666665
1361209662.709,2956.25
1361209663.033,3882.8125
1361209642.428,90.60623123123123
1361209663.785,24187.5
1361209663.848,4750.0
1361209663.848,379.375
1361209664.103,22601.5625
1361209664.103,726.5625
1361209664.166,9738.839285714286
1361209664.484,11300.78125
1361209664.483,6046.875
1361209664.865,226.27314814814815
1361209664.8,267.2072784810127
1361209664.8,197.38924050632912
1361209664.8,3802.0833333333335
1361209664.992,2800.78125
1361209665.183,2278.125
1361209665.247,2796.875
1361209665.247,3250.0
1361209665.246,2984.375
1361209665.114,2115.625
1361209665.178,11340.625
1361209665.177,2915.625
1361209665.245,2746.09375
1361209665.499,12859.375
1361209665.499,9085.9375
1361209665.793,3554.6875
1361209661.696,1333.0853174603174
1361209662.073,3520.404411764706
1361209662.077,3640.811011904762
1361209662.773,325.76884920634916
1361209663.663,365.4961340206185
1361209663.834,15067.708333333334
1361209664.598,45203.125
1361209664.726,7726.5625
1361209664.726,4401.041666666667
1361209664.785,3190.1041666666665
1361209664.725,3984.375
1361209664.917,2833.3333333333335
1361209664.917,2683.59375
1361209664.852,4239.583333333333
1361209665.108,6440.625
1361209665.108,15156.25
1361209665.172,107.39715189873418
1361209665.172,3953.125
1361209665.107,2785.15625
1361209665.107,2882.8125
1361209665.107,3150.0
1361209665.17,2681.25
1361209665.426,5695.3125
1361209665.361,4218.75
1361209665.553,222.2222222222222
1361209665.616,11156.25
1361209665.552,9414.0625
1361209665.807,9414.0625
1361209661.646,9291.623975409835
1361209661.998,332.5892857142857
1361209661.998,4198.288690476191
1361209661.998,4259.486607142857
1361209661.613,5405.634842519685
1361209661.613,11117.571721311477
1361209661.991,20375.744047619046
1361209661.991,6106.5625
1361209667.236,14349.609375
1361209667.236,207819.19642857142
1361209662.628,1335.0694444444443
1361209661.56,1523.8008720930231
1361209662.047,61.547256097560975
1361209663.697,854.1666666666666
1361209672.207,2156.25
1361209662.927,9229.538690476189
1361209663.073,36776.78571428572
1361209661.981,120.40734824281151
1361209663.185,65791.66666666667
1361209663.478,56250.0
1361209662.872,45630.208333333336
1361209662.872,184316.40625
1361209663.189,6354.166666666667
1361209661.817,3929.6875
1361209662.89,1979.3074324324325
1361209665.625,49.920550847457626
1361209664.791,64.69819391634982
1361209664.061,2129.261363636364
1361209664.441,33398.4375
1361209665.071,8052.083333333334
1361209665.262,8207.03125
1361209665.561,3484.375
1361209665.496,5468.75
1361209665.751,3203.125
1361209665.559,2583.3333333333335
1361209665.878,50062.5
1361209666.7,129508.92857142858
1361209667.622,49975.0
1361209667.622,59594.86607142857
1361209663.906,468.75
1361209663.969,7265.625
1361209663.969,4773.4375
1361209664.409,15239.583333333334
1361209664.584,468.75
1361209664.963,19121.09375
1361209665.47,2175.347222222222
1361209665.47,19781.25
1361209665.468,11906.25
1361209665.659,11953.125
1361209665.849,79234.375
1361209665.721,76958.984375
1361209666.144,5484.375
1361209667.345,5492.1875
1361209667.539,27753.90625
1361209665.539,515531.25
1361209664.868,76531.25
1361209665.058,5054.6875
1361209665.122,94437.5
1361209665.493,6625.0
1361209667.867,65.49295774647887
1361209691.675,4484.375
1361209693.694,87329.13306451612
1361209672.589,6171.875
1361209678.387,139.8963730569948
1361209678.143,312.5
1361209695.657,127759.67261904762
1361209681.722,4593.137254901961
1361209681.722,37449.21875
1361209681.722,3196.3832487309646
1361209681.784,2089.588567839196
1361209681.638,3464.488636363636
1361209681.7,1681.4024390243903
1361209690.609,6699.678308823529
1361209690.735,6516.905737704918
1361209690.735,3471.875
1361209690.735,5699.596774193548
1361209690.735,2583.8068181818185
1361209690.708,6728.174603174602
1361209690.708,6263.063524590164
1361209690.708,4655.711206896552
1361209690.708,5387.335526315789
1361209690.707,4370.673076923077
1361209690.707,7194.078947368421
1361209690.534,6072.916666666667
1361209690.534,6071.2890625
1361209690.534,2218.2459677419356
1361209690.534,17177.083333333332
1361209690.533,8712.797619047618
1361209690.529,2829.9180327868853
1361209690.529,5111.979166666667
1361209694.307,20103.125
1361209586.574,9867.628685657171
1361209721.156,375.0
1361209727.473,15807.74456521739
1361209715.476,11375.0
1361209715.136,6781.25
1361209718.231,53.77327127659574
1361209718.231,9000.0
1361209740.857,284.33098591549293
1361209748.657,337305.0
1361209728.605,8218.75
1361209728.528,8218.75
1361209751.452,30360.903532608696
1361209755.286,136465.22177419355
1361209748.507,80.78231292517007
1361209758.453,48406.37400793651
1361209774.895,2156.25
1361209731.368,14711.715267459138
1361209742.375,9089.071856287426
1361209774.693,402299.71590909094
1361209785.147,89541.94078947368
1361209790.876,45505.028735632186
1361209779.66,15515.625
1361209780.053,9752.604166666666
1361209804.526,668.75
1361209766.433,10977.346362876255
1361209785.242,79.12660256410255
1361209822.746,14437.5
1361209803.444,31470.366379310344
1361209803.444,38910.02155172414
1361209803.444,37737.980769230766
1361209803.423,38036.458333333336
1361209803.423,39018.60119047619
1361209803.419,31262.64880952381
1361209803.419,32949.77678571428
1361209803.419,40802.989130434784
1361209803.419,39304.6875
1361209803.419,39712.82327586207
1361209803.419,27191.810344827587
1361209803.419,34084.517045454544
1361209803.263,46133.18452380953
1361209803.259,23164.84375
1361209803.259,30672.9525862069
1361209803.259,35742.96875
1361209803.259,31971.064814814814
1361209803.259,37122.30603448276
1361209803.259,30286.099137931036
1361209803.259,32547.413793103446
1361209803.261,267.85714285714283
1361209803.261,34193.638392857145
1361209803.26,40325.0
1361209803.26,19323.125
1361209803.324,30294.157608695652
1361209804.932,479.1666666666667
1361209824.155,430.80357142857144
1361209832.851,489.8097826086957
1361209826.668,677.705223880597
1361209821.931,10889.0625
1361209821.931,14648.4375
1361209821.929,44647.4609375
1361209822.371,47114.583333333336
1361209822.438,108652.34375
1361209822.946,97679.6875
1361209822.945,81443.18181818181
1361209823.39,109421.875
1361209823.806,8241.319444444445
1361209823.806,46890.625
1361209823.806,54205.625
1361209821.655,13335.658482142857
1361209821.845,10354.910714285714
1361209821.844,10757.8125
1361209822.288,77312.5
1361209822.288,15890.625
1361209823.877,8437.5
1361209823.877,6671.875
1361209823.877,34416.875
1361209823.877,63440.104166666664
1361209823.877,3648.4375
1361209823.877,25737.66447368421
1361209823.877,34845.12867647059
1361209824.575,24238.28125
1361209824.7,7187.5
1361209825.46,198713.54166666666
1361209827.019,5640.625
1361209823.793,33387.90760869565
1361209823.793,6877.130681818182
1361209823.793,2369.7916666666665
1361209824.555,23364.0625
1361209824.555,7343.75
1361209826.052,24453.125
1361209823.92,26828.125
1361209839.576,482.1555397727273
1361209823.419,3606.978677621283
1361209864.312,119.31818181818183
1361209864.311,67.70833333333333
1361209063.856,2926.487417046454
1361209805.036,66789.19748920086
1361209850.964,88.05841924398626
1361209851.182,6781.25
1361209930.358,2156.25
1361210395.566,12958.333333333334
1361210396.441,8110.491071428572
1361210455.554,2156.25
1361210591.862,18812.5
1361210592.115,8140.625
1361210592.051,16312.5
1361210586.227,5479.166666666667
1361210593.16,16375.0
1361210601.831,16615.335051546394
1361210603.096,2554.6875
1361210601.773,2364.207474226804
1361210601.82,11514.811197916666
1361210601.743,8409.79381443299
1361210585.165,5293.198529411765
1361210585.276,1836.0849056603774
1361210602.389,16677.48786407767
1361210602.389,4772.299757281553
1361210602.388,29302.18446601942
1361210601.762,6638.950892857143
1361210603.314,3692.007211538462
1361210603.314,4627.42718446602
1361210603.313,3467.0813106796118
1361210602.732,14849.051339285714
1361210592.4,3224.7596153846152
1361210597.298,3076.602224576271
1361210601.341,11218.75
1361210601.53,58156.25
1361210604.432,80046.875
1361210604.295,64635.41666666667
1361210604.293,12492.1875
1361210602.4,2570.3125
1361210603.062,2812.5
1361210611.992,12743.30357142857
1361210611.991,10211.607142857141
1361210611.991,6991.003787878788
1361210611.99,9709.881756756757
1361210611.99,17724.82638888889
1361210611.99,15418.074324324325
1361210611.99,10296.452702702703
1361210611.989,12416.964285714286
1361210612.56,18138.020833333332
1361210613.554,18426.50462962963
1361210612.907,12976.5625
1361210612.906,27168.402777777777
1361210612.906,7534.722222222223
1361210612.906,23880.489864864863
1361210612.906,13050.253378378378
1361210612.906,10740.70945945946
1361210612.906,36074.01315789474
1361210612.906,10059.895833333334
1361210612.906,13403.645833333334
1361210612.906,13891.666666666668
1361210612.906,9334.099264705883
1361210614.254,26802.083333333332
1361210614.254,45656.25
1361210614.176,21940.104166666668
1361210614.176,37114.583333333336
1361210623.53,21593.75
1361210625.873,21593.75
1361210657.754,2625.0
1361210657.757,1718.75
1361210597.724,10618.553438166311
1361210657.685,3437.5
1361210657.685,1312.5
1361210657.685,1718.75
1361210657.684,3437.5
1361210657.684,3437.5
1361210654.224,20312.5
1361210652.509,1625.0
1361210676.094,2156.25
1361210947.493,1746.09375
1361210942.839,14523.970170454544
1361210950.38,12118.30357142857
1361210929.981,2962.861180904523
1361210929.977,2216.7870603015076
1361210929.981,3506.1243718592964
1361210930.044,2203.046875
1361210930.044,2215.9020935960593
1361210930.044,3266.4800995024875
1361210929.979,2862.79539800995
1361210930.107,3144.5907360406095
1361210930.107,1243.4168781725887
1361210930.042,1987.7953980099503
1361210930.037,1667.7714646464647
1361210930.037,1275.859375
1361210930.34,1810.152202072539
1361210929.023,138.4780534351145
1361210929.904,2151.742788461538
1361210929.967,1939.9875621890549
1361210929.967,1338.8526119402986
1361210929.967,1158.8799504950496
1361210929.967,1144.1582914572866
1361210929.935,1137.3152709359606
1361210929.998,1999.214824120603
1361210929.998,1593.983208955224
1361210929.998,3307.003768844221
1361210930.241,1494.0257352941178
1361210931.783,24570.3125
1361210943.479,21380.208333333332
1361210963.483,167506.25
1361210963.482,182787.94642857142
1361210963.546,127010.41666666667
1361210967.513,1072.9166666666667
1361210963.608,7328.125
1361210964.116,13421.875
1361210964.116,11484.375
1361210964.369,64406.25
1361210964.368,72648.4375
1361210964.368,54882.8125
1361210964.56,18046.875
1361210964.623,40812.5
1361210964.623,16093.75
1361210964.686,18859.375
1361210964.557,24203.125
1361210964.813,13289.0625
1361210964.876,8828.125
1361210964.811,16367.1875
1361210964.791,40343.75
1361210968.497,158815.625
1361210964.852,6901.041666666667
1361210968.627,85363.28125
1361210964.915,3728.125
1361210968.627,58286.458333333336
1361210965.106,34125.0
1361210968.881,34406.25
1361210968.881,44651.041666666664
1361210965.104,40562.5
1361210965.104,39234.375
1361210965.168,8007.8125
1361210968.88,33242.1875
1361210965.168,91317.70833333333
1361210965.104,10101.5625
1361210968.944,4750.0
1361210965.167,8835.9375
1361210969.129,33796.875
1361210969.129,58604.166666666664
1361210969.133,41635.416666666664
1361210965.548,1289.9305555555557
1361210969.323,35617.1875
1361210969.322,44963.541666666664
1361210966.119,4460.9375
1361210966.182,20671.875
1361210966.246,9652.34375
1361210966.756,11015.625
1361210966.756,9750.0
1361210966.692,7289.0625
1361210966.756,4468.75
1361210966.756,4718.75
1361210966.82,8421.875
1361210967.139,7539.0625
1361210963.363,64131.8359375
1361210963.403,9671.875
1361210963.467,404515.625
1361210963.655,23875.0
1361210963.655,13453.125
1361210964.035,29859.375
1361210964.035,39648.4375
1361210964.098,9500.0
1361210964.288,23398.4375
1361210964.288,81093.75
1361210964.541,24437.5
1361210964.541,29234.375
1361210964.541,48890.625
1361210964.54,17531.25
1361210964.668,21062.5
1361210964.604,22000.0
1361210964.668,13843.75
1361210964.668,26328.125
1361210964.668,21640.625
1361210964.794,14036.458333333334
1361210964.858,12822.916666666666
1361210968.567,39692.708333333336
1361210965.029,4695.3125
1361210968.549,24062.5
1361210968.804,42132.8125
1361210965.092,47750.0
1361210965.028,16312.5
1361210968.803,35031.25
1361210965.154,20882.8125
1361210969.057,47671.875
1361210965.472,6031.25
1361210969.055,45291.666666666664
1361210969.247,50166.666666666664
1361210965.471,5414.0625
1361210969.246,11648.4375
1361210966.618,7875.0
1361210966.746,6429.6875
1361210966.809,4539.0625
1361210966.617,15703.125
1361210966.681,7906.25
1361210967.065,7578.125
1361210966.745,8437.5
1361210967.193,3421.875
1361210951.486,10554.6875
1361210951.205,6781.25
1361210969.929,4476.5625
1361210971.464,149.0625
1361210970.18,18078.125
1361210970.18,15703.125
1361210970.307,8421.875
1361210964.098,5249.345059880239
1361210970.429,3421.875
1361210970.56,4765.625
1361210964.096,642.9640718562874
1361210923.967,5546.599496221663
1361210964.159,86.78463855421687
1361210964.222,4005.6818181818185
1361210970.686,6835.9375
1361210964.478,830.4541925465838
1361210970.812,868.6995967741935
1361210964.795,590.4447115384615
1361210971.303,1118.3449074074074
1361210965.664,481.07394366197184
1361210977.118,173843.75
1361210965.918,1147.0323741007194
1361210966.044,203.35477941176472
1361210977.753,181703.125
1361210977.753,79726.5625
1361210977.753,49625.0
1361210966.553,1491.69921875
1361210966.744,164.75
1361210966.744,107.0
1361210966.744,139.60597826086956
1361210966.744,58.125
1361210966.744,67.9563492063492
1361210966.808,89.96975806451613
1361210974.551,32960.9375
1361210974.742,2625.0
1361210974.742,2625.0
1361210974.742,3437.5
1361210974.742,2369.7916666666665
1361210974.742,1312.5
1361210974.934,7906.25
1361210969.876,21421.875
1361210969.981,15164.0625
1361210975.609,30223.4375
1361210970.168,12072.916666666666
1361210970.296,15171.875
1361210970.296,7578.125
1361210970.359,194.85294117647058
1361210964.086,289.1566265060241
1361210954.61,739.4008757961783
1361210964.592,806.1708860759493
1361210968.788,4480.902777777777
1361210971.22,1482.349537037037
1361210976.847,4750.0
1361210976.973,12343.75
1361210965.965,219.55422794117646
1361210966.665,127.62499999999999
1361210966.665,81.5
1361210966.661,73.625
1361210966.661,86.375
1361210966.728,370.71572580645164
1361210966.728,380.0403225806452
1361210977.671,6664.0625
1361210977.671,103281.25
1361210967.047,157.30042016806723
1361210967.047,222.28773584905662
1361210967.111,137.71186440677965
1361210974.662,3437.5
1361210974.662,3437.5
1361210974.662,1312.5
1361210974.977,9085.9375
1361210967.007,609.005905511811
1361210964.51,46.7808734939759
1361210967.454,61.97916666666667
1361210964.51,421.68674698795184
1361210965.915,28595.269097222223
1361210965.446,237.27235099337747
1361210977.889,7625.0
1361210977.885,3812.5
1361210977.889,3812.5
1361210979.486,9500.0
1361210978.014,7625.0
1361210978.014,48515.625
1361210978.14,3812.5
1361210978.203,57734.375
1361210978.266,40812.5
1361210978.266,24640.625
1361210978.706,16195.3125
1361210978.829,14054.6875
1361210978.959,1140.625
1361210978.932,5976.5625
1361210978.932,865.4513888888888
1361210978.995,9570.3125
1361210978.931,10680.555555555555
1361210978.931,10675.34722222222
1361210978.931,1171.0069444444443
1361210978.995,945.3125
1361210978.931,7726.5625
1361210979.058,8500.0
1361210971.25,461.5036231884058
1361210979.058,11203.125
1361210979.117,158815.625
1361210979.184,2565.1041666666665
1361210973.231,132.00934579439252
1361210976.875,273.75
1361210977.635,3381.5789473684213
1361210977.699,22566.964285714286
1361210977.699,5296.030405405405
1361210974.689,199.5907738095238
1361210975.136,151.04166666666666
1361210977.802,21812.5
1361210977.802,20031.25
1361210977.864,7625.0
1361210977.927,73432.29166666667
1361210977.927,149.30555555555554
1361210977.991,7625.0
1361210978.054,3812.5
1361210979.525,1156.25
1361210978.117,90057.29166666667
1361210978.18,3812.5
1361210978.368,5392.36111111111
1361210978.85,6601.5625
1361210978.85,5703.125
1361210978.85,10506.944444444445
1361210978.913,938.3680555555555
1361210978.976,3562.5
1361210978.976,12078.125
1361210978.975,6859.375
1361210979.039,5492.1875
1361210979.103,15750.0
1361210979.038,1063.5416666666665
1361210976.731,4946.078431372549
1361210976.731,903.4926470588235
1361210976.794,502.49999999999994
1361210974.588,2509.4866071428573
1361210975.26,1855.1829268292684
1361210978.066,4257.401315789473
1361210978.449,476.32575757575756
1361210975.111,2497.7678571428573
1361210977.28,1527.1875
1361210968.117,19006.25
1361210968.717,94625.0
1361210975.542,75350.0
1361211192.409,11107.142857142857
1361211199.17,45203.125
1361211199.361,294.4078947368421
1361211199.361,319.0789473684211
1361211199.286,294.4078947368421
1361211199.286,319.0789473684211
1361211202.033,83655.3125
1361211205.572,3796.875
1361211203.374,14762.931034482757
1361211203.373,1107.2198275862067
1361211187.353,3175.78125
1361211189.629,95.76612903225806
1361211212.398,1231.7708333333333
1361211212.398,990.625
1361211205.577,7549.49280104712
1361211211.209,5596.754807692308
1361211211.209,26036.458333333332
1361211208.968,972.9779411764706
1361211208.968,3050.180288461538
1361211205.703,786.689082278481
1361211208.966,1644.6814903846155
1361211212.321,981.7708333333334
1361211212.325,527.9017857142857
1361211216.475,1529.513888888889
1361211216.474,839.0625
1361211205.496,6399.577702702703
1361211205.495,6939.954188481675
1361211205.623,6207.941729323308
1361211192.909,4367.1875
1361211198.738,29971.875
1361211195.952,8557.16463414634
1361211195.951,33870.028409090904
1361211199.63,165.44117647058823
1361211208.82,2002.3655378486053
1361211208.798,2534.051294820717
1361211219.922,1294.2708333333333
1361211209.743,7018.924302788845
1361211209.742,2249.813247011952
1361211199.875,175.78125
1361211202.112,666.6666666666666
1361211200.251,187.5
1361211202.36,325.0
1361211202.424,487.5
1361211200.5,175.78125
1361211203.528,11363.28125
1361211201.775,375.0
1361211202.028,1333.3333333333333
1361211202.028,500.0
1361211202.027,1333.3333333333333
1361211202.215,406.25
1361211202.278,487.5
1361211202.337,325.0
1361211200.42,200.89285714285714
1361211200.52,175.78125
1361211203.432,40104.166666666664
1361211205.28,252.81762295081967
1361211205.471,8700.096899224807
1361211207.248,16278.825431034484
1361211229.867,15005.208333333334
1361211230.057,21291.666666666668
1361211230.246,21229.166666666668
1361211231.408,21291.666666666668
1361211211.241,29170.13888888889
1361211208.571,62062.5
1361211208.924,103.94194162436548
1361211213.638,34994.791666666664
1361211215.453,50.5663430420712
1361211213.806,27480.46875
1361211214.155,9449.609375
1361211214.119,18401.25
1361211233.958,2134.0725806451615
1361211234.335,360.625
1361211234.335,425.625
1361211209.572,7116.473765432099
1361211233.827,1157.4074074074074
1361211234.203,425.625
1361211216.572,10745.535714285714
1361211216.572,15062.5
1361211216.572,4892.36111111111
1361211216.572,9470.982142857143
1361211216.571,5916.666666666667
1361211216.571,8942.708333333334
1361211216.571,6606.770833333333
1361211219.128,12609.375
1361211217.137,31846.59090909091
1361211216.488,10031.25
1361211216.488,9583.333333333334
1361211216.487,11734.375
1361211216.487,7107.421875
1361211216.487,4020.089285714286
1361211216.487,5032.8125
1361211216.485,1890.625
1361211216.485,10127.604166666666
1361211216.485,6414.0625
1361211216.484,9890.625
1361211236.209,3123.272235576923
1361211236.651,4341.184701492537
1361211237.575,1793.3768656716418
1361211231.123,62062.5
1361211253.268,718.75
1361211237.582,6160.655286343612
1361211233.966,4.490469208211144
1361211234.808,406.25
1361211234.807,406.25
1361211234.804,406.25
1361211234.76,325.0
1361211235.073,281.3809357541899
1361211236.841,5132.069672131148
1361211236.904,2812.9295532646047
1361211236.76,1719.0053104575163
1361211236.823,10593.75
1361211236.823,2566.50958994709
1361211263.977,2156.25
1361211241.697,7239.109848484849
1361211267.836,95.83333333333334
1361211268.315,5750.0
1361211253.431,21359.375
1361211258.985,8531.25
1361211258.985,73590.625
1361211258.984,11515.625
1361211259.784,11515.625
1361211258.883,125261.71875
1361211258.881,59695.3125
1361211263.102,15531.25
1361211284.838,359.375
1361211264.052,5752.9296875
1361211267.468,4402.34375
1361211269.032,6093.75
1361211301.029,494.7916666666667
1361211301.95,539.0625
1361211211.96,2493.1098862019912
1361211269.724,3826.894146608315
1361211269.723,4153.138676148797
1361211269.723,5664.387308533917
1361211269.723,2880.538840262582
1361211269.137,6422.112255965293
1361211269.642,49765.949808533915
1361211337.052,7359.375
1361211337.051,8390.625
1361211337.099,4195.3125
1361211344.218,4195.3125
1361211344.127,8973.958333333334
1361211344.451,8390.625
1361211336.198,114353.125
1361211335.734,11641.528925619834
1361211335.448,13123.505434782608
1361211335.399,32311.29807692308
1361211336.069,29812.5
1361211336.069,39562.5
1361211336.069,43312.5
1361211336.068,17601.5625
1361211336.068,36031.25
1361211336.063,14406.25
1361211336.982,37328.125
1361211336.982,34140.625
1361211336.982,45187.5
1361211336.982,43578.125
1361211336.981,132.67543859649123
1361211336.98,36171.875
1361211344.197,131796.875
1361211344.383,14421.875
1361211344.515,547921.875
1361211375.617,541.6666666666666
1361211381.563,14437.5
1361211361.437,2140.625
1361211361.935,3354.910714285714
1361211381.309,8525.369623655914
1361211391.882,718.75
1361211381.606,1545.0053418803418
1361211380.657,40026.5625
1361211381.22,1463.8641640866874
1361211409.551,3706.25
1361211406.027,151.78571428571428
1361211390.784,1102.3706896551723
1361211411.185,61.80862831858407
1361211411.805,29.276315789473685
1361211409.693,68092.61067708333
1361211405.566,4108.333333333333
1361211409.732,4936.820652173913
1361211425.974,10.201446280991735
1361211430.105,7.2807591623036645
1361211469.515,2156.25
1361211699.8,62.83244680851063
1361211706.876,15.625
1361211739.727,496.0191082802547
1361211738.826,294.47115384615387
1361212172.374,46.471774193548384
1361212189.537,2067.806603773585
1361212170.985,28372.632575757576
1361212171.875,6826.480263157895
1361212171.939,32957.58928571428
1361212171.936,43599.609375
1361212174.161,1137.3970808383233
1361212171.715,5519.736842105262
1361212171.779,28048.56418918919
1361212171.827,1264.7569444444443
1361212172.959,5671.875
1361212173.023,13242.1875
1361212172.997,12000.0
1361212192.245,1581.367924528302
1361212196.429,6781.25
1361212196.525,60.66416449086162
1361212170.284,4195.886692650334
1361212171.112,4410.986990950226
1361212227.745,3250.0
1361212249.513,2156.25
1361212289.543,7453.125
1361212289.43,7453.125
1361212463.604,4015.625
1361212462.836,4108.333333333333
1361212683.253,7453.125
1361212834.34,14.109848484848486
1361213004.049,2209.8214285714284
1361213005.687,14528.532608695652
1361213346.344,16.608391608391607
1361213485.536,307.8497023809524
1361213720.503,4108.333333333333
1361215545.011,117.1875
1361217321.122,415.3645833333333
1361217323.008,42.57015306122449
1361217338.336,10.57509505703422
1361219662.655,50.16447368421053
1361219891.724,1906.25
1361219923.498,718.75
1361220006.585,59.5703125
1361221117.023,11.488970588235295
1361222508.14,476.5625
1361222833.083,54.464285714285715
1361223029.071,59.840425531914896
1361223640.627,50.16447368421053
1361223705.481,52.951388888888886
1361223857.143,52.951388888888886
1361223952.497,57.765151515151516
1361224307.453,7480.113636363637
1361224307.706,20968.75
1361224310.539,19257.8125
1361224305.498,3423.6111111111113
1361224309.539,22478.125
1361224309.058,268531.25
1361224310.68,6076.480263157895
1361224370.141,2156.25
1361224405.906,65957.03125
1361224406.226,22250.0
1361224407.488,21328.125
1361224414.136,10664.0625
1361224406.77,22250.0
1361224405.73,34631.510416666664
1361224413.636,7097.65625
1361224451.733,4457.03125
1361224452.235,6832.720588235295
1361224489.465,6135.416666666667
1361224490.705,6989.583333333333
1361224497.689,6989.583333333333
1361224499.059,6708.333333333333
1361224488.408,268531.25
1361224488.754,2014.636075949367
1361224490.441,8792.763157894737
1361224490.568,6863.28125
1361224490.596,98709.375
1361224490.596,49250.0
1361224490.244,268531.25
1361224490.494,52088.541666666664
1361224491.746,13981.25
1361224491.745,19975.446428571428
1361224491.808,6079.483695652174
1361224492.19,26250.0
1361224492.16,63650.0
1361224493.806,24281.25
1361224493.78,25281.25
1361224492.134,51307.5
1361224492.197,26796.875
1361224493.623,98640.625
1361224493.623,2275.5681818181815
1361224511.584,1437.5
1361224494.929,6955.208333333333
1361224495.789,6730.46875
1361224495.852,1556.3038793103447
1361224520.349,263828.125
1361224520.281,5562.5
1361224548.851,557.2916666666666
1361224548.851,557.2916666666666
1361224548.839,390.625
1361224548.839,557.2916666666666
1361224548.839,557.2916666666666
1361224548.307,270.8333333333333
1361224491.318,3396.923449612403
1361224548.12,2156.25
1361224548.12,431.25
1361224548.625,3015.625
1361224548.878,742.1875
1361224488.261,3172.253289473684
1361224548.036,126.83823529411764
1361224548.604,431.25
1361224548.732,1609.375
1361224548.732,487.5
1361224548.732,539.0625
1361224548.731,1942.7083333333333
1361224549.066,1812.5
1361224489.105,18992.978284278535
1361224578.162,1437.5
1361224618.722,2179.6875
1361224617.473,612.6736111111111
1361224617.663,39.10060975609756
1361224617.664,9067.616959064328
1361224636.583,2179.6875
1361224615.48,3331.511222910217
1361224616.47,1575.9733606557377
1361224617.97,115.2482269503546
1361224616.383,1328.2781862745098
1361224616.383,1045.594262295082
1361224616.382,4537.883771929824
1361224616.381,604.626225490196
1361224616.381,1729.456967213115
1361224616.445,4650.87890625
1361224617.35,98.95833333333333
1361224617.603,222.76475694444446
1361224617.603,170.6896551724138
1361224618.844,509.4109195402299
1361224630.83,52.405973451327434
1361224634.923,1074.4680851063831
1361224636.172,2130.374203821656
1361224635.544,1510.0279850746267
1361224635.608,393.3758802816901
1361224649.825,3445.3125
1361224650.206,839.0625
1361224650.397,1113.8392857142858
1361224639.23,410.8455882352941
1361224651.26,1198.6607142857142
1361224640.857,223.00760582010582
1361224648.725,29382.8125
1361224649.275,78399.55357142857
1361224650.455,6621.527777777777
1361224650.454,6753.90625
1361224650.454,7440.340909090909
1361224650.454,4962.740384615385
1361224650.454,6700.0
1361224650.518,2553.125
1361224650.582,5467.329545454546
1361224650.582,2457.03125
1361224650.373,7258.680555555556
1361224650.373,8060.546875
1361224650.369,9707.03125
1361224650.368,6162.5
1361224650.499,6065.625
1361224650.435,7397.321428571428
1361224650.499,6817.1875
1361224649.391,43871.52777777778
1361224649.455,69.44444444444444
1361224652.409,58296.875
1361224652.472,125.71614583333331
1361224653.4,26164.0625
1361224651.302,63884.375
1361224652.291,5741.477272727272
1361224652.733,3911.4583333333335
1361224675.532,179.6875
1361224675.532,287.5
1361224668.826,1625.0
1361224668.652,3452.524038461538
1361224694.75,2156.25
1361224694.625,2156.25
1361224705.648,1625.0
1361224734.025,45203.125
1361224734.085,21562.5
1361224734.277,22601.5625
1361224734.532,6198.660714285715
1361224735.043,7398.4375
1361224735.234,23781.25
1361224735.17,45203.125
1361224735.41,22507.8125
1361224729.375,1078.125
1361224733.635,15005.208333333334
1361224733.823,6717.1875
1361224734.395,45203.125
1361224734.778,22101.5625
1361224734.714,62875.0
1361224734.693,45015.625
1361224735.073,16125.0
1361224739.041,5029.017857142857
1361224739.989,8093.75
1361224741.723,15774.55357142857
1361224742.23,21882.8125
1361224742.421,13207.03125
1361224742.485,20276.041666666668
1361224742.611,68435.26785714286
1361224742.675,22718.75
1361224742.675,101248.046875
1361224742.865,14000.0
1361224735.732,3477.163461538462
1361224735.925,45203.125
1361224739.956,3274.147727272727
1361224742.152,9265.625
1361224742.152,28984.375
1361224742.279,6398.4375
1361224742.151,7429.6875
1361224742.151,31354.166666666668
1361224742.278,7718.75
1361224742.341,16074.21875
1361224742.533,6742.1875
1361224742.596,53325.520833333336
1361224742.724,58424.107142857145
1361224743.105,29596.354166666668
1361224750.249,9500.0
1361224746.657,17640.625
1361224746.72,24013.020833333332
1361224742.747,25144.301470588234
1361224743.448,3809.8958333333335
1361224743.831,17593.75
1361224743.83,23312.5
1361224743.83,46273.4375
1361224743.958,10929.6875
1361224744.148,8640.625
1361224744.147,11427.083333333334
1361224744.338,4359.375
1361224744.274,11429.6875
1361224749.53,7578.125
1361224749.529,5996.875
1361224746.713,8750.0
1361224746.713,14281.25
1361224747.221,5604.166666666667
1361224749.972,4462.5
1361224747.412,19593.75
1361224750.418,9414.0625
1361224743.055,62886.16071428572
1361224743.182,29820.3125
1361224743.798,16201.041666666664
1361224743.919,3265.625
1361224743.923,1799.107142857143
1361224744.366,3809.8958333333335
1361224744.747,15390.625
1361224744.875,14910.15625
1361224744.874,2793.75
1361224744.81,20023.4375
1361224749.449,2615.625
1361224749.449,1960.9375
1361224749.449,12768.229166666666
1361224749.829,8514.322916666666
1361224746.884,98761.71875
1361224747.455,19718.75
1361224742.97,42399.81617647059
1361224743.416,26298.75
1361224758.553,36671.875
1361224758.552,25031.25
1361224757.522,20552.083333333332
1361224757.968,8648.4375
1361224757.968,4859.375
1361224758.222,1550.0
1361224757.966,7554.6875
1361224757.966,4886.71875
1361224758.219,759.375
1361224758.409,4907.98611111111
1361224758.729,8257.8125
1361224758.728,6377.232142857143
1361224759.176,1453.125
1361224757.852,6058.59375
1361224757.847,5945.3125
1361224757.978,2612.5
1361224758.104,68301.43229166667
1361224758.102,7820.3125
1361224758.166,29428.45394736842
1361224759.059,6359.375
1361224743.378,704.0719696969697
1361224735.588,4794.921875
1361224739.772,2303.125
1361224741.078,4158.44298245614
1361224741.078,62687.5
1361224741.456,133523.4375
1361224741.274,75.0
1361224741.716,132067.70833333334
1361224758.609,7065.625
1361224758.991,63318.18181818182
1361224763.009,112377.23214285714
1361224758.272,1170.5729166666667
1361224766.525,83904.51388888889
1361224766.46,11604.166666666666
1361224766.524,48485.3515625
1361224767.015,1514.0625
1361224759.843,53149.55357142857
1361224759.906,3269.53125
1361224762.416,20462.5
1361224765.743,13763.888888888889
1361224762.734,12703.125
1361224762.926,19234.375
1361224762.925,6539.0625
1361224763.117,1188.9204545454545
1361224763.116,103192.1875
1361224766.443,21351.5625
1361224766.614,2640.625
1361224766.419,43118.75
1361224743.321,50083.333333333336
1361224742.925,165.9993036211699
1361224743.368,338.1728045325779
1361224743.363,4727.678571428572
1361224743.299,102.66978346456693
1361224745.684,119390.625
1361224743.222,108.84232954545455
1361224743.285,4070.833333333334
1361224746.699,46359.375
1361224745.956,11220.3125
1361224746.652,39796.875
1361224746.716,9093.75
1361224771.336,9500.0
1361224746.897,28359.375
1361224746.897,2042.96875
1361224748.831,3717.8178267045455
1361224749.082,37.96176975945017
1361224749.589,65.35766961651917
1361224749.086,1848.182306590258
1361224749.782,423.82218844984806
1361224770.898,6539.0625
1361224770.191,28815.625
1361224770.893,1307.8125
1361224770.893,30312.5
1361224770.893,3921.875
1361224770.893,10265.625
1361224770.893,15321.875
1361224771.147,21593.75
1361224766.535,153990.234375
1361224771.816,22312.5
1361224768.228,467.7083333333333
1361224772.382,18828.125
1361224771.256,24863.28125
1361224749.946,31291.666666666668
1361224757.266,36535.71428571428
1361224757.33,6468.75
1361224757.39,729.7161697247706
1361224757.517,846.9225888324872
1361224757.644,28781.25
1361224758.292,1254.4642857142858
1361224758.419,161.06965174129354
1361224778.457,7646.875
1361224778.52,2072.5160256410254
1361224778.838,3269.53125
1361224782.164,42636.71875
1361224782.164,19719.429347826084
1361224782.164,27063.802083333332
1361224781.221,9359.375
1361224777.828,12781.25
1361224778.759,125800.0
1361224778.758,12786.458333333334
1361224762.821,1002.1219135802469
1361224779.012,4359.375
1361224782.083,25619.791666666668
1361224782.082,5319.196428571428
1361224782.082,23903.532608695652
1361224782.651,1188.9204545454545
1361224759.107,2903.4926470588234
1361224760.054,7583.333333333333
1361224760.228,76500.0
1361224759.372,81.33223684210526
1361224772.308,180.08961397058823
1361224789.748,63062.5
1361224790.123,6162.946428571428
1361224790.191,431.25
1361224790.572,6539.0625
1361224783.822,3269.53125
1361224783.629,17289.0625
1361224789.166,20406.25
1361224789.547,20828.125
1361224789.672,2615.625
1361224770.149,4820.3125
1361224797.616,541.6666666666666
1361224771.175,4216.2243150684935
1361224771.364,30800.0
1361224771.427,13201.388888888889
1361224771.553,101.00138121546962
1361224772.253,33527.34375
1361224772.379,73.01682692307693
1361224792.286,20401.041666666668
1361224793.303,41466.346153846156
1361224793.367,1490.9771126760563
1361224793.3,155624.13194444447
1361224793.3,10375.0
1361224793.747,2179.6875
1361224794.231,5864.583333333333
1361224794.359,53.49576271186441
1361224797.878,89.84375
1361224794.928,63.3445945945946
1361224793.219,6272.569444444444
1361224793.219,32516.666666666664
1361224737.858,2250.08328891258
1361224794.609,934.1517857142857
1361224738.67,3665.5236486486483
1361224783.272,1124.036815068493
1361224777.637,214.06687675070026
1361224777.484,93.40083798882681
1361224779.117,2114.381906077348
1361224782.599,800.3837719298245
1361224782.663,421.0129310344828
1361224782.789,24851.5625
1361224782.697,119015.625
1361224800.859,8459.635416666666
1361224801.56,14380.208333333334
1361224801.558,4359.375
1361224801.749,4359.375
1361224793.726,793.4027777777778
1361224806.517,20484.375
1361224806.964,7078.125
1361224806.962,3403.409090909091
1361224801.166,8570.3125
1361224782.891,383.54430379746833
1361224782.89,105.89833759590793
1361224783.207,1128.0381944444443
1361224782.997,1430.0499355670102
1361224783.059,136.06440355329948
1361224788.986,489.3488745980707
1361224789.56,8993.799603174602
1361224790.485,12281.25
1361224790.484,7703.125
1361224799.941,115.97842261904762
1361224802.074,10.76158940397351
1361224813.724,45203.125
1361224813.914,12093.75
1361224814.103,22507.8125
1361224797.911,18.205275229357795
1361224814.23,24187.5
1361224814.356,6195.3125
1361224806.928,19934.103260869568
1361224807.613,1089.84375
1361224808.819,17390.625
1361224809.009,1868.3035714285713
1361224813.33,10112.5
1361224813.708,6457.589285714285
1361224803.015,10.350318471337578
1361224806.849,34015.625
1361224806.849,4609.375
1361224806.849,23632.472826086956
1361224793.008,22446.428571428572
1361224819.089,13286.458333333334
1361224819.663,5851.5625
1361224819.45,10890.625
1361224794.991,136.71875
1361224821.221,863.5817307692307
1361224821.134,6232.758620689655
1361224819.399,3385.8173076923076
1361224823.565,39783.854166666664
1361224806.218,336.328125
1361224816.434,11.607142857142858
1361224828.337,146.484375
1361224828.337,146.484375
1361224828.4,918.75
1361224820.844,596.7839805825242
1361224812.972,3012.9766949152545
1361224829.097,137.86764705882354
1361224822.727,1940.0201612903224
1361224828.25,208.984375
1361224828.248,146.484375
1361224828.248,146.484375
1361224808.408,270.13221153846155
1361224828.753,137.86764705882354
1361224821.135,2576.875
1361224821.134,186.5625
1361224822.699,751.953125
1361224806.962,79343.75
1361224808.357,24565.625
1361224809.242,189445.3125
1361224810.743,4690.625
1361224831.954,46493.75
1361224811.089,6194.268048128342
1361224811.088,29589.488636363636
1361224813.913,2109.375
1361224813.913,2109.375
1361224813.886,8678.125
1361224814.738,2109.375
1361224814.738,2109.375
1361224815.287,312.5
1361224832.751,132259.19117647057
1361224821.267,14825.794198895026
1361224822.979,999.8034591194969
1361224815.095,267.85714285714283
1361224815.157,17452.024647887323
1361224818.726,9481.25
1361224819.416,596.2171052631578
1361224821.966,5062.8654970760235
1361224822.705,125.31725888324874
1361224823.088,4180.959302325581
1361224840.506,6678.873697916667
1361224841.399,714.1768292682927
1361224841.399,517.9115853658537
1361224827.382,376.46484375
1361224841.462,3283.9884020618556
1361224844.896,808.59375
1361224842.519,1122.1590909090908
1361224842.519,4122.159090909091
1361224842.519,1390.625
1361224843.217,250.0
1361224841.363,4209.085051546392
1361224841.363,3818.6211340206182
1361224841.363,3160.7603092783506
1361224844.752,215.9090909090909
1361224842.314,708.8068181818182
1361224845.766,242.1875
1361224843.077,1725.6944444444443
1361224843.141,256.7567567567567
1361224823.889,9506.97544642857
1361224823.889,14169.569672131149
1361224823.889,10728.322072072071
1361224823.858,14335.038716814159
1361224823.633,3566.953125
1361224823.632,3053.515625
1361224826.675,953.5933242506812
1361224827.633,240.29558404558404
1361224824.518,2006.1718750000002
1361224826.585,920.4700272479564
1361224828.101,54.546310240963855
1361224828.066,1812.6882530120483
1361224849.505,83.70535714285714
1361224849.505,97.65625
1361224842.398,1023.782169117647
1361224842.971,466.25
1361224824.154,5288.301662707839
1361224849.491,93.75
1361224842.375,10618.255395683453
1361224842.375,634.8910550458716
1361224824.132,5764.12037037037
1361224840.322,636.5082335329341
1361224830.496,1107.638888888889
1361224843.865,165.05984042553192
1361224843.864,596.875
1361224824.215,13911.848653395784
1361224840.151,6462.152777777778
1361224852.119,243.5897435897436
1361224852.119,340.625
1361224840.532,7627.437943262412
1361224852.308,1485.9375
1361224852.371,578.9930555555555
1361224852.371,591.2828947368422
1361224852.37,583.59375
1361224836.559,31763.39285714286
1361224849.74,83.70535714285714
1361224841.483,1548.33984375
1361224841.483,71.75925925925925
1361224844.855,7719.777960526316
1361224841.718,922.367125984252
1361224850.229,598.14453125
1361224842.225,2855.3340517241377
1361224842.542,15924.0252293578
1361224842.538,1088.9639639639638
1361224850.989,111.60714285714286
1361224834.922,931.4903846153845
1361224843.241,16058.035714285716
1361224843.304,155.5921052631579
1361224843.304,262.3355263157895
1361224843.112,204.0625
1361224843.303,974.4791666666666
1361224843.367,108.21143617021276
1361224835.11,38.44142259414226
1361224839.435,106.33223684210526
1361224843.782,1710.5978260869565
1361224843.782,496.43342391304344
1361224843.781,157.57978723404256
1361224840.45,2153.590425531915
1361224840.45,9517.06560283688
1361224840.45,253.51562500000003
1361224852.222,224.26470588235296
1361224852.29,550.1644736842105
1361224844.415,295.92225609756093
1361224844.415,172.8693181818182
1361224849.407,532.8663793103449
1361224844.538,1412.854381443299
1361224849.633,86.80555555555556
1361224844.826,243.33333333333334
1361224849.758,102.67857142857143
1361224850.139,380.2083333333333
1361224850.138,412.17672413793105
1361224850.138,455.2801724137931
1361224842.454,64.50892857142858
1361224842.453,1262.901376146789
1361224842.517,422.4380630630631
1361224842.58,625.0
1361224845.774,425.0
1361224843.216,253.94736842105263
1361224851.215,363.3928571428571
1361224846.031,9393.318965517243
1361224846.095,183.44907407407408
1361224834.379,17414.0625
1361224834.379,11402.34375
1361224835.369,11386.71875
1361224835.369,104.16666666666667
1361224835.56,312.5
1361224834.265,6667.119565217392
1361224834.264,21791.666666666668
1361224835.261,11382.8125
1361224835.261,25986.11111111111
1361224835.324,312.5
1361224855.866,565.2173913043478
1361224856.061,213.73279816513764
1361224856.061,231.14224137931032
1361224856.06,304.54545454545456
1361224856.124,103.61842105263158
1361224860.214,323.5518292682927
1361224856.884,58.13172043010752
1361224850.195,312.95620437956205
1361224850.195,930.5686090225563
1361224850.195,162.5267094017094
1361224859.015,184.46180555555554
1361224859.395,117.55952380952381
1361224859.395,102.37068965517241
1361224859.331,373.48790322580646
1361224859.331,71.69117647058823
1361224859.395,115.72265625
1361224859.395,77.56696428571429
1361224859.395,106.15079365079364
1361224859.395,93.75
1361224859.395,119.79166666666667
1361224859.395,179.95689655172416
1361224859.438,74.35344827586208
1361224855.724,505.0
1361224859.626,316.6920731707317
1361224855.656,285.76388888888886
1361224855.784,416.94972826086956
1361224855.975,293.80580357142856
1361224855.975,365.4725609756098
1361224855.975,320.45454545454544
1361224849.859,156.80803571428572
1361224861.436,397.2537878787879
1361224853.435,226.42045454545453
1361224858.806,8769.09722222222
1361224858.911,179.03645833333334
1361224858.911,227.64756944444446
1361224858.911,220.703125
1361224858.974,506.99013157894734
1361224859.227,115.0
1361224859.227,91.98113207547169
1361224859.291,117.55952380952381
1361224859.291,171.875
1361224859.291,93.75
1361224859.291,173.61111111111111
1361224859.291,91.55701754385964
1361224859.291,119.79166666666667
1361224859.291,146.11486486486487
1361224842.207,468.75
1361224842.779,133.92857142857142
1361224863.968,947.6190476190476
1361224844.389,104.16666666666667
1361224863.847,221.435546875
1361224863.717,213.37890625
1361224864.737,224.04661016949154
1361224869.147,648.8486842105264
1361224869.146,508.6805555555556
1361224865.626,553.5386029411765
1361224865.626,265.90909090909093
1361224865.673,238.13657407407408
1361224865.73,248.26388888888889
1361224858.999,148.1753355704698
1361224858.999,136.6652397260274
1361224858.998,422.4624060150376
1361224859.603,241.89082278481013
1361224863.571,397.68145161290323
1361224863.571,50.508720930232556
1361224855.634,98.5576923076923
1361224859.662,207.15725806451613
1361224867.726,366.26838235294116
1361224864.205,21.103896103896105
1361224864.649,241.52542372881356
1361224865.348,380.5443548387097
1361224865.645,427.88461538461536
1361224865.645,292.74764150943395
1361224848.263,223.86945392491467
1361224846.849,2199.519230769231
1361224850.352,220.77338129496403
1361224851.025,1875.0
1361224851.583,769.53125
1361224851.727,970.8333333333334
1361224851.853,156.25
1361224852.58,308.7797619047619
1361224852.77,104.16666666666667
1361224853.192,98.6842105263158
1361224855.702,110.29411764705883
1361224852.067,122.98248626373626
1361224852.192,84.0155750798722
1361224864.412,279.00390625
1361224868.316,41863.65582191781
1361224865.748,179.19146825396825
1361224865.748,205.51658163265307
1361224879.027,41328.125
1361224878.963,43500.0
1361224856.212,102.37794612794612
1361224864.657,69.56129807692307
1361224864.592,10.284810126582277
1361224865.609,171.25
1361224855.322,1005.4687499999999
1361224855.771,208.33333333333334
1361224856.403,104.16666666666667
1361224856.592,78.125
1361224856.591,175.78125
1361224856.907,170.45454545454544
1361224856.907,110.29411764705883
1361224855.903,115.7258064516129
1361224856.156,262.987012987013
1361224856.218,587.2844827586207
1361224856.218,250.0
1361224856.409,234.375
1361224856.472,104.16666666666667
1361224856.788,110.29411764705883
1361224856.914,117.1875
1361224857.041,104.16666666666667
1361224857.167,110.29411764705883
1361224859.019,13579.294217687075
1361224860.108,3032.1400316455697
1361224860.485,142.04545454545456
1361224861.222,78.125
1361224862.659,117.1875
1361224862.722,165.44117647058823
1361224859.873,62.5
1361224860.187,72.11538461538461
1361224860.123,98.6842105263158
1361224860.628,133.92857142857142
1361224861.008,156.25
1361224862.374,104.16666666666667
1361224862.86,175.78125
1361224862.923,78.125
1361224879.843,9184.375
1361224880.16,9645.833333333334
1361224884.565,18009.943181818184
1361224884.569,145198.4375
1361224884.569,10357.8125
1361224881.111,31760.416666666668
1361224841.365,124931.08974358974
1361224869.626,7.593457943925234
1361224878.831,95.83333333333334
1361224878.831,167.1875
1361224884.495,11470.880681818182
1361224884.495,21722.65625
1361224881.102,1078.125
1361224881.037,15661.458333333334
1361224821.606,4347.733448616601
1361224863.693,3959.280303030303
1361224864.332,133.92857142857142
1361224864.393,108.17307692307693
1361224863.65,3959.280303030303
1361224863.65,1627.1658415841584
1361224863.65,3604.1666666666665
1361224863.649,1540.195610687023
1361224864.223,116.98717948717949
1361224864.29,200.89285714285714
1361224864.35,216.34615384615387
1361224864.286,200.89285714285714
1361224864.349,122.28260869565217
1361224864.54,140.625
1361224864.929,2750.5040322580644
1361224864.929,156.25
1361224865.668,98.6842105263158
1361224865.984,78.125
1361224866.554,165.44117647058823
1361224866.528,85.22727272727272
1361224866.719,117.1875
1361224864.014,129.31034482758622
1361224864.014,151.31578947368422
1361224863.821,117.1875
1361224864.122,71.875
1361224864.817,140.625
1361224864.881,148.02631578947367
1361224864.879,263.6529126213592
1361224865.513,250.0
1361224865.555,133.92857142857142
1361224865.489,93.75
1361224865.552,122.28260869565217
1361224865.87,78.125
1361224866.628,93.75
1361224866.791,89.28571428571429
1361224867.903,5701.322115384615
1361224868.6,133.92857142857142
1361224868.664,156.25
1361224868.79,711.0376602564103
1361224870.163,3640.625
1361224871.214,5730.113636363637
1361224869.99,4085.9375
1361224869.986,31705.96590909091
1361224870.049,375.0
1361224887.702,70.65217391304347
1361224889.608,25125.0
1361224890.915,18695.3125
1361224887.618,101.5625
1361224881.201,46694.63315217391
1361224891.034,4359.375
1361224891.032,10785.15625
1361224891.286,4359.375
1361224875.436,1119.7916666666667
1361224879.171,5.258899676375404
1361224879.298,110.04656160458453
1361224879.298,369.13502865329514
1361224878.864,58289.66346153846
1361224879.179,266.78904011461316
1361224897.11,89098.95833333333
1361224897.11,45317.708333333336
1361224897.109,8667.96875
1361224897.427,46379.26136363637
1361224898.166,22578.125
1361224898.23,21417.613636363636
1361224898.166,16607.954545454548
1361224898.865,6539.0625
1361224898.865,11822.916666666666
1361224899.119,3269.53125
1361224896.521,20546.875
1361224897.032,41756.25
1361224897.345,48386.94852941177
1361224897.477,43384.54861111112
1361224897.771,25452.008928571428
1361224898.404,47701.171875
1361224898.596,83157.67045454546
1361224898.658,4182.291666666667
1361224880.337,100078.125
1361224880.024,39324.21875
1361224884.83,62468.75
1361224883.953,170960.9375
1361224901.439,21.103896103896105
1361224890.189,61.79178470254958
1361224890.189,4.3565683646112605
1361224891.687,953.125
1361224890.078,648.0373989218328
1361224890.142,134.82648725212465
1361224890.268,268.8210227272727
1361224891.58,4464.285714285715
1361224891.323,111562.5
1361224892.33,1505.6666666666667
1361224892.646,84.99119718309859
1361224892.279,11.054421768707483
1361224892.402,3750.0
1361224892.718,245.7710113960114
1361224915.834,4359.375
1361224912.565,8028.3203125
1361224912.565,2988.839285714286
1361224913.579,61395.08928571428
1361224914.38,2068.9338235294117
1361224914.951,74911.45833333333
1361224912.039,25796.875
1361224912.483,13292.96875
1361224912.483,15508.27205882353
1361224912.483,7842.7734375
1361224912.483,24864.583333333332
1361224913.5,46279.017857142855
1361224913.5,36937.5
1361224913.627,24352.272727272728
1361224913.626,32484.375
1361224914.104,2615.625
1361224914.295,3506.944444444445
1361224821.558,1691.6590226817877
1361224898.277,65.07554945054946
1361224924.079,21585.9375
1361224920.874,17752.23214285714
1361224921.511,142326.92307692306
1361224921.511,45734.375
1361224921.511,69101.5625
1361224922.437,17468.75
1361224922.12,359.375
1361224924.125,6539.0625
1361224921.428,54359.375
1361224921.428,83320.3125
1361224921.428,4347.861842105262
1361224922.55,86074.21875
1361224922.613,6539.0625
1361224908.958,4.901960784313726
1361224923.753,1153.6815068493152
1361224928.043,20656.25
1361224921.565,223.22476525821597
1361224929.607,17843.75
1361224929.607,7039.0625
1361224929.729,20190.104166666668
1361224933.379,13343.75
1361224930.177,12473.958333333334
1361224934.71,7085.9375
1361224934.582,15312.5
1361224934.837,16019.09722222222
1361224934.645,15437.5
1361224912.344,5.833333333333334
1361224929.36,11489.583333333334
1361224933.17,17500.0
1361224930.089,8546.875
1361224930.089,172962.74038461538
1361224930.092,65273.4375
1361224930.092,6421.875
1361224930.283,4359.375
1361224931.107,86269.53125
1361224913.769,1103.6039572864322
1361224939.855,17229.166666666668
1361224935.951,5455.078125
1361224940.234,69599.609375
1361224940.234,50425.34722222222
1361224940.234,38526.5625
1361224940.233,16802.083333333332
1361224936.393,20590.625
1361224940.613,72668.75
1361224940.867,58613.28125
1361224937.394,4359.375
1361224940.973,100250.0
1361224941.482,6539.0625
1361224935.87,1868.3035714285713
1361224935.869,4214.285714285715
1361224935.869,1120.5357142857142
1361224935.931,4542.410714285715
1361224928.312,1752.697841726619
1361224940.152,63513.88888888888
1361224940.151,8628.125
1361224936.818,41843.75
1361224936.817,1559.8466981132076
1361224940.7,75489.58333333333
1361224936.987,2940.1041666666665
1361224937.051,6539.0625
1361224924.826,70.00698324022346
1361224924.826,127.0949720670391
1361224940.697,60627.604166666664
1361224940.697,67718.75
1361224940.761,83038.19444444444
1361224941.076,3269.53125
1361224941.268,18882.8125
1361224921.61,249.82970027247956
1361224921.607,109.33242506811989
1361224922.924,428.8884943181818
1361224924.851,4436.357821637426
1361224927.594,104.37091503267975
1361224924.003,153.03442028985506
1361224924.739,2067.160087719298
1361224924.739,1221.1956521739132
1361224944.379,20447.916666666668
1361224944.822,4432.8125
1361224944.822,11526.041666666666
1361224945.075,67492.96875
1361224945.075,2179.6875
1361224945.753,8609.375
1361224946.007,2615.625
1361224940.205,2158.541666666667
1361224944.747,26054.6875
1361224944.746,243714.40972222222
1361224929.851,2782.5520833333335
1361224929.068,19000.0
1361224932.812,2267.1654929577467
1361224933.004,1611.4193925233644
1361224933.175,415.8148364485981
1361224933.175,270.0581395348837
1361224937.099,706.5746753246754
1361224939.08,21404.947916666668
1361224940.732,246.74479166666666
1361224942.389,6913.8808139534885
1361224960.557,1656.25
1361224948.392,110.69444444444444
1361224945.352,18096.875
1361224945.35,11805.80357142857
1361224946.725,7578.125
1361224946.784,4953.125
1361224948.445,131.75491266375548
1361224975.186,44916.666666666664
1361224977.214,479.9107142857143
1361224978.211,257.21153846153845
1361224978.21,328.125
1361224978.591,359.375
1361224976.691,131.34765625
1361224977.135,518.6011904761905
1361224977.133,510.93750000000006
1361224977.133,1755.952380952381
1361224978.133,180.28846153846155
1361224978.133,257.21153846153845
1361224978.132,257.21153846153845
1361224978.132,554.6875
1361224978.132,583.3333333333334
1361224978.132,134.07258064516128
1361224960.626,1061.1979166666667
1361224960.942,4248.979271356783
1361224977.134,14792.66826923077
1361224977.133,9182.608695652174
1361224977.133,7942.663043478261
1361224979.629,2265.2853260869565
1361224977.057,37950.11645962733
1361224977.057,5998.492324561404
1361224983.252,117.00410798122066
1361224975.506,37505.34539473684
1361224975.506,9453.547297297297
1361224975.461,26242.1875
1361224975.461,31254.092261904763
1361224975.461,22598.858173076922
1361224975.461,22229.029605263157
1361224977.637,5914.772727272728
1361224977.637,5812.5
1361224977.568,15755.340189873417
1361224977.632,7147.135416666667
1361224978.521,287.5
1361224978.313,267.85714285714283
1361224977.457,8356.606012658227
1361224977.324,4012.5
1361224977.519,11979.95283018868
1361224977.454,11955.21907216495
1361224977.517,6000.0
1361224977.517,5974.466463414634
1361224977.708,187.5
1361224977.707,267.85714285714283
1361224978.023,267.85714285714283
1361224978.023,375.0
1361224978.023,375.0
1361224978.403,179.6875
1361224978.403,362.5
1361224978.403,1437.5
1361224976.922,1465.8203125
1361224979.99,138.1671348314607
1361224983.243,22515.625
1361225008.846,27.12264150943396
1361225030.796,12309.895833333334
1361225031.59,5958.639705882353
1361225038.451,11781.25
1361225039.26,1646.875
1361225031.511,10054.884453781513
1361225031.511,9578.125
1361225031.51,2744.7916666666665
1361225031.51,8968.75
1361225031.692,10500.331038135593
1361225045.859,11786.458333333334
1361225046.812,686.1979166666666
1361225039.388,9534.103260869566
1361225031.6,10875.662076271186
1361225039.864,5563.04347826087
1361225031.658,32925.3892733564
1361225051.623,44729.166666666664
1361225052.696,4117.1875
1361225050.174,1121.875
1361225050.999,44736.11111111112
1361225039.258,14589.099702380952
1361225052.621,3710.9375
1361225052.595,9500.0
1361225052.594,11947.916666666666
1361225031.803,1218.49173553719
1361225050.011,9228.211009174312
1361225040.154,12609.67205323194
1361225039.159,12640.625
1361225042.318,13206.330128205127
1361225042.518,234.375
1361225046.934,12283.052884615385
1361225046.998,16114.583333333332
1361225046.818,7149.942660550459
1361225046.744,15589.033018867925
1361225053.524,19343.75
1361225054.047,90.47965116279069
1361225070.761,8139.747191011235
1361225071.075,258.44594594594594
1361225071.072,14514.358108108108
1361225070.64,459.0773809523809
1361225070.956,5656.25
1361225072.559,75.0155472636816
1361225073.319,63.738810741687985
1361225031.669,7442.860623781677
1361225031.669,2815.0889376218324
1361225031.589,3806.7129629629626
1361225031.583,4763.660453216375
1361225080.867,27453.125
1361225080.994,47328.125
1361225080.762,23664.0625
1361225080.889,23046.875
1361225107.694,6539.0625
1361225107.429,3269.53125
1361225108.425,35500.0
1361225108.615,71979.16666666667
1361225106.845,25738.28125
1361225107.224,21570.3125
1361225113.596,27684.375
1361225113.596,18980.46875
1361225106.459,738.28125
1361225112.686,8205.729166666666
1361225113.492,122132.8125
1361225113.492,22346.354166666668
1361225113.492,38371.09375
1361225113.492,8882.8125
1361225113.81,17585.9375
1361225113.809,6539.0625
1361225114.0,6539.0625
1361225123.964,5124.289772727272
1361225113.562,389.88797169811323
1361225051.634,5778.972989949749
1361225106.702,135.04464285714286
1361225106.644,288.5044642857143
1361225106.772,2406.25
1361225106.643,738.0434782608696
1361225108.801,7000.0
1361225108.049,3396.34900990099
1361225107.868,3750.0
1361225131.588,1562.5
1361224833.875,136756.1553030303
1361225113.892,380562.5
1361225113.907,9062.5
1361225157.893,18.45472440944882
1361225151.446,381369.7916666667
1361225151.765,1252.297794117647
1361225151.425,2027.6639344262296
1361225169.49,15.330188679245284
1361225157.563,4270.297181372549
1361225157.563,1862.5629722921915
1361225157.563,2700.360872235872
1361225157.563,3366.8811274509803
1361225157.562,2495.404411764706
1361225157.562,3584.5588235294117
1361225157.561,2550.867628992629
1361225157.557,2063.382985257985
1361225157.557,2242.9151348039213
1361225157.561,2475.0381097560976
1361225157.625,2645.5531784841073
1361225157.625,2262.2685185185187
1361225157.814,1858.6401608910892
1361225158.004,267.85714285714283
1361225158.297,312.5
1361225157.524,13250.0
1361225158.412,2909.313725490196
1361225158.412,1618.9491421568628
1361225158.387,2794.5389093137255
1361225158.451,1625.1543209876543
1361225158.387,1955.4020100502512
1361225158.387,1876.8292682926829
1361225158.387,3944.4871007371007
1361225158.387,2307.2150735294117
1361225158.387,2626.4381218905473
1361225158.386,3031.0580466830465
1361225158.386,2943.972120098039
1361225175.026,34284.89583333333
1361225151.337,5343.640734265734
1361225174.819,77.31119791666667
1361225168.865,8218.75
1361225168.863,8218.75
1361225174.566,6781.25
1361225174.818,1805.2884615384614
1361225195.545,20700.225515463917
1361225204.195,2156.25
1361225184.064,1962.218533487298
1361225184.064,2615.4433139534885
1361225183.933,3097.5028868360278
1361225184.125,3118.4593023255816
1361225183.996,2926.293103448276
1361225183.996,2518.3376736111113
1361225183.996,1841.1997126436781
1361225184.251,2243.3035714285716
1361225184.314,2279.972254672897
1361225184.378,2146.614583333333
1361225184.313,1943.4367715617716
1361225184.313,1872.7312646370021
1361225184.313,2242.6102941176473
1361225184.312,2073.9010167464116
1361225183.776,2957.7332949308757
1361225183.776,1991.642441860465
1361225183.902,3054.0303738317757
1361225183.897,3244.5043103448274
1361225183.896,2461.684149184149
1361225184.156,2886.057134570766
1361225184.22,2526.8954918032787
1361225184.201,2381.3453638497654
1361225184.201,2013.7544014084506
1361225184.265,2201.0885663507106
1361225195.61,63.888888888888886
1361225199.699,5656.25
1361225163.475,13160.703769140166
1361225215.87,17669.6875
1361225221.627,54463.32236842105
1361225211.941,169281.25
1361225234.375,151.31578947368422
1361225234.502,22250.0
1361225230.633,15342.434210526315
1361225221.37,67.25230414746544
1361225220.672,97.4392361111111
1361225188.705,3506.7640692640693
1361225247.695,95.58823529411764
1361225251.511,20667.96875
1361225281.302,1078.125
1361225264.747,2233.462591240876
1361225264.809,10812.5
1361225286.317,3366.015625
1361225272.823,125.86325966850828
1361225274.381,4944.190262430939
1361225274.381,5382.350470430108
1361225274.508,3527.8551532033425
1361225274.635,3275.1358695652175
1361225274.635,2232.946675900277
1361225274.571,3810.6199866310158
1361225274.571,3431.862571022727
1361225274.635,3275.7352941176473
1361225274.635,3211.9989809782605
1361225274.635,3608.7789509536783
1361225274.697,312.5
1361225274.697,375.0
1361225274.76,234.375
1361225274.414,3793.12840599455
1361225274.456,2419.319705093834
1361225274.456,3528.4168956043954
1361225274.52,3363.3350550964187
1361225274.52,1870.6837016574584
1361225274.392,4620.57152406417
1361225274.455,3547.7218834688347
1361225274.455,3554.002899484536
1361225274.454,3549.364697802198
1361225274.518,4357.399929775281
1361225274.518,3068.019943019943
1361225274.518,4544.335399449036
1361225274.518,3023.458904109589
1361225274.58,375.0
1361225274.772,375.0
1361225274.639,267.85714285714283
1361225274.77,375.0
1361225304.779,170.88963963963963
1361225306.625,40524.9618902439
1361225310.117,8300.48076923077
1361225150.876,6811.9719184890655
1361225311.066,15726.5625
1361225309.238,187.1189024390244
1361225274.099,3947.076612903226
1361225309.554,531.25
1361225306.481,644.7665662650602
1361225303.055,626.0340073529411
1361225310.86,5498.046875
1361225310.988,15156.25
1361225310.923,18833.333333333332
1361225311.371,1846.3541666666667
1361225311.626,4707.03125
1361225311.754,7437.5
1361225279.946,11604.584168336674
1361225311.881,3562.5
1361225312.009,18828.125
1361225290.785,6421.875
1361225290.974,7822.916666666667
1361225319.919,2156.25
1361225309.335,15597.278225806453
1361225309.344,26037.946428571428
1361225309.344,4881.696428571428
1361225310.331,15789.0625
1361225310.33,13937.5
1361225310.329,107699.21875
1361225310.329,3775.0
1361225310.329,1142.9924242424242
1361225310.895,9062.5
1361225310.962,10267.857142857143
1361225311.088,60875.0
1361225311.087,47250.0
1361225311.34,6677.083333333333
1361225311.705,30037.5
1361225308.942,7236.505681818182
1361225309.226,16872.19929245283
1361225309.478,3473.5576923076924
1361225309.478,30987.98076923077
1361225310.214,208212.5
1361225310.214,3151.0416666666665
1361225310.404,9019.53125
1361225310.719,23902.34375
1361225310.782,23546.875
1361225310.971,52796.875
1361225310.97,46171.875
1361225311.407,1846.3541666666667
1361225310.146,7807.291666666667
1361225311.554,197761.71875
1361225311.035,10047.697368421053
1361225311.034,18985.3515625
1361225310.114,61359.375
1361225310.304,8660.714285714286
1361225310.93,12933.89423076923
1361225310.993,9244.357638888889
1361225311.121,14153.125
1361225313.257,12017.857142857143
1361225313.567,7046.875
1361225313.174,2772.3214285714284
1361225032.413,10134.353373702423
1361225327.345,53.528502747252745
1361225357.582,174.10714285714286
1361225356.939,9.339080459770116
1361225358.877,11.363636363636363
1361225356.843,9.339080459770116
1361225361.878,16.927083333333332
1361225398.898,37083.333333333336
1361225376.779,75808.89423076922
1361225376.779,14838.942307692309
1361225377.478,3986.936475409836
1361225377.418,112267.36111111111
1361225377.477,117.1875
1361225377.477,1659.427966101695
1361225377.605,2534.375
1361225376.738,24647.83653846154
1361225376.738,20196.514423076922
1361225377.368,54937.5
1361225377.432,4560.1973684210525
1361225377.432,4067.792338709677
1361225377.432,3528.9818548387093
1361225378.049,2042.96875
1361225378.049,6234.375
1361225378.049,6992.1875
1361225378.112,17638.020833333332
1361225378.156,6072.916666666667
1361225378.409,22364.583333333332
1361225378.345,7890.625
1361225378.472,8097.222222222222
1361225378.85,3837.0535714285716
1361225378.846,1815.625
1361225379.166,10171.875
1361225379.229,18010.416666666668
1361225379.165,9453.125
1361225379.228,10828.125
1361225376.817,12744.654605263158
1361225377.936,7687.5
1361225378.0,14364.583333333334
1361225377.935,65578.125
1361225379.114,10226.5625
1361225379.874,272492.1875
1361225379.857,258812.5
1361225378.473,4937.5
1361225408.545,3921.875
1361225408.67,6539.0625
1361225407.095,17234.375
1361225408.24,47484.375
1361225408.495,6539.0625
1361225406.506,1390.625
1361225407.775,5213.541666666667
1361225407.455,4682.291666666667
1361225407.455,11604.166666666666
1361225407.903,7882.8125
1361225407.684,13578.125
1361225408.389,15156.25
1361225408.389,19089.84375
1361225408.004,14406.25
1361225407.988,21687.5
1361225408.052,15398.4375
1361225412.77,134958.33333333334
1361225412.77,100791.66666666667
1361225412.833,82225.0
1361225413.275,11625.0
1361225411.888,25679.6875
1361225412.268,17125.0
1361225412.267,94910.71428571429
1361225412.267,94513.39285714286
1361225412.267,38274.305555555555
1361225412.688,101275.390625
1361225408.975,9414.0625
1361225412.879,85104.16666666667
1361225408.782,32640.625
1361225412.878,77392.36111111111
1361225413.513,126445.3125
1361225413.512,13078.125
1361225414.181,6539.0625
1361225412.186,31444.196428571428
1361225412.186,116396.484375
1361225395.251,6781.25
1361225395.507,11382.8125
1361225421.021,20835.9375
1361225421.02,114361.60714285714
1361225421.333,6539.0625
1361225421.716,4950.892857142857
1361225407.724,196.47469008264463
1361225420.944,72403.64583333333
1361225420.944,95915.17857142857
1361225420.944,340302.95138888893
1361225422.122,4359.375
1361225419.434,5360.054347826087
1361225407.905,212.42357336956522
1361225407.905,811.0219594594595
1361225407.731,95.35907859078591
1361225407.855,99.62534059945503
1361225425.088,2156.25
1361225421.368,1074.0400326797385
1361225426.717,6539.0625
1361225431.115,51968.75
1361225431.115,105796.875
1361225431.115,17242.1875
1361225431.37,59210.9375
1361225431.498,50546.875
1361225425.959,25742.1875
1361225426.444,17570.3125
1361225426.632,18773.4375
1361225426.824,6539.0625
1361225430.653,25789.0625
1361225431.017,101986.97916666667
1361225431.017,76781.25
1361225431.016,50458.333333333336
1361225431.272,38546.875
1361225431.271,69684.375
1361225431.463,142781.25
1361225431.399,132611.97916666666
1361225431.654,9417.96875
1361225431.59,4359.375
1361225431.905,13078.125
1361225408.784,92276.78571428571
1361225409.229,11953.125
1361225408.976,4804.6875
1361225409.038,217.03015222482435
1361225409.546,151.7231308411215
1361225409.374,24234.375
1361225412.618,1558.2107843137253
1361225413.659,137.01923076923077
1361225413.659,246.47516835016836
1361225413.189,1113.7727649006624
1361225435.113,5250.0
1361225435.242,23244.791666666668
1361225435.688,21406.25
1361225436.32,4359.375
1361225431.135,1889.1715116279072
1361225435.732,1736.328125
1361225436.115,34921.875
1361225422.403,42229.166666666664
1361225421.428,450.12165450121654
1361225421.428,4153.645833333333
1361225422.312,2188.625720461095
1361225422.627,2989.5833333333335
1361225422.859,17359.375
1361225423.111,49368.30357142857
1361225423.49,50187.5
1361225443.596,10687.5
1361225446.923,57539.0625
1361225446.923,58636.71875
1361225446.922,20796.875
1361225446.922,112500.0
1361225447.112,69187.5
1361225444.231,11796.875
1361225447.174,66096.875
1361225447.237,154912.5
1361225447.364,6539.0625
1361225447.172,45442.708333333336
1361225447.426,17203.125
1361225444.583,17289.0625
1361225444.769,13078.125
1361225445.278,3173.6778846153848
1361225446.459,10342.1875
1361225446.841,40203.125
1361225446.839,46447.916666666664
1361225447.095,53664.0625
1361225443.574,16142.361111111111
1361225444.149,12520.833333333334
1361225447.092,82137.5
1361225444.314,1868.3035714285713
1361225447.514,6539.0625
1361225447.194,10177.389705882353
1361225426.914,366.796875
1361225454.265,84809.02777777777
1361225454.265,13890.625
1361225454.264,22750.0
1361225454.516,2615.625
1361225453.512,15185.546875
1361225454.178,77276.78571428571
1361225454.176,14187.5
1361225454.176,63066.76136363637
1361225438.747,83.984375
1361225454.979,3475.0
1361225455.678,3269.53125
1361225435.915,92.24137931034483
1361225435.818,210.21262886597938
1361225435.882,138.40694006309147
1361225437.228,77.28862530413626
1361225462.141,20681.25
1361225462.587,21445.3125
1361225463.259,2179.6875
1361225462.626,13078.125
1361225462.943,20890.625
1361225444.607,9334.55882352941
1361225444.898,4540.625
1361225444.962,685.9681372549019
1361225447.194,1048.9892739273928
1361225465.735,26015.625
1361225466.054,61915.364583333336
1361225466.435,43822.916666666664
1361225466.817,78799.10714285714
1361225466.812,38365.625
1361225466.624,58648.4375
1361225467.052,4359.375
1361225466.86,47205.729166666664
1361225467.114,11729.166666666666
1361225465.974,78218.75
1361225465.974,56420.572916666664
1361225465.973,48822.916666666664
1361225465.973,17390.625
1361225465.973,29078.125
1361225466.165,28458.333333333332
1361225466.713,26531.25
1361225467.222,6539.0625
1361225454.419,225.92117537313433
1361225454.891,13051.339285714286
1361225454.89,556.9825667655787
1361225455.081,275.74359939759034
1361225456.509,95.69704049844236
1361225453.905,141.16565743944636
1361225454.41,3275.486311239193
1361225454.771,938.4707840236687
1361225455.973,738.376524390244
1361225456.135,55.65799689440993
1361225474.119,6153.125
1361225475.499,54992.1875
1361225476.385,6539.0625
1361225475.413,11557.291666666666
1361225475.413,118438.92045454546
1361225475.413,67298.828125
1361225475.731,2179.6875
1361225476.111,17593.75
1361225462.903,212.2829861111111
1361225462.793,93.14066852367688
1361225481.552,14359.375
1361225485.64,3485.9375
1361225485.64,53549.8046875
1361225485.643,25319.196428571428
1361225482.738,934.1517857142857
1361225486.255,42800.78125
1361225475.5,1018.2950949367089
1361225486.508,69882.8125
1361225486.572,81500.0
1361225486.635,17265.625
1361225484.009,1555.6640625
1361225486.761,6539.0625
1361225484.004,2156.25
1361225481.091,20862.5
1361225481.662,1188.9204545454545
1361225485.501,13384.943181818182
1361225482.044,4189.23611111111
1361225485.563,30194.602272727272
1361225485.563,7271.205357142857
1361225486.241,36593.75
1361225486.431,67835.9375
1361225486.238,26494.791666666668
1361225486.427,36786.458333333336
1361225486.491,13078.125
1361225484.055,4925.5952380952385
1361225466.355,95.58823529411764
1361225496.533,38859.375
1361225485.702,956.9852941176471
1361225495.204,16578.125
1361225495.204,44757.8125
1361225495.202,75625.0
1361225495.202,44671.875
1361225495.329,21386.71875
1361225495.393,21553.571428571428
1361225495.58,28050.78125
1361225495.644,3269.53125
1361225495.328,33995.53571428572
1361225495.583,17736.979166666668
1361225495.753,14421.875
1361225422.044,2639.885434595525
1361225494.616,20559.375
1361225495.121,74484.375
1361225495.1,34968.75
1361225495.22,22402.34375
1361225495.862,13078.125
1361225476.62,100.07911392405065
1361225475.77,381.0876623376623
1361225500.122,13996.09375
1361225482.133,265.97222222222223
1361225482.935,3435.3693181818185
1361225482.998,534.9813432835821
1361225482.996,955.4924242424242
1361225486.964,238031.25
1361225408.991,1316.4041235710397
1361225526.525,120.26515151515152
1361225526.459,3437.5
1361225526.436,95.83333333333334
1361225511.773,6.914893617021276
1361225530.873,23.55072463768116
1361225513.343,6421.875
1361225513.412,1750.0
1361225542.953,2156.25
1361225526.843,13.063524590163935
1361225560.478,22393.75
1361225544.376,5.88768115942029
1361225554.798,10.416666666666666
1361225572.864,2156.25
1361225604.948,17429.6875
1361225605.011,1873.9346590909092
1361225605.074,17242.1875
1361225604.368,21462.053571428572
1361225607.309,20693.75
1361225607.756,17117.1875
1361225607.756,50479.166666666664
1361225607.755,105590.625
1361225607.75,83445.3125
1361225607.945,105210.9375
1361225608.265,3269.53125
1361225604.994,6539.0625
1361225605.12,13078.125
1361225608.41,6987.5
1361225604.152,5296.875
1361225607.86,40703.125
1361225607.987,78318.75
1361225607.666,53773.4375
1361225607.666,138150.0
1361225607.858,57459.375
1361225608.669,89931.25
1361225608.733,120315.625
1361225608.973,15187.5
1361225609.036,13890.625
1361225609.479,6539.0625
1361225609.479,3921.875
1361225609.479,15271.875
1361225608.768,13062.5
1361225608.826,7531.25
1361225609.019,35597.65625
1361225609.399,412.7604166666667
1361225609.399,10265.625
1361225609.716,24480.46875
1361225605.323,2055.0382653061224
1361225618.866,17651.785714285714
1361225619.433,264226.5625
1361225619.751,2278.125
1361225619.81,3007.8125
1361225607.747,453.2967032967033
1361225620.923,12933.59375
1361225619.342,235164.0625
1361225619.346,2428.3088235294117
1361225619.345,17179.6875
1361225622.54,35031.25
1361225622.666,6539.0625
1361225620.169,21546.875
1361225622.665,18718.75
1361225622.857,6539.0625
1361225620.297,6539.0625
1361225605.255,102.88742690058479
1361225605.254,9421.875
1361225605.507,1339.3609550561798
1361225605.76,972.82223796034
1361225605.885,153.73411016949154
1361225605.134,90.64327485380116
1361225605.134,272.41253644314867
1361225605.197,343.2017543859649
1361225621.694,1031.0546875
1361225626.366,25632.8125
1361225626.724,56859.375
1361225626.724,31694.196428571428
1361225626.724,73871.875
1361225626.722,45338.541666666664
1361225626.85,92024.30555555556
1361225626.849,80802.08333333333
1361225627.167,73751.953125
1361225627.421,64660.71428571429
1361225627.42,71080.35714285714
1361225627.484,12541.666666666666
1361225627.273,96279.01785714286
1361225627.273,21500.0
1361225627.464,54736.328125
1361225627.718,103479.16666666667
1361225627.972,1543.4027777777776
1361225628.226,4359.375
1361225610.307,24234.375
1361225637.006,1453.125
1361225636.882,4263.88888888889
1361225636.881,18742.1875
1361225638.021,407553.81944444444
1361225626.794,711.8803879310344
1361225635.75,20664.0625
1361225636.258,17445.3125
1361225636.257,96462.5
1361225636.803,24984.375
1361225636.802,114693.75
1361225637.943,6539.0625
1361225620.165,451.8773764258555
1361225620.608,1822.9166666666667
1361225619.952,1027.7387640449438
1361225621.928,3087.207825203252
1361225621.308,115.73863636363636
1361225623.178,2275.972222222222
1361225623.242,331.42896475770925
1361225627.642,148.23190789473685
1361225625.911,6781.25
1361225626.101,7583.333333333333
1361225649.53,22507.8125
1361225648.944,22507.8125
1361225649.07,22507.8125
1361225649.197,25281.25
1361225649.324,23687.5
1361225654.085,2156.25
1361225636.217,115.87324766355141
1361225636.461,860.2941176470589
1361225636.913,197.47652582159625
1361225637.36,39812.5
1361225637.36,8687.5
1361225636.806,40023.4375
1361225636.868,238031.25
1361225637.121,14206.59722222222
1361225637.311,8859.375
1361225653.595,3065.9234550561796
1361225649.743,6256.578947368421
1361225651.178,35248.9224137931
1361225652.864,11390.625
1361225653.123,89.29771505376344
1361225654.045,130.8372641509434
1361225675.043,12451.388888888889
1361225664.12,10367.125
1361225686.038,17195.3125
1361225686.097,116.7279411764706
1361225683.027,2175.88141025641
1361225686.227,17226.5625
1361225686.346,12683.59375
1361225687.144,6539.0625
1361225683.942,2156.25
1361225687.396,13078.125
1361225689.277,585.9375
1361225664.903,2662.9464285714284
1361225664.966,19859.375
1361225664.902,16507.8125
1361225664.814,16367.1875
1361225664.876,32734.375
1361225667.111,4.2650918635170605
1361225670.073,4.333333333333333
1361225690.214,48.75
1361225686.984,995.8079268292684
1361225691.718,21.103896103896105
1361225691.844,25144.53125
1361225692.224,17226.5625
1361225692.224,89010.41666666667
1361225692.288,2014.1006097560976
1361225692.925,58281.25
1361225692.921,4359.375
1361225693.051,17414.0625
1361225693.277,114238.28125
1361225693.594,49343.75
1361225694.842,3437.5
1361225692.137,54965.625
1361225692.137,77455.35714285714
1361225692.136,60465.625
1361225692.327,114021.484375
1361225692.429,65593.75
1361225692.622,204549.47916666666
1361225692.558,52531.25
1361225692.811,39820.3125
1361225693.129,13078.125
1361225703.496,20875.0
1361225701.31,31375.0
1361225701.246,313253.60576923075
1361225701.31,144429.6875
1361225703.604,3269.53125
1361225700.659,17274.553571428572
1361225701.232,37296.875
1361225701.295,3269.53125
1361225686.233,278.2079646017699
1361225686.105,89.96636771300447
1361225686.205,400.0
1361225686.526,1805.637254901961
1361225686.525,91.34615384615384
1361225686.461,943.9786585365854
1361225697.601,12.037037037037036
1361225691.539,129.4398907103825
1361225700.434,5414.583333333334
1361225702.161,238781.25
1361225702.462,37718.75
1361225703.349,3265.625
1361225702.219,10982.142857142857
1361225702.282,10281.25
1361225702.664,5625.0
1361225702.766,95160.15625
1361225702.76,32500.0
1361225703.398,16781.25
1361225706.482,5.258899676375404
1361225716.695,87.14874031007753
1361225718.61,7505.208333333333
1361225718.251,91.39238165680473
1361225739.385,119.18604651162791
1361225737.859,5901.209677419355
1361225722.583,4167.344674556212
1361225722.492,115.60639880952381
1361225751.337,132.29166666666666
1361225750.937,27812.5
1361225730.45,2692.7570093457944
1361225730.29,17080.729166666668
1361225730.353,25000.0
1361225730.351,50500.0
1361225733.276,5656.25
1361225734.14,5.191693290734824
1361225733.088,5656.25
1361225754.261,75.89285714285714
1361225755.386,23.214285714285715
1361225752.052,52.41935483870968
1361225762.705,12.126865671641792
1361225717.957,6100.792464114832
1361225778.96,2156.25
1361225768.287,5.782918149466192
1361225787.539,13078.125
1361225787.961,17445.3125
1361225786.888,20093.75
1361225787.333,43000.0
1361225788.136,1634.765625
1361225805.53,3269.53125
1361225805.912,13187.5
1361225809.75,12265.625
1361225805.973,15187.5
1361225806.037,15312.5
1361225806.1,14015.625
1361225806.164,35957.03125
1361225806.861,18972.65625
1361225805.031,54005.208333333336
1361225805.031,27277.34375
1361225805.284,44979.166666666664
1361225805.284,58463.541666666664
1361225805.475,42730.46875
1361225805.41,27625.0
1361225808.737,17218.75
1361225808.737,90442.70833333333
1361225808.737,144558.59375
1361225809.356,8687.5
1361225806.148,87976.5625
1361225806.719,6539.0625
1361225806.718,2614.5833333333335
1361225806.718,10104.166666666666
1361225806.782,3079.6875
1361225807.034,25042.96875
1361225807.962,11156.25
1361225804.569,25414.0625
1361225804.951,64020.83333333333
1361225804.951,45500.0
1361225804.951,11546.875
1361225808.086,15154.296875
1361225805.142,37166.666666666664
1361225805.205,96843.75
1361225805.205,38734.375
1361225805.396,6987.5
1361225808.659,83401.04166666667
1361225808.659,192767.85714285713
1361225808.978,6539.0625
1361225786.682,1006.2890625
1361225786.682,157.62061403508773
1361225786.529,71.42857142857143
1361225786.72,182.76654411764707
1361225786.656,297.6932668329177
1361225787.201,67.15029761904762
1361225787.392,1788.287213740458
1361225807.911,73.24911347517731
1361225813.094,35375.0
1361225813.092,13078.125
1361225813.215,6539.0625
1361225812.435,25437.5
1361225812.815,17320.3125
1361225819.386,23937.5
1361225819.701,57496.09375
1361225819.954,13078.125
1361225819.622,33843.75
1361225819.62,53742.1875
1361225819.62,11546.875
1361225819.876,18781.25
1361225820.001,6539.0625
1361225809.72,1375.2956081081081
1361225807.315,36351.5625
1361225808.937,19687.5
1361225805.918,111.82598039215686
1361225828.324,10734.375
1361225831.074,9259.943181818182
1361225829.15,11890.625
1361225829.15,3269.53125
1361225829.468,1453.125
1361225831.835,110205.72916666667
1361225831.835,72835.06944444444
1361225831.835,17382.8125
1361225832.408,97421.875
1361225832.408,40122.767857142855
1361225828.316,17267.36111111111
1361225819.801,187.97110552763817
1361225819.673,851.0690789473684
1361225820.246,1203.5620629370628
1361225828.948,35046.875
1361225831.761,72032.98611111111
1361225831.761,70748.26388888889
1361225831.761,79060.546875
1361225831.952,24463.541666666668
1361225832.333,75281.25
1361225832.333,38790.17857142857
1361225832.397,61821.42857142857
1361225832.332,45002.604166666664
1361225832.779,17507.8125
1361225832.65,4359.375
1361225832.969,13078.125
1361225810.71,7796.339897260274
1361225810.875,3265.625
1361225811.04,16765.625
1361225837.571,1082.4652777777776
1361225820.049,241.2828947368421
1361225820.743,8125.0
1361225819.88,105.59210526315789
1361225820.322,238781.25
1361225820.511,117437.5
1361225820.635,2604.910714285714
1361225831.86,359.3070652173913
1361225841.513,20.3125
1361225846.473,16.659407665505224
1361225849.643,8218.75
1361225849.638,8218.75
1361225848.47,599.4573353293413
1361225852.214,5366.5824915824915
1361225852.218,6221.005154639175
1361225852.218,5626.572646103896
1361225852.217,5637.123745819398
1361225852.345,3927.984429065744
1361225852.345,5351.641949152542
1361225852.344,4205.6573275862065
1361225852.344,4607.86115916955
1361225852.344,3885.7421875
1361225852.344,4204.264322916667
1361225852.344,4666.71981292517
1361225852.344,312.5
1361225852.344,375.0
1361225852.344,267.85714285714283
1361225852.407,375.0
1361225852.407,312.5
1361225852.407,375.0
1361225852.407,312.5
1361225849.936,74.35344827586208
1361225850.189,7583.333333333333
1361225852.102,5588.7542517006805
1361225852.233,4810.167100694444
1361225852.233,5045.603813559322
1361225852.233,5145.258620689655
1361225852.232,2854.903017241379
1361225852.232,312.5
1361225852.296,312.5
1361225852.296,375.0
1361225852.23,3681.0079225352115
1361225852.23,4035.59639084507
1361225852.23,2963.5063559322034
1361225852.23,5093.4289383561645
1361225852.229,4394.989224137931
1361225852.229,3174.370659722222
1361225852.229,3342.506487889273
1361225852.229,4802.827380952382
1361225875.14,24582.03125
1361225875.495,35343.75
1361225875.494,36203.125
1361225875.492,34240.625
1361225875.492,26706.25
1361225875.492,4864.889705882353
1361225875.62,8750.0
1361225875.555,3269.53125
1361225875.872,6656.25
1361225875.999,7640.625
1361225876.189,35613.28125
1361225876.758,7635.9375
1361225876.76,6539.0625
1361225877.334,18828.125
1361225877.396,24480.46875
1361225875.408,29218.75
1361225875.408,26275.0
1361225875.981,15406.25
1361225876.044,14140.625
1361225876.68,15156.25
1361225876.68,3921.875
1361225876.742,7699.21875
1361225869.125,12.037037037037036
1361225877.06,22312.5
1361225875.425,28.630239520958085
1361225884.103,27812.5
1361225867.601,11.363636363636363
1361225876.711,17046.875
1361225877.138,3453.125
1361225877.454,11953.125
1361225876.03,3693.75
1361225876.914,45789.0625
1361225879.729,5656.25
1361225877.959,6506.696428571428
1361225890.564,11.607142857142858
1361225909.647,1078.125
1361225905.345,32588.8671875
1361225893.266,76.171875
1361225895.805,1711.7537313432836
1361225896.756,2253.125
1361225896.852,11265.625
1361225900.04,169515.625
1361225900.039,1849.3866047745357
1361225900.103,1657.5280343007917
1361225900.103,1484.3334441489362
1361225900.102,2077.7253836317136
1361225900.102,8046.188186813186
1361225900.102,2466.339760638298
1361225899.919,756.0096153846155
1361225899.983,1775.6725721784776
1361225899.983,2592.253989361702
1361225899.983,2361.328125
1361225899.982,2191.40625
1361225899.913,2827.7969160104985
1361225899.913,1153.1415782493368
1361225899.913,3110.9333989501315
1361225899.917,128046.875
1361225899.981,12507.998511904763
1361225899.98,5443.631329113924
1361225899.98,2828.615837696335
1361225899.98,1772.980385638298
1361225904.91,981.3741721854304
1361225904.822,1521.906146179402
1361225926.619,136.85344827586206
1361225907.46,406242.1875
1361225936.91,195.3125
1361225936.91,303.9772727272727
1361225936.91,334.375
1361225930.559,23.89705882352941
1361225936.824,1101.5625
1361225936.824,303.9772727272727
1361225936.822,687.5
1361225936.822,291.6666666666667
1361225916.846,16537.5
1361225941.623,17484.375
1361225941.749,6539.0625
1361225943.119,25652.34375
1361225943.434,59638.392857142855
1361225943.434,45263.392857142855
1361225943.429,60812.5
1361225941.128,24145.833333333332
1361225943.749,27259.375
1361225944.387,34875.0
1361225944.514,6539.0625
1361225941.667,18820.3125
1361225941.792,6539.0625
1361225943.345,63940.625
1361225943.348,63694.19642857143
1361225943.348,12432.291666666666
1361225943.537,39862.5
1361225943.665,71367.1875
1361225940.976,10640.625
1361225943.792,90198.66071428571
1361225943.855,51882.8125
1361225943.789,46031.25
1361225943.916,110801.33928571429
1361225944.024,4359.375
1361225946.528,2156.25
1361225935.588,17049.189814814814
1361225935.588,23881.324404761905
1361225935.588,18864.583333333332
1361225935.652,22036.684782608696
1361225935.652,28812.077702702703
1361225935.652,30542.96875
1361225935.651,23753.75
1361225935.587,23490.74074074074
1361225935.587,23659.040178571428
1361225935.587,29720.48611111111
1361225935.651,20201.981707317074
1361225935.651,31592.94871794872
1361225937.126,203.125
1361225935.353,11473.557692307691
1361225935.353,24054.6875
1361225935.417,19320.503048780487
1361225935.413,12444.602272727274
1361225935.413,19446.496212121212
1361225935.352,23591.071428571428
1361225935.352,31127.314814814814
1361225935.352,23458.333333333332
1361225935.416,22603.587962962964
1361225935.416,23168.66987179487
1361225935.416,30231.08552631579
1361225935.415,29340.46052631579
1361225957.839,13000.0
1361225958.47,49390.625
1361225958.47,55796.875
1361225958.47,64664.0625
1361225959.648,2615.625
1361225944.281,5.952380952380952
1361225959.298,100032.98611111111
1361225959.487,43113.28125
1361225959.295,20875.0
1361225959.295,99441.40625
1361225959.55,93645.83333333333
1361225959.484,57841.796875
1361225959.867,11515.625
1361225960.148,6539.0625
1361225941.82,81.08736059479554
1361225941.902,155.63118811881188
1361225941.902,76.73267326732673
1361225942.215,16441.810344827587
1361225942.468,1631.5691805225654
1361225942.532,8691.550925925925
1361225941.846,623.3933161953728
1361225941.845,262.3762376237624
1361225942.54,1284.0401785714287
1361225944.163,15953.125
1361225966.881,20684.375
1361225967.369,113437.5
1361225967.368,88480.46875
1361225968.0,116864.58333333333
1361225967.935,83019.53125
1361225968.062,152409.375
1361225967.287,35343.75
1361225967.287,49145.833333333336
1361225967.286,65522.569444444445
1361225967.285,91673.61111111111
1361225967.477,78757.8125
1361225967.412,67162.109375
1361225967.852,60473.958333333336
1361225968.047,6539.0625
1361225967.894,100505.20833333333
1361225968.081,21617.1875
1361225968.272,13078.125
1361225976.038,107023.4375
1361225976.038,71156.25
1361225976.328,28723.958333333332
1361225976.332,20887.5
1361225976.46,44843.75
1361225976.842,17500.0
1361225977.096,7640.625
1361225977.224,14109.375
1361225968.006,590.0669642857142
1361225976.546,25445.3125
1361225976.928,28568.75
1361225976.992,27132.8125
1361225976.927,27710.9375
1361225977.247,38490.625
1361225976.991,10761.71875
1361225977.247,27621.875
1361225977.437,28710.9375
1361225977.436,55463.541666666664
1361225977.884,6640.625
1361225977.564,13078.125
1361225978.075,15406.25
1361225978.346,19000.0
1361225961.813,2609.375
1361225959.023,4187.5
1361225959.211,437.5
1361225961.335,6781.25
1361225977.919,1609.0883027522934
1361225977.919,3921.875
1361225977.982,15171.875
1361225978.172,25042.96875
1361225978.363,9414.0625
1361225983.889,25675.78125
1361225984.333,24722.65625
1361225984.205,36898.4375
1361225984.205,48921.875
1361225976.077,645.1416015625
1361225984.46,60885.416666666664
1361225977.33,28753.125
1361225977.839,6539.0625
1361225977.839,15156.25
1361225977.838,19152.34375
1361225978.156,22312.5
1361225984.189,51156.25
1361225985.38,64351.5625
1361225985.38,24335.9375
1361225985.507,6539.0625
1361225985.123,65151.04166666667
1361225985.123,11557.291666666666
1361225985.123,52312.5
1361225985.762,13078.125
1361225985.378,82500.0
1361225985.378,87703.125
1361225985.478,66854.16666666667
1361225985.478,20937.5
1361225967.216,66.37717121588089
1361225968.356,452.5462962962963
1361225968.623,164.23872180451127
1361225991.07,2156.25
1361225993.757,17273.4375
1361225993.884,67046.875
1361225993.997,39097.65625
1361225993.741,87375.0
1361225993.741,42125.0
1361225994.061,4359.375
1361225993.932,39515.625
1361225993.992,43945.3125
1361225977.039,100.51484674329501
1361225993.273,20409.375
1361225993.657,36660.15625
1361225993.911,41625.0
1361225993.654,40820.3125
1361225993.654,37382.8125
1361225994.166,21585.9375
1361225993.845,31193.75
1361225994.293,6539.0625
1361225976.108,174.97614503816794
1361225976.171,84.05172413793103
1361225977.947,36.2390350877193
1361225850.387,6863.078906935908
1361225997.057,89.84375
1361225998.114,6890.625
1361225978.511,11953.125
1361225978.523,24234.375
1361225984.491,912.7678571428571
1361225984.766,1882.4506130790191
1361226007.201,61103.125
1361226008.122,68544.64285714286
1361226008.121,113629.46428571429
1361226008.185,45074.21875
1361226008.312,38136.71875
1361226008.439,4359.375
1361226008.438,14375.0
1361226004.598,5390.625
1361226005.678,6539.0625
1361226006.669,20518.75
1361226007.114,11661.458333333334
1361226007.114,41721.875
1361226007.114,52875.9765625
1361226007.114,56369.791666666664
1361226007.114,60046.875
1361226007.366,39710.9375
1361226008.038,41933.59375
1361226008.102,36205.729166666664
1361226004.644,18837.890625
1361226008.545,6539.0625
1361226005.215,17484.375
1361226005.406,17484.375
1361226005.406,13078.125
1361225992.912,306.4621409921671
1361226016.264,20289.0625
1361226016.772,20882.8125
1361226017.659,11567.708333333334
1361226017.915,182738.28125
1361226016.691,193127.23214285713
1361226016.755,128015.625
1361226017.135,3269.53125
1361226017.836,6539.0625
1361225994.241,89.90921787709496
1361225993.836,257.09033613445376
1361226021.674,6539.0625
1361226002.148,65.60395622895624
1361226016.809,928.2670454545454
1361226022.052,20509.375
1361226022.438,18718.75
1361226022.562,21593.75
1361226022.69,6539.0625
1361226004.655,89.88575268817205
1361226004.652,205.35114247311827
1361226004.624,98.55121293800539
1361226027.658,17645.089285714286
1361226028.229,165655.2734375
1361226028.229,17437.5
1361226029.547,1307.8125
1361226032.937,8882.8125
1361226033.318,4359.375
1361226029.208,20656.25
1361226032.472,20565.625
1361226029.139,90709.375
1361226029.461,1994.7916666666667
1361226033.104,17523.4375
1361226017.232,1069.0359477124182
1361226030.095,17289.0625
1361226033.103,13078.125
1361226030.222,6539.0625
1361226016.518,1474.0106783919598
1361226017.13,2166.5025071633236
1361226017.191,1234.5320351758794
1361226017.191,3816.7399497487436
1361226016.335,8097.426470588235
1361226017.346,95.47738693467336
1361226037.765,7687.5
1361226038.891,14234.375
1361226038.955,36042.96875
1361226039.524,17476.5625
1361226039.524,15156.25
1361226039.839,13078.125
1361226039.839,33390.625
1361226039.965,9414.0625
1361226037.255,97234.375
1361226037.255,59546.875
1361226037.255,68421.875
1361226037.253,72354.16666666667
1361226037.508,45390.625
1361226037.695,44957.03125
1361226037.443,41957.03125
1361226037.57,59384.375
1361226037.57,41140.625
1361226037.57,4468.75
1361226032.956,1233.4421641791046
1361226039.443,13078.125
1361226039.443,3921.875
1361226039.443,15321.875
1361226039.441,10265.625
1361226039.736,22312.5
1361226036.786,20418.75
1361226037.167,6962.5
1361226037.166,77136.71875
1361226037.607,35187.5
1361226037.611,44640.625
1361226022.373,229.2679961089494
1361226017.849,163.50446428571428
1361226039.142,19000.0
1361226022.076,1848.7042682926829
1361226022.581,190.3153153153153
1361226022.114,294.85887096774195
1361226022.24,557.2916666666666
1361226045.634,48578.125
1361226045.698,1046.0838607594937
1361226045.633,39603.125
1361226045.633,17414.0625
1361226045.697,42269.53125
1361226045.947,69796.875
1361226046.014,40933.59375
1361226046.206,11713.541666666666
1361226050.34,24988.28125
1361226037.172,630.9637404580153
1361226045.233,25761.71875
1361226045.549,22687.5
1361226045.613,32784.375
1361226045.741,41953.125
1361226045.868,84218.75
1361226045.932,50187.5
1361226046.059,4359.375
1361226045.931,43015.625
1361226045.995,21093.75
1361226046.378,3269.53125
1361226029.489,119390.625
1361226051.613,19000.0
1361226030.185,94.05144694533763
1361226032.137,255.3969359331476
1361226032.072,111.76880222841226
1361226051.035,39489.583333333336
1361226050.714,17812.5
1361226050.714,87617.1875
1361226054.938,5512.5
1361226051.48,14390.625
1361226055.128,9872.767857142857
1361226051.415,15687.5
1361226051.543,35988.28125
1361226055.572,20509.375
1361226051.988,15321.875
1361226052.115,132.8125
1361226052.306,24863.28125
1361226055.888,13901.041666666666
1361226054.317,5101.5625
1361226050.836,43958.333333333336
1361226050.962,4359.375
1361226050.641,54864.583333333336
1361226050.641,43463.541666666664
1361226050.961,67348.95833333333
1361226050.641,50052.083333333336
1361226050.961,11666.666666666666
1361226050.641,32759.375
1361226050.705,1272.1153846153845
1361226054.864,20945.3125
1361226051.151,6781.25
1361226055.053,6539.0625
1361226051.277,15562.5
1361226055.053,17539.0625
1361226055.243,6539.0625
1361226039.56,53.125
1361226051.91,6539.0625
1361226051.91,15156.25
1361226051.91,3921.875
1361226051.974,15398.4375
1361226052.229,11156.25
1361226055.81,4348.684210526316
1361226052.417,18828.125
1361226056.108,10796.875
1361226056.107,3269.53125
1361226056.361,6539.0625
1361226046.304,2545.0764388489206
1361226039.172,113.0420918367347
1361226039.343,575.2403846153846
1361226039.785,7822.916666666667
1361226039.417,132.57778969957081
1361226063.024,6539.0625
1361226039.864,32729.166666666664
1361226062.018,21531.25
1361226062.017,9180.555555555555
1361226062.779,17289.0625
1361226061.452,23950.0
1361226061.897,133984.375
1361226061.897,6127.232142857143
1361226061.896,131636.71875
1361226062.024,6539.0625
1361226044.981,463.1294964028777
1361226070.178,2156.25
1361226055.892,942.3324742268042
1361226055.892,11609.375
1361226056.146,322.86352040816325
1361226054.472,3721.1061507936506
1361226055.103,90.27777777777777
1361226055.356,2591.9642857142853
1361226055.778,285484.375
1361226061.234,640.625
1361226062.391,238031.25
1361226062.581,31496.09375
1361226062.771,17578.125
1361226061.921,27546.875
1361226090.204,6306.25
1361226074.645,11807.87037037037
1361226079.29,61.36988993710692
1361226082.863,22401.041666666668
1361226082.927,47156.25
1361226082.927,47765.625
1361226111.997,124.0234375
1361226116.86,3437.5
1361226113.432,28.35648148148148
1361226116.336,22.26027397260274
1361226116.775,3437.5
1361226100.222,6781.25
1361226100.409,7578.125
1361226130.723,2156.25
1361226115.764,90.27777777777777
1361226130.628,5.546075085324232
1361226155.292,21005.459337349395
1361226160.694,2156.25
1361226147.707,5656.25
1361226147.707,231473.95833333334
1361226150.699,2035.9458111702127
1361226146.984,58.431739631336406
1361226147.592,105.47802850356294
1361226147.592,5656.25
1361226157.469,2551.6050170068024
1361226157.468,72697.265625
1361226157.949,8218.75
1361226158.871,8218.75
1361226160.602,30875.0
1361226183.243,11187.5
1361226164.903,140.40697674418604
1361226165.091,7583.333333333333
1361226190.922,2156.25
1361226190.834,329.978813559322
1361226183.273,1935.4059278350514
1361226174.575,16040.624999999998
1361226174.575,19825.0
1361226174.575,16731.39880952381
1361226174.575,16641.276041666668
1361226174.575,30730.654761904763
1361226174.702,24460.9375
1361226174.702,21805.92105263158
1361226174.573,20558.035714285714
1361226174.573,23825.0
1361226174.468,17509.672619047622
1361226174.468,27459.375
1361226174.467,27664.0625
1361226174.594,20537.82894736842
1361226174.465,17386.904761904763
1361226174.461,19353.515625
1361226174.461,17790.922619047622
1361226174.461,28812.5
1361226174.461,23607.14285714286
1361226174.461,16073.275862068964
1361226174.592,29161.458333333332
1361226174.592,21776.315789473683
1361226174.871,17664.0625
1361226175.122,1103.515625
1361226175.514,31406.25
1361226183.487,8937.5
1361226150.51,3168.2048175598634
1361226212.401,16289.0625
1361226201.359,108.12236286919831
1361226211.244,692.0955882352941
1361226215.463,17945.3125
1361226215.655,13078.125
1361226213.067,37828.125
1361226213.129,1634.765625
1361226201.362,126.17677824267781
1361226224.832,17617.1875
1361226224.242,23464.285714285714
1361226224.177,10765.625
1361226213.04,767.246462264151
1361226224.94,17359.375
1361226225.066,6539.0625
1361226224.937,6539.0625
1361226226.181,24308.59375
1361226226.602,57547.99107142857
1361226226.602,27335.9375
1361226226.666,1758.6436170212767
1361226230.823,16671.875
1361226227.11,1307.8125
1361226227.427,13963.541666666666
1361226231.393,49912.109375
1361226227.679,6539.0625
1361226231.391,53437.5
1361226231.391,86276.04166666667
1361226231.835,93200.89285714286
1361226231.898,111885.41666666667
1361226231.962,72729.16666666667
1361226231.88,67536.45833333333
1361226231.94,74140.625
1361226232.004,50228.515625
1361226232.259,3269.53125
1361226229.184,27364.583333333332
1361226232.511,13078.125
1361226229.693,6539.0625
1361226229.884,13078.125
1361226229.692,17710.9375
1361226226.524,59041.294642857145
1361226226.524,31578.125
1361226226.524,1663.0434782608697
1361226226.524,12720.982142857143
1361226226.969,81964.84375
1361226230.936,2156.25
1361226231.315,72171.875
1361226231.315,84407.98611111111
1361226231.315,10750.0
1361226231.568,54408.854166666664
1361226229.482,20984.375
1361226229.546,2293.836805555555
1361226230.349,5463.541666666667
1361226213.289,122.60452961672475
1361226213.351,132.11206896551724
1361226213.239,4710.9375
1361226213.302,408.93470790378007
1361226213.238,325.56620209059236
1361226214.355,3320.1219512195125
1361226215.851,3211.317883895131
1361226215.85,1735.2561090225565
1361226215.971,273.6724624060151
1361226146.302,4676.075746799431
1361226177.218,3114.3350487540624
1361226243.868,293459.6354166667
1361226244.062,4359.375
1361226247.942,33312.5
1361226244.739,6539.0625
1361226248.258,17648.4375
1361226248.38,6539.0625
1361226230.935,86.78135888501743
1361226243.285,17529.01785714286
1361226231.313,817.0540201005025
1361226243.791,36515.625
1361226243.791,17265.625
1361226244.468,17328.125
1361226245.102,1753.2552083333333
1361226248.3,21593.75
1361226248.424,6539.0625
1361226227.992,1363.3215206185566
1361226230.478,86629.46428571429
1361226230.387,248812.5
1361226231.697,3377.8746290801187
1361226231.844,397.772201946472
1361226232.667,132.77382425742573
1361226251.727,21945.3125
1361226251.727,115026.78571428571
1361226251.854,3269.53125
1361226243.915,313.82533482142856
1361226255.751,25031.25
1361226252.615,18835.9375
1361226252.743,6539.0625
1361226257.317,6539.0625
1361226257.125,20851.5625
1361226257.312,21593.75
1361226251.13,17098.214285714286
1361226251.638,217873.4375
1361226251.702,10328.125
1361226251.638,17187.5
1361226251.638,25789.0625
1361226248.147,1530.6712962962963
1361226257.33,13078.125
1361226252.274,1475.9943181818182
1361226261.769,17429.6875
1361226261.768,39281.25
1361226262.023,4359.375
1361226262.89,6539.0625
1361226261.058,19893.229166666668
1361226261.691,339413.0859375
1361226262.327,5037.946428571428
1361226249.119,462.5
1361226244.116,137.17532467532467
1361226244.183,278.5237630208333
1361226245.617,214.9507705479452
1361226244.021,139.32291666666666
1361226244.891,1298.3500874125875
1361226244.955,89.84375
1361226267.091,8710.9375
1361226267.854,6539.0625
1361226268.49,2692.3076923076924
1361226268.49,20005.75657894737
1361226268.49,24816.840277777777
1361226268.487,12835.9375
1361226269.74,85057.29166666667
1361226269.931,4359.375
1361226269.546,52856.770833333336
1361226269.61,83796.875
1361226270.121,4359.375
1361226270.439,77445.3125
1361226266.639,20059.375
1361226267.021,3757.102272727273
1361226270.925,185437.5
1361226267.275,5013.392857142857
1361226267.275,934.1517857142857
1361226267.904,17044.270833333332
1361226268.415,26046.875
1361226268.415,18959.20138888889
1361226269.282,32319.44444444444
1361226269.538,47941.40625
1361226269.855,12604.166666666666
1361226252.145,1727.068345323741
1361226252.57,1217.752659574468
1361226252.632,190.85607394366198
1361226257.492,2519.245426829268
1361226278.535,103158.85416666667
1361226278.662,35312.5
1361226278.662,71972.65625
1361226278.788,13078.125
1361226278.915,6539.0625
1361226278.165,12541.666666666666
1361226278.355,109979.16666666667
1361226278.162,49553.125
1361226278.226,116770.83333333333
1361226278.585,40312.5
1361226278.711,17351.5625
1361226277.767,25277.34375
1361226278.084,32666.666666666664
1361226278.084,89417.41071428571
1361226278.275,56056.25
1361226278.083,108437.5
1361226262.131,452.8818093385214
1361226262.967,12052.827380952382
1361226289.796,10828.125
1361226289.859,24192.708333333332
1361226290.498,12265.625
1361226291.22,17664.0625
1361226268.463,686.7388968481375
1361226296.745,5304.6875
1361226297.255,2330.208333333333
1361226298.189,21554.6875
1361226290.504,17421.875
1361226290.631,6539.0625
1361226297.765,24380.208333333332
1361226299.103,6539.0625
1361226299.23,6539.0625
1361226278.681,1719.387755102041
1361226278.146,165.56728232189974
1361226278.717,280.7741116751269
1361226278.032,70.76719576719577
1361226278.093,77.58620689655173
1361226279.373,31843.75
1361226279.372,23390.625
1361226278.77,1284.8684210526314
1361226244.409,1734.0649117971334
1361226302.194,6539.0625
1361226302.194,11588.541666666666
1361226301.608,29328.125
1361226301.987,17265.625
1361226302.369,13078.125
1361226297.247,1113.8091216216217
1361226290.794,134.84251968503938
1361226295.987,129.0479274611399
1361226295.898,125.37104221635883
1361226298.448,7644.53125
1361226320.772,17484.375
1361226320.962,6539.0625
1361226320.149,5429.6875
1361226320.275,24476.5625
1361226321.882,17437.5
1361226322.007,4359.375
1361226302.271,434.78442513368987
1361226302.588,1355.089882943144
1361226299.064,3770.8333333333335
1361226329.73,28990.625
1361226326.658,2156.25
1361226330.301,11598.958333333334
1361226330.027,20992.1875
1361226330.202,6539.0625
1361226330.393,6539.0625
1361226330.096,554.7399328859061
1361226339.055,10765.625
1361226339.118,25041.666666666668
1361226321.045,80.33033033033033
1361226321.108,229.30743243243242
1361226321.171,318.3183183183183
1361226321.805,164.2507530120482
1361226320.926,88.10240963855422
1361226321.178,2144.425675675676
1361226321.431,995.105421686747
1361226338.789,1571.0495283018868
1361226338.916,17679.6875
1361226338.916,1868.3035714285713
1361226342.754,8750.0
1361226343.07,13421.875
1361226343.133,7710.9375
1361226343.196,15546.875
1361226343.87,2179.6875
1361226343.933,3921.875
1361226343.933,19089.84375
1361226344.059,15625.0
1361226344.501,18828.125
1361226341.744,25460.9375
1361226342.064,23026.785714285714
1361226342.064,17164.0625
1361226342.508,87695.3125
1361226338.702,34875.0
1361226342.669,3269.53125
1361226338.956,6539.0625
1361226343.173,14250.0
1361226343.3,47484.375
1361226344.849,15156.25
1361226345.162,2789.0625
1361226345.225,19584.375
1361226342.978,53593.75
1361226342.978,63831.25
1361226342.978,92790.625
1361226342.958,49026.041666666664
1361226343.085,41265.625
1361226343.276,57259.765625
1361226329.748,16164.0625
1361226329.717,48.658288043478265
1361226329.305,190281.25
1361226329.851,2368.7075791855204
1361226330.106,498515.625
1361226355.148,17366.071428571428
1361226347.402,125.0785175879397
1361226359.113,20434.375
1361226355.656,68000.0
1361226355.656,17250.0
1361226355.655,1354.2520491803277
1361226355.655,200437.5
1361226355.655,81055.80357142857
1361226356.226,5812.5
1361226359.681,4359.375
1361226359.91,3269.53125
1361226360.463,20851.5625
1361226356.879,3269.53125
1361226356.943,3437.5
1361226360.566,10796.875
1361226357.551,4359.375
1361226344.94,58.75997340425532
1361226342.924,389.88797169811323
1361226344.459,11953.125
1361226344.712,36351.5625
1361226362.936,25519.53125
1361226363.316,78330.72916666667
1361226363.316,55421.875
1361226363.315,17718.75
1361226363.315,104032.98611111111
1361226355.697,295.3222049689441
1361226363.883,39220.170454545456
1361226356.01,1434.3475877192982
1361226364.396,3269.53125
1361226364.238,129783.85416666666
1361226364.238,60008.680555555555
1361226364.555,65188.80208333333
1361226364.683,35399.305555555555
1361226364.678,60910.41666666667
1361226364.81,19340.625
1361226364.81,6539.0625
1361226365.0,7562.5
1361226347.428,149.36571782178217
1361226374.618,21656.25
1361226374.745,13078.125
1361226373.98,23269.53125
1361226374.296,11692.708333333334
1361226364.257,480.8321220930232
1361226378.035,2156.25
1361226375.45,13078.125
1361226358.83,16843.75
1361226356.187,2378.125
1361226356.546,138.88888888888889
1361226356.925,44937.5
1361226356.923,2735.3903429602888
1361226355.756,91.29692832764505
1361226355.82,99.48979591836735
1361226355.883,209.33219178082192
1361226356.263,306.4499158249158
1361226356.811,2308.607081911263
1361226357.001,4921.875
1361226380.099,263812.5
1361226380.268,18781.25
1361226364.669,119015.625
1361226364.933,9195.3125
1361226374.543,27026.041666666668
1361226374.615,14375.0
1361226382.297,120.79893867924528
1361226381.317,143.67732558139534
1361226411.248,2156.25
1361226415.911,3437.5
1361226408.649,13.432017543859649
1361226416.84,3437.5
1361226415.952,24.0530303030303
1361226429.814,21.666666666666668
1361226444.158,5.398671096345515
1361226640.772,22106.25
1361226644.661,5114.583333333333
1361226644.256,13125.0
1361226645.276,19026.041666666668
1361226654.053,271644.44444444444
1361226646.522,1862.1552491103205
1361226667.048,1783.2446808510638
1361226650.271,2749.2361111111113
1361226650.271,5777.669270833333
1361226650.335,2774.2745535714284
1361226650.335,22428.125
1361226650.335,10425.531914893616
1361226650.335,7011.202830188679
1361226650.334,10161.458333333334
1361226650.334,8092.122395833334
1361226650.27,16367.1875
1361226650.27,6015.056818181818
1361226650.27,3255.7425213675215
1361226650.334,12198.803191489362
1361226650.334,18494.39858490566
1361226650.334,13220.703125
1361226650.967,11090.46052631579
1361226650.152,13170.8984375
1361226650.216,8011.968085106384
1361226650.216,16880.208333333332
1361226650.216,2986.6071428571427
1361226650.215,6406.901041666667
1361226650.278,259.15948275862064
1361226650.15,7055.6640625
1361226650.214,3501.1858258928573
1361226650.214,9316.92216981132
1361226670.083,153.359375
1361226662.389,21593.75
1361226662.206,14395.833333333334
1361226669.763,106.11652010050251
1361226678.283,6574.70703125
1361226678.283,5635.67615658363
1361226678.473,312.5
1361226678.261,6093.528368794326
1361226678.163,6114.24365942029
1361226678.29,267.85714285714283
1361226678.161,6108.644334532374
1361226705.376,14039.0625
1361226705.629,7432.291666666667
1361226681.99,7353.852370689655
1361226681.878,8050.986842105263
1361226681.877,6588.676948051949
1361226708.578,1330.3931451612902
1361226708.641,6539.0625
1361226714.868,83196.18055555556
1361226714.868,102237.5
1361226712.049,20851.5625
1361226712.282,13078.125
1361226715.29,4359.375
1361226707.928,20081.25
1361226708.439,17070.3125
1361226712.406,6539.0625
1361226708.24,3385.4166666666665
1361226709.198,18718.75
1361226709.325,4359.375
1361226714.215,16689.73214285714
1361226711.587,24550.78125
1361226714.786,6934.375
1361226714.786,64439.06250000001
1361226712.005,1920.4215116279072
1361226712.2,35031.25
1361226690.193,3677.0833333333335
1361226690.082,3598.9583333333335
1361226695.337,1020.3804347826086
1361226716.054,13078.125
1361226715.845,17187.5
1361226707.804,213.84803921568627
1361226707.684,6234.375
1361226705.174,326.27998154981555
1361226706.102,10567.708333333334
1361226707.365,11375.0
1361226708.004,1929.6081852791879
1361226708.194,1236.8925831202046
1361226708.194,270.4727564102564
1361226708.763,583.7024278215223
1361226709.013,314.77950928381966
1361226709.017,63.89865728900256
1361226709.207,36.36058981233244
1361226707.974,122.85850253807106
1361226708.037,73.88166243654823
1361226708.833,1329.389686684073
1361226708.896,83.2400895140665
1361226708.96,114.0
1361226711.637,830.2266081871345
1361226715.986,284.85169491525426
1361226716.561,43.98777173913043
1361226715.985,43.365036231884055
1361226728.718,1151.9574175824177
1361226717.004,68.79496402877697
1361226733.577,609.375
1361226733.64,1062.5
1361226733.64,167.41071428571428
1361226713.287,19.482421875
1361226645.511,14196.06381055676
1361226733.447,687.5
1361226678.753,3062.116228070175
1361226678.82,2831.3338681446908
1361226678.82,2831.384761072261
1361226678.82,2599.970725995316
1361226678.817,2821.7944964871194
1361226678.817,3016.6129976580796
1361226678.817,2369.9191433566434
1361226715.325,280.7889344262295
1361226715.456,110.36531690140845
1361226716.145,471.2319494584837
1361226712.819,979.1357566765579
1361226733.532,167.41071428571428
1361226733.532,154.01785714285714
1361226645.786,2215.470679012346
1361226646.041,4061.3286935953415
1361226678.676,2759.0661337209303
1361226678.676,2667.1802494199537
1361226678.74,2599.7456395348836
1361226678.74,2780.392085280374
1361226678.74,3129.49535962877
1361226678.739,2577.122228704784
1361226678.674,2753.642191142191
1361226678.738,2617.9441365227535
1361226678.738,2689.2340829439254
1361226723.191,97.08333333333333
1361226720.82,17125.0
1361226721.199,5193.216463414634
1361226732.931,75.22924710424711
1361226731.364,67.5266472868217
1361226733.179,10628.326612903227
1361226733.243,8261.623475609756
1361226733.176,7600.907258064516
1361226733.176,6306.2697784810125
1361226733.239,5884.0625
1361226733.472,6063.623366013072
1361226733.728,4715.008802816901
1361226733.792,5679.054054054054
1361226733.792,6414.276541095891
1361226733.792,5255.818965517242
1361226733.535,9190.389554794521
1361226733.855,267.85714285714283
1361226733.855,375.0
1361226733.855,267.85714285714283
1361226733.982,375.0
1361226733.981,375.0
1361226733.724,4086.697048611111
1361226733.724,6915.373322147651
1361226733.788,3951.8045774647885
1361226733.788,4232.974137931034
1361226733.788,375.0
1361226733.852,312.5
1361226733.851,267.85714285714283
1361226733.978,375.0
1361226733.978,312.5
1361226733.978,312.5
1361226732.557,3781.25
1361226733.061,8512.163765822785
1361226733.125,11322.849025974027
1361226733.122,8275.041390728476
1361226733.421,6359.479166666667
1361226733.613,6255.243288590604
1361226733.677,7563.69357638889
1361226733.74,312.5
1361226733.74,312.5
1361226733.74,312.5
1361226733.74,375.0
1361226733.804,468.75
1361226733.675,4891.843971631205
1361226733.675,6248.599137931034
1361226733.674,7928.465136054422
1361226734.055,375.0
1361226733.863,312.5
1361226733.863,312.5
1361226757.243,27812.5
1361226745.497,8218.75
1361226745.472,8218.75
1361226748.682,11375.0
1361226786.958,2156.25
1361226723.433,8615.458333333332
1361226795.472,101.5625
1361226838.934,4.335260115606936
1361227900.334,1750.0
1361227917.48,9103.7109375
1361227900.289,764.1423357664233
1361227900.351,202.83018867924528
1361227902.219,79.65425531914893
1361227903.975,6358.6711711711705
1361227903.975,2596.1430180180178
1361227903.975,4792.348130841122
1361227903.975,2925.8177570093458
1361227903.975,4702.759929906542
1361227903.97,3348.611111111111
1361227903.974,5075.802364864865
1361227903.974,3142.01226635514
1361227903.974,3455.7291666666665
1361227904.038,3884.5813679245284
1361227904.101,2612.0283018867926
1361227904.037,2896.185247747748
1361227904.037,3654.342723004695
1361227904.101,4700.155542986426
1361227904.333,187.5
1361227904.333,175.78125
1361227904.333,175.78125
1361227904.333,5169.095552884615
1361227904.333,165.44117647058823
1361227904.332,165.44117647058823
1361227904.332,165.44117647058823
1361227905.473,165.44117647058823
1361227903.861,4789.55078125
1361227903.924,3038.2882882882886
1361227903.86,3590.8071748878924
1361227903.86,5160.06455399061
1361227903.859,5133.490296803653
1361227903.923,4090.8157276995307
1361227903.922,3986.1355633802814
1361227903.986,3030.734080188679
1361227904.239,165.44117647058823
1361227904.366,200.89285714285714
1361227904.852,187.5
1361227905.106,175.78125
1361227926.371,2293.4966216216217
1361227907.236,5234.375
1361227907.033,3070.3125
1361227907.097,3489.5833333333335
1361227907.224,10265.625
1361227909.168,2554.129464285714
1361227927.632,88.8671875
1361227928.698,1595.2868852459017
1361227961.823,33626.420454545456
1361227944.506,3588.5416666666665
1361227944.573,1570.9375
1361227944.508,2713.966836734694
1361227944.572,1427.4665551839464
1361227944.889,166.15853658536585
1361227944.888,20500.0
1361227944.421,14683.59375
1361227944.421,29687.5
1361227960.265,28.508771929824558
1361227967.687,828.125
1361227947.777,104734.375
1361227946.834,192.63698630136986
1361227947.499,46927.083333333336
1361227947.624,104500.0
1361227956.927,90.01225490196079
1361227965.876,8575.340346534655
1361227958.674,51.3671875
1361227964.403,7395.833333333333
1361227964.634,15224.506578947368
1361227965.238,11750.0
1361227994.886,15919.642857142857
1361227994.746,17312.5
1361228024.363,2156.25
1361228024.287,2156.25
1361228007.722,217.41071428571428
1361228008.462,1050.0
1361228010.211,1219.0860215053763
1361228010.21,530.0134892086331
1361228010.21,887.3355263157895
1361228010.21,713.7861010830326
1361228010.21,1095.3947368421052
1361228010.21,1040.625
1361228010.21,773.3242753623189
1361228010.21,604.6875
1361228010.273,891.4930555555555
1361228010.273,671.875
1361228010.269,626.7361111111112
1361228010.273,4281.25
1361228007.547,12871.372767857143
1361228011.094,802.34375
1361228011.094,593.75
1361228011.092,1474.5065789473683
1361228011.092,930.6675627240143
1361228011.092,593.75
1361228011.156,891.4930555555555
1361228011.156,891.4930555555555
1361228011.297,1034.4349520383694
1361228011.297,69.0989077669903
1361228011.295,1457.199461722488
1361228011.185,1599.6141041162227
1361228011.185,477.05552184466023
1361228011.185,862.1301328502416
1361228022.423,8218.75
1361228022.226,8218.75
1361228039.787,47125.964506172844
1361228037.958,19341.299019607843
1361228037.958,24096.69811320755
1361228038.022,9896.802325581395
1361228038.022,12557.942708333334
1361228038.085,8134.722222222223
1361228038.085,11757.486979166666
1361228038.02,11308.15972222222
1361228038.02,10228.125
1361228038.084,9698.863636363636
1361228038.084,10232.700892857143
1361228037.101,1167.96875
1361228037.1,256.12745098039215
1361228037.836,16155.637254901962
1361228037.899,9773.792613636364
1361228037.962,13231.770833333334
1361228037.962,14745.345744680852
1361228037.897,6874.348958333333
1361228037.961,18062.8125
1361228038.025,2187.5
1361228037.961,9916.454081632652
1361228037.961,16659.970238095237
1361228040.745,47041.666666666664
1361228040.745,179265.625
1361228052.444,5656.25
1361228081.389,115.30172413793103
1361228081.389,115.30172413793103
1361228081.388,157.25806451612902
1361228082.302,115.30172413793103
1361228082.302,237.0689655172414
1361228082.302,195.83333333333334
1361228082.491,209.82142857142858
1361228070.886,7817.708333333333
1361228070.586,6421.875
1361228090.506,131615.71782178216
1361228077.555,2546.875
1361228077.555,12590.125
1361228077.405,13002.604166666666
1361228077.469,9787.083333333334
1361228077.469,13378.844246031746
1361228077.468,14930.364173228347
1361228077.467,13056.536259541987
1361228077.467,10650.713582677165
1361228080.156,17928.571428571428
1361228080.092,15442.85102739726
1361228080.152,6709.799757281553
1361228080.216,8725.873161764706
1361228080.219,8434.291294642857
1361228080.219,9524.245689655172
1361228080.131,20058.854166666668
1361228080.131,4930.30753968254
1361228080.067,7752.21108490566
1361228080.195,5722.155448717949
1361228080.066,18868.35488505747
1361228080.13,11755.275974025973
1361228080.13,9499.399038461539
1361228080.194,13148.550724637682
1361228080.257,14703.32532051282
1361228081.505,16554.55043859649
1361228100.003,2156.25
1361228106.607,22393.75
1361228099.15,43888.04945054945
1361228084.689,375.0
1361228083.897,690.1041666666666
1361228124.592,229.0441176470588
1361228123.977,916.3602941176471
1361228133.052,126257.8125
1361228133.115,122078.125
1361228133.115,248656.25
1361228133.178,23379.464285714286
1361228133.025,97062.5
1361228133.025,5500.0
1361228006.957,8244.434091800706
1361228149.867,7822.916666666667
1361228149.527,6781.25
1361228179.842,2156.25
1361228209.812,2156.25
1361227902.076,13236.67677642981
1361228280.126,5598.4375
1361228269.596,132388.47552910054
1361228263.852,66927.08333333333
1361228263.851,7499.047256097561
1361228263.851,7763.528963414634
1361228263.851,3068.5975609756097
1361228263.752,5924.3222891566265
1361228263.703,11479.279891304348
1361228263.508,322.265625
1361228263.697,6434.151785714285
1361228263.693,8924.418604651162
1361228263.693,13683.680555555557
1361228263.693,14655.048076923076
1361228263.693,7777.673192771084
1361228263.761,4734.080188679245
1361228263.761,5165.205792682927
1361228263.76,3652.8201219512193
1361228263.688,9512.01923076923
1361228263.659,5133.8478915662645
1361228263.627,9107.986111111111
1361228263.589,5354.440789473684
1361228263.589,10449.11858974359
1361228263.589,5747.569444444444
1361228263.909,5875.188253012048
1361228276.373,146848.6689814815
1361228270.587,19292.96875
1361228296.648,1783.2446808510638
1361228299.736,7052.083333333333
1361228303.01,11693.75
1361228303.898,14937.5
1361228304.825,7132.8125
1361228298.955,3654.296875
1361228308.719,3823.025627615063
1361228302.4,196.85132575757575
1361228331.132,2156.25
1361228323.962,114.13043478260869
1361228356.522,2156.25
1361228368.159,27812.5
1361228373.254,1447.635135135135
1361228373.381,9651.041666666666
1361228377.981,16048.046875
1361228377.981,16607.03125
1361228377.981,9708.333333333334
1361228377.981,14725.990853658537
1361228377.981,13834.375
1361228377.981,12912.5
1361228377.981,15822.066326530612
1361228377.98,17269.94680851064
1361228377.98,19359.06862745098
1361228377.98,16046.875
1361228377.98,11189.024390243903
1361228377.98,14491.015625
1361228378.976,9960.9375
1361228378.976,11266.16379310345
1361228378.976,14552.41935483871
1361228378.971,9198.660714285714
1361228377.817,13441.080729166666
1361228377.817,8052.430555555557
1361228377.817,8442.212301587302
1361228377.817,9458.984375
1361228377.815,12023.4375
1361228377.811,11554.6875
1361228378.744,13983.816964285714
1361228378.743,21507.00431034483
1361228397.983,5234.375
1361228401.635,7906.25
1361228401.698,4324.835526315789
1361228401.761,26848.958333333332
1361228401.633,25957.03125
1361228401.819,38585.9375
1361228402.014,28484.375
1361228402.077,25677.083333333332
1361228402.077,29597.65625
1361228402.013,35750.0
1361228402.141,57300.0
1361228402.331,6270.833333333333
1361228402.314,3046.875
1361228402.313,46698.4375
1361228402.503,27354.910714285714
1361228402.882,78540.17857142857
1361228402.945,57946.875
1361228403.325,4550.78125
1361228403.389,2960.9375
1361228403.58,6539.0625
1361228403.579,16750.0
1361228403.579,18585.9375
1361228400.982,17505.859375
1361228385.3,1271.5242346938776
1361228401.551,31242.1875
1361228401.551,9277.34375
1361228401.55,30114.583333333332
1361228401.55,34031.25
1361228401.995,8742.1875
1361228402.165,35587.05357142857
1361228402.607,68360.79545454546
1361228402.539,3143.75
1361228402.86,28751.838235294115
1361228402.859,58467.1875
1361228403.301,5906.25
1361228403.748,13078.125
1361228405.607,17023.4375
1361228405.737,20914.0625
1361228404.988,10625.0
1361228405.051,16799.10714285714
1361228405.664,6539.0625
1361228405.855,6539.0625
1361228389.417,104.84182098765432
1361228394.296,152.17056650246306
1361228394.548,7822.916666666667
1361228417.24,20718.75
1361228413.781,6539.0625
1361228417.683,74144.53125
1361228417.683,24992.78846153846
1361228417.679,83692.70833333333
1361228414.603,6828.125
1361228418.38,7021.875
1361228419.125,45835.9375
1361228413.098,10562.5
1361228413.159,22953.125
1361228413.457,17101.5625
1361228417.613,64488.83928571429
1361228413.964,6250.0
1361228417.612,17351.5625
1361228417.612,44522.32142857143
1361228414.347,6539.0625
1361228414.474,7171.875
1361228417.93,13686.458333333332
1361228417.802,68885.9375
1361228418.057,111097.22222222223
1361228418.12,4359.375
1361228418.119,68677.734375
1361228418.629,6539.0625
1361228402.032,105.66816816816817
1361228402.032,1049.9656593406594
1361228402.41,126.7361111111111
1361228402.453,357.6388888888889
1361228404.145,2199.0530303030305
1361228401.19,11046.875
1361228401.925,234.000748502994
1361228402.306,50.23243801652893
1361228424.61,6539.0625
1361228423.16,170723.95833333334
1361228423.159,17085.9375
1361228423.285,2615.625
1361228423.667,2433.59375
1361228405.523,887.1336996336996
1361228422.477,17453.125
1361228423.115,16675.0
1361228423.114,100160.71428571429
1361228424.354,21515.625
1361228406.159,952.299735915493
1361228406.524,119531.25
1361228388.697,3744.7916666666665
1361228429.396,25878.90625
1361228429.967,13078.125
1361228423.156,1592.5364077669904
1361228375.854,6050.356942889138
1361228436.771,33468.75
1361228429.702,17460.9375
1361228429.892,18710.9375
1361228430.083,6539.0625
1361228436.121,15277.34375
1361228414.025,3198.0546357615895
1361228414.887,167.4564549180328
1361228414.947,5953.125
1361228414.418,1834.6774193548388
1361228441.043,25875.0
1361228437.139,3269.53125
1361228436.819,422386.0294117647
1361228441.359,17062.5
1361228441.549,10421.875
1361228441.548,4359.375
1361228444.451,20643.75
1361228437.087,1355.2427685950413
1361228437.633,8593.75
1361228429.695,1424.4791666666667
1361228438.014,4359.375
1361228441.79,13078.125
1361228424.708,193.41216216216216
1361228424.118,547.2916666666666
1361228425.192,1146.493544600939
1361228425.191,3582.694575471698
1361228425.191,2136.801470588235
1361228425.635,153.7202380952381
1361228444.862,89224.609375
1361228444.862,104371.52777777777
1361228445.241,54228.125
1361228445.432,99507.8125
1361228445.367,67058.03571428571
1361228445.559,3269.53125
1361228445.494,90187.5
1361228429.812,178.05125368731564
1361228445.94,1984.375
1361228451.022,25757.8125
1361228451.405,17273.4375
1361228451.405,39317.708333333336
1361228451.596,58414.0625
1361228451.66,47578.125
1361228451.66,20517.578125
1361228444.936,54886.71875
1361228444.807,51722.65625
1361228444.807,86987.84722222223
1361228444.806,133762.5
1361228444.782,17179.6875
1361228445.357,110848.95833333333
1361228445.419,123229.16666666667
1361228445.611,9386.71875
1361228451.325,37614.583333333336
1361228451.325,39229.166666666664
1361228451.325,33557.291666666664
1361228451.324,48489.583333333336
1361228451.579,50046.875
1361228451.579,34468.75
1361228451.579,47453.125
1361228451.706,6539.0625
1361228451.641,49083.333333333336
1361228451.705,17218.75
1361228451.832,6539.0625
1361228430.011,98.9275147928994
1361228430.011,275.304203539823
1361228458.313,127348.95833333333
1361228458.249,17195.3125
1361228458.312,24000.0
1361228458.945,17375.0
1361228459.136,4359.375
1361228457.678,17529.01785714286
1361228458.229,131167.96875
1361228458.228,28445.3125
1361228447.411,191.17647058823528
1361228458.418,4359.375
1361228437.298,1248.857821637427
1361228437.039,123.59154929577466
1361228438.859,53.687118902439025
1361228437.851,5098.958333333333
1361228439.29,6394.791666666666
1361228441.787,1425.60927672956
1361228441.85,142.59040880503147
1361228461.285,25703.125
1361228461.857,13078.125
1361228461.856,34796.875
1361228461.983,6539.0625
1361228465.82,25171.875
1361228465.82,10421.875
1361228465.819,33996.875
1361228466.073,48265.625
1361228466.073,62020.833333333336
1361228466.073,22385.416666666668
1361228466.263,40953.125
1361228466.261,1307.8125
1361228466.433,1868.3035714285713
1361228461.595,18710.9375
1361228465.368,25781.25
1361228465.749,20703.125
1361228465.747,23285.15625
1361228466.002,39085.9375
1361228466.065,62151.041666666664
1361228466.063,43427.083333333336
1361228466.19,17429.6875
1361228466.802,35645.833333333336
1361228446.184,5011.184210526316
1361228445.098,1205.862915407855
1361228451.709,354.6831955922865
1361228474.56,32316.40625
1361228474.56,34128.90625
1361228474.687,6539.0625
1361228474.686,12536.458333333334
1361228474.877,13078.125
1361228474.129,24476.5625
1361228474.511,77270.83333333333
1361228474.51,17500.0
1361228474.51,31463.541666666668
1361228458.639,81.9546568627451
1361228459.525,1923.1043781725887
1361228458.612,187.3468137254902
1361228458.801,399.05326354679806
1361228458.992,30656.25
1361228459.435,122375.0
1361228459.497,2616.107723577236
1361228484.715,69343.75
1361228484.472,34511.71875
1361228484.472,42890.625
1361228484.472,51369.791666666664
1361228484.662,126265.625
1361228484.661,132562.5
1361228474.584,526.4112903225806
1361228483.827,17175.78125
1361228484.401,38291.666666666664
1361228484.399,12281.25
1361228465.955,80.45308022922636
1361228466.208,21661.458333333332
1361228488.657,84796.875
1361228488.656,69957.03125
1361228488.719,127785.15625
1361228484.943,19947.916666666668
1361228484.687,79489.58333333333
1361228484.751,68059.89583333333
1361228485.131,16796.875
1361228485.195,13078.125
1361228485.258,10648.4375
1361228485.512,13078.125
1361228488.097,77175.0
1361228488.097,42411.458333333336
1361228488.352,137518.75
1361228488.288,51534.375
1361228488.479,49875.0
1361228484.443,8050.000000000001
1361228484.889,92142.85714285714
1361228488.665,4359.375
1361228488.728,21531.25
1361228485.015,85897.32142857143
1361228488.919,13078.125
1361228484.694,67055.80357142857
1361228485.059,95693.75
1361228485.059,42726.5625
1361228487.709,26800.78125
1361228488.027,11510.416666666666
1361228488.026,110040.17857142857
1361228488.026,95281.25
1361228488.026,93352.67857142857
1361228488.472,63164.0625
1361228469.63,83.39088397790056
1361228469.778,11390.625
1361228475.101,3091.314935064935
1361228475.228,1512.9032258064517
1361228475.291,228.20461783439492
1361228500.613,208253.90625
1361228500.613,123171.875
1361228500.676,113203.125
1361228499.355,2156.25
1361228499.864,27179.6875
1361228500.182,137500.0
1361228500.182,38929.6875
1361228500.182,61554.6875
1361228500.18,42643.75
1361228500.308,90296.875
1361228500.435,137598.95833333334
1361228500.689,6539.0625
1361228484.624,112.11734693877551
1361228488.075,1114.231418918919
1361228500.1,17515.625
1361228500.1,36867.1875
1361228500.482,116371.09375
1361228500.482,97864.58333333333
1361228500.704,17273.4375
1361228500.895,1736.328125
1361228485.721,1118.3449074074074
1361228488.017,59.00735294117647
1361228484.718,155.53435114503816
1361228485.729,1790.8779373368147
1361228485.861,391.7824074074074
1361228509.694,17312.5
1361228509.82,6087.053571428572
1361228509.174,27035.15625
1361228509.747,6539.0625
1361228509.938,6539.0625
1361228499.849,539.0114379084968
1361228521.149,6539.0625
1361228518.453,13078.125
1361228518.835,1016.9642857142858
1361228523.544,10335.9375
1361228517.808,33193.75
1361228509.871,624.7632575757576
1361228518.252,21265.625
1361228518.252,1175.2232142857142
1361228499.857,76.97368421052632
1361228499.984,333.1866197183099
1361228530.498,13807.291666666666
1361228530.498,6539.0625
1361228529.856,30562.5
1361228505.919,53.467465753424655
1361228530.234,11255.208333333334
1361228530.677,1868.3035714285713
1361228509.82,6234.375
1361228509.819,192796.875
1361228510.262,545.8653846153846
1361228537.07,34671.875
1361228536.187,37070.3125
1361228536.631,6539.0625
1361228537.113,13078.125
1361228530.315,848.4213917525774
1361228536.425,18539.0625
1361228518.31,214.47368421052633
1361228518.211,70.64260563380282
1361228545.078,20781.25
1361228545.078,89671.875
1361228545.396,118580.72916666667
1361228545.396,77855.90277777777
1361228545.459,88503.90625
1361228545.587,125255.20833333333
1361228545.586,4359.375
1361228545.585,98601.5625
1361228545.776,8593.75
1361228544.966,98900.0
1361228544.966,105888.02083333333
1361228544.966,73910.15625
1361228544.966,72603.515625
1361228545.895,13078.125
1361228530.399,155.24409871244634
1361228544.535,20721.875
1361228520.958,1736.738782051282
1361228530.886,2874.796195652174
1361228530.105,95.79694323144105
1361228536.166,6421.875
1361228536.418,7583.333333333333
1361228536.604,3334.3531468531464
1361228536.334,1195.6062030075188
1361228536.835,1590.9090909090908
1361228536.933,250.11003521126761
1361228562.953,361.1111111111111
1361228545.05,29168.75
1361228583.288,15.860552763819095
1361228595.801,27992.1875
1361228596.218,2156.25
1361228597.191,22.15909090909091
1361228613.473,5.546075085324232
1361228761.268,99778.64583333333
1361228761.583,99617.1875
1361228761.837,132856.77083333334
1361228761.964,4359.375
1361228761.963,153709.375
1361228762.595,58550.34722222222
1361228761.03,97526.04166666667
1361228760.645,25339.84375
1361228761.027,40090.144230769234
1361228761.027,127571.875
1361228761.593,108750.0
1361228762.08,12557.291666666666
1361228762.271,13078.125
1361228762.523,124591.51785714286
1361228760.98,52802.55681818182
1361228760.98,76189.453125
1361228760.979,17578.125
1361228769.529,337629.1666666667
1361228769.659,6539.0625
1361228761.106,625.7102272727273
1361228768.722,11147.727272727274
1361228769.48,21445.3125
1361228769.48,2911.184210526316
1361228770.536,34765.625
1361228770.725,6539.0625
1361228769.588,1563.3928571428573
1361228779.403,20734.375
1361228776.201,17468.75
1361228776.261,1448.7390350877195
1361228776.392,6539.0625
1361228776.583,6539.0625
1361228779.906,74828.125
1361228779.905,22765.625
1361228775.746,8503.90625
1361228776.318,17281.25
1361228779.835,17109.375
1361228779.835,24804.6875
1361228779.96,1634.765625
1361228761.712,97.26962457337885
1361228761.56,213.135593220339
1361228761.132,115.39909638554218
1361228781.216,3855.902777777778
1361228785.374,16859.375
1361228785.817,8636.71875
1361228786.134,35062.5
1361228787.437,10277.34375
1361228788.332,129209.375
1361228781.224,878.158244680851
1361228781.773,1634.765625
1361228786.055,13078.125
1361228786.182,6539.0625
1361228788.261,8628.90625
1361228788.516,6132.8125
1361228779.81,158144.53125
1361228780.348,1026.1051829268292
1361228761.788,360.32863849765255
1361228763.18,1215.2716431095407
1361228763.349,145.95905172413794
1361228761.837,32.89473684210526
1361228762.818,1715.1528776978419
1361228763.007,2089.2137096774195
1361228785.907,2138.774671052631
1361228790.767,3269.53125
1361228787.658,1783.2446808510638
1361228788.358,195899.21875
1361228790.438,17437.5
1361228790.565,8484.375
1361228788.605,2630.37109375
1361228770.266,443.4051003344482
1361228771.025,1561.7482817869416
1361228771.137,2812.5
1361228771.328,4862.9306891025635
1361228770.984,113.93900343642612
1361228771.236,1280.5059523809523
1361228771.616,88.77612540192926
1361228771.806,197.40246815286625
1361228797.411,17562.5
1361228797.601,4359.375
1361228802.328,275472.22222222225
1361228802.58,6539.0625
1361228797.294,1045.2927215189873
1361228796.846,25300.78125
1361228797.357,6539.0625
1361228797.226,17359.375
1361228801.832,20489.583333333332
1361228802.257,117347.65625
1361228802.26,17195.3125
1361228802.26,27062.5
1361228802.896,4337.890625
1361228803.467,2615.625
1361228809.965,69723.21428571429
1361228809.965,70558.23863636365
1361228810.663,93105.90277777777
1361228810.406,81534.375
1361228810.662,66416.66666666667
1361228807.523,20271.875
1361228811.041,3269.53125
1361228807.884,21523.4375
1361228811.147,14390.625
1361228808.71,4359.375
1361228809.598,25359.375
1361228809.916,11578.125
1361228809.916,51734.375
1361228809.916,73724.43181818181
1361228809.915,77809.375
1361228810.153,28705.35714285714
1361228802.342,948.4554597701149
1361228810.464,81991.31944444444
1361228810.596,58851.5625
1361228810.595,65331.597222222226
1361228802.594,1501.0
1361228791.01,185.546875
1361228811.292,13078.125
1361228807.963,6539.0625
1361228808.539,37671.875
1361228786.373,106.43236074270557
1361228786.436,283.7367374005305
1361228788.806,108.49406528189911
1361228791.229,1885.0250626566417
1361228792.028,7270.833333333333
1361228791.569,130.34018987341773
1361228815.014,296887.27678571426
1361228820.096,4367.1875
1361228820.351,13078.125
1361228820.478,13078.125
1361228817.657,2156.25
1361228809.973,1880.9956395348836
1361228817.973,8734.375
1361228814.434,20309.895833333332
1361228814.942,18664.0625
1361228814.942,43343.75
1361228815.069,4359.375
1361228815.956,20890.625
1361228816.151,2615.625
1361228816.725,8195.3125
1361228819.604,25273.4375
1361228820.086,17273.4375
1361228820.276,43171.875
1361228802.986,534.6852836879432
1361228803.81,1517.0087638376383
1361228804.064,88.46393034825871
1361228802.739,1639.0695701357465
1361228803.28,189.00669642857142
1361228803.724,3770.0559701492534
1361228804.167,146.23786407766988
1361228808.272,607.3404947916666
1361228808.97,2311.373873873874
1361228808.983,216.35698198198196
1361228836.327,23925.78125
1361228836.71,40937.5
1361228838.654,19000.0
1361228815.253,74.8081841432225
1361228815.738,637.8100522193212
1361228817.261,471625.0
1361228815.149,68.41432225063939
1361228815.149,156.3299232736573
1361228815.276,238031.25
1361228816.354,17480.902777777777
1361228816.839,12697.916666666666
1361228817.416,4710.9375
1361228836.938,11666.666666666666
1361228837.127,98761.71875
1361228838.277,2614.5833333333335
1361228838.276,10265.625
1361228838.275,15156.25
1361228838.783,9007.8125
1361228839.589,25781.25
1361228840.162,13078.125
1361228840.353,6539.0625
1361228840.161,17539.0625
1361228844.061,8894.53125
1361228836.696,101307.29166666667
1361228844.375,4359.375
1361228837.59,14109.375
1361228836.885,4359.375
1361228837.653,35957.03125
1361228838.204,6539.0625
1361228838.204,19152.34375
1361228837.37,13281.25
1361228837.433,7640.625
1361228838.457,25042.96875
1361228838.52,22312.5
1361228842.55,17700.89285714286
1361228843.057,14442.708333333334
1361228843.057,108255.20833333333
1361228843.057,260473.3455882353
1361228843.056,23578.125
1361228843.247,4359.375
1361228839.917,17664.0625
1361228839.917,2760.3283898305085
1361228820.176,69.83646953405018
1361228836.622,122643.75
1361228818.021,28031.25
1361228838.285,2435.728092783505
1361228838.409,53.792317708333336
1361228852.261,17445.3125
1361228852.453,4359.375
1361228838.111,166.04166666666666
1361228843.7,782.5520833333334
1361228851.824,20712.5
1361228852.376,41921.875
1361228852.566,6539.0625
1361228836.79,218.5049019607843
1361228837.161,1272.2858565737051
1361228836.814,142.8931451612903
1361228838.913,11953.125
1361228838.927,24234.375
1361228867.352,27812.5
1361228843.365,664.7727272727273
1361228843.744,9872.395833333334
1361228844.06,3133.9285714285716
1361228844.609,2220.3125
1361228843.272,93.53146853146853
1361228843.339,213.7237762237762
1361228843.822,17595.703125
1361228844.52,378890.625
1361228852.385,40476.5625
1361228880.649,406.25
1361228880.649,1437.5
1361228870.527,6421.875
1361228870.72,7822.916666666667
1361228879.438,77.38095238095238
1361228902.369,68.30357142857142
1361228911.488,10.97972972972973
1361228930.251,2156.25
1361228930.175,2156.25
1361228978.412,22250.0
1361229013.767,3658.2880434782605
1361229013.702,3269.53125
1361229013.502,306736.11111111107
1361229013.502,3056.134259259259
1361229015.674,6539.0625
1361229013.821,15642.578125
1361229015.588,17203.125
1361229015.715,17302.083333333332
1361229014.366,17367.1875
1361229016.153,12489.583333333334
1361229016.348,11692.708333333334
1361229016.348,4359.375
1361229027.449,13078.125
1361229027.639,10609.375
1361229027.703,16458.333333333332
1361229028.147,35046.875
1361229028.274,37609.375
1361229028.274,13078.125
1361229015.252,584.4761690647482
1361229033.016,17406.25
1361229033.578,23941.40625
1361229033.94,67667.96875
1361229034.067,11557.291666666666
1361229033.938,135334.375
1361229034.066,6539.0625
1361229034.321,6539.0625
1361229013.617,93.44262295081968
1361229013.617,77.66393442622952
1361229013.903,386.1019736842105
1361229014.092,19890.625
1361229014.344,211.7003367003367
1361229014.974,3750.0
1361229015.1,16812.5
1361229015.898,1994.4156137184116
1361229014.036,6275.0
1361229015.593,1227.830497382199
1361229015.782,192.02302631578945
1361229033.913,535.7142857142857
1361229045.653,17304.6875
1361229045.842,13078.125
1361229045.842,17500.0
1361229046.031,7539.0625
1361229045.197,21031.25
1361229046.285,47567.708333333336
1361229046.857,6539.0625
1361229046.92,10265.625
1361229046.856,10104.166666666666
1361229047.79,79550.78125
1361229047.79,18656.25
1361229048.106,13921.875
1361229045.599,2426.470588235294
1361229045.917,13078.125
1361229045.084,10625.0
1361229047.086,15203.125
1361229047.784,8484.375
1361229047.782,2614.5833333333335
1361229048.164,22312.5
1361229048.354,24007.8125
1361229048.735,152012.5
1361229048.862,4359.375
1361229049.244,6539.0625
1361229027.701,1490.0390625
1361229045.792,122.1520935960591
1361229051.214,1782.912234042553
1361229060.4,20993.303571428572
1361229061.16,5320.3125
1361229061.244,13947.916666666666
1361229062.775,77748.26388888889
1361229062.774,79343.75
1361229062.774,46440.97222222222
1361229063.154,119305.80357142857
1361229063.323,71154.01785714286
1361229063.323,75031.25
1361229063.512,4359.375
1361229061.914,11489.583333333334
1361229055.064,167.6912568306011
1361229063.249,17713.541666666668
1361229062.164,6539.0625
1361229063.695,86204.86111111111
1361229063.695,7028.125
1361229063.695,101421.875
1361229062.414,6539.0625
1361229064.266,155054.6875
1361229064.265,29958.333333333332
1361229064.265,40425.78125
1361229048.688,400.71298543689323
1361229064.495,11593.75
1361229064.748,13078.125
1361229065.89,132.29166666666666
1361229045.872,90.37162162162163
1361229047.241,26.041666666666668
1361229047.553,55.52944862155389
1361229048.441,18109.375
1361229048.503,1141.1684782608695
1361229045.839,206.46114864864865
1361229046.954,2040.4758165829144
1361229047.877,98.99870801033592
1361229048.195,116875.0
1361229069.693,6539.0625
1361229069.176,23.214285714285715
1361229069.367,94158.85416666667
1361229070.513,8734.375
1361229071.279,15218.75
1361229071.343,13984.375
1361229071.406,24028.645833333332
1361229072.148,3269.53125
1361229072.212,2614.5833333333335
1361229069.809,20653.645833333332
1361229074.799,25042.96875
1361229061.934,1234.0171755725191
1361229070.25,8621.09375
1361229070.314,220465.19886363638
1361229071.699,6578.125
1361229071.826,2156.25
1361229073.223,10104.166666666666
1361229073.223,1975.5859375
1361229073.477,2589.84375
1361229076.929,15165.17857142857
1361229073.668,11156.25
1361229073.795,6005.208333333333
1361229077.413,17265.625
1361229074.403,15321.875
1361229077.603,18718.75
1361229077.083,6539.0625
1361229074.114,19000.0
1361229054.42,226.64930555555557
1361229076.923,6539.0625
1361229061.167,481.04508196721315
1361229069.56,2129.385964912281
1361229072.693,4984.375
1361229070.659,2250.0
1361229072.258,127192.70833333333
1361229072.258,234.375
1361229072.511,60453.125
1361229082.65,5.803571428571429
1361229077.119,169812.5
1361229075.086,16906.25
1361229077.056,9039.0625
1361229074.295,36476.5625
1361229102.832,3437.5
1361229094.508,74.65277777777777
1361229125.609,36604.166666666664
1361229126.013,12.551229508196721
1361229127.49,60.13257575757576
1361229136.457,10.906040268456376
1361230268.847,8062.5
1361230271.009,2577.4066091954023
1361230493.789,206796.875
1361230542.611,91978.125
1361230477.699,35111.1
1361231397.432,12958.333333333334
1361231393.29,18541.666666666668
1361231393.275,8671.875
1361231393.1,3851.5625
1361231398.408,8731.971153846152
1361231446.142,2414.0625
1361231437.001,11.421783625730994
1361231458.068,2156.25
1361231446.221,3423.6111111111113
1361231581.224,27812.5
1361231649.774,3706.25
1361231671.433,27812.5
1361231649.773,7520.833333333333
1361231709.78,2156.25
1361231755.682,18781.25
1361231739.195,90.625
1361231825.834,15995.535714285714
1361231872.29,1359.375
1361231917.907,302.0833333333333
1361231956.873,1359.375
1361231961.025,5.362426035502958
1361232035.874,906.25
1361232060.98,5.4593373493975905
1361232065.755,3625.0
1361232305.519,45015.625
1361232305.709,28945.3125
1361232305.837,17921.875
1361232305.506,22507.8125
1361232313.498,2301.3930722891564
1361232313.578,7896.407480314961
1361232314.914,1948.2142857142858
1361232314.914,11558.41121495327
1361232313.527,11170.691287878788
1361232314.843,1141.813858695652
1361232314.843,2490.9226190476193
1361232314.842,9976.709905660377
1361232314.842,2586.371527777778
1361232308.201,74302.734375
1361232308.564,10968.75
1361232308.754,9244.791666666666
1361232306.182,3415.8653846153848
1361232313.547,11187.5
1361232313.673,4326.086956521739
1361232315.17,169.41964285714286
1361232337.254,165.77743902439025
1361232337.189,2913.6991279069766
1361232337.253,826.7746913580247
1361232337.695,470.3125
1361232337.698,197.8515625
1361232339.459,1908.313679245283
1361232337.142,3174.1573033707864
1361232337.206,6734.1796875
1361232337.243,566.0416666666666
1361232342.832,435.45484293193715
1361232367.856,179.6875
1361232356.32,8.60252808988764
1361232356.32,8.554469273743017
1361232370.048,2341.024709302326
1361232355.229,4520.833333333333
1361232355.484,13395.833333333334
1361232381.995,22250.0
1361232369.496,1493.527508090615
1361232369.94,68.39622641509433
1361232399.43,2156.25
1361232387.642,105.89334239130436
1361232465.861,8390.625
1361232465.974,7679.6875
1361232466.1,2796.875
1361232467.478,27812.5
1361232465.288,32460.06944444444
1361232465.903,369765.625
1361232466.278,12539.0625
1361232466.278,41125.0
1361232466.278,9773.4375
1361232466.278,42937.5
1361232466.278,40750.0
1361232466.278,25390.625
1361232466.278,35484.375
1361232465.632,274398.4375
1361232466.109,8437.5
1361232466.173,81250.0
1361232466.172,44750.0
1361232466.172,43890.625
1361232466.172,40890.625
1361232466.235,8937.5
1361232466.17,11156.25
1361232466.17,36828.125
1361232485.782,6781.25
1361232485.97,7583.333333333333
1361232502.524,428024.5535714286
1361232489.834,25718.75
1361232515.454,2156.25
1361232522.277,13109.375
1361232523.204,8390.625
1361232523.713,8390.625
1361232543.909,27992.1875
1361232521.966,154656.25
1361232522.529,12482.421875
1361232523.033,314375.0
1361232522.793,14437.5
1361232525.247,150.74728260869566
1361232550.412,2156.25
1361232466.243,1740.1728151862462
1361232561.916,86.21404867256636
1361232577.54,9161.509900990099
1361232577.923,130.5921052631579
1361232582.275,4919.140625
1361232578.24,714.7569444444445
1361232582.718,264.2857142857143
1361232582.781,4750.0
1361232582.717,4328.125
1361232578.493,2899.5535714285716
1361232583.541,3166.6666666666665
1361232583.605,2489.5833333333335
1361232579.806,177.8846153846154
1361232579.869,10997.0703125
1361232579.932,38782.73809523809
1361232579.996,2212.701612903226
1361232579.996,8473.958333333334
1361232584.218,4750.0
1361232581.014,16379.766949152543
1361232581.014,15326.800847457625
1361232581.014,15305.327868852459
1361232581.014,7536.684782608695
1361232581.014,27012.447033898305
1361232581.014,10449.417372881357
1361232581.014,8763.57581967213
1361232581.014,9628.396739130436
1361232581.014,20961.616847826084
1361232581.014,11752.561475409835
1361232582.323,3277.1381578947367
1361232582.577,5959.375
1361232582.576,3734.375
1361232583.528,4289.0625
1361232579.496,1683.4239130434783
1361232583.634,2429.6875
1361232579.728,259.1346153846154
1361232579.919,931.9556451612904
1361232579.915,5693.38474025974
1361232579.918,448.77049180327873
1361232584.012,4750.0
1361232584.138,4750.0
1361232584.202,950.0
1361232580.934,8274.099576271186
1361232580.934,12072.010869565216
1361232580.934,12996.292372881357
1361232580.934,4762.182203389831
1361232580.934,16726.959745762713
1361232580.934,8500.256147540984
1361232580.934,18820.44057377049
1361232580.934,25726.959745762713
1361232580.934,12789.989406779661
1361232584.575,1079.6030405405406
1361232584.575,4362.9645270270275
1361232584.575,11921.875
1361232584.766,40443.080357142855
1361232585.149,2043.269230769231
1361232585.149,2319.471153846154
1361232585.149,2665.625
1361232584.118,242.578125
1361232584.374,259.86842105263156
1361232584.054,2683.2561728395062
1361232584.118,2566.5441176470586
1361232584.374,324.6299342105263
1361232584.438,203.95833333333331
1361232584.565,5144.8479729729725
1361232584.565,3632.6013513513512
1361232584.565,15431.798986486487
1361232584.756,153341.05603448275
1361232584.76,28945.758928571428
1361232585.138,2684.6153846153843
1361232585.138,6284.134615384615
1361232585.138,2154.0865384615386
1361232582.438,3028.301886792453
1361232583.779,684.1911764705883
1361232585.848,489.6875
1361232585.911,1185.546875
1361232590.387,9500.0
1361232590.386,3734.375
1361232582.704,109.21717171717171
1361232590.828,9500.0
1361232590.828,8484.375
1361232583.529,1485.2941176470588
1361232583.528,254.54215116279073
1361232591.271,4750.0
1361232579.791,7931.0533216783215
1361232579.791,5727.430555555556
1361232579.791,4789.0625
1361232579.79,4152.34375
1361232579.918,5248.569542253521
1361232580.045,2195.69493006993
1361232583.948,2205.893987341772
1361232592.2,1348.5576923076924
1361232585.027,784.8557692307693
1361232585.793,1520.0892857142858
1361232585.793,1064.0943877551022
1361232582.143,2919.9766355140187
1361232590.313,8656.25
1361232582.376,103.81610576923077
1361232582.376,103.81610576923077
1361232586.344,427.5914634146342
1361232590.31,3734.375
1361232582.629,253.94570707070707
1361232582.692,746.6856060606061
1361232590.882,4750.0
1361232591.008,9500.0
1361232591.067,571.6911764705882
1361232591.005,9500.0
1361232583.453,12392.078488372093
1361232583.452,380.4505813953488
1361232583.452,605.688202247191
1361232583.511,2549.0552325581393
1361232579.738,14852.430555555555
1361232580.86,212.74717514124293
1361232581.243,2912.964876033058
1361232584.377,815.8010563380282
1361232584.952,239.41532258064515
1361232584.035,447.53086419753083
1361232584.035,2683.2561728395062
1361232575.622,4884.014423076924
1361232585.764,3683.1121575342463
1361232585.764,1020.168439716312
1361232589.855,63.13961988304094
1361232588.855,9237.215909090908
1361232588.855,10696.77734375
1361232588.918,2519.9468085106387
1361232588.918,6281.083776595745
1361232588.918,653.2258064516129
1361232585.707,2744.4592198581563
1361232588.78,4460.9375
1361232588.78,6704.934210526316
1361232588.843,794.8803191489362
1361232588.843,4339.144736842106
1361232581.114,5924.3140243902435
1361232579.785,9412.458609271524
1361232580.039,4535.23489932886
1361232581.478,149.59490740740742
1361232582.569,153.02579365079367
1361232582.568,234.9537037037037
1361232584.177,1184.8759541984732
1361232582.41,200.89285714285714
1361232582.474,118.78315649867375
1361232584.902,151.45089285714286
1361232589.853,71.42001915708812
1361232592.108,37.42121848739496
1361232592.931,78.26450892857143
1361232588.471,8234.375
1361232589.403,512.1527777777778
1361232589.467,23265.625
1361232589.466,17333.333333333332
1361232586.32,283.0882352941176
1361232589.067,16506.25
1361232589.067,3717.3295454545455
1361232589.384,11710.9375
1361232589.574,22450.89285714286
1361232588.827,10672.916666666668
1361232590.472,9296.875
1361232590.727,8312.5
1361232590.506,18593.75
1361232590.57,7603.515625
1361232590.441,7468.75
1361232590.109,555.5555555555555
1361232590.551,16046.875
1361232590.551,236208.33333333334
1361232590.614,2864.5833333333335
1361232589.959,21831.25
1361232590.022,8984.375
1361232589.958,58.19589120370371
1361232590.403,34421.875
1361232590.401,97010.41666666667
1361232592.279,31.16554054054054
1361232606.603,30.354299363057326
1361232606.603,30.354299363057326
1361232592.133,468.75
1361232606.555,87.19235751295338
1361232607.317,11375.0
1361232606.93,6781.25
1361232610.699,85.52631578947368
1361232591.908,12913.963328631877
1361232592.566,16387.995049504952
1361232637.369,238.63636363636365
1361232637.432,585.9375
1361232637.366,1143.75
1361232637.43,585.9375
1361232637.43,656.25
1361232592.229,18678.634129213482
1361232638.367,16328.125
1361232641.201,88.31521739130436
1361232639.277,6481.398809523809
1361232584.438,24190.406418139894
1361232666.781,2156.25
1361232666.735,2156.25
1361232674.465,27992.1875
1361232666.72,85.3125
1361232697.289,90.85648148148148
1361232722.82,85.3125
1361232753.49,89.42610062893083
1361232778.777,85.0997506234414
1361232809.176,88.59034267912773
1361232834.904,84.25925925925925
1361232865.701,88.31521739130436
1361232892.054,84.25925925925925
1361232922.961,84.25925925925925
1361232953.674,88.31521739130436
1361232979.301,84.46782178217822
1361233010.141,135.41666666666666
1361233034.641,88.04179566563468
1361233060.389,83.02919708029196
1361233091.623,84.05172413793103
1361233122.513,87.5
1361233148.422,84.25925925925925
1361233180.08,85.0997506234414
1361233210.621,88.04179566563468
1361233236.538,84.46782178217822
1361233267.208,86.43617021276596
1361233293.297,97.9779411764706
1361233320.029,84.25925925925925
1361233350.548,85.91389728096676
1361233376.837,84.88805970149254
1361233407.411,110.36849710982659
1361233434.641,86.96483180428135
1361233460.583,157.44617224880383
1361233491.327,88.31521739130436
1361233516.951,84.6774193548387
1361233547.631,86.17424242424244
1361233573.887,82.42753623188406
1361233601.255,82.2289156626506
1361233632.76,116.93548387096773
1361233683.067,27812.5
1361233663.363,87.77006172839506
1361233689.341,99.14434523809523
1361233715.786,83.02919708029196
1361233746.983,85.91389728096676
1361233775.504,8687.5
1361233776.016,27812.5
1361233782.541,19223.958333333332
1361233782.729,3921.875
1361233778.379,30.354299363057326
1361233784.616,19213.541666666668
1361233782.343,24187.5
1361233778.243,30.354299363057326
1361233784.781,1836.730072463768
1361233773.432,83.02919708029196
1361233788.512,584.5209478021977
1361233813.086,30.354299363057326
1361233828.765,8382.8125
1361233813.085,30.354299363057326
1361233826.996,8070.3125
1361233827.25,8476.5625
1361233827.884,97359.375
1361233828.075,15421.875
1361233828.267,8625.0
1361233824.807,9500.0
1361233813.03,30.354299363057326
1361233813.029,30.354299363057326
1361233827.563,16125.0
1361233827.816,15843.75
1361233827.879,13207.03125
1361233804.955,101.5625
1361233829.077,19180.55555555556
1361233828.82,6879.340277777777
1361233828.828,13968.75
1361233812.371,31240.808823529413
1361233813.425,502.60416666666663
1361233813.488,19213.541666666668
1361233813.521,4543.402777777777
1361233840.84,1805.186170212766
1361233828.81,84.57880434782608
1361233825.73,808.5227272727273
1361233825.73,1398.1900452488687
1361233822.526,7206.029275092937
1361233825.66,1036.5767045454545
1361233825.659,1091.619318181818
1361233821.862,12660.87962962963
1361233821.862,19682.72569444444
1361233823.676,77578.125
1361233823.679,43296.875
1361233823.615,28375.0
1361233823.679,4900.32327586207
1361233821.143,11968.75
1361233821.333,25842.117537313432
1361233821.713,13129.032258064515
1361233821.777,259160.15625
1361233821.777,5797.743055555556
1361233821.777,15622.829861111111
1361233822.833,32213.778409090908
1361233823.275,1522.7272727272727
1361233823.592,35031.25
1361233823.919,12835.9375
1361233824.147,39138.020833333336
1361233824.211,6348.599137931034
1361233824.211,126921.875
1361233825.097,1660.793439716312
1361233825.096,8060.15625
1361233825.096,3520.220588235294
1361233825.096,9317.1875
1361233825.092,6658.7171052631575
1361233826.151,64635.41666666667
1361233826.468,4512.5
1361233826.848,8509.375
1361233827.039,3098.214285714286
1361233826.847,4847.861842105262
1361233827.206,14442.708333333334
1361233824.125,252000.0
1361233824.125,130734.375
1361233824.995,8375.0
1361233824.994,1632.8125
1361233825.248,33927.38970588236
1361233825.627,2536.3353018372704
1361233825.626,38301.33928571428
1361233826.134,6173.828125
1361233826.191,22975.0
1361233826.932,22156.25
1361233827.122,2399.305555555555
1361233843.738,225.46214788732394
1361233826.64,32018.749999999996
1361233826.959,4567.708333333333
1361233827.978,403718.75
1361233826.357,3889.0625
1361233827.248,13875.0
1361233828.169,6781.25
1361233828.278,2656.25
1361233828.402,14250.0
1361233837.999,21593.75
1361233837.998,14395.833333333334
1361233843.269,283.6277173913043
1361233814.069,3501.6634270334926
1361233867.537,2242.1875
1361233872.275,3437.5
1361233870.737,2156.25
1361233867.306,20312.5
1361233998.403,2186.0795454545455
1361234003.124,28765.625
1361233997.966,627.3082386363636
1361233998.706,50188.32236842105
1361234002.922,23781.25
1361234003.498,4236.979166666667
1361234004.55,97374.0234375
1361234022.518,1822.0108695652173
1361234005.155,118881.69642857143
1361234012.337,1625.0
1361234012.342,4274.553571428572
1361234015.758,14395.833333333334
1361234015.654,8341.145833333334
1361234026.011,541.6666666666666
1361234026.264,11726.5625
1361234052.547,2156.25
1361234045.821,6234.375
1361234068.998,12093.75
1361234069.187,1750.0
1361234069.311,18786.458333333332
1361234069.116,22507.8125
1361234074.259,37164.0625
1361234071.698,2156.25
1361234078.396,2739.0625
1361234082.596,287.5
1361234075.679,266.6181144067797
1361234087.572,425.0
1361234075.664,363.1318306010929
1361234070.108,3724.905303030303
1361234072.729,66527.34375
1361234075.898,103718.75
1361234075.897,104835.9375
1361234073.164,5484.375
1361234075.642,1695.436507936508
1361234076.212,1138.599537037037
1361234076.465,20789.0625
1361234074.597,25305.932971014492
1361234074.597,9778.759057971014
1361234074.597,4611.083984375
1361234074.597,6499.0234375
1361234074.567,15273.193359375
1361234074.567,16069.12878787879
1361234076.02,12062.5
1361234079.905,15503.90625
1361234079.817,15535.15625
1361234088.187,180.55555555555554
1361234101.873,3352.6785714285716
1361234101.213,1937.5
1361234118.007,1625.0
1361234155.22,6831.597222222223
1361234160.652,2156.25
1361234160.652,2156.25
1361234079.764,282418.15524852846
1361234205.052,1978.125
1361234204.726,688.9204545454546
1361234451.547,757.8125
1361234451.552,2472.65625
1361234482.903,2170.6969246031745
1361234482.554,17828.125
1361234488.732,42.47617302052786
1361234655.855,4195.3125
1361234656.109,8390.625
1361234655.907,4906.25
1361234657.495,116313.72767857142
1361234669.548,106128.37009803922
1361234655.403,46171.875
1361234655.465,8734.375
1361234655.401,43843.75
1361234655.465,41171.875
1361234656.313,60000.0
1361234656.376,32203.125
1361234656.376,10734.375
1361234655.514,97479.16666666667
1361234656.236,523156.25
1361234678.943,65.3409090909091
1361234680.414,12564.873417721517
1361234694.228,1571.1805555555557
1361234699.027,7546.875
1361234698.961,8390.625
1361234691.212,1783.2446808510638
1361234697.602,112.40433673469389
1361234698.285,112.87568306010928
1361234698.349,118559.02777777777
1361234697.359,61648.89705882353
1361234699.433,279218.75
1361234727.254,12966.463414634147
1361234715.721,812.5
1361234740.532,9156.25
1361234740.848,7578.125
1361234739.735,264255.859375
1361234740.475,6781.25
1361234767.668,2156.25
1361234767.593,469.53125
1361234775.412,128.28947368421055
1361234810.8,33796.875
1361234807.212,91393.97321428571
1361234807.212,47628.90625
1361234807.404,2931.25
1361234808.549,3355.46875
1361234808.549,7464.84375
1361234808.549,3828.125
1361234808.91,24328.125
1361234809.165,9023.4375
1361234812.493,5966.517857142857
1361234809.165,5846.875
1361234809.228,8067.708333333334
1361234809.291,8145.833333333334
1361234809.355,20406.25
1361234809.418,3055.6640625
1361234809.481,9229.166666666666
1361234809.672,3450.5208333333335
1361234809.672,47375.0
1361234809.926,13242.1875
1361234810.053,36468.75
1361234810.052,20203.125
1361234810.307,1606.5340909090908
1361234810.115,68488.28125
1361234810.179,16015.625
1361234813.314,9500.0
1361234813.378,2165.625
1361234807.019,32027.83203125
1361234810.923,14666.666666666666
1361234807.205,39882.44047619047
1361234807.145,6447.916666666667
1361234807.145,152985.11904761902
1361234807.777,8071.875
1361234807.652,15916.666666666666
1361234808.478,8810.763888888889
1361234808.732,25762.5
1361234808.731,9500.0
1361234808.859,36588.541666666664
1361234808.859,24216.145833333332
1361234809.109,23398.4375
1361234809.409,11687.5
1361234809.408,12572.916666666666
1361234809.407,4442.708333333333
1361234809.471,8046.875
1361234809.598,26328.125
1361234809.662,64062.5
1361234809.661,21640.625
1361234809.661,21062.5
1361234809.789,32734.375
1361234809.789,26578.125
1361234809.789,53791.666666666664
1361234809.916,10527.34375
1361234809.979,9390.625
1361234810.043,8156.25
1361234810.042,47750.0
1361234813.303,1799.4791666666667
1361234814.449,20052.083333333332
1361234818.606,9500.0
1361234815.906,5226.5625
1361234815.906,30644.097222222223
1361234816.029,98.7215909090909
1361234816.096,17085.9375
1361234816.096,6960.9375
1361234819.616,9500.0
1361234808.525,3281.521739130435
1361234808.779,228.70575221238937
1361234808.779,76.88053097345133
1361234814.688,9500.0
1361234814.361,2984.375
1361234815.193,82070.3125
1361234815.447,113817.70833333333
1361234815.447,59539.0625
1361234815.446,12031.25
1361234815.51,11657.291666666668
1361234815.827,9218.75
1361234815.827,9468.75
1361234815.827,57671.875
1361234815.954,4750.0
1361234816.017,7039.0625
1361234809.394,1279.53125
1361234815.776,3771.968984962406
1361234815.903,190.3409090909091
1361234809.182,1219.1800458715595
1361234809.665,1788.3318345323742
1361234808.498,513.7460443037975
1361234808.667,601.3786764705882
1361234808.718,158968.75
1361234809.645,604.0
1361234816.125,255.09615384615387
1361234837.345,82062.5
1361234837.34,52125.0
1361234836.474,126299.27884615384
1361234836.793,1367.1875
1361234837.271,34098.958333333336
1361234837.271,64994.79166666667
1361234811.097,2332.4115044247787
1361234814.731,554.586038961039
1361234813.271,151302.08333333334
1361234814.729,3183.939873417721
1361234813.17,374.43524096385545
1361234816.029,11632.8125
1361234836.85,188.90977443609023
1361234837.357,12380.859375
1361234842.284,11906.25
1361234838.951,17281.25
1361234836.709,3640.511775362319
1361234841.504,13919.034090909092
1361234836.772,91.59482758620689
1361234841.57,5531.25
1361234818.873,217.6210260115607
1361234820.448,1818.75
1361234820.417,8437.5
1361234852.337,11265.625
1361234833.506,254.78603603603605
1361234836.968,834.7739361702128
1361234837.095,40742.1875
1361234837.893,22890.625
1361234836.72,741.5081521739131
1361234840.735,27281.25
1361234840.27,3718.75
1361234840.158,124890.625
1361234840.222,9555.443548387097
1361234862.594,3898.4375
1361234866.016,137.86764705882354
1361234866.966,359.375
1361234843.569,4.403794037940379
1361234813.214,5409.960471360382
1361234870.573,20.833333333333332
1361234855.096,6421.875
1361234855.195,2014.3229166666665
1361234880.569,4752.130681818182
1361234880.44,22507.8125
1361234881.838,4768.629807692308
1361234885.035,3898.4375
1361234893.458,2156.25
1361234893.383,2156.25
1361234838.961,6154.419889502763
1361234885.436,5.275974025974026
1361234883.626,6050.347222222223
1361234885.757,8007.8125
1361234888.739,5657.8125
1361234899.188,2219.434760956175
1361234905.55,32912.83885542169
1361234890.899,331.6252886836028
1361234890.962,11688.392857142857
1361234890.962,23737.165178571428
1361234890.898,14823.125
1361234890.962,15418.26923076923
1361234890.962,14169.08482142857
1361234890.962,16828.125
1361234890.962,11516.183035714286
1361234890.961,10592.830882352942
1361234890.961,11853.794642857143
1361234891.339,2268.1587837837837
1361234891.651,43684.375
1361234891.714,34400.0
1361234890.809,6119.926948051949
1361234890.873,12952.604166666668
1361234890.873,18491.727941176472
1361234890.873,24371.603260869568
1361234890.809,9700.33482142857
1361234890.873,9286.184210526315
1361234890.873,9876.616379310346
1361234890.873,18096.59090909091
1361234890.873,13635.416666666666
1361234890.873,7994.318181818182
1361234890.873,19532.40740740741
1361234890.873,12434.659090909092
1361234895.762,293906.25
1361234927.968,656.25
1361234903.374,17479.166666666668
1361234903.28,17479.166666666668
1361234889.668,4491.359685430463
1361234907.178,6781.25
1361234907.41,7817.708333333333
1361234919.089,629.6214788732394
1361234920.521,71.51813271604938
1361234941.443,27386.26453488372
1361234923.671,1942.696049528302
1361234923.67,2771.8517945544554
1361234923.67,3318.7028894472364
1361234923.67,2048.4138257575755
1361234923.67,2046.7628588516748
1361234923.669,3209.7665847665844
1361234923.669,1803.0200839328536
1361234923.669,3069.1910885167463
1361234923.669,2262.5753012048194
1361234923.669,2139.604271356784
1361234923.669,1811.5185301507538
1361234923.669,1515.8212939698492
1361234923.668,2494.53125
1361234923.731,2734.7074468085107
1361234923.587,2531.5248115577892
1361234923.587,3107.711943069307
1361234923.587,1500.7205703883494
1361234923.587,2369.615963855422
1361234923.586,2189.4140625
1361234923.586,2178.014705882353
1361234923.586,1661.3536432160804
1361234923.585,2673.4681372549016
1361234923.585,2207.4632352941176
1361234923.585,711.5053258145363
1361234928.176,703.125
1361234928.239,487.5
1361234928.072,487.5
1361234933.296,7738.839285714285
1361234938.543,3465.625
1361234961.929,335.41666666666663
1361234961.545,377.6041666666667
1361234954.944,443.6233108108108
1361234961.304,335.64814814814815
1361234967.585,958.3333333333334
1361234949.293,258.62249163879596
1361234951.201,1309.748754152824
1361234951.201,3643.092105263158
1361234951.201,2676.8382352941176
1361234951.389,1761.418269230769
1361234951.389,1480.9762084592144
1361234951.516,1755.532786885246
1361234951.896,2553.125
1361234952.082,921.9252411575562
1361234952.824,1562.8301056338028
1361234952.824,1798.7607758620688
1361234953.266,2842.51968503937
1361234951.056,2208.165322580645
1361234951.056,2349.905303030303
1361234951.119,2381.573932926829
1361234951.119,3819.2540322580644
1361234951.119,2111.8467514124295
1361234951.119,2150.36094224924
1361234951.182,1942.9347826086955
1361234951.371,885.7618876080692
1361234951.435,6948.037790697675
1361234951.786,1011.8572695035461
1361234952.611,2061.2157534246576
1361234953.122,6530.625
1361234953.185,1839.9360236220473
1361234975.455,159009.83796296295
1361234958.304,98.48484848484848
1361234955.42,68.66197183098592
1361234957.146,161.8128272251309
1361234957.146,57.21830985915493
1361234957.145,56.423611111111114
1361234957.399,58.035714285714285
1361234957.399,57.21830985915493
1361234955.023,283.06686046511624
1361234958.196,76.171875
1361234958.51,92.85714285714286
1361234957.058,81.25
1361234956.992,66.78082191780823
1361234957.311,81.25
1361234957.311,80.10563380281691
1361234957.731,77.91095890410959
1361234961.663,193.45238095238096
1361234986.984,3437.5
1361234986.933,3437.5
1361234986.933,3437.5
1361234963.249,86.50662251655629
1361234963.312,116.07142857142857
1361234963.501,98.48484848484848
1361234964.745,92.85714285714286
1361234963.22,67.70833333333333
1361234963.22,119.48529411764706
1361234963.219,119.48529411764706
1361234965.463,1472.65625
1361234980.414,502.5550314465409
1361234986.993,18.685567010309278
1361234974.74,177.45535714285714
1361235016.633,71.875
1361235016.632,2625.0
1361235016.696,3437.5
1361235017.586,3437.5
1361235017.649,3437.5
1361235032.37,15005.208333333334
1361235032.491,19307.291666666668
1361235017.468,718.75
1361235032.273,267.85714285714283
1361235032.461,3233.2589285714284
1361235038.041,69.4247159090909
1361235039.143,1803.7696991404011
1361235039.207,5460.069444444444
1361235039.207,1808.2264957264958
1361235039.142,1638.3531157270031
1361235039.269,3748.9643371757925
1361235039.269,9969.618055555555
1361235039.265,1764.2299107142858
1361235039.333,3373.0978260869565
1361235039.333,1706.7630597014925
1361235039.333,6590.169270833333
1361235039.332,1645.0437317784256
1361235039.332,2887.8264925373137
1361235039.332,2637.7348265895953
1361235039.332,11414.0625
1361235039.332,1645.0308866279072
1361235040.058,2653.0898876404494
1361235040.121,1522.1615329512895
1361235040.248,4215.388808139534
1361235040.248,1425.3275495750709
1361235040.248,1636.5824854651164
1361235040.248,3440.2985074626863
1361235040.248,2103.648792613636
1361235040.248,3844.9041193181815
1361235040.247,7716.145833333333
1361235040.247,2090.6716417910447
1361235060.914,91595.72072072072
1361235053.554,14395.833333333334
1361235054.38,14395.833333333334
1361235056.614,7583.333333333333
1361235056.214,5546.875
1361235066.079,139.82908847184984
1361235066.122,20914.0625
1361235079.04,25146.634615384617
1361235082.026,91221.35416666667
1361235069.641,5801.063144329896
1361235084.46,20312.5
1361235088.894,1608.310758513932
1361235088.894,16390.625
1361235088.894,17085.771276595744
1361235088.958,17810.319767441862
1361235088.894,15185.069444444443
1361235088.894,19289.522058823528
1361235088.958,3956.0455607476633
1361235088.958,2253.383515815085
1361235088.958,19878.20512820513
1361235088.958,12532.393292682927
1361235088.958,18508.568548387095
1361235089.021,15942.792338709678
1361235090.073,10878.90625
1361235090.521,14139.559659090908
1361235088.781,19296.875
1361235088.781,17327.52403846154
1361235088.84,2356.6176470588234
1361235088.844,9622.093023255815
1361235088.78,2278.9960268948657
1361235088.844,14275.96507352941
1361235088.844,8579.08163265306
1361235088.843,15464.84375
1361235088.843,14126.090116279069
1361235088.843,15470.108695652174
1361235088.907,15250.248015873016
1361235115.642,2156.25
1361235115.636,2156.25
1361235121.255,11523.031655844155
1361235110.686,197.67992424242425
1361235109.269,5155.172413793103
1361235136.891,585.9375
1361235136.893,1145.8333333333333
1361235136.892,859.375
1361235137.019,1145.8333333333333
1361235136.783,525.0
1361235136.847,859.375
1361235123.666,19521.26024590164
1361235121.253,916.970802919708
1361235123.421,1361.9440700808625
1361235127.771,13281.25
1361235127.247,11578.125
1361235125.168,14395.833333333334
1361235125.169,14395.833333333334
1361235131.174,137.43055555555554
1361235131.429,11375.0
1361235137.288,1625.0
1361235160.944,2156.25
1361235144.014,5117.2490157480315
1361235146.587,10968.75
1361235147.262,5900.74481865285
1361235147.262,3557.348901098901
1361235147.325,4805.348258706467
1361235147.325,4100.809010152284
1361235147.325,3018.9420391061453
1361235147.258,3372.2993827160494
1361235147.322,3030.7003768844224
1361235147.322,2626.781798245614
1361235147.322,3310.1205583756346
1361235147.321,3546.0611979166665
1361235147.321,2228.645833333333
1361235147.174,5499.613242574258
1361235147.237,4199.609375
1361235147.237,2842.646059782609
1361235147.237,2531.897189349112
1361235147.237,4731.613005050505
1361235147.237,1769.3910256410256
1361235147.234,3567.8638059701493
1361235147.234,2176.23730964467
1361235166.891,1145.8333333333333
1361235148.889,4722.935267857143
1361235149.137,2458.1117021276596
1361235148.865,4038.7801204819275
1361235148.989,2018.8476562500002
1361235149.531,375.0
1361235159.578,3677.0833333333335
1361235159.489,3677.0833333333335
1361234885.549,35324.77678571428
1361235164.008,45.41812354312354
1361235167.29,541.6666666666666
1361235196.912,1718.75
1361235196.912,1145.8333333333333
1361235196.911,1145.8333333333333
1361235196.858,1718.75
1361235196.858,1145.8333333333333
1361235196.794,1718.75
1361235196.857,1718.75
1361235196.857,1718.75
1361235196.857,1718.75
1361235174.705,906.8014705882354
1361235175.128,8833.333333333334
1361235183.828,3678.776501766785
1361235196.963,39.40217391304348
1361235197.984,13741.94587628866
1361235197.832,80.81597222222223
1361235209.237,74198.31730769231
1361235188.504,5078.125
1361235194.787,6781.25
1361235195.172,20851.5625
1361235198.132,123549.10714285714
1361235224.475,2156.25
1361235186.863,10602.689302884615
1361235234.242,4647.863924050633
1361235234.242,2490.144230769231
1361235234.241,2556.322674418605
1361235234.305,3343.390345268542
1361235234.305,2951.1571158690176
1361235234.305,3360.0423994974876
1361235234.305,2684.698547979798
1361235234.305,3341.5521099744246
1361235234.305,2962.890625
1361235234.304,3389.090762273902
1361235234.304,2354.325699745547
1361235234.153,3560.2444225721783
1361235234.153,2702.8864503816794
1361235234.153,3533.7017952127662
1361235234.152,2678.0513743455494
1361235234.216,2865.9287084398975
1361235234.216,3113.3693609022557
1361235234.216,2817.079048843188
1361235234.216,3378.117007672634
1361235234.216,3559.5727848101264
1361235234.216,3001.1648457583547
1361235234.088,4010.6297953964195
1361235234.151,2830.5775316455697
1361235234.215,2463.218669250646
1361235254.396,2156.25
1361235256.821,179.95689655172416
1361235249.178,176600.0
1361235259.927,8377.264492753624
1361235259.99,5231.734154929577
1361235262.422,6171.006944444444
1361235260.053,4367.548076923077
1361235260.052,6137.826492537313
1361235260.051,8536.305147058823
1361235260.178,6751.865671641791
1361235260.178,5368.607954545454
1361235260.304,8079.2910447761205
1361235260.24,6072.642543859649
1361235260.302,4132.267441860466
1361235260.681,9658.043032786885
1361235260.744,10908.168859649124
1361235260.828,109882.8125
1361235259.946,5687.5
1361235259.946,9122.916666666666
1361235260.01,9124.770220588236
1361235260.01,4968.998015873016
1361235260.136,5054.19921875
1361235260.305,6361.689814814815
1361235260.492,12800.951086956522
1361235260.615,5854.567307692308
1361235288.994,12361.111111111111
1361235108.613,1456.8979069349623
1361235035.925,5759.68465261959
1361235316.753,859.375
1361235316.944,1718.75
1361235317.007,1718.75
1361235316.741,656.25
1361235316.741,859.375
1361235316.68,859.375
1361235316.68,687.5
1361235316.871,1718.75
1361235316.871,1145.8333333333333
1361235306.961,20671.875
1361235328.881,57708.85416666667
1361235328.25,166.1184210526316
1361234888.687,5295.60538478074
1361235318.689,16296.875
1361235316.869,1625.0
1361235316.836,1625.0
1361235317.442,1659.7612359550562
1361235321.044,405.2419354838709
1361235323.353,3477.959148044693
1361235323.417,7437.156593406593
1361235323.417,3919.7823660714284
1361235323.417,4802.478448275862
1361235323.416,5912.293632075472
1361235323.416,5603.193681318681
1361235323.416,6880.859375
1361235323.416,4994.537601626016
1361235323.413,6900.0
1361235323.413,4421.073717948718
1361235323.413,4494.883849557522
1361235323.413,3883.25
1361235323.413,5015.372983870968
1361235323.477,3669.4444444444443
1361235323.537,8470.618206521738
1361235323.257,3181.707974137931
1361235323.257,5560.1973684210525
1361235323.321,6350.15625
1361235323.325,5620.577830188679
1361235323.325,5579.670329670329
1361235323.26,6812.136627906977
1361235323.324,6285.082547169812
1361235323.387,3021.7013888888887
1361235323.387,3774.02712264151
1361235327.46,585.0694444444445
1361235327.585,448.2638888888889
1361235327.454,406.25
1361235327.371,406.25
1361235327.624,162.5
1361235327.924,232.14285714285714
1361235327.924,270.8333333333333
1361235327.837,232.14285714285714
1361235327.836,232.14285714285714
1361235347.259,65313.541666666664
1361235338.838,966.2828947368422
1361235346.824,71.72256097560975
1361235366.949,2156.25
1361235362.949,52712.5
1361235361.727,4511.275773195876
1361235361.791,5298.546122994652
1361235361.79,5877.280405405405
1361235361.79,5498.744419642857
1361235361.79,4618.203125
1361235361.657,5689.182692307692
1361235361.72,4280.874399038462
1361235361.72,5835.735103626943
1361235361.788,3918.532754010695
1361235362.993,77.880859375
1361235361.572,5787.212171052632
1361235361.635,5523.521505376344
1361235361.635,5987.63888888889
1361235361.635,7881.556919642857
1361235361.635,3028.125
1361235361.699,3637.7766927083335
1361235361.635,6029.3496621621625
1361235361.635,2814.69963592233
1361235361.635,3513.7867647058824
1361235361.698,3106.903698979592
1361235362.873,78.83883248730965
1361235369.839,9577.1875
1361235369.839,9458.545918367348
1361235369.9,8955.765845070422
1361235369.751,8862.418831168832
1361235369.749,9887.323943661971
1361235388.591,12104.30270522388
1361235375.506,10868.31701807229
1361235400.158,8076.430722891566
1361235400.158,6410.910087719298
1361235400.158,9032.699742268042
1361235400.158,6167.5857843137255
1361235400.157,6943.804824561404
1361235400.093,8550.438596491227
1361235400.157,4929.94619205298
1361235400.157,7881.282216494846
1361235400.157,7447.287087912087
1361235400.157,9295.425257731958
1361235400.156,9124.21875
1361235400.152,5370.858433734939
1361235400.28,8901.785714285714
1361235400.219,7727.573529411765
1361235399.815,145.5163043478261
1361235400.069,10398.73798076923
1361235400.069,9707.347972972973
1361235400.069,5735.432330827068
1361235400.069,10349.30889423077
1361235400.069,5913.527397260274
1361235400.068,8411.525974025973
1361235400.068,10729.84375
1361235400.068,6083.279639175258
1361235400.195,6095.286885245901
1361235400.195,10072.420634920634
1361235414.803,128.27380952380952
1361235418.18,343.2459677419355
1361235411.429,195976.5625
1361235438.504,1718.75
1361235438.502,572.9166666666666
1361235438.502,572.9166666666666
1361235438.45,1718.75
1361235416.865,11859.375
1361235438.441,24.166666666666668
1361235438.454,58.035714285714285
1361235436.038,315.40427509293676
1361235438.106,541.6666666666666
1361235321.242,2955.382397737163
1361235453.458,123.60622065727699
1361235452.988,4281.25
1361235496.014,1078.125
1361235530.683,27453.125
1361235539.668,5739.583333333333
1361235539.539,1902.7777777777776
1361235539.92,17859.375
1361235547.153,12414.244186046511
1361235547.152,5124.51171875
1361235547.216,10689.985795454544
1361235547.216,7515.441176470588
1361235547.151,9564.043209876543
1361235547.151,7191.860465116279
1361235547.151,9035.714285714286
1361235547.215,9393.821022727274
1361235547.214,7838.87987012987
1361235544.925,441.0752118644068
1361235547.062,10124.246987951807
1361235547.062,5380.701013513513
1361235547.125,8638.41911764706
1361235547.125,7569.699754901961
1361235547.125,7169.471153846154
1361235547.037,7866.40625
1361235547.037,10152.434593023258
1361235547.037,9908.757716049384
1361235547.037,8801.724137931034
1361235547.037,7517.986918604652
1361235547.037,8414.52205882353
1361235547.1,8182.408707865168
1361235547.1,8248.511904761905
1361235547.099,8185.351562499999
1361235547.099,4301.930147058823
1361235562.956,6421.875
1361235563.209,7828.125
1361235589.171,859.375
1361235588.737,491.07142857142856
1361235588.737,491.07142857142856
1361235589.055,593.75
1361235589.118,668.75
1361235589.118,859.375
1361235528.444,5649.365799158781
1361235588.472,381.9444444444444
1361235588.536,270.8333333333333
1361235588.663,375.0
1361235588.663,381.9444444444444
1361235588.622,541.6666666666666
1361235588.598,325.0
1361235623.193,1078.125
1361235623.119,1078.125
1361235731.635,25849.22372611465
1361235730.949,3689.5707831325303
1361235730.948,1354.99601910828
1361235753.738,18661.458333333332
1361235734.742,7230.1025390625
1361235734.655,4756.159232365145
1361235734.655,7159.257322175733
1361235734.654,5706.186224489797
1361235734.654,5212.007261410788
1361235734.654,4725.16856846473
1361235741.941,3428.3088235294117
1361235742.257,2523.8486842105262
1361235742.256,2879.3359375
1361235742.319,2703.0858395989976
1361235742.319,1405.9078467153286
1361235742.319,2528.8612155388473
1361235742.383,2777.227722772277
1361235742.382,2735.2015113350126
1361235742.508,2774.7001262626263
1361235742.571,175.78125
1361235742.545,175.78125
1361235742.545,200.89285714285714
1361235742.672,200.89285714285714
1361235742.667,175.78125
1361235742.146,2291.879507211538
1361235742.146,3826.796875
1361235742.145,2879.8046875
1361235742.145,2801.328125
1361235742.207,2049.185463659148
1361235742.271,1273.0763381995134
1361235742.271,3611.73422029703
1361235742.267,3444.4229579207918
1361235742.266,3274.537317961165
1361235742.396,187.5
1361235742.46,187.5
1361235742.46,187.5
1361235742.46,187.5
1361235742.583,175.78125
1361235749.972,24362.5
1361235750.424,144.23076923076923
1361235760.456,920.7488738738738
1361235760.516,2123.6979166666665
1361235760.579,1178.4926470588234
1361235761.292,1204.6875
1361235761.016,1117.5271739130435
1361235763.571,7804.6875
1361235764.139,92.88793103448276
1361235782.515,1746.09375
1361235788.263,10824.448529411764
1361235785.546,1601.120283018868
1361235767.765,7384.014423076924
1361235767.675,3785.342261904762
1361235767.675,5382.125
1361235767.675,3149.567610062893
1361235767.67,6450.187969924812
1361235767.674,7776.151315789473
1361235769.017,4542.173672566371
1361235769.205,1251.9263698630136
1361235769.396,5497.544642857143
1361235769.396,3273.883928571429
1361235769.521,4258.7890625
1361235769.774,4849.609375
1361235770.828,8312.922297297297
1361235768.87,5240.785256410257
1361235768.997,2814.375
1361235769.124,2361.7294520547944
1361235769.124,5364.756944444444
1361235769.251,1693.0017605633802
1361235769.541,2901.4880952380954
1361235770.236,5096.91011235955
1361235770.487,7376.458333333333
1361235770.487,3855.208333333333
1361235773.746,16111.268939393938
1361235783.546,11250.0
1361235783.736,4968.75
1361235788.943,89.32705026455027
1361235792.421,41617.1875
1361235791.889,81.18489583333334
1361235789.022,10914.0625
1361235821.192,859.375
1361235734.792,1927.3835920177385
1361235821.382,1312.5
1361235821.378,1718.75
1361235816.097,382.8125
1361235816.096,5331.8452380952385
1361235805.202,72.96444954128441
1361235821.137,431.25
1361235821.371,3437.5
1361235821.371,3437.5
1361235774.005,5243.678112313938
1361235808.286,55243.011603375526
1361235807.994,31848.4375
1361235807.991,213750.0
1361235808.055,171031.25
1361235812.133,1195.3125
1361235833.009,130.7676174496644
1361235821.061,541.6666666666666
1361235821.136,1625.0
1361235799.655,29804.61956521739
1361235839.906,15640.625
1361235839.841,499.2559523809524
1361235844.505,7899.038461538462
1361235844.505,4976.734581497797
1361235844.505,4100.332446808511
1361235844.505,4461.397058823529
1361235844.504,4430.106026785715
1361235844.504,5132.1747448979595
1361235844.504,4787.25464876033
1361235844.504,3058.8604417670686
1361235844.504,6007.548309178744
1361235844.504,7661.725427350428
1361235844.504,5340.612449799197
1361235842.804,45.77952029520295
1361235844.302,5848.936987704918
1361235844.303,5928.841145833333
1361235844.303,4025.8665966386557
1361235844.302,3475.436970338983
1361235844.301,4007.1022727272725
1361235844.301,6703.670851528384
1361235844.3,6327.996399176955
1361235844.3,5496.4953271028035
1361235844.3,5380.336934156378
1361235844.3,2994.946808510638
1361235844.299,4841.489361702128
1361235844.299,2110.8893171806167
1361235844.299,4915.3138528138525
1361235860.116,1554.6875
1361235861.046,164.31183510638297
1361235861.182,11382.8125
1361235870.962,222440.625
1361235869.421,5337.622549019608
1361235869.548,4502.29057591623
1361235869.548,4631.923652694611
1361235869.548,3653.3495508982032
1361235869.547,6795.404411764705
1361235869.547,6182.7724358974365
1361235869.547,5053.369728915663
1361235869.547,6486.607142857143
1361235869.547,7630.431149732621
1361235869.547,4971.488402061856
1361235869.547,4842.237903225806
1361235869.547,6538.359788359788
1361235869.547,5466.746794871795
1361235869.547,3627.840909090909
1361235869.547,5079.413659793815
1361235869.546,6210.306186868687
1361235869.442,6989.88018134715
1361235869.442,7993.828125
1361235869.442,4905.587121212121
1361235869.442,4862.370466321243
1361235869.442,6250.728626943006
1361235869.377,7246.57206632653
1361235869.441,7228.536184210526
1361235869.44,5683.229813664596
1361235890.918,328343.75
1361235904.618,56201.75
1361235921.182,1078.125
1361235942.943,159.88372093023256
1361235948.89,81802.82738095238
1361235931.34,1317.3758865248226
1361235935.627,7835.9375
1361235937.186,241.0076530612245
1361235940.024,6580.850290697675
1361235940.024,6591.388081395348
1361235940.024,4163.314494680851
1361235940.024,3550.651041666667
1361235940.024,4449.544270833333
1361235940.088,6033.27205882353
1361235941.021,5052.545362903226
1361235941.02,9025.15243902439
1361235941.02,1989.8135359116022
1361235941.084,4454.559948979591
1361235941.084,5501.453488372093
1361235941.084,5084.895833333333
1361235940.935,3629.723837209302
1361235940.935,4181.451612903226
1361235940.935,4355.305989583333
1361235940.935,2847.5654069767443
1361235940.999,4233.455882352941
1361235940.934,7355.962643678161
1361235940.934,4702.570921985815
1361235940.934,3813.6526639344265
1361235940.934,3749.3351063829787
1361235940.934,5041.118421052632
1361235940.934,3182.5929752066118
1361235942.459,187.5
1361235948.566,203.125
1361235946.117,200.89285714285714
1361235948.485,270.8333333333333
1361235946.463,881.2946428571429
1361235948.762,738.4868421052631
1361235948.952,406.25
1361235949.27,406.25
1361235949.396,203.125
1361235953.21,212619.79166666666
1361235955.402,20855.46875
1361235955.239,1350.2604166666667
1361235984.801,2156.25
1361235966.529,2535.887096774193
1361235966.529,216968.75
1361235966.529,9735.416666666668
1361235967.376,1487.5
1361235967.435,13382.8125
1361235967.501,2147.65625
1361235970.103,732.8009828009829
1361235971.565,1625.0
1361235975.573,45.81207482993197
1361235997.062,70312.5
1361235997.061,192312.5
1361235997.061,74700.0
1361235996.995,79968.75
1361235996.995,153781.25
1361235996.995,62773.4375
1361235997.059,23508.928571428572
1361235996.909,210468.75
1361235996.909,183875.0
1361235996.973,34418.75
1361235996.906,5494.485294117647
1361235996.905,35625.0
1361235996.969,69000.0
1361236014.904,359.375
1361235978.343,4816.93742478941
1361236037.669,2027.083333333333
1361236038.616,57122.395833333336
1361236029.11,4008.1629287598944
1361236029.176,3623.1641644908614
1361236029.176,3459.7402597402597
1361236029.11,4096.720377604167
1361236029.238,4728.800455729167
1361236029.237,4277.262369791667
1361236029.237,3999.709880636605
1361236029.237,4322.693850267379
1361236029.023,4201.088763297872
1361236029.023,4270.570146276596
1361236029.023,4623.687664041995
1361236029.086,3932.645234986945
1361236029.086,2798.190789473684
1361236029.086,3682.6223544973545
1361236029.403,2943.208333333333
1361236029.403,3102.3478835978835
1361236029.466,3916.5691844919784
1361236029.529,2422.082779255319
1361236029.257,375.0
1361236029.776,3473.360655737705
1361236031.98,3566.3119973190346
1361236032.52,4764.050066312997
1361236037.975,295.0865963855422
1361236043.793,7085.0774082568805
1361236061.149,39499.43693693694
1361236053.788,11171.605603448275
1361236068.783,18505.348154362415
1361236060.903,45.138888888888886
1361236053.922,11364.224137931034
1361236053.921,8031.605113636363
1361236054.172,5306.603773584906
1361236054.296,3823.5887096774195
1361236054.359,14318.86574074074
1361236054.485,12571.33152173913
1361236054.485,4288.4375
1361236054.841,4831.473214285715
1361236053.892,8518.75
1361236054.145,9986.458333333334
1361236054.312,16470.108695652176
1361236054.312,11129.261363636364
1361236054.246,13961.39705882353
1361236054.308,19957.201086956524
1361236054.499,8344.05048076923
1361236054.495,12570.3125
1361236054.62,9281.25
1361236069.369,78.46375338753387
1361236058.887,7546.156609195403
1361236091.612,308.0357142857143
1361236091.612,429.6875
1361236079.117,8914.0625
1361236078.927,779.9707602339181
1361236108.061,7714.488636363637
1361236104.741,1630.8210784313726
1361236089.691,4031.5624999999995
1361236089.691,4911.239495798319
1361236089.691,7659.895833333334
1361236089.691,4022.916666666666
1361236089.691,3466.0625
1361236089.69,6465.420081967213
1361236089.69,4992.647058823529
1361236089.818,3301.8162393162393
1361236089.818,2325.0794491525426
1361236089.543,2636.6409362549803
1361236089.543,1964.5791832669324
1361236089.542,2509.0886454183265
1361236089.606,1347.8125
1361236089.606,4664.7846638655465
1361236089.606,5159.895833333334
1361236089.606,3946.2972689075627
1361236089.733,2401.9438976377955
1361236089.732,11032.451923076924
1361236089.732,14777.901785714286
1361236091.985,304.6875
1361236097.487,10812.5
1361236097.397,17163.46153846154
1361236120.792,350.0
1361236120.653,477.2727272727273
1361236109.344,1130.2083333333333
1361236110.321,7239.583333333333
1361236138.806,264.80263157894734
1361236139.432,237.5
1361236109.579,14137.757581648522
1361236130.958,5548.670977011494
1361236130.958,4369.677197802198
1361236131.022,4067.5495426829266
1361236131.022,6012.816011235956
1361236130.956,4791.637073863637
1361236130.956,4575.6578947368425
1361236130.956,3738.1889763779527
1361236130.956,7053.267045454546
1361236131.02,9667.96875
1361236131.019,4377.444134078212
1361236131.019,6367.1875
1361236131.147,5309.017319277109
1361236131.146,4369.551809210527
1361236131.146,4519.581980519481
1361236130.842,6146.627824858757
1361236130.842,3970.1822916666665
1361236130.906,2810.630341880342
1361236130.905,3252.6041666666665
1361236130.84,5342.313218390805
1361236130.84,4364.0727124183
1361236130.904,2511.973932160804
1361236138.451,11857.712765957445
1361236140.195,382.8125
1361236140.512,243.75
1361236140.829,174.10714285714286
1361236139.787,323.16468253968253
1361236139.96,395.8333333333333
1361236140.526,232.14285714285714
1361236141.034,1656.875
1361236141.514,325.0
1361236164.708,2156.25
1361236143.761,1694.4196428571427
1361236156.816,136373.26388888888
1361236180.787,1145.8333333333333
1361236180.851,1718.75
1361236180.915,1718.75
1361236180.915,1145.8333333333333
1361236029.968,1607.2364936440677
1361236029.439,1939.339007986549
1361236180.794,18.880208333333332
1361236181.85,27.05223880597015
1361236165.925,1356.25
1361236166.652,146.13970588235296
1361236166.508,7588.541666666667
1361236166.695,144976.5625
1361236195.082,2156.25
1361236181.495,359.375
1361236181.812,3673.421501706485
1361236181.81,4615.613553113553
1361236181.46,1625.0
1361236181.846,2597.203947368421
1361236181.91,3583.65647810219
1361236181.909,5160.194672131148
1361236181.909,4475.646551724138
1361236181.909,2638.739224137931
1361236182.035,5050.4652103559865
1361236182.035,4196.5625
1361236182.035,4052.7276632302405
1361236182.035,3429.9869337979094
1361236182.035,4181.0572240259735
1361236182.034,3842.5324675324678
1361236182.034,4619.313524590164
1361236182.034,3725.6205673758864
1361236183.453,312.5
1361236181.955,3724.641393442623
1361236181.955,3538.9103084415583
1361236181.955,2701.7890334572494
1361236181.953,2510.2389078498295
1361236181.953,3955.0371503496503
1361236181.953,2878.999573378839
1361236181.953,3522.6014760147605
1361236181.953,2724.4664634146343
1361236183.153,3692.3828125
1361236210.199,16125.0
1361236209.996,24187.5
1361236198.32,107.2280534351145
1361236225.221,431.25
1361236223.064,358.8362068965517
1361236223.379,2132.2815533980583
1361236223.503,678.5714285714286
1361236211.059,4947.010869565218
1361236223.252,40.45482673267327
1361236222.273,176.65816326530611
1361236218.686,11562.5
1361236219.994,22038.19444444444
1361236221.24,7575.120192307692
1361236221.304,27677.923387096776
1361236221.153,6837.5
1361236221.217,34253.90625
1361236221.403,52248.26388888888
1361236221.279,31025.390625
1361236240.675,2625.0
1361236240.675,1718.75
1361236240.738,2625.0
1361236240.673,3437.5
1361236240.673,1718.75
1361236240.737,2625.0
1361236222.318,8837.890625
1361236222.446,42262.56793478261
1361236222.573,18273.798076923074
1361236222.573,28187.5
1361236222.573,27636.160714285714
1361236222.573,46878.90625
1361236222.573,4100.754310344827
1361236223.413,39100.8064516129
1361236223.221,4402.423469387755
1361236223.541,42250.0
1361236223.413,6164.818548387097
1361236225.376,3324.21875
1361236222.971,1687.5
1361236223.035,6257.8125
1361236222.967,1687.5
1361236223.284,749.1071428571429
1361236222.857,1406.25
1361236232.793,74.73591549295774
1361236233.967,262.5
1361236235.567,17046.875
1361236237.93,5222.747093023256
1361236240.824,7817.708333333333
1361236240.467,194.2806603773585
1361236244.166,14395.833333333334
1361236244.079,14395.833333333334
1361236248.807,1678.9772727272727
1361236272.58,137.86764705882354
1361236272.58,196.69117647058823
1361236272.643,208.984375
1361236272.625,146.484375
1361236272.624,185.76388888888889
1361236272.624,185.76388888888889
1361236272.624,125.0
1361236271.78,196.69117647058823
1361236271.78,196.69117647058823
1361236272.707,185.76388888888889
1361236272.771,196.69117647058823
1361236272.707,196.69117647058823
1361236272.707,167.1875
1361236272.771,175.98684210526315
1361236272.771,231.9078947368421
1361236255.765,2894.0234375
1361236254.727,1604.7946217494089
1361236254.775,3402.952637889688
1361236254.838,3803.0427631578946
1361236254.838,2175.1703199052135
1361236254.838,2316.321942446043
1361236256.437,1603.9566532258066
1361236254.837,3922.218826405868
1361236254.836,2235.0047229219144
1361236254.742,1674.0699404761906
1361236254.742,4480.949815270936
1361236254.742,3277.078085642317
1361236254.742,2541.267017326733
1361236254.742,3462.447161835749
1361236254.742,3261.4924433249366
1361236254.742,2061.083123425693
1361236256.341,2725.2604166666665
1361236264.857,2648.987676056338
1361236264.854,2454.765193370166
1361236268.355,2838.8671875
1361236269.472,2999.352810650888
1361236269.384,2373.4907670454545
1361236271.825,181.25
1361236271.932,239.58333333333334
1361236271.381,175.0
1361236272.388,1623.6979166666667
1361236274.296,13541.666666666666
1361236281.834,983.3165322580645
1361236282.466,1934.4103107344633
1361236282.72,870.4178885630498
1361236283.395,4411.772629310345
1361236284.026,4890.066964285715
1361236284.279,5657.670454545454
1361236281.809,874.9214824120603
1361236281.872,3877.507716049383
1361236281.935,2377.16697080292
1361236282.188,2705.6159420289855
1361236282.187,612.8771551724138
1361236282.356,1718.5496794871794
1361236282.419,1948.5452586206898
1361236282.419,2424.2125984251966
1361236282.542,3433.2275390625
1361236282.672,2335.565476190476
1361236283.305,2802.768640350877
1361236286.512,81.69510385756676
1361236286.618,79.91803278688525
1361236287.472,116.07142857142857
1361236287.94,116.07142857142857
1361236287.438,112.84722222222223
1361236290.093,162.5
1361236290.787,195.3125
1361236290.13,61250.0
1361236290.362,10560.891544117647
1361236290.994,170.45454545454544
1361236296.765,127.5
1361236301.262,1625.0
1361236304.689,269.70108695652175
1361236307.828,9062.5
1361236307.827,235109.375
1361236329.818,1078.125
1361236330.834,1145.8333333333333
1361236330.961,3437.5
1361236330.961,2625.0
1361236331.761,1718.75
1361236331.76,1145.8333333333333
1361236331.744,21.323529411764707
1361236329.995,84.46050995024876
1361236329.905,5289.0625
1361236330.032,8109.375
1361236331.347,541.6666666666666
1361236332.392,75.92147435897435
1361236352.667,1262.1951219512196
1361236339.26,7583.333333333333
1361236338.895,167.79513888888889
1361236359.559,379.3604651162791
1361236255.084,1434.498799519808
1361236360.357,5710.9375
1361236255.009,1348.3174519807924
1361236352.342,110.29411764705883
1361236352.526,13671.875
1361236352.261,2433.7890625
1361236352.261,32441.40625
1361236353.171,35703.125
1361236357.472,158001.42045454547
1361236355.312,88060.546875
1361236359.816,8937.5
1361236359.538,5851.5625
1361236254.954,1352.2494738072965
1361235764.545,7387.386798469388
1361236399.181,2156.25
1361236380.041,65.0
1361236391.194,1437.5
1361236426.797,34993.56617647059
1361236431.295,9914.0625
1361236431.294,667.6829268292684
1361236433.817,5549.715909090909
1361236432.122,597.3557692307693
1361236433.759,13562.5
1361236433.758,1811.1979166666667
1361236433.821,1751.736111111111
1361236433.821,5755.208333333333
1361236433.82,1545.138888888889
1361236433.82,1751.736111111111
1361236433.82,5755.208333333333
1361236433.883,2505.2083333333335
1361236433.883,1970.703125
1361236433.883,1970.703125
1361236434.39,2652.34375
1361236434.767,13828.125
1361236433.674,2444.602272727273
1361236433.674,1901.9886363636365
1361236433.673,6018.465909090909
1361236433.736,1901.9886363636365
1361236433.736,2324.652777777778
1361236433.735,1751.736111111111
1361236433.735,5755.208333333333
1361236433.735,1515.625
1361236433.798,2792.96875
1361236433.797,2324.652777777778
1361236433.797,2615.234375
1361236434.28,5304.6875
1361236439.77,77265.625
1361236439.153,11687.5
1361236443.806,11.873100303951368
1361236457.593,5687.5
1361236457.227,6421.875
1361236486.547,487.5
1361236486.547,487.5
1361236486.547,487.5
1361236486.547,487.5
1361236486.611,609.375
1361236486.674,812.5
1361236486.674,609.375
1361236486.737,487.5
1361236486.801,431.25
1361236486.464,1062.5
1361236486.403,609.375
1361236486.467,812.5
1361236486.466,850.0
1361236486.466,487.5
1361236486.466,609.375
1361236486.53,269.53125
1361236486.529,431.25
1361236486.529,609.375
1361236486.593,609.375
1361236486.593,609.375
1361236486.593,609.375
1361236486.593,609.375
1361236486.593,541.6666666666666
1361236486.592,609.375
1361236486.654,487.5
1361236486.718,468.75
1361236431.095,10909.859913793105
1361236486.142,1625.0
1361236517.615,1078.125
1361236517.614,1078.125
1361236894.21,7776.5625
1361236889.731,3121.875
1361236895.258,8734.375
1361236902.305,2462.5
1361236902.214,94.01633522727272
1361236918.375,1787.7435064935066
1361236903.502,5398.4375
1361236903.565,6169.642857142857
1361236907.698,1006.9444444444445
1361236908.143,1428.3854166666667
1361236907.605,1235.46974522293
1361236907.798,4017.857142857143
1361236908.163,1553.9772727272727
1361236908.417,1998.046875
1361236923.127,665.1785714285714
1361236918.08,1307.0383738601822
1361236918.08,1426.9474637681158
1361236918.08,1975.5434782608697
1361236918.015,1962.3994883040937
1361236918.143,986.8861607142857
1361236918.079,1832.8293010752689
1361236918.143,1444.7696374622356
1361236918.079,1153.3617424242425
1361236918.079,808.6291540785498
1361236918.126,1516.9735863095236
1361236918.126,882.1790540540541
1361236917.976,1306.3347138554218
1361236917.976,852.3723323170732
1361236918.04,1654.4309701492537
1361236918.04,1379.1068731117823
1361236918.04,1156.5875771604938
1361236918.04,8953.725961538461
1361236917.973,1386.5384615384614
1361236918.037,1277.1990740740741
1361236918.036,782.1806426332288
1361236931.39,92.58828996282529
1361236942.32,2368.794326241135
1361236931.621,4520.833333333333
1361236934.402,5281.25
1361236955.097,2156.25
1361236938.443,31493.229166666664
1361236938.16,249.4212962962963
1361236938.919,1819.4888178913736
1361236938.918,1781.3458588957055
1361236939.171,175.78125
1361236939.17,187.5
1361236939.361,267.85714285714283
1361236939.549,267.85714285714283
1361236938.824,2121.484375
1361236938.828,1989.2870508982037
1361236939.079,187.5
1361236939.437,267.85714285714283
1361236939.437,267.85714285714283
1361236950.122,3735.906862745098
1361236950.122,5051.436335403727
1361236950.122,4244.521103896104
1361236950.122,3879.054588607595
1361236950.122,3624.70332278481
1361236950.057,5796.9702743902435
1361236950.098,3449.133211678832
1361236950.098,4921.973270440252
1361236949.951,3920.4009433962265
1361236950.015,4090.128311258278
1361236950.015,3789.709394904459
1361236950.014,3192.095588235294
1361236950.014,5796.182753164558
1361236949.885,6579.935213414634
1361236949.944,5983.348540145985
1361236950.012,3860.2650316455697
1361236950.012,4426.630434782608
1361236957.036,1782.3234732824426
1361236957.036,1017.9767219387754
1361236957.036,1986.5274234693877
1361236979.283,2156.25
1361236980.544,10717.329545454544
1361236988.666,5946.566358024692
1361236980.728,206.40432098765433
1361236981.975,8223.125
1361236981.975,9278.601694915254
1361236981.975,9346.217105263158
1361236982.039,10962.284482758621
1361236982.039,5795.649509803922
1361236982.039,2909.1666666666665
1361236981.975,7745.233050847458
1361236982.038,7800.05787037037
1361236982.038,10131.184895833334
1361236982.038,11139.547413793103
1361236982.038,10120.233050847459
1361236982.101,5321.504237288136
1361236980.642,13855.751811594204
1361236981.883,13265.076754385966
1361236981.947,16945.58189655172
1361236981.947,13022.1875
1361236981.947,10767.241379310346
1361236981.947,8354.261363636362
1361236981.947,7290.264423076924
1361236981.947,8749.730603448275
1361236981.947,9091.435185185184
1361236981.946,9135.970744680852
1361236983.787,15697.265625
1361236982.968,6941.133720930233
1361236983.512,11007.8125
1361236988.562,36.11111111111111
1361237021.85,1145.8333333333333
1361237021.85,103.65853658536585
1361237021.795,875.0
1361237021.799,989.5833333333334
1361237021.772,1145.8333333333333
1361236999.56,12109.375
1361237021.702,45.990566037735846
1361237017.881,4520.833333333333
1361237018.02,1305.46875
1361237021.333,812.5
1361237047.423,2156.25
1361237048.551,19140.625
1361237048.74,9117.1875
1361236996.559,3782.415501165501
1361236901.48,2501.1998720136517
1361237048.103,3087.970890410959
1361237053.192,26458.333333333332
1361237075.433,442.4715909090909
1361237057.247,1898.8693467336684
1361237060.252,16380.208333333332
1361237060.797,3817.3552259887006
1361237060.797,2495.548184357542
1361237060.797,4237.773541114058
1361237060.797,4405.412198391421
1361237060.796,3754.476584022039
1361237060.796,3984.4555412371133
1361237060.641,3908.555327868852
1361237060.705,4126.291666666667
1361237060.705,3532.7083333333335
1361237060.705,2942.183242506812
1361237060.704,3996.9235751295337
1361237060.704,4208.49203601108
1361237060.704,3150.8012820512818
1361237063.125,4728.457840236686
1361237063.125,2811.5349264705883
1361237063.031,4121.537642045454
1361237063.031,3714.1135014836796
1361237063.031,3973.837209302326
1361237063.031,3301.608455882353
1361237064.883,3336.16214057508
1361237071.91,13109.375
1361237071.912,10796.875
1361237083.052,86.9343471810089
1361237092.772,10286.38392857143
1361237092.836,15575.231481481482
1361237092.835,14319.110576923076
1361237092.899,11913.952464788732
1361237093.152,8921.42857142857
1361237093.216,12431.703629032258
1361237093.215,8977.066532258064
1361237093.215,8469.86607142857
1361237093.215,10311.631944444445
1361237093.215,8258.035714285714
1361237092.68,2417.613636363636
1361237092.744,18031.960227272728
1361237092.807,16123.697916666668
1361237092.807,9492.866847826088
1361237092.802,8293.870192307691
1361237092.802,16477.5
1361237093.124,12431.06617647059
1361237093.124,13085.433467741936
1361237093.118,9347.550675675675
1361237093.118,10117.311507936507
1361237114.207,79902.9605263158
1361237102.88,5803.571428571428
1361237132.32,18927.083333333332
1361237143.587,859.375
1361237143.651,1145.8333333333333
1361237061.052,1902.4801202482545
1361237061.002,2151.187015503876
1361237135.557,83.1181129476584
1361237132.587,2874.2088607594937
1361237135.594,71.22395833333334
1361237139.039,4766.875
1361237143.703,5582.149621212121
1361237143.703,164.92550872093022
1361237143.701,8252.35849056604
1361237143.761,1039.6184456928838
1361237143.824,5352.5390625
1361237143.824,6888.144841269841
1361237143.556,4425.0
1361237143.896,4535.227272727273
1361237143.895,4135.723039215686
1361237144.02,19986.11111111111
1361237147.27,8833.705357142857
1361237147.334,13508.413461538461
1361237143.806,4710.8050847457625
1361237143.869,13787.109375
1361237143.931,14320.3125
1361237147.178,7683.035714285715
1361237147.178,8312.5
1361237154.941,10796.875
1361237154.825,14395.833333333334
1361237160.788,15812.5
1361237165.739,9481.25
1361237165.737,7901.041666666667
1361237165.646,9481.25
1361237186.885,147.60890151515153
1361237203.506,1718.75
1361237138.316,3086.7202848722986
1361237054.215,7727.279427530017
1361237060.958,1310.6890161725066
1361237060.957,1013.357760557053
1361237208.612,4281.25
1361237208.816,7583.333333333333
1361237214.197,13541.666666666666
1361237238.239,2156.25
1361237268.288,2156.25
1361237433.646,5031.25
1361238835.343,57.765151515151516
1361238958.494,56.06617647058824
1361239415.532,54.464285714285715
1361239570.267,7398.4375
1361239567.209,4280.381944444444
1361239570.384,175.0
1361239574.788,5017.736486486487
1361239563.86,2380.2083333333335
1361239568.831,8110.491071428572
1361239571.378,93142.578125
1361239571.442,46497.767857142855
1361239572.478,1211.8055555555557
1361239572.478,945.3125
1361239572.477,1283.0882352941178
1361239572.71,234.375
1361239572.709,312.5
1361239570.766,18192.708333333332
1361239572.359,1008.3333333333333
1361239572.359,889.7058823529411
1361239572.612,312.5
1361239572.612,234.375
1361239572.609,187.5
1361239576.012,688.2731119791666
1361239577.567,7255.580357142857
1361239575.961,916.5723981900452
1361239581.336,1536.9847074468087
1361239581.19,349.0010245901639
1361239580.92,29036.266447368424
1361239605.046,1619.2908653846155
1361239580.917,5193.651871980676
1361239578.127,25960.475929978118
1361239608.421,2256.3344594594596
1361239587.486,267.85714285714283
1361239587.154,330.8673469387755
1361239587.15,1431.4903846153845
1361239587.149,504.8701298701299
1361239587.213,791.920731707317
1361239587.393,232.14285714285714
1361239587.393,267.85714285714283
1361239587.392,325.0
1361239587.128,12117.1875
1361239587.062,1425.390625
1361239587.061,488.43416370106763
1361239587.125,1258.482142857143
1361239587.061,1068.8657407407406
1361239587.125,1024.6527777777778
1361239587.096,375.0
1361239589.85,9603.782894736842
1361239590.734,2282.258064516129
1361239612.039,7070.3125
1361239609.116,1822.0108695652173
1361239596.418,24324.048913043476
1361239596.21,27802.614795918365
1361239596.556,4203.737745098039
1361239600.728,1297.7941176470588
1361239600.632,1260.7142857142858
1361239612.941,150.0
1361239601.827,700.2640845070423
1361239602.817,5175.347222222223
1361239602.814,17481.25
1361239606.044,46.06996487119438
1361239627.292,2156.25
1361239630.55,1010.6707317073171
1361239607.417,789.6455223880597
1361239629.105,3709.375
1361239612.784,154.052734375
1361239616.809,83.96899606299213
1361239630.796,102.67857142857143
1361239630.796,102.67857142857143
1361239630.924,228.3653846153846
1361239631.462,491.07142857142856
1361239631.46,742.1875
1361239616.731,696.4812992125984
1361239611.289,220.42702879581154
1361239613.038,118.72329059829059
1361239629.453,2997.996794871795
1361239628.195,54.464285714285715
1361239631.668,1625.0
1361239659.827,30.09259259259259
1361239691.393,30.88872832369942
1361239950.314,61.5234375
1361239957.428,15.75
1361240857.843,9.593465045592705
1361241208.686,8640.625
1361241217.393,932.2916666666666
1361241218.642,1398.4375
1361241217.386,822.6102941176471
1361241218.63,32738.80597014925
1361241204.892,2442.908653846154
1361241206.893,94.24603174603175
1361241209.424,6308.159722222223
1361241212.578,20193.84765625
1361241216.446,41475.44642857143
1361241214.7,507.2674418604651
1361241214.7,1687.5
1361241214.697,1260.4166666666667
1361241214.609,1260.4166666666667
1361241214.609,1687.5
1361241217.675,23977.678571428572
1361241218.376,2450.284090909091
1361241217.647,1993.75
1361241217.774,3890.625
1361241217.684,12777.34375
1361241217.684,7364.583333333333
1361241217.684,5415.625
1361241217.684,5345.170454545454
1361241217.748,5324.21875
1361241217.683,6005.208333333333
1361241217.747,6049.715909090909
1361241217.874,1638.0208333333333
1361241217.576,9332.03125
1361241217.576,6029.166666666667
1361241217.576,6934.375
1361241217.575,6531.25
1361241217.575,5444.196428571428
1361241217.639,4481.534090909091
1361241217.575,5237.215909090909
1361241217.575,6581.597222222223
1361241217.575,3564.453125
1361241222.789,29601.151315789473
1361241241.419,602.597891566265
1361241266.982,739.5833333333334
1361241267.553,1398.4375
1361241267.934,1398.4375
1361241271.105,1078.125
1361241269.761,4202.669902912621
1361241266.775,16601.151315789473
1361241267.269,17988.28125
1361241266.964,9354.166666666666
1361241267.09,27.54237288135593
1361241291.072,641.983695652174
1361241270.055,1437.5
1361241296.645,6057.291666666667
1361241289.404,3213.929521276596
1361241289.403,5112.367021276596
1361241289.403,3046.3763297872338
1361241289.403,5072.80585106383
1361241289.403,605.8394160583942
1361241289.462,647.7481617647059
1361241289.466,115.6832298136646
1361241294.517,3166.6666666666665
1361241294.517,5195.3125
1361241296.499,2109.375
1361241294.898,14476.5625
1361241295.007,1734.375
1361241298.142,9500.0
1361241295.069,256.7771084337349
1361241295.133,1992.1875
1361241295.133,2734.375
1361241298.395,6046.875
1361241298.522,1089.84375
1361241295.51,3011.71875
1361241295.514,2384.375
1361241295.514,2453.125
1361241298.649,1425.78125
1361241295.833,1511.1607142857142
1361241295.897,1357.142857142857
1361241295.832,1758.9285714285713
1361241295.896,1423.2954545454545
1361241295.896,1326.388888888889
1361241295.96,1218.75
1361241298.776,2494.140625
1361241295.96,267.5
1361241295.96,366.5625
1361241298.84,1441.40625
1361241298.775,2021.484375
1361241283.477,13294.471153846152
1361241299.285,1703.125
1361241299.156,2236.6071428571427
1361241299.284,1700.0
1361241299.284,1600.4464285714287
1361241299.284,1738.8392857142858
1361241299.284,2125.0
1361241299.539,2847.65625
1361241299.539,4218.75
1361241299.73,3050.78125
1361241292.658,3968.75
1361241296.757,318.4121621621622
1361241293.043,6125.0
1361241289.388,7052.734375
1361241289.324,6453.693181818182
1361241289.324,9665.602189781022
1361241289.324,4685.789233576642
1361241289.514,411.2042682926829
1361241294.439,166.39254385964912
1361241295.012,2572.9166666666665
1361241295.058,2200.5208333333335
1361241294.994,1901.0416666666667
1361241295.373,3179.6875
1361241295.437,2125.0
1361241295.437,2468.75
1361241295.501,2683.59375
1361241295.755,2185.2678571428573
1361241295.819,1619.7916666666667
1361241295.819,1101.5625
1361241295.814,1083.3333333333333
1361241295.814,1187.5
1361241295.814,2250.0
1361241295.818,1179.6875
1361241298.57,2002.232142857143
1361241298.76,1707.5892857142858
1361241299.079,1625.0
1361241296.386,2284.375
1361241298.95,1282.986111111111
1361241296.326,2571.875
1361241299.014,1679.6875
1361241299.078,1748.046875
1361241299.141,2414.0625
1361241299.205,1573.6607142857142
1361241299.141,2635.4166666666665
1361241299.141,1915.1785714285713
1361241299.524,4500.0
1361241299.523,4255.208333333333
1361241289.744,1103.6104368932038
1361241289.251,1168.0264778325122
1361241298.14,282.7743902439024
1361241298.14,714.1768292682927
1361241295.131,253.26492537313433
1361241295.879,114.82558139534883
1361241300.033,103.53915662650603
1361241296.703,262.35465116279073
1361241293.917,398.84478672985784
1361241294.297,1376.1017628205127
1361241298.071,273.92578125
1361241298.071,2265.0316455696207
1361241294.998,216.53451492537312
1361241294.998,291.59007352941177
1361241299.066,380.5338541666667
1361241299.129,267.5
1361241299.767,318.4121621621622
1361241289.563,10139.945652173912
1361241291.508,8955.236486486487
1361241304.187,16416.6015625
1361241295.861,407.2368421052632
1361241296.231,384.340564738292
1361241296.23,99.5153743315508
1361241294.875,136.71875
1361241296.202,4144.941298342541
1361241296.2,60.74532085561497
1361241293.26,75.19994075829383
1361241295.198,374.13413098236776
1361241295.75,148.7253289473684
1361241296.066,26.43603133159269
1361241296.13,110.29411764705883
1361241294.084,52.97439759036145
1361241294.465,1892.846200980392
1361241295.069,161.33530183727035
1361241295.26,90.19702842377261
1361241296.019,55.560172872340424
1361241296.083,43.666666666666664
1361241321.064,73.34183673469389
1361241321.192,46.875
1361241321.958,68.45238095238096
1361241321.882,73.40116279069768
1361241321.882,66.86046511627906
1361241321.882,70.1219512195122
1361241297.866,103.18466587112172
1361241299.373,53.728785900783286
1361241320.479,37.36413043478261
1361241316.891,42.279411764705884
1361241320.795,60.267857142857146
1361241316.95,42.91044776119403
1361241316.954,44.921875
1361241317.018,54.45075757575758
1361241312.92,1642.625
1361241317.458,57.96370967741935
1361241317.458,53.57142857142857
1361241317.526,32.15144230769231
1361241317.525,46.875
1361241321.237,287.5
1361241313.619,571.8936011904761
1361241315.241,1025.2786624203823
1361241321.098,70.87053571428571
1361241321.292,69.62719298245614
1361241321.418,88.19444444444446
1361241321.671,67.70833333333333
1361241321.988,63.41911764705882
1361241321.988,70.13888888888889
1361241318.404,32.67045454545455
1361241318.468,25.219298245614034
1361241321.988,73.40116279069768
1361241321.988,73.86363636363637
1361241314.433,1199.0082335329341
1361241315.066,812.0967741935484
1361241315.062,351.008064516129
1361241315.317,114.27696078431372
1361241307.992,77.875
1361241307.647,6781.25
1361241325.235,53.63805970149254
1361241315.908,7078.432578740158
1361241315.908,6205.078125
1361241315.908,7401.827830188679
1361241315.908,7788.91167953668
1361241315.908,6380.287547528516
1361241328.577,205.35714285714286
1361241316.274,261.2745098039216
1361241316.884,1202.190170940171
1361241314.891,5248.958333333333
1361241315.128,258.11567164179104
1361241316.584,2712.3777932960893
1361241316.583,1241.2725225225224
1361241316.687,1244.904891304348
1361241316.523,1218.8933486238532
1361241316.522,1423.5767326732673
1361241316.522,1239.3292682926829
1361241316.522,1166.1324786324788
1361241328.554,176.30208333333334
1361241336.617,644.2307692307693
1361241333.031,190.25735294117646
1361241333.411,1074.0489130434783
1361241337.498,390.625
1361241338.134,582.175925925926
1361241336.189,1013.8888888888888
1361241339.832,3085.9375
1361241339.832,3156.25
1361241315.896,8236.793730650154
1361241332.981,376.48809523809524
1361241333.212,261.3636363636364
1361241325.147,142.54981884057972
1361241337.997,594.3080357142857
1361241338.189,890.1041666666667
1361241324.852,820.2302631578947
1361241316.87,1196.392276422764
1361241317.189,1230.9846698113206
1361241316.932,1348.5331632653063
1361241316.932,1072.408536585366
1361241316.995,1253.8422131147543
1361241316.931,1054.1294642857142
1361241316.931,1207.2732300884957
1361241317.251,78.2942238267148
1361241317.251,1287.3563218390805
1361241316.931,1076.028963414634
1361241320.049,239.1748366013072
1361241320.362,73.2421875
1361241317.626,191.62326388888889
1361241318.132,58.035714285714285
1361241318.298,114.32926829268293
1361241318.298,84.55882352941177
1361241318.298,66.02112676056338
1361241318.803,78.125
1361241317.095,1170.8245798319329
1361241316.838,1107.8265765765766
1361241316.9,1283.8541666666667
1361241317.065,558.5724043715848
1361241317.321,115.76086956521739
1361241318.207,107.14285714285714
1361241318.207,248.97203947368422
1361241318.756,93.75
1361241338.594,713.7451171875
1361241336.996,1029.865506329114
1361241342.37,1421.641791044776
1361241338.018,1125.2200704225352
1361241324.533,50.68051575931232
1361241324.531,50.68051575931232
1361241316.896,8732.846467391304
1361241336.671,9486.166401273886
1361241344.858,6607.63888888889
1361241344.858,4917.96875
1361241344.86,5421.875
1361241345.05,9824.21875
1361241333.974,8114.84375
1361241341.973,5523.0152027027025
1361241337.492,60.751748251748246
1361241345.748,5046.875
1361241345.812,7570.3125
1361241335.417,8516.772598870057
1361241343.16,890.625
1361241343.415,7261.029411764705
1361241343.606,192.81914893617022
1361241343.925,1212.890625
1361241347.124,2437.5
1361241336.244,715.3662420382166
1361241347.124,3150.0
1361241344.052,5353.515625
1361241347.124,2635.4166666666665
1361241347.187,2681.25
1361241347.123,2330.7291666666665
1361241336.307,467.578125
1361241347.505,12859.375
1361241347.377,4218.75
1361241347.504,9078.125
1361241340.206,8148.050742574258
1361241336.493,15576.35613207547
1361241336.62,1267.3277243589744
1361241344.81,1568.75
1361241345.041,6005.208333333333
1361241333.391,9886.568509615385
1361241345.293,10510.416666666666
1361241345.483,4210.9375
1361241337.418,60.751748251748246
1361241341.957,543.4027777777778
1361241345.862,1710.9375
1361241346.242,546.875
1361241343.04,1238.28125
1361241335.616,3940.588662790698
1361241346.622,89.84375
1361241343.55,1627.6041666666667
1361241335.657,5622.31691919192
1361241343.526,177.52659574468086
1361241336.229,323.11320754716985
1361241347.044,1830.7291666666667
1361241347.044,2915.625
1361241328.163,262.4007936507937
1361241340.189,331.01851851851853
1361241328.82,38.26530612244898
1361241326.051,118.83802816901408
1361241326.28,115.58219178082192
1361241327.481,50.223214285714285
1361241327.544,182.29166666666666
1361241327.671,47.66949152542373
1361241327.842,125.0
1361241328.411,165.44117647058823
1361241328.791,77.05479452054794
1361241328.791,78.125
1361241325.807,43.526785714285715
1361241325.93,133.92857142857142
1361241326.124,118.83802816901408
1361241327.057,57.69230769230769
1361241327.436,198.86363636363635
1361241327.499,133.92857142857142
1361241327.751,44.642857142857146
1361241328.295,156.25
1361241348.934,160968.75
1361241329.577,79.22535211267606
1361241330.146,66.96428571428571
1361241331.266,98.6842105263158
1361241332.256,37.5
1361241329.274,92.21311475409837
1361241329.466,77.05479452054794
1361241329.908,69.96268656716417
1361241329.971,65.10416666666667
1361241330.225,44.642857142857146
1361241356.576,9906.25
1361241344.86,777.7039007092199
1361241353.496,1135.4166666666667
1361241334.038,200.2751572327044
1361241342.101,1176.4880952380952
1361241354.195,988.28125
1361241355.191,5212.5
1361241355.126,8614.583333333334
1361241343.925,81.55080213903744
1361241355.316,1787.5
1361241347.187,140.78947368421052
1361241347.569,222.2222222222222
1361241355.568,5168.75
1361241355.632,3260.4166666666665
1361241355.95,2234.375
1361241355.757,4953.125
1361241355.885,3302.0833333333335
1361241355.884,3255.2083333333335
1361241355.948,1940.625
1361241356.523,8140.625
1361241356.587,9835.9375
1361241356.587,8601.5625
1361241356.65,3255.2083333333335
1361241353.551,694.6022727272727
1361241345.676,1089.3987341772151
1361241353.931,862.8472222222222
1361241354.945,5212.5
1361241355.242,1787.5
1361241347.05,103.46798780487805
1361241355.238,3925.78125
1361241355.622,2445.3125
1361241356.004,3255.2083333333335
1361241356.068,10531.25
1361241356.132,3278.6458333333335
1361241356.132,1630.2083333333333
1361241356.26,6017.857142857143
1361241356.323,1325.892857142857
1361241336.856,562.5
1361241353.642,4351.351351351352
1361241342.378,760.8805668016195
1361241347.092,404.4871794871795
1361241347.539,65.01116071428571
1361241348.305,755.3943452380952
1361241337.958,505.6590544871795
1361241336.772,625.0
1361241336.835,267.85714285714283
1361241340.505,267.85714285714283
1361241356.887,2001.736111111111
1361241360.661,118277.34375
1361241356.692,10650.0
1361241357.012,3951.171875
1361241356.819,4955.729166666667
1361241357.138,6354.910714285715
1361241356.878,4070.3125
1361241353.233,1386.3031914893618
1361241353.232,143.1451612903226
1361241353.232,125.0
1361241353.232,141.62234042553192
1361241353.232,219.61805555555554
1361241353.232,2610.2311643835615
1361241353.232,219.61805555555554
1361241353.295,1248.0014534883721
1361241357.455,2807.2916666666665
1361241357.455,11910.15625
1361241357.582,881.0763888888888
1361241353.485,169.9438202247191
1361241353.484,133.89756944444446
1361241357.644,673.1770833333334
1361241357.708,330.7291666666667
1361241341.957,233.159046692607
1361241345.864,322.6725260416667
1361241358.279,558.3881578947369
1361241358.785,2393.028846153846
1361241359.151,2165.1785714285716
1361241359.149,2120.535714285714
1361241346.73,155.79841040462426
1361241359.589,2632.8125
1361241359.912,6119.791666666667
1361241347.11,93.84191176470588
1361241347.11,110.31062874251498
1361241347.109,62.33377659574468
1361241360.229,4867.1875
1361241347.618,87.53453038674033
1361241355.488,6253.329918032787
1361241356.319,1454.6130952380954
1361241356.894,5355.46875
1361241352.796,138.64715189873417
1361241356.828,980.46875
1361241352.779,1883.736559139785
1361241357.064,3680.8035714285716
1361241353.158,1929.2582417582419
1361241353.158,222.4911971830986
1361241353.158,18151.88953488372
1361241357.378,342.5
1361241357.317,4070.3125
1361241357.381,47.45370370370371
1361241353.413,169.9438202247191
1361241357.508,882.1022727272727
1361241353.412,148.7585616438356
1361241353.412,132.04225352112675
1361241357.571,3916.875
1361241357.571,397.41847826086956
1361241358.144,311.0795454545455
1361241345.981,592.4873737373737
1361241346.045,410.2896341463414
1361241346.172,3417.119565217391
1361241359.133,1628.4722222222224
1361241359.324,3578.125
1361241354.907,1642.688679245283
1361241359.512,2526.0416666666665
1361241359.894,3359.375
1361241347.029,118.31550802139037
1361241347.029,45.10946327683616
1361241347.092,54.86918604651163
1361241360.084,1325.892857142857
1361241360.212,72697.91666666667
1361241347.857,394.01785714285717
1361241348.303,121.35104790419162
1361241342.119,239.20964125560536
1361241345.919,77.46362433862433
1361241345.983,464.5432692307692
1361241345.982,251.18243243243242
1361241345.935,181.21936274509804
1361241346.715,7.608695652173913
1361241346.841,90.80188679245282
1361241355.882,86.68391719745223
1361241356.138,86.13528481012658
1361241355.972,26664.0625
1361241356.163,53328.125
1361241355.69,13031.25
1361241376.805,5177.083333333333
1361241376.932,6601.5625
1361241376.932,5703.125
1361241377.059,5601.5625
1361241377.058,9976.5625
1361241377.058,4250.0
1361241377.122,3496.09375
1361241377.122,3932.2916666666665
1361241377.122,6171.875
1361241377.122,4875.0
1361241377.122,7289.0625
1361241377.185,5695.3125
1361241377.249,6429.6875
1361241377.249,8437.5
1361241377.248,5367.1875
1361241378.501,4359.375
1361241376.186,4750.0
1361241376.441,2956.25
1361241376.626,7035.15625
1361241376.878,7718.75
1361241376.942,11953.125
1361241377.047,7875.0
1361241376.983,6359.375
1361241376.983,3973.9583333333335
1361241377.11,6101.5625
1361241377.11,5270.833333333333
1361241377.174,6375.0
1361241377.11,4468.75
1361241377.3,18156.25
1361241377.3,5695.3125
1361241376.117,4750.0
1361241376.116,3166.6666666666665
1361241376.18,4385.416666666667
1361241360.292,39656.25
1361241360.737,106390.625
1361241357.883,3604.8177083333335
1361241358.01,575.284090909091
1361241358.307,2332.8125
1361241358.495,154.01785714285714
1361241358.558,2216.5178571428573
1361241359.888,5479.166666666667
1361241357.352,652.6442307692307
1361241357.776,1211.8055555555557
1361241358.029,102.67857142857143
1361241360.411,30898.4375
1361241360.924,80286.45833333333
1361241360.867,76645.83333333333
1361241376.899,379.94462025316454
1361241376.962,318.0970149253731
1361241381.948,102.70579268292683
1361241378.339,2130.0756369426754
1361241376.152,23783.106435643564
1361241376.152,2024.597772277228
1361241376.152,2762.8403465346537
1361241376.152,30252.47524752475
1361241376.216,142.3938679245283
1361241376.215,64.29140127388536
1361241376.822,197.38924050632912
1361241376.885,154.01785714285714
1361241377.075,106.0546875
1361241377.266,219.5121951219512
1361241374.444,831.906847133758
1361241374.571,4996.984649122807
1361241374.571,1218.6129385964912
1361241378.279,99.01315789473685
1361241376.08,129.6875
1361241376.08,25939.201732673268
1361241376.08,14386.138613861385
1361241376.08,143.75
1361241376.999,222.899377593361
1361241377.125,57.15811965811966
1361241376.186,38.24344758064517
1361241377.116,78.7956008583691
1361241377.365,51.44650655021834
1361241376.663,7380.208333333333
1361241376.663,11968.75
1361241376.621,17453.125
1361241376.441,3025.0
1361241376.427,2607.6388888888887
1361241377.488,5054.6875
1361241377.228,16171.875
1361241377.418,3273.4375
1361241377.481,3875.0
1361241377.265,9718.75
1361241377.332,9375.0
1361241377.332,5046.875
1361241377.395,1151.0416666666667
1361241379.021,270.2838302752293
1361241379.258,11375.0
1361241382.628,36793.20693597561
1361241380.78,100078.125
1361241403.556,37508.52272727273
1361241392.474,179.6875
1361241406.234,18578.125
1361241407.258,11677.283653846152
1361241430.953,8390.625
1361241431.016,7359.375
1361241438.705,2156.25
1361241438.625,2156.25
1361241428.755,51081.80147058823
1361241430.647,11343.75
1361241430.352,8437.5
1361241447.58,6421.875
1361241447.746,7828.125
1361241472.856,4359.375
1361241469.65,2468.75
1361241469.777,366.5625
1361241470.349,3984.375
1361241470.349,192.32253086419755
1361241470.221,7390.625
1361241470.221,14460.9375
1361241470.347,4401.041666666667
1361241470.411,213.11773255813955
1361241470.603,4114.583333333333
1361241470.474,9570.3125
1361241470.474,289.17253521126764
1361241470.666,7875.0
1361241470.538,8500.0
1361241470.538,6359.375
1361241470.538,3755.2083333333335
1361241470.538,3703.125
1361241470.728,14578.125
1361241470.728,107.39715189873418
1361241470.728,7906.25
1361241470.728,6375.0
1361241470.792,8437.5
1361241470.899,219.5121951219512
1361241469.519,2375.0
1361241469.582,3166.6666666666665
1361241469.581,3166.6666666666665
1361241471.279,5177.083333333333
1361241471.279,260.9747023809524
1361241471.279,5151.041666666667
1361241471.279,3802.0833333333335
1361241471.533,3786.4583333333335
1361241471.597,5289.0625
1361241471.468,3848.9583333333335
1361241471.596,9750.0
1361241471.724,6703.125
1361241471.787,11390.625
1361241471.659,11015.625
1361241471.659,4718.75
1361241471.722,6429.6875
1361241471.786,6057.291666666667
1361241470.647,111.5506329113924
1361241472.71,2116.5941455696207
1361241469.757,831.906847133758
1361241472.572,106.86728395061729
1361241470.627,48.81386861313869
1361241470.695,67.00501824817519
1361241470.994,46.99160447761194
1361241470.545,32.70474137931034
1361241471.432,83.18345323741006
1361241470.388,5552.083333333333
1361241470.388,6755.208333333333
1361241471.155,76531.25
1361241470.36,2895.089285714286
1361241472.262,5054.6875
1361241470.048,572.0274390243902
1361241470.596,5401.041666666667
1361241470.914,9375.0
1361241470.978,6546.875
1361241470.785,9718.75
1361241470.864,15140.625
1361241470.862,9890.625
1361241470.862,3875.0
1361241487.297,193.69762569832403
1361241523.811,196.02272727272725
1361241524.318,1258.5227272727273
1361241524.242,762.784090909091
1361241525.196,1678.125
1361241529.108,7765.625
1361241529.297,7726.5625
1361241529.361,1813.9204545454545
1361241529.297,6601.5625
1361241529.551,1691.40625
1361241529.615,3640.625
1361241529.551,5781.25
1361241529.614,1821.4285714285713
1361241529.614,887.2282608695651
1361241529.995,6429.6875
1361241529.994,12312.5
1361241531.859,7796.875
1361241531.926,8390.625
1361241529.429,1583.3333333333333
1361241529.429,1583.3333333333333
1361241529.429,1357.142857142857
1361241525.01,27517.241379310344
1361241529.931,7390.625
1361241530.069,14054.6875
1361241530.196,5703.125
1361241530.259,5976.5625
1361241530.322,3734.375
1361241530.385,1490.234375
1361241530.385,2833.3333333333335
1361241530.513,2635.4166666666665
1361241530.32,3848.9583333333335
1361241530.32,4239.583333333333
1361241530.384,3786.4583333333335
1361241530.507,1625.0
1361241530.507,4822.916666666667
1361241530.511,2082.589285714286
1361241530.51,1675.78125
1361241530.89,9085.9375
1361241530.953,12203.125
1361241531.757,8390.625
1361241529.241,285.8714788732394
1361241529.241,285.8714788732394
1361241534.168,7642.857142857143
1361241530.202,1890.0568181818182
1361241530.198,1406.25
1361241520.467,2560.916850220264
1361241529.232,408.2306338028169
1361241530.38,210.03605769230768
1361241533.542,3194.444444444445
1361241533.926,4740.885416666667
1361241533.925,1236.328125
1361241533.925,974.2838541666666
1361241533.988,309.1755319148936
1361241533.988,225.0664893617021
1361241533.988,434.375
1361241537.763,2614.5833333333335
1361241533.987,329.4270833333333
1361241530.081,1146.875
1361241534.369,194.359756097561
1361241534.368,1562.5
1361241530.208,369.0814393939394
1361241530.271,272.7521929824561
1361241534.815,15812.5
1361241530.334,296.3267543859649
1361241534.942,8588.541666666666
1361241534.813,7765.625
1361241530.461,351.31048387096774
1361241535.069,1689.3028846153845
1361241530.588,257.21153846153845
1361241535.068,15718.75
1361241530.587,291.40625
1361241530.587,161.55660377358492
1361241530.587,163.16105769230768
1361241535.127,8614.583333333334
1361241535.387,3367.1875
1361241535.195,2979.1666666666665
1361241535.386,4890.625
1361241535.45,2979.1666666666665
1361241535.514,9906.25
1361241535.449,2234.375
1361241535.705,3260.4166666666665
1361241535.639,2445.3125
1361241531.095,256.00961538461536
1361241535.767,19671.875
1361241535.767,13796.875
1361241535.959,16281.25
1361241536.022,14281.25
1361241535.83,9906.25
1361241536.022,8583.333333333334
1361241535.957,77.65151515151516
1361241536.212,85.41666666666667
1361241536.276,1120.5357142857142
1361241536.34,10650.0
1361241536.274,1386.1607142857142
1361241536.381,1203.125
1361241536.637,16786.458333333332
1361241536.7,2652.34375
1361241536.631,18750.0
1361241536.631,11121.09375
1361241537.082,3351.5625
1361241537.081,1997.767857142857
1361241531.833,657.4074074074074
1361241536.889,1710.9375
1361241529.401,5492.857142857143
1361241532.024,4105.56891025641
1361241529.4,284.375
1361241537.016,3953.125
1361241537.016,2753.90625
1361241529.464,181.02678571428572
1361241537.08,3250.0
1361241537.08,2949.21875
1361241537.143,2681.25
1361241537.143,3150.0
1361241529.399,8444.419642857143
1361241537.271,2109.375
1361241537.463,6429.6875
1361241524.662,547.8515625
1361241524.662,766.6774611398963
1361241524.662,754.9384715025907
1361241524.662,545.8170572916666
1361241524.47,524.8397435897436
1361241524.661,455.078125
1361241524.661,247.6128472222222
1361241533.875,192.70833333333334
1361241533.874,4701.497395833333
1361241533.874,1330.7291666666667
1361241533.874,1597.3307291666667
1361241533.938,231.0505319148936
1361241533.937,199.46808510638297
1361241534.319,194.359756097561
1361241534.315,5370.807926829269
1361241534.315,10079.483695652174
1361241530.094,706.5972222222222
1361241530.222,348.3173076923077
1361241530.285,289.306640625
1361241534.764,7656.25
1361241534.876,18984.375
1361241534.811,6515.625
1361241530.267,366.6294642857143
1361241530.523,244.97767857142858
1361241530.522,396.03365384615387
1361241530.394,1426.9153225806454
1361241530.457,336.08490566037733
1361241530.52,344.0448113207547
1361241535.256,768.1107954545454
1361241535.637,3234.375
1361241535.828,9765.625
1361241531.028,1362.3798076923076
1361241535.764,9906.25
1361241531.028,400.0
1361241535.764,8600.0
1361241535.955,14041.666666666666
1361241535.827,9765.625
1361241535.89,1856.25
1361241536.146,8140.625
1361241536.146,5946.875
1361241536.081,27359.375
1361241536.081,10526.041666666666
1361241536.145,8140.625
1361241536.144,1160.15625
1361241536.272,7862.5
1361241528.654,2664.501404494382
1361241536.782,3785.15625
1361241536.59,3792.96875
1361241536.973,5367.1875
1361241536.973,4875.0
1361241536.972,9649.4140625
1361241536.972,1214.84375
1361241537.036,3644.53125
1361241536.908,2796.875
1361241531.788,497.10648148148147
1361241529.356,5237.276785714286
1361241536.908,1597.65625
1361241529.356,8403.125
1361241529.42,137.45471014492756
1361241537.095,3510.4166666666665
1361241537.095,2109.375
1361241537.226,3634.375
1361241529.354,5273.660714285715
1361241529.354,4070.5357142857147
1361241529.418,146.28623188405797
1361241529.418,226.46103896103898
1361241537.354,7340.625
1361241524.362,149.55357142857142
1361241524.553,208.1896551724138
1361241524.617,236.8706597222222
1361241524.617,305.23003472222223
1361241524.617,301.21527777777777
1361241524.617,482.18911917098444
1361241524.617,376.7903645833333
1361241524.617,502.9296875
1361241524.617,767.7299222797927
1361241524.617,92.85481770833333
1361241533.357,195.59151785714286
1361241537.659,127.57120253164558
1361241536.975,95.33005617977527
1361241537.669,127.57120253164558
1361241535.524,78.78212616822431
1361241536.161,115.06410256410255
1361241536.988,106.0546875
1361241537.688,59.36418685121107
1361241537.005,64.66090425531915
1361241537.067,54.94318181818182
1361241537.255,121.12356870229007
1361241537.574,50.13297872340426
1361241533.861,300.98157051282055
1361241536.888,110.35478547854785
1361241537.079,75.92064315352697
1361241534.135,325.9645061728395
1361241535.091,554.2328042328041
1361241536.036,103.20723684210527
1361241536.353,85.03686327077747
1361241536.737,3060.386273209549
1361241536.544,387164.0625
1361241536.8,5054.6875
1361241536.735,128453.125
1361241535.05,82.01058201058201
1361241536.45,591.8684554973822
1361241536.641,5054.6875
1361241532.937,17328.125
1361241534.079,342.62048192771084
1361241534.439,145.36216381418095
1361241534.375,213.47799511002444
1361241534.439,386.1060049019608
1361241535.641,38.29575596816976
1361241535.893,24.431818181818183
1361241535.872,25.29954663212435
1361241536.255,148.19078947368422
1361241536.318,54.48082010582011
1361241536.318,42.09267810026385
1361241536.252,77.2203947368421
1361241536.252,44.12006578947368
1361241536.315,36.27968337730871
1361241536.315,26.87994722955145
1361241536.379,22.592348284960423
1361241533.72,171.0486778846154
1361241534.352,141.08455882352942
1361241534.606,284.014745308311
1361241535.469,85.95748081841433
1361241535.469,28.60576923076923
1361241535.468,62.260230179028135
1361241535.468,56.13425925925926
1361241536.163,64.12760416666667
1361241536.161,101.64473684210526
1361241536.161,32.40435356200528
1361241536.224,19.170514511873353
1361241537.026,15343.75
1361241537.152,11.3675068119891
1361241537.19,34281.25
1361241558.329,205.11968085106383
1361241558.328,2694.148936170213
1361241558.328,199.46808510638297
1361241558.328,231.0505319148936
1361241558.392,1557.7445652173913
1361241558.392,5072.916666666667
1361241558.456,177.08333333333334
1361241558.582,4463.541666666667
1361241558.836,5134.375
1361241558.963,6554.6875
1361241559.153,1988.0514705882354
1361241559.217,595.8333333333334
1361241559.217,5243.75
1361241559.47,1778.125
1361241559.725,550.3472222222222
1361241559.964,9765.625
1361241559.964,10750.0
1361241560.283,2614.5833333333335
1361241560.278,8132.8125
1361241560.409,28109.375
1361241561.044,2369.7916666666665
1361241561.299,2681.25
1361241561.363,5851.5625
1361241561.363,3953.125
1361241561.363,3644.53125
1361241561.427,2812.5
1361241561.427,9335.9375
1361241561.427,2771.875
1361241557.009,2571.1287313432836
1361241557.327,19321.977459016394
1361241557.391,1362.4487704918033
1361241558.26,4656.556372549019
1361241558.259,231.0505319148936
1361241558.323,3232.872596153846
1361241558.387,177.08333333333334
1361241558.382,3645.8333333333335
1361241558.514,3929.6875
1361241558.704,3250.0
1361241558.831,1076.0135135135135
1361241558.958,5479.166666666667
1361241559.403,1956.25
1361241559.53,3276.0416666666665
1361241560.04,14276.041666666666
1361241560.231,27359.375
1361241560.294,4955.729166666667
1361241560.358,9824.21875
1361241560.583,1075.0
1361241561.155,2130.2083333333335
1361241561.151,5250.0
1361241561.151,2359.375
1361241561.216,4875.0
1361241561.28,3659.375
1361241557.246,257.05645161290323
1361241556.789,149.19354838709677
1361241573.764,7125.0
1361241571.315,3325.0
1361241571.315,15312.5
1361241571.379,2862.847222222222
1361241560.479,114.02529761904762
1361241571.935,3265.625
1361241571.998,4468.75
1361241572.315,4953.125
1361241572.569,14036.458333333334
1361241572.633,4210.9375
1361241572.761,15171.875
1361241572.824,2281.25
1361241572.76,7562.5
1361241572.76,1856.25
1361241573.207,5304.6875
1361241573.462,11994.791666666666
1361241570.862,2187.5
1361241559.403,74.2590206185567
1361241571.305,8687.5
1361241568.105,2156.25
1361241571.432,5177.083333333333
1361241571.432,5239.583333333333
1361241571.623,12750.0
1361241571.623,8500.0
1361241571.94,9828.125
1361241572.044,4503.90625
1361241572.11,3260.4166666666665
1361241572.363,9765.625
1361241561.162,106.0546875
1361241572.362,10526.041666666666
1361241572.681,16281.25
1361241572.745,12875.0
1361241572.68,8495.535714285714
1361241572.936,3234.375
1361241561.287,90.98639455782313
1361241573.25,10531.25
1361241573.19,10734.375
1361241551.783,13.21138211382114
1361241552.258,16.414141414141415
1361241573.784,10468.75
1361241570.45,1138.7867647058822
1361241570.767,4601.979961832061
1361241570.83,634.4227099236641
1361241570.958,67.87109375
1361241570.957,67.87109375
1361241574.109,44.18103448275862
1361241570.69,972.0896946564885
1361241571.642,588.9008620689656
1361241557.097,3026.6587677725115
1361241559.25,159.48834196891193
1361241557.696,149.72615979381442
1361241559.861,50526.041666666664
1361241560.38,5593.75
1361241561.015,9171.875
1361241560.811,29.296875
1361241568.49,134.65366242038215
1361241571.82,86.68391719745223
1361241580.753,47419.21542553192
1361241568.36,95.1794164037855
1361241589.278,4092.9487179487182
1361241571.481,263.3802816901408
1361241590.034,265.39179104477614
1361241571.456,144.91421568627453
1361241570.347,577.1407480314961
1361241570.083,42.72788203753351
1361241570.083,49.42346256684492
1361241570.018,932.1949602122016
1361241570.082,46.875
1361241570.567,369.3493150684932
1361241569.909,952.8743315508021
1361241569.972,53.39237967914438
1361241569.972,69.39338235294117
1361241569.972,53.39237967914438
1361241570.163,43.07432432432432
1361241570.479,604.3664383561644
1361241570.985,443.63683844011143
1361241571.785,203.94258720930233
1361241571.785,193.4047965116279
1361241571.913,67.72360703812316
1361241571.849,45.05284256559767
1361241572.04,62.224264705882355
1361241572.04,42.141544117647065
1361241589.948,107.68581081081082
1361241589.948,107.68581081081082
1361241589.692,188.2621951219512
1361241593.788,674.4260204081633
1361241593.788,1282.5255102040815
1361241589.754,1644.4805194805194
1361241589.753,1065.3044871794873
1361241590.073,689.7007042253521
1361241594.231,10218.75
1361241594.295,1700.5208333333333
1361241590.327,994.0257352941177
1361241594.231,7543.75
1361241590.386,5209.375
1361241590.517,392.0673076923077
1361241590.581,3244.7916666666665
1361241594.548,29734.375
1361241590.708,19687.5
1361241590.707,3260.4166666666665
1361241590.707,2445.3125
1361241590.834,4953.125
1361241594.798,2575.5208333333335
1361241590.962,9906.25
1361241594.866,2392.578125
1361241591.025,4882.8125
1361241591.025,9765.625
1361241591.089,19671.875
1361241591.088,10526.041666666666
1361241591.152,3603.125
1361241591.216,12072.916666666666
1361241591.216,14041.666666666666
1361241591.343,28.15934065934066
1361241591.343,5427.083333333333
1361241591.406,262.86764705882354
1361241591.406,28.15934065934066
1361241591.406,3256.25
1361241591.402,2713.5416666666665
1361241591.402,977.6785714285714
1361241591.466,1307.2916666666667
1361241591.466,1325.892857142857
1361241591.533,170.28061224489795
1361241591.533,4294.270833333333
1361241591.533,6309.375
1361241595.308,1251.736111111111
1361241595.308,1214.2857142857142
1361241591.724,8588.541666666666
1361241595.372,1073.4375
1361241595.371,1153.125
1361241591.851,2807.2916666666665
1361241591.978,3234.375
1361241595.498,1083.3333333333333
1361241592.042,4714.285714285715
1361241595.561,1139.0625
1361241591.977,3234.375
1361241592.148,3536.4583333333335
1361241595.667,1750.0
1361241595.667,1179.6875
1361241595.667,1075.7211538461538
1361241595.731,1325.2840909090908
1361241595.731,1159.0909090909092
1361241592.27,2652.34375
1361241592.529,7056.25
1361241595.856,2019.0972222222224
1361241592.528,10531.25
1361241592.847,1960.9375
1361241596.428,5648.4375
1361241596.427,3678.125
1361241593.354,43.43220338983051
1361241593.354,1750.0
1361241593.482,5937.5
1361241596.618,5921.875
1361241589.894,7906.25
1361241593.733,1623.4056122448978
1361241589.893,5468.75
1361241593.733,1775.5102040816325
1361241589.7,8096.387987012987
1361241590.018,8687.5
1361241590.081,7859.375
1361241590.209,8614.583333333334
1361241590.208,7851.5625
1361241590.444,2979.1666666666665
1361241590.444,2979.1666666666665
1361241590.444,2979.1666666666665
1361241590.634,1956.25
1361241590.698,6034.375
1361241594.73,2002.232142857143
1361241594.538,1425.78125
1361241594.729,1494.140625
1361241590.888,762.0192307692307
1361241590.951,4882.8125
1361241591.015,9398.4375
1361241595.046,3003.90625
1361241591.078,14270.833333333334
1361241591.142,13770.833333333334
1361241595.11,4239.583333333333
1361241591.206,2807.2916666666665
1361241591.205,7585.9375
1361241595.173,2734.375
1361241591.333,1546.875
1361241591.333,28.15934065934066
1361241591.396,3028.125
1361241595.236,1934.6590909090908
1361241595.172,1653.8461538461538
1361241591.651,2859.375
1361241591.715,5153.125
1361241591.838,6835.9375
1361241595.426,1098.4375
1361241591.841,15140.625
1361241595.617,1457.8125
1361241595.617,1083.3333333333333
1361241591.969,2281.25
1361241591.969,7554.6875
1361241595.616,1117.1875
1361241595.68,998.5795454545454
1361241592.032,3234.375
1361241595.68,1218.75
1361241592.096,3536.4583333333335
1361241592.223,10734.375
1361241592.287,10531.25
1361241592.223,10734.375
1361241592.287,10531.25
1361241592.414,10734.375
1361241592.414,922.9714912280702
1361241592.474,6000.0
1361241592.605,5138.392857142857
1361241596.061,1687.5
1361241596.166,2109.375
1361241596.165,3214.84375
1361241592.837,2320.3125
1361241596.356,2356.25
1361241593.091,1031.25
1361241593.41,5946.875
1361241589.119,2034.1569767441858
1361241573.607,2897.518382352941
1361241573.211,405.7308970099668
1361241601.627,149.19354838709677
1361241601.562,3612.1031746031745
1361241602.066,420.6730769230769
1361241594.766,213.11773255813955
1361241595.209,239.39043209876542
1361241595.428,100.33411949685535
1361241595.492,116.93869426751593
1361241595.492,140.78947368421052
1361241603.939,2617.1875
1361241595.619,59.375
1361241595.618,132.86290322580646
1361241595.618,118.8508064516129
1361241603.938,3680.8035714285716
1361241604.319,6515.625
1361241604.446,1489.5833333333333
1361241593.052,1053.046875
1361241592.86,443.3103015075377
1361241593.05,145.24872448979593
1361241596.438,125.9765625
1361241596.566,127.57120253164558
1361241604.825,3260.4166666666665
1361241596.695,231.2062937062937
1361241601.556,143.88992537313433
1361241601.556,31714.21370967742
1361241601.62,151.63934426229508
1361241601.915,244.41964285714286
1361241601.914,244.41964285714286
1361241593.974,701.9965277777777
1361241598.201,2156.25
1361241594.549,129.3859649122807
1361241594.676,96.52366863905324
1361241594.675,404.67825443786984
1361241594.675,247.9779411764706
1361241594.675,99.47311046511628
1361241603.121,1317.7083333333333
1361241595.12,229.9242424242424
1361241603.376,1553.125
1361241595.373,62.5
1361241595.373,45.695754716981135
1361241595.523,86.28144654088051
1361241603.715,2245.535714285714
1361241595.522,132.86290322580646
1361241595.586,113.63636363636363
1361241595.522,102.2636217948718
1361241595.522,63.671875
1361241595.522,59.375
1361241595.522,143.8172043010753
1361241604.16,5100.0
1361241604.032,5100.0
1361241601.081,2361.943493150685
1361241593.208,100.28698979591836
1361241593.272,274.80670103092785
1361241604.855,2386.71875
1361241594.395,412.92134831460675
1361241595.098,463.2994186046512
1361241595.162,625.97049689441
1361241596.311,81.39297385620915
1361241596.358,81.92845394736842
1361241601.533,221.27757352941177
1361241601.597,241.6044776119403
1361241601.597,167.44087837837836
1361241601.597,1240.6716417910447
1361241601.597,292.8631756756757
1361241601.597,2549.2294520547944
1361241605.565,688.7019230769231
1361241606.2,765.625
1361241606.962,15773.4375
1361241607.089,4851.5625
1361241607.088,8421.875
1361241607.344,1710.9375
1361241607.215,1768.2291666666667
1361241607.598,5265.625
1361241608.276,116.47727272727272
1361241595.604,53.183229813664596
1361241595.668,53.515625
1361241613.129,3897.569444444445
1361241601.543,285.9141791044776
1361241605.574,179.6875
1361241606.064,510.41666666666663
1361241606.255,4917.96875
1361241606.317,8565.625
1361241606.507,4503.90625
1361241606.635,5946.875
1361241606.634,1856.25
1361241606.634,8140.625
1361241606.762,8583.333333333334
1361241607.143,7570.3125
1361241607.143,3028.125
1361241607.46,10734.375
1361241607.714,12473.958333333334
1361241607.903,1856.25
1361241611.335,2187.5
1361241611.399,3828.125
1361241611.463,3953.125
1361241611.652,5177.083333333333
1361241611.715,4943.75
1361241611.715,4343.75
1361241611.779,3929.6875
1361241611.842,5093.75
1361241604.673,532.4427480916031
1361241612.032,4250.0
1361241604.835,861.7788461538462
1361241612.899,2019.53125
1361241592.14,15343.75
1361241596.922,141500.0
1361241614.336,10531.25
1361241614.463,8421.875
1361241610.491,19844.933712121212
1361241610.678,1305.4123711340205
1361241611.426,93.75
1361241613.902,3603.125
1361241613.905,4536.458333333333
1361241614.453,5057.291666666667
1361241614.58,3785.15625
1361241614.644,1710.9375
1361241607.726,136.76167582417582
1361241611.343,93.75
1361241612.993,3370.2830188679245
1361241601.211,4067.6751592356686
1361241604.126,371.38526119402985
1361241601.484,787.7266839378239
1361241600.99,2524.822695035461
1361241601.43,1312.874251497006
1361241601.559,626.0416666666667
1361241602.654,6039.0625
1361241604.529,845.734126984127
1361241604.723,94.13923487544484
1361241617.599,3641.5625
1361241610.296,927.8192934782609
1361241605.4,362.5
1361241604.912,52.30654761904762
1361241605.416,359.375
1361241606.403,118.56155778894473
1361241606.466,30.945121951219512
1361241606.658,41.45408163265306
1361241606.653,160.48869680851064
1361241605.328,479.1666666666667
1361241605.328,38.53155339805825
1361241606.32,115.85365853658537
1361241607.243,150.6297831632653
1361241611.668,2911.232585139319
1361241611.668,3444.3691950464395
1361241612.113,417.91930379746833
1361241612.094,323.9220727848101
1361241612.158,1214.186507936508
1361241612.158,3666.1706349206347
1361241609.862,308.83152173913044
1361241609.988,506.9936260623229
1361241609.988,29.788011695906434
1361241610.051,34.594941348973606
1361241610.051,297.19111271676303
1361241610.981,150.35029498525074
1361241611.489,168.48466981132077
1361241609.88,39.747807017543856
1361241609.944,34.594941348973606
1361241609.943,30.241935483870968
1361241609.879,60.18518518518518
1361241609.942,62.72579479768786
1361241609.942,31.02089442815249
1361241609.942,273.8486842105263
1361241611.38,891.2617554858933
1361241637.617,2807.2916666666665
1361241613.742,201.43995098039215
1361241613.742,332.75651465798046
1361241613.801,162.20238095238096
1361241635.362,2734.375
1361241635.425,3162.5
1361241632.404,599.3303571428571
1361241632.404,981.25
1361241635.728,6515.625
1361241632.655,287.5
1361241632.591,221.15384615384613
1361241635.791,3925.78125
1361241635.726,3929.6875
1361241636.044,6515.625
1361241635.979,6375.0
1361241633.413,4195.3125
1361241636.425,1111.328125
1361241636.806,9835.9375
1361241637.253,2156.25
1361241637.252,10526.041666666666
1361241613.953,334.0037128712871
1361241613.952,51.619224422442244
1361241637.696,8992.1875
1361241637.759,15171.875
1361241637.759,7164.0625
1361241637.758,4210.9375
1361241613.758,23.539624183006534
1361241627.162,7771.72256097561
1361241636.856,3596.875
1361241636.919,19671.875
1361241636.98,6034.375
1361241614.122,2551.5625
1361241636.879,6315.625
1361241637.631,2615.4513888888887
1361241637.689,5046.875
1361241638.263,5484.375
1361241634.167,61.88206214689265
1361241638.644,8645.833333333334
1361241634.674,1298.33984375
1361241635.117,92.65988372093022
1361241635.805,1383.3333333333333
1361241637.717,2042.4107142857144
1361241637.524,2281.25
1361241638.017,6835.9375
1361241634.112,983.8423295454546
1361241634.491,1347.0744680851064
1361241634.613,238.09523809523807
1361241634.613,20751.100352112677
1361241634.999,92.65988372093022
1361241641.664,27291.193181818184
1361241647.955,24359.02777777778
1361241636.281,222.65625
1361241631.334,57856.25
1361241632.514,5575.892857142857
1361241632.578,6106.25
1361241632.578,6604.6875
1361241632.514,7619.791666666667
1361241632.578,5531.25
1361241632.578,5482.954545454546
1361241632.578,2812.5
1361241632.578,3742.897727272727
1361241632.578,3772.727272727273
1361241632.578,2757.8125
1361241632.578,3419.034090909091
1361241632.483,4348.557692307692
1361241632.483,3392.0454545454545
1361241632.483,4332.386363636363
1361241632.418,5401.041666666667
1361241632.417,4001.2019230769233
1361241632.481,3899.147727272727
1361241632.481,3511.363636363636
1361241632.608,4040.6250000000005
1361241632.671,1092.013888888889
1361241634.544,32018.749999999996
1361241635.805,1622.1590909090908
1361241634.882,3046.006944444445
1361241635.774,14015.625
1361241637.789,8667.96875
1361241635.022,2154.296875
1361241635.085,19588.541666666668
1361241635.085,3781.25
1361241635.084,2511.71875
1361241635.084,2511.71875
1361241635.506,11617.1875
1361241637.322,759.8684210526316
1361241637.318,7625.0
1361241637.573,7875.0
1361241637.7,29.296875
1361241637.699,5171.875
1361241634.914,3558.59375
1361241634.913,3181.25
1361241634.913,21734.375
1361241635.356,8900.568181818182
1361241635.356,9650.0
1361241635.292,2009.375
1361241636.148,10593.75
1361241637.165,7625.0
1361241637.217,94437.5
1361241637.957,8593.75
1361241639.709,16678.125
1361241637.804,8593.75
1361241668.598,1312.5
1361241668.662,1494.7916666666667
1361241666.577,718.75
1361241667.399,7881.25
1361241666.995,174.40390173410407
1361241699.454,2156.25
1361241699.452,2156.25
1361241688.76,58.9171974522293
1361241681.939,27798.226033834588
1361241696.177,8390.625
1361241688.747,59.01671974522293
1361241697.254,7437.5
1361241702.603,2812.5
1361241703.747,6378.125
1361241703.746,130.39434523809524
1361241703.746,214.69907407407408
1361241708.511,17890.625
1361241705.73,2439.1447368421054
1361241705.73,3128.348214285714
1361241702.269,33715.27777777778
1361241706.3,726.5625
1361241702.459,623.1534090909091
1361241703.157,9953.125
1361241703.601,508.1597222222223
1361241704.983,6929.6875
1361241708.565,19906.25
1361241705.799,1143.690664556962
1361241705.799,528.2521802325582
1361241705.989,2759.2983128834353
1361241702.402,4407.616120218579
1361241709.9,125.0
1361241701.647,7107.747395833333
1361241705.724,539.691091954023
1361241705.724,2116.5941455696207
1361241702.325,10413.66969273743
1361241702.325,13594.060945273632
1361241702.389,8402.324879227053
1361241702.897,1228.3088235294117
1361241707.048,67.51543209876543
1361241694.415,52460.9375
1361241696.388,144.04761904761904
1361241697.569,9484.375
1361241659.622,47145.14399509804
1361241707.535,3329.1920731707314
1361241703.851,22187.5
1361241703.812,40150.24038461539
1361241703.943,12833.333333333334
1361241702.777,179726.5625
1361241702.901,5359.375
1361241703.219,63472.65625
1361241729.041,101.97368421052632
1361241705.844,2270.8333333333335
1361241705.552,87956.25
1361241706.038,50062.5
1361241707.41,10292.410714285714
1361241708.674,24503.90625
1361241706.012,24208.841463414632
1361241706.33,1856.7708333333333
1361241706.56,23479.166666666668
1361241707.257,9859.375
1361241707.255,31.335149863760215
1361241725.737,40.83806818181819
1361241730.532,153.90625
1361241738.294,132.21153846153845
1361241737.396,116.07142857142857
1361241737.902,108.33333333333334
1361241738.285,134.46969696969697
1361241704.682,4325.132978723404
1361241737.116,55.372807017543856
1361241737.538,198.86363636363635
1361241737.854,73.71794871794872
1361241734.588,57.017543859649116
1361241738.235,138.1578947368421
1361241738.235,89.84375
1361241738.235,59.895833333333336
1361241738.234,81.25
1361241737.295,87.05357142857143
1361241737.862,154.86111111111111
1361241736.542,224.609375
1361241737.023,56.03448275862069
1361241720.747,904.1666666666666
1361241721.644,1138.28125
1361241743.013,159.7222222222222
1361241742.427,126.83823529411764
1361241729.227,62.5
1361241730.462,125.0
1361241730.589,128.28947368421055
1361241730.653,121.875
1361241730.587,135.41666666666666
1361241730.587,162.5
1361241730.904,232.14285714285714
1361241731.223,147.72727272727275
1361241730.478,121.875
1361241730.477,154.76190476190476
1361241730.477,135.41666666666666
1361241730.477,128.28947368421055
1361241730.541,171.05263157894737
1361241730.794,152.34375
1361241754.407,4312.5
1361241750.94,261.3636363636364
1361241737.285,100.69444444444444
1361241737.087,90.27777777777777
1361241539.935,14190.9375
1361242011.238,62.83244680851063
1361242018.078,15.625
1361243026.405,48.986486486486484
1361243026.657,1812.5
1361243032.597,2718.75
1361243050.956,3625.0
1361243070.009,1359.375
1361243123.372,604.1666666666666
1361243409.952,226.5625
1361243964.067,52.951388888888886
1361244155.206,15.84507042253521
1361244222.983,59.5703125
1361244559.352,9720.703125
1361244555.112,2567.7083333333335
1361244559.662,8108.258928571428
1361244557.393,95.76612903225806
1361244618.985,718.75
1361244761.277,953.125
1361245015.105,5031.25
1361245077.962,11209.82142857143
1361245073.734,3121.875
1361245078.234,9460.9375
1361245138.121,958.3333333333334
1361245280.295,765.625
1361249210.149,11.355377906976743
1361249491.68,57.765151515151516
1361249786.99,77.79255319148936
1361249789.72,953.125
1361249870.616,56.06617647058824
1361251138.62,24.641238670694865
1361252038.072,11.556952662721894
1361255217.222,20.089285714285715
1361258286.182,39.8936170212766
1361258656.237,16.18705035971223
1361259591.613,61.141304347826086
1361265382.917,131.8359375
1361267289.019,59.840425531914896
1361271415.312,54.464285714285715
1361271782.39,51.520270270270274
1361271836.467,52.951388888888886
1361272738.664,59.840425531914896
1361272751.055,16.07142857142857
1361273812.897,179.6875
1361273813.024,205.35714285714286
1361273814.43,179.6875
1361273814.497,179.6875
1361273918.19,16.18705035971223
1361273917.322,179.6875
1361275312.597,31.914893617021274
1361275511.185,52.951388888888886
1361277654.286,54.464285714285715
1361277682.922,50.16447368421053
1361277924.045,56.06617647058824
1361278034.604,56.06617647058824
1361278977.618,3593.75
1361279267.133,11.765813253012048
1361282017.944,59.5703125
1361282347.039,56.06617647058824
1361282400.128,59.5703125
1361284755.041,11.322463768115941
1361288603.803,208.48651960784315
1361293706.275,11.455278592375366
1361295809.315,39.8936170212766
1361295809.144,41.666666666666664
1361298059.879,52.951388888888886
1361298386.865,50.16447368421053
1361300025.314,48.87820512820513
1361303980.669,39.8936170212766
1361304011.032,40.76086956521739
1361304014.052,39.8936170212766
1361306340.744,10.135135135135135
1361306809.387,17.53597122302158
1361307387.104,59.45121951219512
1361307387.104,59.45121951219512
1361307387.104,59.45121951219512
1361307387.019,59.45121951219512
1361307724.539,16.843971631205672
1361309464.945,61.44957983193277
1361309464.945,61.44957983193277
1361309465.823,61.44957983193277
1361309465.821,61.44957983193277
1361309591.537,122.54723837209302
1361310882.602,11.421783625730994
1361311727.839,9988.28125
1361311727.71,19554.6875
1361311731.547,5980.7692307692305
1361311731.991,19906.25
1361311731.863,19554.6875
1361311732.898,39109.375
1361311733.257,3397.7864583333335
1361311726.888,2315.1939655172414
1361311730.97,2058.9192708333335
1361311731.7,5903.007075471698
1361311734.051,16996.875
1361311762.283,958.3333333333334
1361311762.198,958.3333333333334
1361311771.544,30015.625
1361311791.575,2156.25
1361311813.784,41218.75
1361311813.81,13416.666666666666
1361311813.426,9270.833333333334
1361311833.782,3709.375
1361311778.833,3315.7677283653848
1361311833.469,5676.5625
1361311861.813,2796.875
1361311861.729,4828.125
1361311861.985,8390.625
1361311861.495,182932.29166666666
1361311879.63,1931.3226744186047
1361311860.347,49039.0625
1361311860.87,131614.58333333334
1361311861.109,2839.84375
1361311861.172,43375.0
1361311861.172,18812.5
1361311861.172,31687.5
1361311861.172,26492.1875
1361311861.17,23640.625
1361311861.17,43359.375
1361311861.995,11718.75
1361311861.995,4480.46875
1361311862.058,17817.708333333332
1361311862.058,46890.625
1361311862.058,48015.625
1361311862.058,39265.625
1361311862.058,21648.4375
1361311862.058,25476.5625
1361311862.058,13789.0625
1361311862.058,16390.625
1361311862.314,50223.21428571428
1361311862.058,17023.4375
1361311862.057,3020.8333333333335
1361311862.053,18015.625
1361311862.053,19250.0
1361311882.33,577.5669642857143
1361311893.936,718.75
1361311889.009,195460.1510067114
1361311879.701,20503.90625
1361311882.002,153.30399761336517
1361311903.698,8390.625
1361311904.078,4195.3125
1361311903.63,26218.75
1361311901.307,58803.819444444445
1361311904.292,547921.875
1361311903.992,14421.875
1361311939.332,2156.25
1361311920.911,89.02994791666667
1361311920.937,6781.25
1361311969.175,2156.25
1361311978.052,203411.84413580247
1361311994.531,3830.981182795699
1361312018.185,20671.875
1361312047.949,2156.25
1361312076.948,18833.429783950618
1361312098.246,5748.641304347826
1361312098.63,6477.678571428572
1361312099.072,4750.0
1361312099.135,7375.0
1361312099.242,15968.75
1361312099.432,1750.0
1361312098.611,2054.6875
1361312098.611,2549.4791666666665
1361312098.967,4750.0
1361312105.972,9500.0
1361312105.972,526.9097222222222
1361312102.386,16437.5
1361312102.45,14265.625
1361312106.162,28109.375
1361312098.545,2466.987781954887
1361312098.545,3171.522556390977
1361312098.545,2634.750939849624
1361312098.545,63.38443396226415
1361312098.545,3628.9943609022557
1361312098.608,915.719696969697
1361312106.352,882.8125
1361312106.287,13203.125
1361312106.351,5601.5625
1361312106.414,5960.9375
1361312106.346,6359.375
1361312106.413,6380.208333333333
1361312106.412,5765.625
1361312106.54,14578.125
1361312106.54,10984.375
1361312106.54,5679.6875
1361312106.54,15750.0
1361312106.54,6375.0
1361312106.603,6429.6875
1361312106.666,9085.9375
1361312099.602,7004.502118644067
1361312105.951,2179.6875
1361312098.206,1341.2760416666667
1361312098.27,5555.803571428572
1361312098.397,322.29477611940297
1361312098.46,8059.671336206897
1361312098.46,2502.2321428571427
1361312098.523,421.7391304347826
1361312106.203,15453.125
1361312106.203,11953.125
1361312106.203,11406.25
1361312106.262,4250.0
1361312106.432,7906.25
1361312106.368,5695.3125
1361312106.432,4468.75
1361312106.431,6992.1875
1361312106.431,2032.986111111111
1361312106.684,2356.25
1361312106.556,12234.375
1361312101.708,238.37939698492463
1361312114.058,3622.0703125
1361312114.248,1744.6732954545455
1361312114.375,1122.8197674418604
1361312114.374,1769.345238095238
1361312114.374,3758.5565476190473
1361312114.434,1075.4573170731708
1361312114.437,950.1488095238095
1361312106.245,177.8564453125
1361312114.501,1267.1493902439024
1361312114.501,1141.40625
1361312114.501,1014.8237179487178
1361312098.755,1351.9132653061226
1361312106.307,226.27314814814815
1361312106.307,174.21259842519686
1361312106.561,167.42886178861787
1361312106.56,129.7002032520325
1361312106.559,74.82215447154472
1361312106.623,76.72764227642276
1361312099.197,74.97373949579831
1361312106.748,95.17045454545455
1361312115.26,1941.40625
1361312099.323,87.5926906779661
1361312106.855,90.73004201680672
1361312115.619,5104.166666666667
1361312115.617,5270.833333333333
1361312115.745,12390.625
1361312099.809,126.57620614035086
1361312115.871,4250.0
1361312116.189,1276.7857142857142
1361312116.379,2721.875
1361312116.379,2721.875
1361312100.889,212.3074644549763
1361312116.952,4882.8125
1361312117.399,2854.1666666666665
1361312117.079,2222.65625
1361312117.334,9906.25
1361312101.817,3366.7889030612246
1361312113.91,223.53316326530611
1361312105.909,339.7253787878788
1361312114.163,21962.713068181816
1361312102.195,77.22513089005236
1361312114.163,362.5710227272727
1361312098.419,795.933734939759
1361312114.29,1194.767441860465
1361312114.29,1437.5
1361312114.29,1097.470238095238
1361312114.29,953.125
1361312114.29,896.0755813953488
1361312114.29,1650.4360465116279
1361312114.353,1210.1934523809523
1361312114.353,1489.3292682926829
1361312114.353,1169.642857142857
1361312114.353,1051.8292682926829
1361312114.353,923.3630952380952
1361312106.224,128.44488188976376
1361312114.416,2101.7530487804875
1361312114.416,1286.2042682926829
1361312114.416,1080.46875
1361312106.224,133.1787109375
1361312098.672,37.755102040816325
1361312106.287,160.71428571428572
1361312102.639,51.03600543478261
1361312106.476,62.86909448818898
1361312106.476,560.8057228915662
1361312099.238,102.7542372881356
1361312099.432,25.457974137931036
1361312099.411,819.8450854700855
1361312115.345,2187.5
1361312099.663,211.75271739130434
1361312099.79,7405.630506607929
1361312099.916,305.83333333333337
1361312115.724,8588.541666666666
1361312115.66,7851.5625
1361312115.787,6515.625
1361312115.851,5861.979166666667
1361312115.849,7021.875
1361312107.783,92.06495098039217
1361312116.612,3260.4166666666665
1361312116.739,4953.125
1361312117.057,10441.40625
1361312101.055,214.76862980769232
1361312117.119,9835.9375
1361312098.197,1209.1010956175298
1361312106.453,82.74147727272728
1361312100.94,512.9336124401914
1361312106.306,618.75
1361312098.562,563.5797764227642
1361312106.625,62.6313025210084
1361312098.497,360.95647773279353
1361312098.561,5996.82418699187
1361312098.881,80.71836099585063
1361312102.462,517.6630434782609
1361312099.002,1875.0
1361312099.013,267.85714285714283
1361312118.476,17668.75
1361312118.539,9750.0
1361312118.539,192.20632530120483
1361312118.539,7875.0
1361312118.539,7289.0625
1361312118.539,109.5610119047619
1361312118.539,86.49553571428571
1361312118.539,3496.09375
1361312118.539,5270.833333333333
1361312118.603,220.82078313253012
1361312114.507,6112.138605442177
1361312118.602,173.36309523809524
1361312118.602,4468.75
1361312114.506,3126.275510204082
1361312118.602,8437.5
1361312118.661,295.92225609756093
1361312118.661,2807.2916666666665
1361312118.665,296.1128048780488
1361312122.441,1562.5
1361312118.792,8015.625
1361312118.792,227.84810126582278
1361312114.887,3410.0177304964536
1361312118.918,151.04166666666666
1361312119.109,33375.0
1361312115.245,724.7685185185186
1361312115.878,3357.875
1361312116.001,3010.670731707317
1361312123.685,5177.083333333333
1361312123.812,7906.25
1361312123.875,8687.5
1361312123.873,6195.3125
1361312116.385,150.90811965811966
1361312116.385,48.4775641025641
1361312116.385,48.4775641025641
1361312123.937,6511.71875
1361312116.385,318.10897435897436
1361312116.512,594.0217391304348
1361312116.703,180.38504464285714
1361312116.702,1526.0416666666667
1361312116.702,484.6515486725664
1361312116.701,855.3685897435897
1361312124.188,5843.75
1361312117.084,128.39033018867923
1361312124.809,2984.375
1361312124.745,6804.6875
1361312124.871,5870.3125
1361312125.061,9906.25
1361312117.571,154.65561224489795
1361312117.571,912.0489690721649
1361312118.461,245.16369047619045
1361312118.397,10526.041666666666
1361312118.46,3661.4583333333335
1361312114.428,9548.553719008265
1361312114.428,4655.179794520547
1361312114.428,6001.275510204081
1361312118.588,83.65091463414635
1361312114.427,3752.65731292517
1361312114.427,3461.734693877551
1361312118.587,6429.6875
1361312118.651,6057.291666666667
1361312118.715,14437.5
1361312118.715,117.578125
1361312118.715,5932.291666666667
1361312118.778,7570.3125
1361312118.837,6807.291666666667
1361312118.905,2281.25
1361312114.808,1107.336956521739
1361312115.351,79.70183486238531
1361312123.474,19523.4375
1361312123.6,5104.166666666667
1361312116.238,171.875
1361312116.302,513.7553418803419
1361312116.302,150.90811965811966
1361312116.297,676.8162393162394
1361312116.297,513.7553418803419
1361312116.493,95.46703296703296
1361312124.086,7859.375
1361312124.086,5856.770833333333
1361312124.661,4536.458333333333
1361312124.213,6375.0
1361312124.916,7925.0
1361312124.786,9828.125
1361312124.85,9835.9375
1361312125.361,88343.75
1361312125.36,24320.3125
1361312117.207,138.17401960784315
1361312117.143,225.87985436893203
1361312115.411,1219.7041984732823
1361312118.29,909.9264705882352
1361312116.174,1579.3067226890755
1361312125.071,512.5
1361312117.122,395.02427184466023
1361312117.249,7486.3861386138615
1361312115.646,719.3651574803149
1361312106.619,37.5
1361312129.56,2851.5625
1361312129.624,2734.375
1361312129.624,6125.0
1361312129.814,1478.515625
1361312129.814,2236.6071428571427
1361312129.809,1390.625
1361312129.809,1328.125
1361312129.813,1756.9444444444443
1361312129.94,1489.5833333333333
1361312129.876,1338.5416666666667
1361312121.938,1341.9471153846155
1361312130.384,3634.375
1361312130.256,2839.84375
1361312130.319,3394.53125
1361312130.318,2847.65625
1361312122.254,1088.4081196581196
1361312122.318,9400.106837606838
1361312122.318,444.93447580645164
1361312114.509,71.12970711297072
1361312130.445,4250.0
1361312122.317,134.07258064516128
1361312130.637,4067.708333333333
1361312114.826,68.40128755364806
1361312115.144,81.87772925764192
1361312115.173,1563.048245614035
1361312128.674,2375.0
1361312128.609,12312.5
1361312128.609,3166.6666666666665
1361312115.745,4395.972222222223
1361312129.054,2281.25
1361312123.932,916.9921875
1361312129.499,4401.041666666667
1361312116.887,103.77604166666667
1361312124.542,217.97839506172838
1361312124.541,541.0879629629629
1361312124.541,676.1188271604939
1361312124.737,226.36217948717947
1361312124.864,428.04276315789474
1361312129.726,1803.5714285714287
1361312129.726,1282.986111111111
1361312129.725,1218.75
1361312129.725,1271.306818181818
1361312121.788,95.30057251908397
1361312129.979,3375.0
1361312130.042,2475.0
1361312130.232,2812.5
1361312118.518,521.5163934426229
1361312114.422,77.3404811715481
1361312122.23,135.01602564102564
1361312114.422,88.78138075313807
1361312130.358,6375.0
1361312122.358,75.54347826086956
1361312122.356,75.54347826086956
1361312114.709,91.81356837606839
1361312128.588,557.9044117647059
1361312128.652,3166.6666666666665
1361312128.652,2956.25
1361312128.97,3339.285714285714
1361312129.414,853.7946428571429
1361312129.414,5151.041666666667
1361312132.037,1453.125
1361312123.973,440.5570652173913
1361312124.141,742.2715053763441
1361312124.268,651.9717261904761
1361312124.46,460.45524691358025
1361312124.715,321.2425595238095
1361312124.458,70.02314814814815
1361312124.458,70.02314814814815
1361312125.224,1257.6992753623188
1361312125.075,200.12019230769232
1361312115.001,2113.3497807017543
1361312116.26,1129.5604066985645
1361312116.674,126.08418367346938
1361312114.873,100.5184331797235
1361312129.486,226.27314814814815
1361312129.677,159.9184782608696
1361312130.433,183.51715686274508
1361312130.559,117.8125
1361312128.48,93318.20436507936
1361312128.544,214.5753816793893
1361312128.416,64.29140127388536
1361312132.437,99.67672413793103
1361312125.178,551.6564207650273
1361312129.591,80.72916666666667
1361312128.827,1096.0245253164558
1361312128.954,4035.4091726618703
1361312129.398,1095.1140873015872
1361312129.398,919.0228174603175
1361312129.398,1623.015873015873
1361312129.462,2526.75
1361312130.287,185.77860169491524
1361312119.034,49225.0
1361312124.907,480.7692307692308
1361312146.091,2156.25
1361312131.713,2132.165605095541
1361312126.198,2327.8846153846152
1361312125.511,824.21875
1361312129.785,8101.5625
1361312128.865,5968.75
1361312129.498,1149.5535714285713
1361312128.773,434.02777777777777
1361312129.462,3218.75
1361312130.481,1444.1964285714287
1361312131.178,256442.7083333333
1361312129.904,1959.8214285714287
1361312130.031,1309.375
1361312129.944,1107.142857142857
1361312130.006,1175.0
1361312130.006,3296.875
1361312130.196,3785.15625
1361312128.509,75299.22279792746
1361312154.032,13678.469967532468
1361312146.235,7578.125
1361312163.954,60897.00940860215
1361312174.004,27423.70345744681
1361312176.209,2156.25
1361312183.807,22163.30030487805
1361312183.315,70248.46670560747
1361312202.064,23674.264705882353
1361312212.982,16967.94181034483
1361312212.809,51569.706357758616
1361312232.496,31239.790482954548
1361312254.6,18484.375
1361312250.694,224.20058139534885
1361312250.693,215.11627906976744
1361312250.756,492.8977272727273
1361312250.692,218.02325581395348
1361312250.883,199.21875
1361312250.945,5468.75
1361312251.45,11713.541666666666
1361312251.45,11708.333333333334
1361312251.575,26109.375
1361312251.639,6755.208333333333
1361312252.0,9500.0
1361312250.2,219.0625
1361312252.823,1053.8194444444443
1361312250.263,3530.293367346939
1361312252.95,19445.3125
1361312253.077,5976.5625
1361312253.14,2471.3541666666665
1361312253.14,6380.208333333333
1361312253.204,1098.2142857142858
1361312253.264,6007.8125
1361312253.328,12343.75
1361312253.395,1976.5625
1361312254.225,1205.357142857143
1361312254.225,4750.0
1361312254.225,3166.6666666666665
1361312254.416,15359.375
1361312254.204,3979.1666666666665
1361312254.268,7312.5
1361312254.268,7289.0625
1361312254.396,6054.6875
1361312254.396,6429.6875
1361312254.456,2994.7916666666665
1361312254.586,10937.5
1361312250.617,44534.52034883721
1361312250.616,2944.767441860465
1361312250.615,349.92732558139534
1361312250.615,218.02325581395348
1361312250.615,5096.293604651163
1361312250.679,4684.895833333333
1361312250.615,218.02325581395348
1361312250.678,1978.794642857143
1361312250.804,231.25
1361312250.866,204.32692307692307
1361312250.93,5265.625
1361312251.119,8234.375
1361312251.119,15531.25
1361312251.246,12390.625
1361312251.309,8613.28125
1361312251.309,15703.125
1361312251.372,11697.916666666666
1361312251.562,6890.625
1361312251.562,14906.25
1361312251.626,6890.625
1361312251.561,6890.625
1361312251.561,157.55208333333334
1361312251.785,44343.75
1361312252.733,16057.291666666668
1361312252.859,6890.625
1361312252.923,28109.375
1361312252.986,13902.34375
1361312253.049,15453.125
1361312253.049,5703.125
1361312253.113,3848.9583333333335
1361312253.176,6359.375
1361312253.176,5976.5625
1361312253.299,4468.75
1361312253.239,11359.375
1361312253.302,10578.125
1361312253.302,4661.458333333333
1361312254.109,3166.6666666666665
1361312254.109,3661.4583333333335
1361312254.172,7875.0
1361312254.172,6057.291666666667
1361312250.406,7642.857142857143
1361312254.688,9550.78125
1361312254.56,86.375
1361312254.556,86.375
1361312255.321,10057.291666666666
1361312255.51,5203.125
1361312255.574,16289.0625
1361312255.573,194.2997685185185
1361312253.095,111.72945205479452
1361312253.095,226.27314814814815
1361312253.095,151.54109589041096
1361312253.348,64.81073943661971
1361312254.242,103.68217054263566
1361312254.418,93.50198412698413
1361312255.114,9835.9375
1361312255.432,9039.0625
1361312255.495,16289.0625
1361312256.294,18427.96052631579
1361312251.812,745.6439393939394
1361312252.883,903.0827702702703
1361312252.95,149.3409863945578
1361312254.138,141.83624031007753
1361312253.156,63.39003164556963
1361312254.304,150.48363095238096
1361312252.441,2135.4166666666665
1361312252.441,1708.3333333333333
1361312252.441,2683.035714285714
1361312252.505,4564.024390243902
1361312250.493,3973.3072916666665
1361312252.387,2046.875
1361312249.954,234.375
1361312250.648,5470.052083333333
1361312250.707,19656.25
1361312250.901,398.4375
1361312250.9,4859.375
1361312250.964,18289.0625
1361312251.091,5666.071428571428
1361312252.394,16234.375
1361312251.272,2168.229166666667
1361312251.524,38.26530612244898
1361312251.713,17929.6875
1361312251.712,3100.961538461538
1361312251.839,777.0432692307693
1361312251.903,3284.1435185185187
1361312251.902,2604.1666666666665
1361312253.338,19437.5
1361312254.272,9890.625
1361312254.335,3906.25
1361312254.268,7570.3125
1361312254.268,7513.392857142857
1361312254.268,3273.4375
1361312272.878,1732.638888888889
1361312272.729,4195.3125
1361312273.867,8390.625
1361312253.812,155645.83333333334
1361312254.122,177869.79166666666
1361312270.366,350.132625994695
1361312292.371,239.58333333333334
1361312276.092,177156.99404761902
1361312272.075,140398.4375
1361312272.084,8437.5
1361312272.148,29609.375
1361312272.148,38734.375
1361312272.148,37328.125
1361312272.148,54593.75
1361312272.148,34375.0
1361312273.079,9968.75
1361312273.037,45578.125
1361312273.036,35656.25
1361312273.036,50796.875
1361312273.036,44734.375
1361312273.036,28875.0
1361312273.035,36890.625
1361312273.035,31562.5
1361312273.035,30078.125
1361312290.964,32370.780109489053
1361312300.143,2156.25
1361312299.115,45484.55668604651
1361312310.037,12361.111111111111
1361312322.34,89.84375
1361312322.34,781.25
1361312311.592,6781.25
1361312311.781,3916.6666666666665
1361312355.01,22552.62212643678
1361312366.896,52954.627403846156
1361312371.24,2156.25
1361312382.23,14000.0
1361312382.149,8390.625
1361312385.467,7167.582417582418
1361312380.374,32789.47368421053
1361312382.2,8437.5
1361312381.607,37734.375
1361312387.174,73.23270631067962
1361312387.364,60.74695121951219
1361312416.683,2156.25
1361312429.264,4791.33064516129
1361312450.764,2375.0
1361312450.764,2375.0
1361312451.143,2956.25
1361312447.747,14695.3125
1361312451.584,7007.8125
1361312451.583,7718.75
1361312451.583,5703.125
1361312451.71,5601.5625
1361312451.71,6125.0
1361312451.773,5679.6875
1361312451.709,4250.0
1361312451.709,5367.1875
1361312451.773,5960.9375
1361312451.837,11796.875
1361312451.832,7078.125
1361312451.832,11390.625
1361312451.836,9750.0
1361312451.836,12343.75
1361312451.836,7875.0
1361312451.836,5270.833333333333
1361312451.836,5968.75
1361312451.836,4468.75
1361312451.887,8437.5
1361312452.012,11296.875
1361312448.81,20015.625
1361312449.697,11412.5
1361312450.66,4104.166666666667
1361312450.66,2375.0
1361312451.358,14054.6875
1361312451.336,7984.375
1361312451.464,5976.5625
1361312451.527,9570.3125
1361312451.587,6359.375
1361312451.714,14578.125
1361312451.906,9085.9375
1361312440.193,12472.005208333334
1361312451.904,12859.375
1361312452.662,4359.375
1361312462.467,12750.0
1361312450.689,1992.7161654135339
1361312450.688,3129.581766917293
1361312451.51,182.94270833333334
1361312451.762,78.65918803418803
1361312452.08,106.13738738738739
1361312452.509,2116.89082278481
1361312462.033,7906.25
1361312462.348,8687.5
1361312450.61,53457.354323308275
1361312450.61,1659.7744360902257
1361312450.61,5050.634398496241
1361312450.61,2668.233082706767
1361312450.61,218.39755639097743
1361312450.674,64.29140127388536
1361312450.674,77.29640151515152
1361312451.432,134.81404958677686
1361312451.496,215.625
1361312451.43,177.08333333333334
1361312451.685,156.65064102564102
1361312452.002,173.54910714285714
1361312452.49,91.32281553398059
1361312461.818,5109.375
1361312462.137,7656.25
1361312462.073,8687.5
1361312462.2,7859.375
1361312462.903,2994.7916666666665
1361312463.029,9835.9375
1361312450.741,128.4722222222222
1361312450.804,21.18929856115108
1361312470.772,3640.625
1361312463.154,1801.5625
1361312463.154,7790.625
1361312462.768,595.2785326086956
1361312463.656,15750.0
1361312463.723,8421.875
1361312463.723,109.78618421052632
1361312463.595,8421.875
1361312463.723,109.78618421052632
1361312463.723,132.60690789473685
1361312463.659,10984.375
1361312463.659,110.1866883116883
1361312463.658,4468.75
1361312463.722,7585.9375
1361312463.849,7570.3125
1361312463.849,3421.875
1361312451.625,481.4268867924528
1361312463.912,161.38698630136986
1361312451.815,61.78707224334601
1361312452.304,414.37007874015745
1361312464.968,289.34151785714283
1361312468.554,3085.9375
1361312468.616,3166.6666666666665
1361312469.12,7984.375
1361312461.507,99.57386363636364
1361312469.123,7726.5625
1361312469.123,5703.125
1361312469.123,6380.208333333333
1361312461.89,88.9423076923077
1361312469.314,2543.75
1361312461.89,71.96514423076923
1361312469.314,2146.875
1361312469.314,2415.625
1361312469.314,2462.5
1361312461.89,8845.552884615385
1361312461.89,104.4170673076923
1361312461.953,84.34466019417476
1361312469.569,4859.375
1361312469.569,3953.125
1361312469.569,4083.333333333333
1361312469.568,2957.03125
1361312469.632,3526.0416666666665
1361312469.696,8437.5
1361312462.252,500.3188775510204
1361312462.32,505.4768041237113
1361312469.805,11296.875
1361312462.504,726.7287234042553
1361312463.015,19640.625
1361312451.106,65.60202205882352
1361312462.753,608.6881868131868
1361312462.817,285.99016853932585
1361312463.392,15773.4375
1361312463.391,1104.1015625
1361312463.519,9750.0
1361312463.519,312.09935897435895
1361312463.583,14578.125
1361312463.583,7078.125
1361312463.582,87.94070512820514
1361312463.518,15789.0625
1361312463.582,8437.5
1361312463.518,454.92788461538464
1361312463.582,7906.25
1361312463.582,238.43344155844156
1361312463.646,109.58059210526316
1361312463.646,8611.842105263158
1361312463.645,156.66118421052633
1361312463.645,5046.875
1361312463.645,6429.6875
1361312463.773,127.11148648648648
1361312463.645,89.08279220779221
1361312463.709,9085.9375
1361312463.773,240.0
1361312451.485,106.37922932330828
1361312451.548,63.96851503759399
1361312451.736,147.42366412213738
1361312463.836,128.8527397260274
1361312451.74,398.2295627376426
1361312451.612,67.27594339622642
1361312451.612,127.42660984848486
1361312451.675,60.65826996197718
1361312451.739,49.61832061068702
1361312451.739,640.6846374045801
1361312464.09,749.1319444444445
1361312452.03,173.02567829457362
1361312468.472,4750.0
1361312468.535,2375.0
1361312468.724,7410.15625
1361312468.787,3695.3125
1361312449.969,20.32871972318339
1361312469.038,5976.5625
1361312469.038,7007.8125
1361312461.485,1588.7327981651376
1361312461.788,1224.4591346153845
1361312461.784,92.6983173076923
1361312469.208,2221.875
1361312469.208,2403.125
1361312469.462,4875.0
1361312461.782,2245.535714285714
1361312461.782,104.4170673076923
1361312461.782,104.4170673076923
1361312469.462,3496.09375
1361312469.462,4468.75
1361312469.462,2984.375
1361312461.846,84.34466019417476
1361312469.717,12859.375
1361312469.717,9085.9375
1361312469.456,5250.0
1361312462.292,2049.6419270833335
1361312471.226,8500.0
1361312463.972,1847.1467391304348
1361312463.971,60986.607142857145
1361312451.482,574.0566037735849
1361312451.609,76.40209125475285
1361312451.569,491.4874551971326
1361312451.573,134.52060931899643
1361312451.568,134.40860215053763
1361312463.28,3343.75
1361312450.232,1599.6492346938776
1361312451.02,78.18100358422939
1361312468.548,244.06828703703704
1361312468.612,63.48270440251573
1361312469.119,263.22115384615387
1361312469.863,222.2222222222222
1361312470.496,98.89914772727272
1361312468.474,3536.2787356321837
1361312468.473,62104.346264367814
1361312468.536,4862.281976744186
1361312469.043,197.5870253164557
1361312469.043,267.6028481012658
1361312469.042,203.64583333333334
1361312469.487,107.39715189873418
1361312470.57,2103.577044025157
1361312478.941,10469.135802469136
1361312468.209,98.03158362989323
1361312469.839,50.13297872340426
1361312468.628,141.63578167115904
1361312468.628,88.06435309973045
1361312468.628,100.69912398921834
1361312468.691,1875.0
1361312468.932,90.4228436657682
1361312468.932,29.454580745341616
1361312468.867,95.16666666666666
1361312469.437,113.80537974683544
1361312469.437,16156.25
1361312469.563,99.0
1361312469.562,52.67738726790451
1361312469.626,14359.375
1361312469.857,60.48927613941019
1361312469.857,33.01411290322581
1361312469.856,59.811282467532465
1361312470.047,14656.25
1361312470.301,146.94330601092895
1361312470.424,216583.33333333334
1361312468.337,106.55918727915194
1361312469.711,76.49128686327077
1361312469.775,9375.0
1361312469.774,100.5859375
1361312469.838,39.42048517520216
1361312470.471,8671.875
1361312494.747,5359.375
1361312492.337,3166.6666666666665
1361312492.336,3166.6666666666665
1361312492.716,3695.3125
1361312492.971,28109.375
1361312492.97,16312.5
1361312493.098,11406.25
1361312493.098,6380.208333333333
1361312493.098,6601.5625
1361312493.098,7726.5625
1361312493.097,5960.9375
1361312493.353,5492.1875
1361312493.353,4875.0
1361312493.161,2125.0
1361312493.416,6359.375
1361312493.352,5937.5
1361312493.544,3028.6458333333335
1361312493.352,4468.75
1361312493.479,8437.5
1361312493.543,4286.458333333333
1361312494.35,6601.5625
1361312494.414,7398.4375
1361312494.414,5554.6875
1361312494.03,1580.7291666666667
1361312494.222,4247.767857142857
1361312494.35,5703.125
1361312494.729,11359.375
1361312494.728,7687.5
1361312494.728,11906.25
1361312492.259,4114.583333333333
1361312492.259,3166.6666666666665
1361312492.258,351.27314814814815
1361312493.018,2871.09375
1361312493.018,8085.9375
1361312493.209,3539.0625
1361312492.948,5976.5625
1361312493.336,14578.125
1361312493.336,6070.3125
1361312493.335,5765.625
1361312493.315,6375.0
1361312493.315,7906.25
1361312493.059,2816.40625
1361312493.121,2683.59375
1361312493.436,3526.0416666666665
1361312493.311,7875.0
1361312493.949,9500.0
1361312494.269,7726.5625
1361312494.269,5976.5625
1361312494.269,4750.0
1361312493.436,4036.458333333333
1361312493.947,9864.583333333334
1361312469.419,575.3021628498728
1361312469.736,134.78023690773065
1361312494.771,6380.208333333333
1361312494.835,5773.4375
1361312498.763,9500.0
1361312498.826,9500.0
1361312498.826,7398.4375
1361312495.112,11937.5
1361312494.791,5617.1875
1361312495.238,2625.0
1361312495.238,2018.2291666666665
1361312495.238,2429.6875
1361312495.301,3798.828125
1361312495.554,2109.375
1361312495.618,4286.458333333333
1361312495.617,2595.9821428571427
1361312499.521,2371.09375
1361312499.711,9500.0
1361312496.062,6071.875
1361312496.061,9500.0
1361312496.061,1185.546875
1361312499.964,9864.583333333334
1361312499.964,3161.4583333333335
1361312500.137,3161.4583333333335
1361312496.552,9500.0
1361312496.552,1354.9107142857142
1361312496.552,9854.166666666666
1361312500.326,7601.5625
1361312500.326,510.15625
1361312496.997,3120.3125
1361312496.992,9500.0
1361312496.995,1053.8194444444443
1361312492.323,17216.77927927928
1361312492.323,23840.79391891892
1361312492.322,2906.6722972972975
1361312500.952,9500.0
1361312493.081,295.5994897959184
1361312498.073,7597.65625
1361312498.068,4750.0
1361312493.335,138.43457943925233
1361312501.122,9500.0
1361312501.313,9864.583333333334
1361312493.759,296.875
1361312493.887,589.0625
1361312501.565,2371.09375
1361312501.821,9500.0
1361312501.821,7390.625
1361312501.821,2371.09375
1361312502.077,9500.0
1361312498.555,9859.375
1361312498.555,3161.4583333333335
1361312498.745,1896.875
1361312495.032,11390.625
1361312499.063,9500.0
1361312495.159,1950.0
1361312495.159,2022.3214285714284
1361312499.062,9848.958333333334
1361312495.158,1830.7291666666667
1361312495.222,790.3645833333334
1361312495.158,2635.4166666666665
1361312499.062,1580.7291666666667
1361312495.158,1915.1785714285713
1361312495.222,1900.0
1361312499.442,10135.416666666666
1361312499.442,9500.0
1361312499.667,9848.958333333334
1361312499.666,3161.4583333333335
1361312499.791,9500.0
1361312500.04,9859.375
1361312500.232,9500.0
1361312492.232,2289.4144144144148
1361312492.228,63.48270440251573
1361312497.095,2156.25
1361312492.358,2846.392463235294
1361312497.158,1583.3333333333333
1361312497.158,7398.4375
1361312497.412,9500.0
1361312497.452,7585.9375
1361312497.451,1185.546875
1361312500.842,10135.416666666666
1361312492.964,314.88095238095235
1361312493.031,430.77956989247315
1361312497.957,2040.625
1361312492.965,404.65561224489795
1361312493.22,633.0818965517241
1361312499.208,9500.0
1361312499.275,9859.375
1361312499.275,3161.4583333333335
1361312502.026,14789.0625
1361312502.472,9500.0
1361312495.304,729.5673076923077
1361312502.216,9500.0
1361312502.471,7398.4375
1361312502.982,790.3645833333334
1361312502.881,5909.375
1361312502.923,4750.0
1361312502.923,7601.5625
1361312502.923,592.7734375
1361312510.728,11531.25
1361312503.934,9500.0
1361312504.377,2371.09375
1361312504.612,10135.416666666666
1361312504.612,9500.0
1361312504.802,9500.0
1361312504.802,3161.4583333333335
1361312504.993,7402.34375
1361312505.246,9500.0
1361312505.246,2371.09375
1361312492.253,77243.05555555556
1361312492.316,20597.970545977012
1361312505.5,9500.0
1361312505.5,9864.583333333334
1361312505.755,10187.5
1361312510.646,4750.0
1361312503.853,1354.9107142857142
1361312503.848,7597.65625
1361312504.298,9500.0
1361312504.298,7394.53125
1361312504.528,3161.4583333333335
1361312504.716,14804.6875
1361312504.907,9500.0
1361312505.163,7402.34375
1361312504.907,2371.09375
1361312505.607,9500.0
1361312489.336,270.8333333333333
1361312491.927,901.2976044226044
1361312492.486,35.8270202020202
1361312492.739,1875.0
1361312492.928,117.40841902313625
1361312495.183,34.72222222222222
1361312510.861,96.13095238095238
1361312510.988,28921.875
1361312510.668,338.6863425925926
1361312510.668,4469.039351851852
1361312510.667,3436.4872685185187
1361312510.667,2787.9050925925926
1361312510.667,3828.993055555555
1361312511.05,5703.125
1361312511.05,159.46691176470588
1361312511.113,11953.125
1361312511.112,5367.1875
1361312511.176,15531.25
1361312511.176,6359.375
1361312511.24,4510.416666666667
1361312511.235,5765.625
1361312511.239,125.62499999999999
1361312511.239,92.96085858585859
1361312495.111,45.76210826210826
1361312511.239,183.90625
1361312495.175,46.31474103585657
1361312511.366,6429.6875
1361312511.366,5968.75
1361312511.492,122.72135416666667
1361312511.615,237.23118279569894
1361312512.059,100.2906976744186
1361312512.123,3934.9264705882356
1361312512.255,2179.6875
1361312495.998,52.91491596638655
1361312517.527,4195.3125
1361312510.591,4419.126157407408
1361312510.591,2940.6828703703704
1361312510.59,155.52662037037038
1361312510.59,87.01261467889908
1361312510.973,14781.25
1361312510.973,216.91176470588235
1361312510.972,215.22671568627453
1361312494.588,140.75593575418992
1361312510.972,7718.75
1361312510.968,147.90655339805824
1361312510.968,6601.5625
1361312511.035,425.5514705882353
1361312511.035,9570.3125
1361312511.035,229.1015625
1361312511.098,12046.875
1361312511.161,7289.0625
1361312511.161,5492.1875
1361312511.161,143.4659090909091
1361312511.161,7875.0
1361312511.161,5695.3125
1361312511.161,9762.941919191919
1361312511.16,4218.75
1361312511.16,7906.25
1361312511.224,5695.3125
1361312511.16,4468.75
1361312495.096,110.0
1361312511.16,228.96039603960398
1361312495.096,43.44729344729345
1361312511.283,1745.9729381443299
1361312495.091,72.89591633466136
1361312511.287,9085.9375
1361312511.415,194.98697916666666
1361312511.414,12109.375
1361312495.286,97.9705459770115
1361312511.541,155.24193548387098
1361312511.541,272.84946236559136
1361312511.795,5976.5625
1361312511.922,8500.0
1361312518.504,5046.875
1361312518.567,8390.625
1361312511.135,99.84375
1361312511.07,748.4529702970298
1361312492.955,1440.5924479166667
1361312497.395,87.2159090909091
1361312511.536,170.58486238532112
1361312497.402,299.02742346938777
1361312498.937,27.27272727272727
1361312518.916,94.42349137931035
1361312526.596,6375.0
1361312526.596,6703.125
1361312526.596,8437.5
1361312526.658,5523.4375
1361312526.658,6429.6875
1361312526.658,7242.1875
1361312519.166,1540.8761160714287
1361312519.611,1220.5357142857142
1361312519.611,103.42261904761904
1361312519.611,89.28571428571429
1361312519.611,1873.9583333333335
1361312519.61,91.8154761904762
1361312519.61,88.0952380952381
1361312519.802,5270.833333333333
1361312519.987,12882.8125
1361312520.308,8494.791666666666
1361312520.308,3260.4166666666665
1361312520.498,9765.625
1361312520.434,9906.25
1361312520.625,13911.458333333334
1361312520.668,98.7215909090909
1361312520.797,2614.5833333333335
1361312520.924,2320.3125
1361312521.494,202.08333333333334
1361312521.494,111.25
1361312517.521,264.02828467153284
1361312517.521,232.2080291970803
1361312517.521,308.50821167883214
1361312517.521,335.0821167883212
1361312517.521,260.94890510948903
1361312525.2,3166.6666666666665
1361312525.2,4750.0
1361312517.52,259.5802919708029
1361312517.52,338.73175182481754
1361312525.199,557.9044117647059
1361312525.837,11953.125
1361312525.709,8156.25
1361312525.837,6601.5625
1361312526.392,10734.375
1361312526.327,5601.5625
1361312526.391,11140.625
1361312526.455,7867.1875
1361312526.455,5695.3125
1361312526.455,7906.25
1361312526.454,4661.458333333333
1361312526.644,11328.125
1361312526.579,9085.9375
1361312519.533,1672.317216981132
1361312519.532,10529.017857142857
1361312519.532,129.46428571428572
1361312519.532,103.42261904761904
1361312519.532,776.0908018867925
1361312519.532,202.68691588785046
1361312519.914,495.2651515151515
1361312519.913,15312.5
1361312519.977,15531.25
1361312519.976,500.3188775510204
1361312519.976,8588.541666666666
1361312520.104,7859.375
1361312520.04,8500.0
1361312520.099,4468.75
1361312520.163,2979.1666666666665
1361312520.357,3260.4166666666665
1361312520.549,9765.625
1361312520.612,98.7215909090909
1361312520.676,14161.458333333334
1361312521.591,10937.5
1361312522.542,222.1746575342466
1361312518.44,84.16970802919708
1361312518.44,315.5793795620438
1361312518.44,321.2819343065693
1361312518.44,404.53923357664235
1361312518.44,277.60036496350364
1361312518.499,261.0294117647059
1361312526.118,3166.6666666666665
1361312526.118,3085.9375
1361312526.372,3691.40625
1361312526.498,9677.083333333334
1361312526.742,7726.5625
1361312526.74,5703.125
1361312526.74,6380.208333333333
1361312527.314,12171.875
1361312527.314,12718.75
1361312527.314,3828.125
1361312527.25,4250.0
1361312526.982,12375.0
1361312521.187,1613.3306962025315
1361312517.728,11955.94454887218
1361312519.514,3028.301886792453
1361312520.855,9635.044642857143
1361312517.098,1669.1743827160494
1361312505.689,557.9044117647059
1361312526.526,107.39715189873418
1361312527.035,92.75265957446808
1361312526.779,225.0
1361312528.049,2156.25
1361312525.194,29521.780303030304
1361312525.129,2957.8125
1361312525.129,1266.25
1361312525.831,263.8671875
1361312525.767,321.96969696969694
1361312526.511,1484.375
1361312527.147,4359.375
1361312526.047,1764.53125
1361312526.047,1375.3125
1361312526.175,255.66789215686276
1361312526.749,197.38924050632912
1361312526.749,223.5137195121951
1361312518.526,77.02702702702703
1361312527.608,50.13297872340426
1361312542.651,6621.09375
1361312526.007,63.88449367088607
1361312543.034,15036.458333333334
1361312543.098,4890.625
1361312543.29,6804.6875
1361312543.353,2994.7916666666665
1361312543.269,6578.125
1361312543.521,3562.5
1361312527.775,2103.577044025157
1361312542.194,5468.75
1361312542.321,3929.6875
1361312542.511,7601.5625
1361312542.639,12984.375
1361312542.766,12343.75
1361312542.638,7812.5
1361312542.83,2979.1666666666665
1361312542.894,7718.75
1361312525.869,60751.139322916664
1361312542.995,12750.0
1361312542.931,11729.166666666666
1361312543.126,9765.625
1361312543.254,13682.291666666666
1361312543.317,9843.75
1361312543.85,1242.1875
1361312520.721,592.578125
1361312520.685,248.03596368715083
1361312522.115,100.92429577464789
1361312526.646,70.3941637630662
1361312526.646,71.5060763888889
1361312526.645,93.75
1361312526.645,28.846153846153847
1361312526.645,327.7948943661972
1361312526.709,32.883275261324044
1361312526.831,2101.6447368421054
1361312524.682,420.5934542586751
1361312525.731,147.91666666666666
1361312525.859,57.30914429530201
1361312526.431,70.3125
1361312526.493,55.58580139372822
1361312526.493,63.31380208333333
1361312526.492,25.227864583333332
1361312526.127,57.766693811074916
1361312527.248,457.23399653979243
1361312527.312,34.269067796610166
1361312543.59,6005.208333333333
1361312544.033,7578.125
1361312544.16,3882.8125
1361312545.684,5468.75
1361312545.683,7906.25
1361312545.938,12750.0
1361312545.81,8239.583333333334
1361312545.986,7851.5625
1361312546.113,12882.8125
1361312545.984,7851.5625
1361312546.111,8500.0
1361312546.299,2979.1666666666665
1361312546.238,6804.6875
1361312546.302,7812.5
1361312538.238,99134.83297413794
1361312546.682,9765.625
1361312546.809,13921.875
1361312542.265,102.1455223880597
1361312542.578,1692.2831632653063
1361312542.578,963.0102040816327
1361312551.344,4750.0
1361312543.151,1369.140625
1361312543.023,1648.628048780488
1361312543.343,368.2432432432433
1361312543.342,7458.559782608695
1361312551.342,3166.6666666666665
1361312543.214,464.6381578947368
1361312551.576,13968.75
1361312543.767,15773.4375
1361312543.892,8421.875
1361312543.956,8015.625
1361312545.419,1187.0535714285716
1361312545.736,7765.625
1361312545.903,8773.4375
1361312546.156,362.0689655172414
1361312546.346,6661.458333333333
1361312542.058,1845.5882352941178
1361312542.058,35357.197745901634
1361312546.409,3260.4166666666665
1361312546.536,9906.25
1361312542.12,101.38888888888889
1361312546.917,2614.5833333333335
1361312547.298,9500.0
1361312543.133,464.6381578947368
1361312551.261,3166.6666666666665
1361312543.133,145.43269230769232
1361312543.133,145.43269230769232
1361312543.197,962.5822368421053
1361312551.261,3085.9375
1361312541.283,4021.6194968553455
1361312525.154,65.79748376623377
1361312546.59,11772.203947368422
1361312547.101,532.1691176470589
1361312547.229,1960.8173076923076
1361312527.34,267.62543252595157
1361312526.728,144.35096153846152
1361312551.685,14515.625
1361312551.812,6601.5625
1361312551.811,11406.25
1361312551.811,333.0078125
1361312547.715,201.38888888888889
1361312551.811,6380.208333333333
1361312551.81,187.0216836734694
1361312551.937,6085.9375
1361312551.937,5960.9375
1361312544.001,186.65865384615384
1361312552.0,11531.25
1361312544.0,186.77884615384616
1361312552.0,5289.0625
1361312552.127,11296.875
1361312552.317,7875.0
1361312552.317,5507.8125
1361312552.317,106.0546875
1361312552.317,5270.833333333333
1361312548.536,274.89406779661016
1361312552.76,89.51822916666667
1361312545.82,484.8391089108911
1361312541.722,117.23484848484848
1361312546.329,135.2486559139785
1361312541.779,2090.4153963414633
1361312542.166,2191.3325471698113
1361312542.166,2072.9825949367087
1361312542.165,100.87025316455696
1361312542.165,118.67088607594935
1361312542.161,116.98971518987342
1361312542.161,116.98971518987342
1361312547.407,108.36038961038962
1361312551.37,139.39950980392157
1361312551.37,632.2916666666667
1361312551.352,2668.75
1361312551.352,1809.7426470588236
1361312543.224,1091.4392605633802
1361312543.415,843.8632246376811
1361312551.67,8156.25
1361312551.734,271.03365384615387
1361312551.734,15453.125
1361312551.734,197.19145569620252
1361312551.733,5976.5625
1361312551.796,6039.0625
1361312551.796,6359.375
1361312551.795,883.4134615384615
1361312551.795,5773.4375
1361312551.859,4250.0
1361312543.923,52.76442307692308
1361312551.923,5968.75
1361312551.923,1585.9375
1361312543.986,72.91666666666667
1361312544.241,125.9920634920635
1361312544.177,125.0
1361312552.241,4661.458333333333
1361312552.24,4875.0
1361312552.304,6703.125
1361312552.304,14578.125
1361312552.368,12859.375
1361312552.431,9085.9375
1361312552.495,222.2222222222222
1361312552.812,4359.375
1361312545.803,490.3125
1361312545.738,467.2029702970297
1361312546.119,185.85526315789474
1361312546.117,59.70394736842105
1361312542.082,170.19382911392407
1361312542.082,204.19921875
1361312542.075,118.67088607594935
1361312551.267,12808.321220930231
1361312551.267,916.1764705882352
1361312551.265,3352.205882352941
1361312551.265,4823.58284883721
1361312552.632,50.13297872340426
1361312550.791,1504.1666666666667
1361312566.345,2734.375
1361312566.6,15812.5
1361312566.579,15531.25
1361312566.643,8588.541666666666
1361312566.834,8572.916666666666
1361312566.961,8500.0
1361312567.281,3260.4166666666665
1361312567.089,2979.1666666666665
1361312567.344,13921.875
1361312567.408,9906.25
1361312567.599,41046.875
1361312552.234,65.08027522935781
1361312552.742,2130.374203821656
1361312551.261,63.88449367088607
1361312566.556,8500.0
1361312566.683,15703.125
1361312566.747,7859.375
1361312566.81,4468.75
1361312566.938,3260.4166666666665
1361312567.066,9906.25
1361312567.129,9765.625
1361312567.197,9765.625
1361312544.831,23.4375
1361312544.672,62.11300309597524
1361312545.764,425.9259259259259
1361312544.964,495.7932692307692
1361312550.623,781.25
1361312551.443,3384.375
1361312567.596,2320.3125
1361312566.322,92.65988372093022
1361312567.766,1856.25
1361312566.034,23818.84765625
1361312565.945,1422.752808988764
1361312566.135,92.65988372093022
1361312567.196,958.2941729323309
1361312551.002,211.4018087855297
1361312566.388,1981.4814814814813
1361312550.785,73.03969816272966
1361312551.158,91.0996835443038
1361312551.601,20.738636363636367
1361312551.601,57.02319587628866
1361312551.665,47.90296052631579
1361312551.665,24.705497382198953
1361312551.008,79.37661498708012
1361312551.007,113.59254498714654
1361312551.26,336.81441326530614
1361312551.558,30.281007751937985
1361312575.745,9500.0
1361312575.745,4750.0
1361312575.745,138.1978155339806
1361312575.936,14765.625
1361312568.063,66.14963503649635
1361312568.507,133.45864661654136
1361312576.314,100.65406976744185
1361312576.505,1931.640625
1361312576.505,190.16768292682926
1361312576.569,2734.375
1361312576.884,2125.0
1361312577.01,4208.333333333333
1361312577.137,2437.5
1361312577.201,2359.375
1361312577.18,2330.7291666666665
1361312577.179,311.04651162790697
1361312577.179,424.78197674418607
1361312577.306,2847.65625
1361312569.754,32234.826589595377
1361312577.623,9085.9375
1361312565.774,69.61908284023669
1361312566.155,1036.5547839506173
1361312566.155,64.15441176470587
1361312566.155,64.15441176470587
1361312566.219,202.7529761904762
1361312566.091,1106.9711538461538
1361312566.155,506.6692073170732
1361312575.025,2202.8356481481483
1361312575.658,4750.0
1361312575.658,6578.125
1361312575.657,728.7946428571429
1361312575.911,15531.25
1361312568.102,66.63602941176471
1361312576.286,14515.625
1361312576.418,2390.625
1361312576.418,2546.875
1361312576.418,247.3644578313253
1361312576.418,622.7678571428571
1361312576.417,257.8125
1361312576.417,1425.78125
1361312576.481,172.9068396226415
1361312576.48,1324.6527777777776
1361312576.906,3734.375
1361312576.905,2278.125
1361312576.904,2309.375
1361312577.032,3854.1666666666665
1361312577.095,104.74537037037037
1361312577.095,2896.875
1361312577.095,2234.375
1361312577.094,2352.6785714285716
1361312577.221,3187.5
1361312577.221,3162.5
1361312577.284,2109.375
1361312577.474,6789.0625
1361312577.474,5648.4375
1361312577.601,222.2222222222222
1361312577.665,346.50735294117646
1361312565.752,1024.8705621301774
1361312566.055,63.41911764705882
1361312566.055,72.88602941176471
1361312566.055,65.71691176470588
1361312566.499,314.873417721519
1361312566.43,312.5
1361312575.77,390.625
1361312576.024,382.8125
1361312576.023,382.8125
1361312565.503,378.5828025477707
1361312575.769,63.88449367088607
1361312576.341,2103.577044025157
1361312572.037,11375.0
1361312571.693,4520.833333333333
1361312592.975,3628.3967391304345
1361312592.975,28802.98913043478
1361312592.975,2732.4862637362635
1361312592.974,3110.3940217391305
1361312593.038,4750.0
1361312593.038,4750.0
1361312592.97,4385.416666666667
1361312593.589,12250.0
1361312595.049,15453.125
1361312595.049,6380.208333333333
1361312595.048,4359.375
1361312595.048,5703.125
1361312595.111,5367.1875
1361312595.111,6359.375
1361312595.175,5601.5625
1361312595.238,7289.0625
1361312595.238,5554.6875
1361312595.238,5289.0625
1361312595.238,5765.625
1361312595.238,7875.0
1361312595.302,12750.0
1361312595.302,6703.125
1361312595.365,12859.375
1361312592.959,4750.0
1361312592.895,7779.361263736264
1361312592.895,2492.357336956522
1361312593.191,7390.625
1361312593.318,15968.75
1361312581.596,7.326555023923445
1361312594.777,9369.791666666666
1361312594.968,11953.125
1361312594.967,6601.5625
1361312594.967,284.1666666666667
1361312595.031,4250.0
1361312595.138,5679.6875
1361312595.138,6992.1875
1361312595.135,5898.4375
1361312595.135,7906.25
1361312595.262,11328.125
1361312595.261,9085.9375
1361312576.351,532.7904929577466
1361312576.658,68.61654804270464
1361312575.054,179.27340989399292
1361312575.114,135.74581784386615
1361312575.049,49.721189591078065
1361312575.049,217.60531135531136
1361312575.614,323851.5625
1361312576.283,133.1140350877193
1361312576.407,103.32306338028168
1361312576.53,52.046263345195726
1361312574.946,141.85049019607843
1361312575.248,32984.375
1361312576.321,97.11793286219081
1361312577.353,136.48409893992934
1361312577.352,43.55053191489362
1361312592.961,113.0952380952381
1361312594.782,2116.89082278481
1361312595.037,267.6028481012658
1361312595.037,197.38924050632912
1361312595.417,206.89655172413794
1361312592.943,63.88449367088607
1361312594.702,92.58643617021276
1361312594.955,213.11773255813955
1361312595.118,107.39715189873418
1361312304.162,177954.58333333334
1361312593.003,35.92566287878788
1361312595.199,58.15217391304348
1361312609.401,4195.3125
1361312609.401,4906.25
1361312595.178,79.62609170305676
1361312595.349,52.36111111111111
1361312607.254,20537.71551724138
1361312593.002,45640.625
1361312594.06,325.0
1361312594.375,16234.375
1361312591.649,26652.777777777777
1361312592.472,14359.375
1361312592.699,21945.3125
1361312593.963,104.16666666666667
1361312593.818,103140.625
1361312625.042,2515.625
1361312638.91,406.25
1361312639.764,44.31818181818182
1361312654.515,152.34375
1361312647.977,11.13013698630137
1361312656.842,37.7906976744186
1361312665.029,9.558823529411766
1361312714.996,66.59836065573771
1361312723.083,12.5
1361312773.701,113.48684210526316
1361312776.767,28.75
1361312833.125,75.23148148148148
1361312833.698,78.125
1361312835.136,70.65217391304347
1361312849.448,73.86363636363637
1361312857.493,74.86979166666667
1361312857.873,52.083333333333336
1361312887.72,35.79545454545455
1361312917.323,123.046875
1361312920.477,31.25
1361313094.929,162.5
1361313094.928,325.0
1361313094.785,162.5
1361313094.568,130.0
1361313095.331,116.07142857142857
1361313092.96,125.0
1361313095.185,128.28947368421055
1361313092.941,203.125
1361313093.835,135.41666666666666
1361313650.7,139.20454545454544
1361316449.89,22250.0
1361316449.873,11107.142857142857
1361316446.034,1890.1785714285716
1361316452.752,268.49287974683546
1361316450.327,5163.352272727272
1361316459.264,23091.25
1361316509.92,359.375
1361316509.4,16171.875
1361316509.59,21291.666666666668
1361316509.59,1750.0
1361316509.972,15067.708333333334
1361316520.618,3891.7824074074074
1361316519.557,98017.96875
1361316520.614,22951.612903225807
1361316520.613,9951.508620689654
1361316510.301,838.4943181818182
1361316523.865,19429.308252427185
1361316524.882,2666.015625
1361316526.155,4025.0000000000005
1361316527.536,28642.36111111111
1361316507.291,32813.61607142857
1361316528.405,219.51687116564418
1361316517.736,3703.125
1361316539.348,9984.375
1361316539.743,7084.375
1361316539.481,13656.25
1361316520.997,3311.5234375
1361316520.957,4291.360294117647
1361316524.576,3970.2743902439024
1361316524.576,46213.778409090904
1361316527.761,29906.25
1361316527.761,12145.089285714286
1361316524.046,5569.078947368421
1361316524.489,87410.84558823529
1361316524.489,17240.625
1361316524.489,6945.3125
1361316524.488,22785.15625
1361316524.488,4017.5304878048782
1361316542.37,411.3581730769231
1361316528.118,188.74172185430461
1361316531.761,38546.875
1361316531.425,6.944444444444444
1361316535.441,21392.260174418607
1361316535.694,15839.962121212122
1361316535.692,18648.14814814815
1361316535.863,2031.8080357142856
1361316539.384,4875.5787037037035
1361316536.912,15353.860294117647
1361316539.049,1489.0625
1361316539.048,22990.01736111111
1361316447.168,31806.586460032628
1361316555.02,93.75
1361316555.641,6781.25
1361316524.264,3903.7240184757507
1361316579.68,1218.75
1361316535.481,4315.266690856314
1361316523.77,6244.100400457665
1361316523.065,2105.0141242937852
1361316579.571,812.5
1361316579.629,1078.125
1361316568.353,27.294303797468356
1361316568.484,9.21474358974359
1361316601.435,2156.25
1361316598.308,8.984375
1361316632.427,2027.9643691588785
1361316632.907,4117.1875
1361316635.654,15171.875
1361316633.094,387.8205128205128
1361316635.589,200093.75
1361316636.248,8351.5625
1361316634.238,432.14285714285717
1361316639.449,285437.5
1361316636.973,81884.61538461539
1361316637.099,312.5
1361316661.308,1453.125
1361316660.116,1294.3274456521738
1361316660.577,1079.4106012658228
1361316660.577,2267.009493670886
1361316655.195,7583.333333333333
1361316654.481,80.48502604166667
1361316659.933,109621.09375
1361316660.123,38308.23863636363
1361316660.123,22744.791666666668
1361316660.122,5806.25
1361316660.122,15984.375
1361316661.041,6359.375
1361316661.42,5503.472222222223
1361316689.888,15255.208333333334
1361316636.112,5817.749716231555
1361316692.497,406.25
1361316692.497,128.28947368421055
1361316635.654,3671.381764374295
1361316696.035,848.2142857142857
1361316693.775,1782.4074074074074
1361316713.731,205.35714285714286
1361316693.469,42.88793103448276
1361316711.394,381.7401960784313
1361316694.228,26682.291666666668
1361316693.264,1464.4886363636365
1361316694.577,8437.5
1361316694.576,38781.25
1361316692.99,11439.700704225352
1361316693.24,43828.125
1361316693.56,156696.875
1361316694.489,8437.5
1361316694.552,4948.4375
1361316708.694,7.254464285714286
1361316733.179,6377.604166666667
1361316733.629,40250.0
1361316734.813,2628.90625
1361316736.424,26925.0
1361316736.807,41937.5
1361316736.871,40968.75
1361316740.808,12796.875
1361316733.061,14069.577991452992
1361316720.948,1435.1998730964467
1361316723.949,8875.0
1361316724.033,188187.5
1361316723.023,8437.5
1361316722.961,835.9375
1361316752.499,2242.1875
1361316752.495,125.0
1361316734.564,2166.471962616822
1361316734.476,3048.58672752809
1361316734.476,1872.5558659217877
1361316734.54,2131.42523364486
1361316736.06,967.3084077380952
1361316736.02,387.77985074626866
1361316737.786,22692.708333333332
1361316742.107,114.77695167286245
1361316741.323,5525.390625
1361316742.319,11742.1875
1361316771.503,2156.25
1361316783.37,2156.25
1361316783.433,2156.25
1361316769.027,7140.208333333334
1361316769.275,199.3838028169014
1361316769.19,362.84722222222223
1361316792.082,120.27391975308642
1361316813.373,718.75
1361316813.373,1078.125
1361316813.5,302.0833333333333
1361316846.93,959.7457627118644
1361316847.184,37531.25
1361316847.247,18835.9375
1361316845.802,59064.58333333333
1361316846.672,2531.25
1361316846.672,1730.46875
1361316864.018,4520.833333333333
1361316864.225,11375.0
1361316900.091,7109.375
1361316898.931,103605.20833333334
1361316924.76,1078.125
1361316924.762,479.1666666666667
1361316916.36,96506.25
1361316916.823,9289.0625
1361316934.936,4550.0
1361316934.595,4520.833333333333
1361316965.415,2156.25
1361316992.02,360.82175925925924
1361316973.338,14861.328125
1361316973.903,18416.666666666668
1361316972.937,50534.375
1361316974.053,14145.833333333334
1361317007.108,2156.25
1361317079.632,27453.125
1361317081.122,17985.70478723404
1361317081.122,2515.625
1361317081.982,652.9605263157895
1361317082.994,12656.25
1361317081.871,2654.0178571428573
1361317122.142,21229.166666666668
1361317099.337,16534.375
1361317130.138,2558.035714285714
1361317130.582,1141.6015625
1361317125.42,1288.4615384615386
1361317129.53,2156.25
1361317113.201,3849.8376623376626
1361317131.723,6989.583333333333
1361317131.908,556.0141509433962
1361317129.537,2415.719696969697
1361317134.476,61686.26644736842
1361317135.048,437.5
1361317132.868,107144.34523809524
1361317120.719,40685.546875
1361317120.672,62095.052083333336
1361317146.19,6610.491071428572
1361317142.411,23515.625
1361317142.411,7246.09375
1361317142.665,3199.21875
1361317142.665,6603.515625
1361317142.792,8689.732142857143
1361317146.632,5421.875
1361317143.173,3777.34375
1361317143.172,4846.875
1361317143.426,1004.8076923076923
1361317143.489,83108.09948979592
1361317143.552,2818.1818181818185
1361317143.807,1380.681818181818
1361317141.243,2156.25
1361317141.243,2156.25
1361317141.473,5157.894736842105
1361317144.225,22064.18918918919
1361317144.228,6100.446428571428
1361317141.54,13802.734375
1361317144.481,706.4393939393939
1361317144.736,4398.4375
1361317145.822,2348.214285714286
1361317146.267,4109.375
1361317142.363,7429.6875
1361317142.363,5559.375
1361317142.363,1823.5677083333333
1361317142.617,3859.375
1361317142.681,9185.267857142857
1361317146.521,4711.397058823529
1361317146.584,873.046875
1361317146.584,3974.4318181818185
1361317146.584,1682.6171875
1361317143.125,3909.375
1361317143.125,3887.5
1361317143.185,4756.25
1361317143.414,2606.7708333333335
1361317140.853,12248.4375
1361317143.853,6041.666666666667
1361317147.632,16554.6875
1361317144.174,13035.472972972973
1361317144.427,2198.660714285714
1361317121.969,1545.651355421687
1361317124.077,175.78125
1361317124.141,165.44117647058823
1361317124.141,165.44117647058823
1361317122.662,1454.1666666666665
1361317122.66,1454.1666666666665
1361317122.7,312.5
1361317122.7,375.0
1361317122.886,312.5
1361317123.012,187.5
1361317124.924,375.0
1361317124.922,375.0
1361317125.109,375.0
1361317125.24,200.89285714285714
1361317123.798,175.78125
1361317122.068,20687.5
1361317123.984,200.89285714285714
1361317122.547,1454.1666666666665
1361317122.545,1454.1666666666665
1361317122.609,375.0
1361317122.798,312.5
1361317125.127,175.78125
1361317125.254,175.78125
1361317148.04,9612.995426829268
1361317148.04,476.0044642857143
1361317148.04,9371.09375
1361317148.039,2935.096153846154
1361317151.359,12774.334016393443
1361317151.359,18443.917410714286
1361317151.359,8844.51844262295
1361317151.359,325.94476744186045
1361317152.733,3735.4166666666665
1361317147.989,302.48397435897436
1361317147.993,1098.5576923076924
1361317147.992,1075.9493670886075
1361317142.74,1006.4786585365855
1361317148.792,552.9233870967743
1361317131.704,77.52757352941177
1361317130.22,35028.846153846156
1361317130.22,3819.602272727273
1361317130.154,42830.729166666664
1361317130.132,4241.477272727272
1361317131.115,95.51119942196532
1361317132.833,875.0
1361317134.575,11215.625
1361317134.891,8209.051724137931
1361317134.49,40265.625
1361317135.546,1710.9375
1361317139.035,30.05952380952381
1361317162.04,4562.5
1361317158.136,4775.0
1361317162.167,4373.046875
1361317162.167,3735.9375
1361317156.21,23277.82012195122
1361317162.672,4040.6250000000005
1361317162.672,19100.0
1361317162.985,2689.2361111111113
1361317162.985,2005.2083333333335
1361317162.987,3248.2638888888887
1361317159.211,9953.125
1361317159.211,26432.291666666668
1361317159.656,6779.605263157895
1361317159.592,7264.84375
1361317159.719,1569.7115384615386
1361317163.558,20476.5625
1361317155.792,2150.835396039604
1361317157.385,21490.0
1361317157.516,3868.75
1361317157.516,62045.38690476191
1361317157.514,128507.5
1361317160.522,3259.375
1361317161.415,17377.604166666668
1361317161.67,18976.5625
1361317161.349,5867.1875
1361317161.669,43867.1875
1361317161.733,5877.604166666667
1361317158.083,4035.9375
1361317162.241,3286.9318181818185
1361317162.622,3262.5
1361317162.622,1878.125
1361317162.919,2715.277777777778
1361317162.918,24904.829545454548
1361317159.078,5742.1875
1361317162.982,5199.652777777777
1361317159.141,3355.46875
1361317159.141,19736.328125
1361317155.3,642.2601744186046
1361317159.651,2314.7321428571427
1361317159.587,3487.980769230769
1361317163.49,8007.8125
1361317163.49,8835.9375
1361317157.468,42336.805555555555
1361317157.467,44080.59210526316
1361317157.786,7328.125
1361317160.537,3187.5
1361317160.772,3576.3888888888887
1361317160.835,17316.40625
1361317160.515,1187.5
1361317161.218,4388.020833333333
1361317161.345,5350.0
1361317161.409,718.75
1361317161.728,3450.5208333333335
1361317161.728,2280.048076923077
1361317161.568,13843.75
1361317161.632,7884.375
1361317161.696,3002.403846153846
1361317141.325,6478.312841530054
1361317141.263,1527.9605263157894
1361317141.261,5534.407383419689
1361317141.056,30195.3125
1361317141.177,645.5592105263158
1361317143.437,7423.3630952380945
1361317143.392,2345.9821428571427
1361317143.08,155.54334170854273
1361317144.58,258.480949197861
1361317144.515,53.57142857142857
1361317142.169,1296.7243975903616
1361317142.971,85.76388888888889
1361317142.971,1887.7876243781095
1361317153.22,37.07627118644068
1361317159.428,1308.705357142857
1361317162.427,1053.3288043478262
1361317163.065,915.3225806451612
1361317144.397,52.30614973262032
1361317166.328,1251.6983695652173
1361317166.328,88381.25
1361317154.416,338.3851931330472
1361317166.707,2375.0
1361317166.707,1412.5
1361317135.277,5108.807361376673
1361317167.273,9750.0
1361317167.272,1981.6810344827586
1361317167.276,3937.5
1361317167.276,2746.09375
1361317167.276,560.3448275862069
1361317167.467,1018.2291666666667
1361317159.594,183.28900709219857
1361317171.178,1478.125
1361317171.408,609.375
1361317171.412,575.0
1361317171.412,487.5
1361317168.589,744.140625
1361317166.085,2312.099358974359
1361317150.338,207.38636363636365
1361317150.657,84.80565371024736
1361317154.368,296.0562227074236
1361317166.592,1177.0833333333333
1361317166.636,2165.625
1361317166.636,2159.375
1361317151.082,520.1465201465202
1361317167.144,438.41911764705884
1361317159.143,2567.1768707482993
1361317167.207,1208.9512711864406
1361317167.206,2609.375
1361317167.142,1748.046875
1361317167.206,3644.53125
1361317167.27,2234.375
1361317167.334,1687.5
1361317167.459,2143.2291666666665
1361317159.587,102.90178571428571
1361317148.835,49.35275080906148
1361317167.586,3028.6458333333335
1361317171.36,487.5
1361317167.966,700.6578947368422
1361317168.347,1187.5
1361317168.474,1395.8333333333333
1361317165.274,3790.885416666667
1361317168.538,213.0681818181818
1361317168.516,320.3125
1361317136.771,14762.072434607646
1361317160.513,1209.25
1361317153.791,102.07423580786026
1361317161.278,1132.3285398230087
1361317161.533,1170.1548165137615
1361317150.696,85.22727272727272
1361317151.203,175.78125
1361317151.393,175.78125
1361317152.771,234.375
1361317152.579,375.0
1361317150.235,95.83333333333334
1361317151.293,187.5
1361317152.053,200.89285714285714
1361317152.495,312.5
1361317152.495,312.5
1361317152.683,375.0
1361317178.153,1525.390625
1361317170.405,798.1617647058824
1361317172.197,633.3333333333333
1361317175.767,871.875
1361317173.188,875.0
1361317171.395,1274.7395833333333
1361317167.875,131.82218309859155
1361317171.395,2555.059523809524
1361317171.395,3043.067226890756
1361317176.129,2281.25
1361317176.128,5976.5625
1361317176.128,5151.041666666667
1361317176.447,3734.375
1361317176.51,7289.0625
1361317176.51,2359.375
1361317176.446,5554.6875
1361317176.637,5270.833333333333
1361317176.701,7875.0
1361317176.632,8437.5
1361317176.828,9085.9375
1361317176.827,6429.6875
1361317177.21,5507.8125
1361317170.357,9342.03125
1361317170.357,516.4728682170543
1361317172.124,633.3333333333333
1361317175.061,678.5714285714286
1361317171.341,3333.2457983193276
1361317171.341,14282.431722689076
1361317175.885,7791.666666666667
1361317171.341,20308.29831932773
1361317171.336,22865.219465648857
1361317171.336,3778.6458333333335
1361317171.34,1028.6458333333333
1361317176.075,3828.125
1361317176.075,2803.125
1361317176.202,2683.59375
1361317176.202,1700.0
1361317176.393,6359.375
1361317176.372,4114.583333333333
1361317176.44,9750.0
1361317171.703,1228.3653846153845
1361317176.375,3786.4583333333335
1361317176.502,4468.75
1361317176.624,5289.0625
1361317177.52,1492.1875
1361317159.686,697.7014462809917
1361317158.977,905.2657480314961
1361317159.432,3571.5247844827586
1361317159.432,312.5
1361317170.079,8073.474702380952
1361317170.396,67.74068322981367
1361317178.65,107.38031914893617
1361317180.628,4195.3125
1361317180.818,1652.7777777777776
1361317171.405,21496.112440191388
1361317176.118,267.7210365853658
1361317176.182,154.01785714285714
1361317176.498,106.0546875
1361317181.873,8390.625
1361317173.681,841.7119565217391
1361317176.94,225.0
1361317169.646,1447.9768786127167
1361317170.028,3760.5726047904195
1361317172.011,7629.020024271845
1361317174.378,329.7032828282828
1361317175.118,110.28343023255815
1361317171.334,370.65972222222223
1361317176.068,194.53125
1361317176.448,277.6988636363636
1361317176.639,215.7258064516129
1361317176.894,203.125
1361317169.573,921.2427745664739
1361317166.734,1477.736928104575
1361317166.798,666.25
1361317166.299,121316.40625
1361317167.123,542.0673076923077
1361317167.123,884.6153846153845
1361317167.856,8003.125000000001
1361317168.934,8380.46875
1361317166.954,364.51198630136986
1361317170.121,20590.625
1361317171.462,54607.63888888888
1361317171.842,3122.3958333333335
1361317168.065,84.78860294117648
1361317168.573,8846.590909090908
1361317170.028,118.88801261829653
1361317172.769,609.375
1361317171.104,82601.5625
1361317171.166,1625.0
1361317171.229,3497.236394557823
1361317170.162,65791.66666666667
1361317172.743,583.3333333333334
1361317176.053,11906.25
1361317176.052,7570.3125
1361317176.492,54.08653846153847
1361317174.214,2662.5
1361317174.213,2371.875
1361317175.586,42.410714285714285
1361317175.902,1143.3823529411764
1361317176.01,7750.0
1361317176.073,9890.625
1361317176.459,5054.6875
1361317179.755,100161.45833333333
1361317181.866,173250.0
1361317180.352,7685.546875
1361317180.351,9812.5
1361317180.351,7800.78125
1361317180.351,2127.9296875
1361317180.351,1664.5220588235295
1361317180.351,15062.5
1361317180.351,4525.0
1361317180.351,8523.4375
1361317180.351,6544.270833333333
1361317180.35,5951.38888888889
1361317180.897,45631.69642857143
1361317179.605,137199.21875
1361317180.269,10007.8125
1361317180.264,7015.625
1361317180.264,6031.25
1361317180.268,7367.1875
1361317180.268,8032.98611111111
1361317180.268,5308.59375
1361317180.331,5194.711538461538
1361317180.265,17901.041666666668
1361317180.265,5973.958333333333
1361317180.815,2321.875
1361317180.058,87942.1875
1361317180.057,46710.069444444445
1361317180.602,10734.375
1361317182.478,54246.09375
1361317182.478,8065.625000000001
1361317182.392,16858.099489795917
1361317182.375,5870.37037037037
1361317210.755,585.9375
1361317166.393,6340.923480463097
1361317215.129,364.86486486486484
1361317214.537,812.5
1361317182.871,3149.6131270010674
1361317240.632,359.375
1361317240.949,269.53125
1361317240.9,238.63636363636365
1361317246.746,64944.95192307693
1361317244.186,2510.4166666666665
1361317250.586,40909.375
1361317232.561,16537.5
1361317263.017,2156.25
1361317248.88,4795.13888888889
1361317248.88,48382.8125
1361317248.88,4315.625
1361317247.233,553.1850961538462
1361317247.22,4512.867647058823
1361317252.505,340.7780979827089
1361317252.504,294.94485294117646
1361317251.426,80484.375
1361317252.058,16468.75
1361317250.646,16718.75
1361317250.939,19351.5625
1361317250.875,11301.339285714286
1361317252.538,17825.520833333332
1361317252.535,48656.25
1361317252.535,32739.583333333336
1361317251.188,38781.25
1361317251.435,11465.625
1361317253.522,8171.130952380952
1361317253.649,8535.9375
1361317253.648,5856.9078947368425
1361317251.596,74557.29166666667
1361317250.308,5625.0
1361317252.034,20672.916666666664
1361317250.791,24221.875
1361317250.853,19044.270833333332
1361317252.452,6220.703125
1361317252.452,31197.916666666668
1361317251.106,58571.875
1361317252.449,57828.125
1361317251.104,8437.5
1361317251.104,10125.0
1361317253.444,8118.303571428572
1361317253.57,6023.848684210527
1361317253.566,7842.105263157895
1361317253.323,48764.6484375
1361317253.832,41819.444444444445
1361317252.772,120200.0
1361317253.216,37310.546875
1361317253.789,28868.75
1361317253.789,95729.16666666667
1361317253.789,19543.75
1361317256.823,16968.75
1361317257.384,7301.682692307692
1361317263.803,110.39126016260163
1361317269.168,4693.75
1361317268.771,3390.625
1361317299.196,2156.25
1361317304.375,303.9772727272727
1361317304.439,881.25
1361317304.439,772.3214285714286
1361317304.439,772.3214285714286
1361317304.366,334.375
1361317304.43,772.3214285714286
1361317304.43,656.25
1361317304.43,457.5892857142857
1361317304.107,227.94117647058823
1361317304.106,137.86764705882354
1361317304.102,227.94117647058823
1361317304.166,629.4642857142857
1361317304.425,246.39423076923077
1361317304.425,598.9583333333334
1361317304.552,196.02272727272725
1361317304.552,501.953125
1361317304.552,234.375
1361317304.552,303.9772727272727
1361317304.847,736.6071428571429
1361317304.042,227.94117647058823
1361317304.04,167.41071428571428
1361317304.04,167.41071428571428
1361317304.359,734.375
1361317304.486,489.5833333333333
1361317304.485,1023.4375
1361317304.867,933.0357142857143
1361317304.799,859.375
1361317297.132,20.833333333333332
1361317297.259,14.380530973451327
1361317297.239,20.656779661016948
1361317297.43,21.38157894736842
1361317297.016,20.3125
1361317297.143,14.380530973451327
1361317298.051,30.373831775700936
1361317304.504,375.0
1361317304.236,180.55555555555554
1361317304.427,375.0
1361317304.425,375.0
1361317304.824,906.25
1361317329.104,1078.125
1361317261.298,13613.021157436217
1361317370.852,1271.205357142857
1361317369.966,33299.715909090904
1361317370.53,7265.625
1361317370.53,5423.076923076924
1361317370.53,7476.5625
1361317370.529,5075.520833333333
1361317370.44,1338.5416666666667
1361317370.44,4921.875
1361317388.063,3851.5625
1361317389.23,7395.833333333333
1361317389.655,20859.375
1361317418.612,2156.25
1361317430.312,431.25
1361317430.267,2156.25
1361317430.266,2156.25
1361317430.33,487.5
1361317448.579,2156.25
1361317448.194,18541.666666666668
1361317431.809,6328.125
1361317431.727,4644.53125
1361317466.624,24187.5
1361317466.17,45015.625
1361317466.233,11890.625
1361317470.101,3977.430555555555
1361317466.7,1659.0625
1361317469.862,5307.291666666667
1361317423.735,536.3131009615385
1361317490.148,1218.75
1361317467.603,10126.736111111111
1361317467.666,40076.38888888888
1361317468.268,79183.59375
1361317470.509,7822.916666666667
1361317494.267,44562.5
1361317494.335,21320.3125
1361317495.092,363.28125
1361317496.789,583.3333333333334
1361317493.971,3476.207386363636
1361317497.995,8945.3125
1361317491.599,67.3076923076923
1361317497.772,19546.875
1361317494.705,2118.6708860759495
1361317489.217,96.39576677316295
1361317490.364,80.29233870967742
1361317490.75,11312.5
1361317491.0,21651.041666666668
1361317491.25,19668.75
1361317491.25,43382.8125
1361317492.114,23261.363636363636
1361317492.169,40885.416666666664
1361317494.049,8437.5
1361317494.659,15163.461538461539
1361317497.346,8984.375
1361317497.281,9062.5
1361317497.916,19625.0
1361317498.233,16335.9375
1361317495.26,21577.445652173916
1361317495.26,36612.5
1361317495.323,270.2575376884422
1361317497.202,3255.2083333333335
1361317467.029,3382.9627403846152
1361317519.435,2156.25
1361317529.916,4.939209726443769
1361317529.916,4.807692307692308
1361317627.699,91.1773607748184
1361317629.336,36.25645994832041
1361317655.303,119.10010373443983
1361317655.099,80.82561728395062
1361317652.253,228.82326007326006
1361317701.622,9743.51705344585
1361317733.307,3273.4375
1361317779.236,39109.375
1361317779.299,19617.1875
1361317779.378,19546.875
1361317760.969,2187.5
1361317761.522,12656.25
1361317761.522,9281.25
1361317779.042,1685.6770833333335
1361317764.985,2182.2916666666665
1361317783.002,198.3599290780142
1361317807.187,2156.25
1361317756.368,1239.0330188679245
1361317807.138,2437.5
1361317796.504,3273.4375
1361317820.242,6781.25
1361317820.351,7817.708333333333
1361317849.864,2156.25
1361317827.926,3273.4375
1361317879.875,2156.25
1361317859.634,6546.875
1361317912.154,22250.0
1361317891.014,6546.875
1361317922.55,6546.875
1361317954.051,3273.4375
1361317985.446,2182.2916666666665
1361318017.122,2182.2916666666665
1361318048.669,3273.4375
1361318080.266,3273.4375
1361318111.848,3273.4375
1361318143.995,2182.2916666666665
1361318176.375,3273.4375
1361318207.98,6546.875
1361318252.601,5054.166666666666
1361318239.398,27.982414448669203
1361318270.314,4523.4375
1361318253.454,1671.4409722222224
1361318256.487,40744.791666666664
1361318256.023,73729.77941176471
1361318263.393,11031.25
1361318263.927,1836.7456896551723
1361318265.13,13140.625
1361318265.739,42812.5
1361318267.197,4197.916666666667
1361318267.431,41765.625
1361318263.843,273382.8125
1361318265.021,8437.5
1361318282.503,1685.6770833333335
1361318286.179,11678.57142857143
1361318312.844,18890.625
1361318312.475,5479.166666666667
1361318312.475,2156.25
1361318312.665,8218.75
1361318264.011,7746.845308788598
1361318264.015,6600.560421615202
1361318312.205,708.8721264367816
1361318312.205,150.14367816091954
1361318317.829,541.6666666666666
1361318310.913,2733.796296296296
1361318263.97,6054.854513064133
1361318263.969,7672.895635391925
1361318263.969,6647.992131828978
1361318312.16,914.1522988505747
1361318263.731,3253.667840375587
1361318319.449,1484.375
1361318311.491,148375.0
1361318311.491,37767.578125
1361318311.491,18527.777777777777
1361318311.412,100101.5625
1361318311.412,220794.921875
1361318312.941,81.99786324786325
1361318311.912,102.09923664122138
1361318312.166,17753.125
1361318338.172,11734.375
1361318337.833,4281.25
1361318368.409,2156.25
1361318365.016,1516.9547872340424
1361318365.443,170812.5
1361318365.803,5296.875
1361318365.264,10421.875
1361318365.26,12484.375
1361318398.388,2156.25
1361318396.371,6363.786764705883
1361318396.468,21521.839488636364
1361318396.468,20346.946022727272
1361318402.953,199.74662162162164
1361318395.91,30287.02445652174
1361318396.417,57521.30681818182
1361318396.417,40961.64772727273
1361318396.415,8849.609375
1361318388.417,3033.674568965517
1361318392.588,39052.083333333336
1361318393.411,36231.25
1361318393.411,28348.958333333332
1361318412.363,13342.659883720931
1361318412.868,16523.660714285714
1361318420.055,27992.1875
1361318395.997,418414.0625
1361318397.777,116.30434782608695
1361318430.477,7822.916666666667
1361318430.202,6421.875
1361318463.323,7398.4375
1361318463.643,24187.5
1361318463.385,1784.5510563380283
1361318488.873,18736.555232558138
1361318490.565,179.6875
1361318489.058,1375.5408653846152
1361318489.745,41.04872881355932
1361318507.601,84498.95833333333
1361318510.706,2263.7099582172705
1361318510.305,11156.25
1361318510.623,3746.2225274725274
1361318510.623,2575.2524373259052
1361318510.621,3757.4860724233986
1361318512.023,125140.625
1361318516.239,143.06872037914692
1361318516.35,11375.0
1361318532.876,128.28947368421055
1361318532.872,62696.875
1361318542.115,25045.13888888889
1361318542.304,137828.125
1361318542.303,144500.0
1361318542.22,18437.5
1361318560.555,77.6269920318725
1361318576.554,1437.5
1361318599.846,4406.25
1361318608.376,5835.9375
1361318608.376,725.9615384615385
1361318608.757,2135.8173076923076
1361318608.757,2068.5096153846152
1361318608.756,49603.69318181818
1361318606.254,49618.75
1361318606.382,11453.125
1361318606.382,20369.791666666668
1361318610.388,4677.083333333333
1361318607.635,1522.5694444444443
1361318607.635,35484.375
1361318607.888,1462.0535714285713
1361318611.019,190820.77205882352
1361318608.199,4136.71875
1361318608.199,1757.8125
1361318608.33,1256.9444444444443
1361318605.993,34753.125
1361318606.183,85453.125
1361318606.311,212584.82142857142
1361318606.502,8992.1875
1361318610.401,6992.1875
1361318607.264,123234.375
1361318607.583,2191.964285714286
1361318607.583,31390.625
1361318607.582,1841.1458333333333
1361318607.582,14302.083333333334
1361318608.027,1278.125
1361318591.584,7817.708333333333
1361318591.31,6421.875
1361318616.46,3039.0625
1361318616.459,3033.8541666666665
1361318616.841,9171.875
1361318616.841,2033.266129032258
1361318616.84,68950.0
1361318616.839,20575.0
1361318617.031,150149.30555555553
1361318617.665,55276.041666666664
1361318614.892,37048.61111111112
1361318615.336,6348.214285714285
1361318615.336,21605.113636363636
1361318615.589,5479.166666666667
1361318616.414,38151.041666666664
1361318616.414,39437.5
1361318616.414,9260.416666666666
1361318616.414,4916.666666666667
1361318616.478,542.4107142857143
1361318616.79,23296.875
1361318616.79,113554.6875
1361318616.921,2531.25
1361318617.593,7109.375
1361318617.783,19895.833333333332
1361318617.783,17875.0
1361318617.783,20437.5
1361318615.279,53725.96153846154
1361318600.304,2390.0
1361318602.561,85964.58333333334
1361318510.997,1705.106750281849
1361318623.697,304.6875
1361318623.697,305.28846153846155
1361318510.814,6018.018018018018
1361318623.645,305.28846153846155
1361318623.645,330.7291666666667
1361318605.429,11031.25
1361318607.141,94.20289855072464
1361318632.673,4289.583333333334
1361318632.673,6616.935483870968
1361318632.672,1316.8103448275863
1361318632.672,7814.418859649122
1361318635.567,1777.7777777777776
1361318632.617,3106.8548387096776
1361318632.617,1352.8225806451612
1361318630.142,1415.5405405405406
1361318634.802,1494.318181818182
1361318617.023,6906.25
1361318616.217,4291.666666666667
1361318638.711,5636.363636363637
1361318638.711,2579.5454545454545
1361318638.711,6558.035714285715
1361318638.775,1306.6152597402597
1361318639.221,5479.166666666667
1361318639.457,4125.0
1361318634.528,32223.388671875
1361318634.592,6523.763020833333
1361318639.583,4025.0000000000005
1361318639.837,3553.5714285714284
1361318639.773,3875.0
1361318639.9,5744.318181818182
1361318640.975,6791.666666666667
1361318633.207,848.5209923664122
1361318617.587,483397.3830521472
1361318638.639,21306.818181818184
1361318638.638,22011.363636363636
1361318638.638,14066.40625
1361318638.701,1048.7253289473683
1361318638.956,5479.166666666667
1361318639.403,1441.6666666666667
1361318639.4,5875.0
1361318639.4,4604.166666666667
1361318639.719,1687.5
1361318648.824,7958.333333333333
1361318647.894,4218.75
1361318648.149,22140.625
1361318648.461,54343.75
1361318633.223,69.53393470790378
1361318651.739,2156.25
1361318634.494,212.99771540469976
1361318659.023,18125.0
1361318640.587,97.38685344827586
1361318652.55,117.54587155963303
1361318662.755,34109.375
1361318651.943,137.14488636363637
1361318681.072,2156.25
1361318681.072,1186.0119047619046
1361318662.734,14156.25
1361318729.385,4925.0
1361318728.759,4625.0
1361318729.012,21145.833333333332
1361318740.261,2296.875
1361318743.814,3705.3571428571427
1361318743.814,5133.928571428572
1361318741.113,183255.859375
1361318741.113,4562.5
1361318740.662,22114.583333333332
1361318743.766,53982.8125
1361318743.766,4339.285714285715
1361318743.76,70673.29545454546
1361318729.233,85.80163043478261
1361318728.899,278.1773012552301
1361318747.441,140.88255494505495
1361318740.71,83136.16071428571
1361318746.849,163.97758152173913
1361318777.224,2156.25
1361318774.382,34171.875
1361318774.828,62934.895833333336
1361318770.475,2598.360655737705
1361318774.826,107965.625
1361318774.826,10041.666666666666
1361318789.378,26987.5
1361318774.706,116.99380165289257
1361318775.373,120.47872340425532
1361318800.353,4359.375
1361318800.607,25406.25
1361318811.408,4359.375
1361318811.662,13220.703125
1361318807.981,147.28180473372782
1361318800.59,132.9225352112676
1361318800.653,66.61764705882354
1361318824.992,45812.5
1361318827.383,34171.875
1361318827.83,134957.03125
1361318827.83,151043.75
1361318807.421,177.71192528735634
1361318831.653,10125.0
1361318835.926,10556.25
1361318838.834,17868.05555555556
1361318845.944,111.00618131868131
1361318837.252,707.8125
1361318837.311,362.9807692307692
1361318857.216,155.20833333333334
1361318879.079,1625.0
1361318937.631,18043.75
1361318934.17,27812.5
1361318938.011,30421.875
1361318938.266,7637.5
1361318938.241,51237.5
1361318938.941,55718.75
1361318938.941,22953.125
1361318938.934,58593.75
1361318938.934,60531.25
1361318939.193,9625.0
1361318939.193,7208.333333333333
1361318939.192,9208.333333333334
1361318939.384,8208.333333333334
1361318939.384,8291.666666666666
1361318938.193,8387.5
1361318938.193,32962.5
1361318938.193,89103.125
1361318938.257,89370.53571428571
1361318938.511,62628.125
1361318938.892,7093.75
1361318938.892,15500.0
1361318939.121,9791.666666666666
1361318939.121,6708.333333333333
1361318939.185,6875.0
1361318939.312,20666.666666666668
1361318939.312,72915.625
1361318945.576,17906.25
1361318938.27,1339.2319277108434
1361318938.964,1489.5055970149253
1361318938.964,1189.598880597015
1361318947.602,2045.138888888889
1361318946.845,4047.65625
1361318945.174,4792.96875
1361318946.5,3424.258474576271
1361318939.132,16838.815789473683
1361318942.866,108494.79166666667
1361318942.679,248380.20833333334
1361318945.665,431.43382352941177
1361318947.945,5462.594696969697
1361318948.136,468.75
1361318947.549,15140.625
1361318947.188,4402.709592145015
1361318947.158,5232.907196969696
1361318955.053,3338.491586538462
1361318964.944,265.185546875
1361318981.956,26589.148116438355
1361318946.858,2812.0276162790697
1361318980.141,1620.9542410714287
1361318980.442,2272.7083333333335
1361318980.442,1419.811320754717
1361318997.701,18164.0625
1361318997.856,761.0576923076923
1361318984.146,46275.44642857143
1361318984.865,505.20833333333337
1361318984.865,2754.166666666667
1361318982.186,20468.75
1361318946.718,1584.4636041439478
1361318946.835,2022.71174863388
1361318986.031,20671.875
1361318986.855,3653.211805555555
1361318986.855,1484.375
1361318986.855,7229.910714285715
1361318988.48,10031.25
1361318986.783,16406.25
1361318986.783,608.8910398230089
1361318986.783,9034.375
1361318986.781,2435.7638888888887
1361318986.781,2763.0208333333335
1361318989.259,44817.708333333336
1361318989.322,6654.017857142857
1361318989.047,282093.75
1361318989.173,21851.5625
1361318989.173,162283.203125
1361319015.498,32015.625
1361318998.289,15937.5
1361318998.183,3359.375
1361318998.247,14395.833333333334
1361318998.247,14395.833333333334
1361318998.943,487.5
1361319000.645,74.04891304347825
1361319000.604,74.04891304347825
1361319000.602,74.04891304347825
1361319002.853,5841.517857142857
1361318986.21,3863.1397980501392
1361319031.45,15553.125
1361319032.02,3437.5
1361319016.386,1625.0
1361319017.683,17953.125
1361319027.172,20312.5
1361319032.412,8735.576923076924
1361319054.879,2156.25
1361319048.882,9828.125
1361319075.745,1078.125
1361319091.359,27812.5
1361319091.427,2156.25
1361319108.548,18381.25
1361319112.376,53982.8125
1361319092.408,122.74774774774774
1361319108.866,28593.75
1361319112.322,62934.895833333336
1361319110.428,5182.692307692308
1361319114.582,10379.807692307691
1361319121.697,38125.0
1361319120.216,22015.625
1361319125.757,22015.625
1361319127.965,50682.291666666664
1361319109.718,347.7470930232558
1361319109.764,208.03720735785953
1361319114.003,4578.125
1361319146.461,1872.974537037037
1361319160.912,28585.9375
1361319167.723,37083.333333333336
1361318984.779,2513.831876765537
1361319150.477,6781.25
1361319150.668,7265.625
1361319178.518,142536.45833333334
1361319178.708,78335.9375
1361319178.708,85000.0
1361319178.708,21843.75
1361319178.708,44835.9375
1361319178.707,279596.875
1361319178.771,16664.0625
1361319178.83,82875.0
1361319179.088,6757.8125
1361319179.088,528730.46875
1361319179.088,31885.416666666668
1361319179.215,25088.541666666668
1361319179.343,47648.4375
1361319179.469,37164.0625
1361319179.661,46203.125
1361319179.725,225984.375
1361319179.852,136340.14423076922
1361319179.979,66182.29166666667
1361319180.294,2496.875
1361319176.456,2156.25
1361319180.677,18898.4375
1361319178.782,46109.375
1361319178.652,56898.4375
1361319179.036,25635.416666666668
1361319179.036,46453.125
1361319178.779,26703.125
1361319179.035,5148.4375
1361319179.286,25453.125
1361319179.226,81250.0
1361319179.289,82937.5
1361319179.71,35164.0625
1361319179.581,227753.90625
1361319179.645,277532.16911764705
1361319157.963,278.8645038167939
1361319161.601,3500.732421875
1361319181.107,4234.375
1361319181.102,9429.6875
1361319185.066,27328.125
1361319181.357,5894.53125
1361319180.844,88901.04166666667
1361319181.484,2226.5625
1361319181.611,1921.875
1361319178.699,57078.125
1361319179.717,305454.345703125
1361319179.717,313195.1884920635
1361319181.058,16085.9375
1361319181.182,11085.9375
1361319181.182,8640.625
1361319181.181,3640.625
1361319181.245,18218.75
1361319181.372,21583.333333333332
1361319181.347,5503.125
1361319181.54,31875.0
1361319166.99,13015.625
1361319191.316,1218.75
1361319179.413,8437.5
1361319177.071,21593.75
1361319177.007,14395.833333333334
1361319185.313,109.18954005934718
1361319165.346,5753.450788751715
1361319198.921,11.591246290801186
1361319243.316,6890.625
1361319441.744,24718.75
1361319445.279,22578.125
1361319441.335,18056.25
1361319445.529,92332.03125
1361319443.182,1445.3125
1361319443.372,458.9389534883721
1361319463.806,1769.9468085106382
1361319466.963,512.5
1361319466.968,563.3844339622641
1361319523.677,2156.25
1361319580.591,5812.5
1361319580.782,29725.0
1361319583.613,23078.125
1361319598.911,37156.25
1361319598.61,4359.375
1361319580.938,284.9492049469965
1361319581.086,96.1021505376344
1361319619.163,4359.375
1361319619.418,27604.166666666668
1361319620.349,12120.535714285714
1361319617.4,1783.2446808510638
1361319624.21,23015.625
1361319624.529,23078.125
1361319624.529,14450.0
1361319624.499,119310.26785714286
1361319628.974,15055.555555555555
1361319624.454,31500.0
1361319628.71,5812.5
1361319619.334,279.39967105263156
1361319620.41,4281.25
1361319619.312,140.625
1361319620.58,10914.0625
1361319647.229,6489.583333333333
1361319677.432,2156.25
1361319974.433,2287.2242647058824
1361319976.833,4978.515625
1361319974.189,121.337890625
1361319970.731,356.3988095238095
1361319982.672,20.60185185185185
1361319975.863,25472.12837837838
1361319976.243,3399.390243902439
1361319987.406,2801.136363636364
1361320035.656,718.75
1361320034.459,431.25
1361320076.58,4828.125
1361320077.346,4401.785714285715
1361320289.23,6018.75
1361320290.187,10320.3125
1361320295.311,1566.9642857142858
1361320296.237,1562.8578244274809
1361320304.681,5968.75
1361320304.681,6031.25
1361320305.607,5775.0
1361320291.334,315.822963800905
1361320292.069,93.97321428571429
1361320323.792,1804.8537234042553
1361320326.729,2250.578703703704
1361320330.744,7031.25
1361320330.472,6781.25
1361320361.303,22479.166666666668
1361320361.683,8046.875
1361320368.803,3487.5
1361320370.198,2761.363636363636
1361320369.048,5816.176470588235
1361320370.124,4825.0
1361320379.376,3487.5
1361320380.268,41525.24038461539
1361320379.618,31171.875
1361320380.193,47201.171875
1361320361.387,167.41071428571428
1361320361.749,95.07978723404254
1361320384.728,2156.25
1361320384.652,2156.25
1361320398.276,84.57095709570957
1361320397.487,98.54983660130719
1361320540.703,1284.3934911242602
1361320571.253,1783.2446808510638
1361320552.089,32125.884433962263
1361320552.659,503.8109756097561
1361320552.659,14556.25
1361320552.578,42776.041666666664
1361320552.578,15101.5625
1361320574.564,3555.8035714285716
1361320562.129,1841.1458333333333
1361320574.218,225.8318345323741
1361320563.982,3933.203125
1361320565.72,23428.81944444444
1361320563.904,5871.331146408839
1361320563.904,5010.15406162465
1361320563.903,3603.1337290502793
1361320572.15,1630.859375
1361320582.586,136.3031914893617
1361320594.626,241.74528301886792
1361320604.644,6781.25
1361320604.875,11734.375
1361320564.618,2265.3050778050774
1361320563.282,1792.1786865431104
1361320627.873,8367.1875
1361320628.005,14716.032608695652
1361320665.403,2156.25
1361320665.402,2156.25
1361320688.567,40826.32211538461
1361320735.133,1373.9754098360654
1361320739.075,2354.72972972973
1361320731.894,2476.5625
1361320741.667,104.22343324250681
1361320741.584,4520.833333333333
1361320795.041,2156.25
1361320837.991,54.92424242424242
1361320928.555,29863.76953125
1361320989.097,1625.0
1361321396.388,26068.86574074074
1361321398.049,52770.08928571428
1361321398.049,20739.583333333332
1361321398.048,27674.479166666668
1361321397.965,13929.6875
1361321397.965,14140.625
1361321455.205,1976.6757246376812
1361321455.963,325.0
1361321455.824,325.0
1361321455.824,270.8333333333333
1361321456.505,1625.0
1361321456.505,1625.0
1361321456.417,1625.0
1361321621.916,7531.25
1361321620.689,5447.916666666667
1361321621.647,5445.3125
1361321622.837,2714.154411764706
1361321624.54,4194.602272727272
1361321625.048,1920.0721153846155
1361321632.902,4298.828125
1361321633.029,3274.147727272727
1361321629.819,1422.8316326530612
1361321623.827,312.5
1361321624.013,2362.1323529411766
1361321623.496,312.5
1361321624.753,1512.5
1361321624.752,30026.041666666668
1361321624.662,6912.109375
1361321625.17,375.0
1361321625.17,375.0
1361321629.733,175.78125
1361321629.735,187.5
1361321630.476,165.44117647058823
1361321630.54,200.89285714285714
1361321630.54,175.78125
1361321630.601,281.25
1361321628.258,175.78125
1361321628.385,200.89285714285714
1361321629.694,175.78125
1361321630.325,187.5
1361321630.452,175.78125
1361321630.452,165.44117647058823
1361321631.186,162.5
1361321632.473,152.34375
1361321633.107,799.1071428571429
1361321634.414,4236.077997275204
1361321655.17,1258.2720588235295
1361321643.77,45.84775086505191
1361321656.569,4666.666666666667
1361321655.734,7757.102272727272
1361321643.509,82.79551630434783
1361321643.572,709.4381313131313
1361321643.761,238.97058823529412
1361321644.267,253.90625
1361321644.267,253.90625
1361321644.267,216.66666666666669
1361321644.441,116.07142857142857
1361321644.886,116.07142857142857
1361321645.393,92.85714285714286
1361321645.646,58.035714285714285
1361321643.782,152.34375
1361321644.163,195.0
1361321644.163,180.55555555555554
1361321644.16,180.55555555555554
1361321644.224,147.72727272727275
1361321644.223,123.10606060606061
1361321644.667,126.953125
1361321666.221,1550.0
1361321666.728,2201.2867647058824
1361321663.335,526.9886363636364
1361321666.854,1059.0625
1361321663.334,560.7311320754717
1361321663.334,1710.2272727272727
1361321656.543,1274.8511904761906
1361321663.27,972.5694444444445
1361321663.268,505.39772727272725
1361321666.852,372.45435393258424
1361321666.852,352.96699438202245
1361321665.282,9.21474358974359
1361321658.11,341.56050955414014
1361321663.264,114.40450643776825
1361321657.226,19961.80555555556
1361321657.417,299.45388349514565
1361321658.47,2057.4324324324325
1361321657.143,7835.579128440367
1361321657.269,19513.88888888889
1361321677.881,152.45863970588235
1361321677.866,183.73631386861314
1361321678.913,187.03358208955223
1361321664.116,223.20250659630605
1361321665.17,110.29411764705883
1361321666.057,462.8623188405797
1361321663.952,1261.537447257384
1361321663.944,1646.215175953079
1361321664.894,312.5
1361321665.948,462.75252525252523
1361321667.482,74.35042134831461
1361321667.481,81.37289325842696
1361321667.544,218.859649122807
1361321668.088,18.26298701298701
1361321687.582,187.5
1361321680.281,211.82065217391306
1361321680.638,230.18973214285714
1361321687.51,164.0625
1361321681.962,95.94594594594595
1361321685.221,35.9375
1361321674.577,386.19402985074623
1361321674.179,359.375
1361321676.481,681.6964285714286
1361321678.411,346.0181451612903
1361321678.601,1006.2500000000001
1361321678.647,180.55555555555554
1361321695.26,19078.125
1361321695.894,4359.375
1361321695.124,12494.791666666666
1361321695.124,4760.416666666667
1361321695.313,4307.291666666667
1361321695.503,6875.0
1361321678.012,2505.7471264367814
1361321678.012,1312.5
1361321677.979,833.3333333333334
1361321679.768,479.1666666666667
1361321680.02,992.6399613899614
1361321699.331,870.5018939393939
1361321699.331,437.8255208333333
1361321699.33,520.9297839506173
1361321699.255,851.445895522388
1361321687.382,66.96428571428571
1361321687.358,54.08653846153847
1361321687.421,65.78947368421052
1361321690.044,15936.96120689655
1361321691.052,938.8020833333334
1361321713.249,52.41935483870968
1361321696.465,340.27777777777777
1361321695.897,33227.16346153846
1361321695.897,9360.733695652174
1361321695.96,27583.333333333332
1361321696.023,18930.989583333332
1361321696.084,9316.40625
1361321696.465,8637.5
1361321696.528,9137.784090909092
1361321696.568,1231.5340909090908
1361321696.759,1937.0777027027027
1361321696.502,3760.4166666666665
1361321696.501,6328.125
1361321697.011,969.5945945945946
1361321696.691,7737.079326923076
1361321696.754,1395.4586330935253
1361321697.201,544.7916666666666
1361321697.578,5285.714285714285
1361321697.641,165.44117647058823
1361321695.998,16200.0
1361321696.23,2541.6666666666665
1361321696.357,8637.5
1361321697.055,2013.608870967742
1361321697.245,4429.6875
1361321697.534,317.1410891089109
1361321697.533,165.44117647058823
1361321699.583,17491.071428571428
1361321699.647,292.5866168478261
1361321699.646,36.10522598870056
1361321703.393,60.14384920634921
1361321704.735,80.10563380281691
1361321705.622,104.16666666666667
1361321705.685,81.25
1361321705.685,92.42957746478874
1361321704.649,77.91095890410959
1361321705.516,80.10563380281691
1361321705.578,77.91095890410959
1361321707.81,44.52054794520548
1361321708.254,38.69047619047619
1361321708.929,51.36986301369863
1361321708.928,38.69047619047619
1361321708.928,38.429054054054056
1361321709.183,38.955479452054796
1361321709.183,38.955479452054796
1361321709.247,33.163265306122454
1361321709.181,38.955479452054796
1361321709.181,38.429054054054056
1361321709.181,38.955479452054796
1361321709.245,44.34121621621622
1361321709.245,32.939189189189186
1361321709.436,33.39041095890411
1361321709.436,38.69047619047619
1361321709.88,33.163265306122454
1361321709.814,39.224137931034484
1361321710.07,32.939189189189186
1361321709.877,38.955479452054796
1361321710.133,33.39041095890411
1361321710.292,44.21768707482993
1361321710.292,38.429054054054056
1361321710.101,33.62068965517241
1361321710.546,33.39041095890411
1361321710.29,33.163265306122454
1361321710.29,44.52054794520548
1361321710.353,33.62068965517241
1361321707.018,81.25
1361321707.778,51.02040816326531
1361321708.459,38.429054054054056
1361321709.094,38.955479452054796
1361321709.094,38.171140939597315
1361321709.221,33.163265306122454
1361321709.221,33.62068965517241
1361321709.348,38.69047619047619
1361321709.348,38.429054054054056
1361321709.155,44.34121621621622
1361321709.282,33.62068965517241
1361321709.282,38.26530612244898
1361321709.889,33.39041095890411
1361321710.206,38.429054054054056
1361321710.012,33.163265306122454
1361321710.012,33.163265306122454
1361321710.012,33.62068965517241
1361321710.203,32.939189189189186
1361321710.203,38.69047619047619
1361321710.393,38.69047619047619
1361321710.584,33.39041095890411
1361321730.714,54.53431372549019
1361321730.097,133.10185185185185
1361321719.252,13.10483870967742
1361321716.833,7.1902654867256635
1361321710.959,39.224137931034484
1361321710.959,33.62068965517241
1361321712.038,33.62068965517241
1361321712.1,33.62068965517241
1361321711.332,5.708430913348947
1361321710.878,38.69047619047619
1361321710.877,38.429054054054056
1361321711.896,33.39041095890411
1361321711.894,31.451612903225804
1361321713.833,33.39041095890411
1361321715.208,32.939189189189186
1361321716.156,33.163265306122454
1361321717.526,32.939189189189186
1361321717.712,33.163265306122454
1361321717.712,32.939189189189186
1361321718.707,33.62068965517241
1361321715.124,33.39041095890411
1361321717.608,32.71812080536913
1361321735.636,49.107142857142854
1361321727.939,10.850694444444445
1361321735.942,19.166666666666664
1361321741.342,180.55555555555554
1361321719.803,32.939189189189186
1361321722.444,33.62068965517241
1361321735.692,10.030864197530864
1361321723.258,33.39041095890411
1361321723.385,30.303030303030305
1361321724.271,36.44459102902375
1361321722.919,33.62068965517241
1361321724.545,36.833333333333336
1361321735.621,10.416666666666666
1361321749.598,2156.25
1361321743.045,34.12356321839081
1361321743.107,29.017857142857142
1361321743.422,31.25
1361321731.766,39.66346153846153
1361321748.756,362.5
1361321749.388,976.5625
1361321629.77,4259.678747940692
1361321730.73,34.69750889679715
1361321731.673,8.85558583106267
1361321732.434,38.52370689655173
1361321731.588,8.85558583106267
1361321731.889,8.017015706806282
1361321732.327,42.20779220779221
1361321732.647,140.77856265356263
1361321732.646,4.984662576687116
1361321754.46,293.125
1361321751.384,150.29761904761904
1361321750.806,9873.197115384615
1361321753.329,1137.8676470588236
1361321753.329,12126.320422535211
1361321753.52,6332.51953125
1361321754.53,269.53125
1361321754.847,95.83333333333334
1361321750.75,135.41666666666666
1361321754.91,95.83333333333334
1361321757.154,3114.1826923076924
1361321755.042,31.862745098039213
1361321755.703,725.3787878787879
1361321746.747,1622.1590909090908
1361321750.604,21.26736111111111
1361321749.759,994.140625
1361321753.319,9918.209876543211
1361321773.027,90.14423076923077
1361321769.57,64.28571428571428
1361321773.154,1288.4114583333333
1361321753.454,4160.511363636363
1361321773.131,1001.3020833333333
1361321773.065,762.3355263157895
1361321758.102,838.3805841924399
1361321778.596,1991.7279411764705
1361321778.659,1462.673611111111
1361321775.386,2848.9583333333335
1361321779.485,1150.173611111111
1361321779.802,2070.7720588235293
1361321777.619,2711.3970588235293
1361321777.973,1399.4565217391303
1361321777.779,1440.0
1361321773.997,3260.5229591836733
1361321774.316,2672.5206611570247
1361321775.08,2862.5
1361321775.27,830.9294871794872
1361321779.365,5828.125
1361321779.364,7306.640625
1361321779.619,2321.2890625
1361321779.555,558.8235294117648
1361321779.853,6896.875
1361321780.169,2675.0
1361321776.967,1739.5833333333333
1361321777.73,2076.171875
1361321773.818,4461.103723404255
1361321759.243,2034.280303030303
1361321783.372,15208.333333333334
1361321783.753,16312.5
1361321783.88,68488.28125
1361321784.198,20882.8125
1361321776.198,116.93548387096773
1361321784.389,18046.875
1361321780.61,1300.0408496732025
1361321777.771,2672.2515060240967
1361321783.069,19710.9375
1361321783.196,7410.15625
1361321783.132,13010.416666666666
1361321783.515,3130.2083333333335
1361321783.515,6996.875
1361321783.747,20203.125
1361321783.811,31833.333333333332
1361321784.001,8007.8125
1361321784.128,4417.96875
1361321776.127,176.5314569536424
1361321784.382,11699.21875
1361321784.509,4840.625
1361321784.572,1502.34375
1361321784.7,1017.5000000000001
1361321780.79,366.98717948717945
1361321780.854,420.96656976744185
1361321777.717,1761.4087301587301
1361321773.41,165.44117647058823
1361321772.248,367.866847826087
1361321774.443,577.2727272727273
1361321777.545,10660.416666666666
1361321777.452,1233.8362068965519
1361321776.167,64.35723514211885
1361321778.051,1520.8333333333333
1361321778.115,267.85714285714283
1361321780.772,879.9342105263158
1361321779.712,704.1139240506329
1361321784.977,3318.5096153846152
1361321784.58,5.637254901960784
1361321809.016,431.25
1361321815.679,21414.70588235294
1361321800.25,10.632780082987551
1361321820.693,1198.6607142857142
1361321820.692,1299.4791666666667
1361321821.757,524.4140625
1361321830.134,2156.25
1361321826.524,5409.646739130435
1361321809.452,718.75
1361321808.663,135.41666666666666
1361321816.181,1577.127659574468
1361321820.541,23650.390625
1361321821.56,41960.9375
1361321819.304,16984.375
1361321820.513,30027.901785714286
1361321821.522,4984.375
1361321820.979,8950.520833333334
1361321820.979,6558.035714285715
1361321820.979,7071.428571428572
1361321820.979,5140.625
1361321820.979,4392.857142857143
1361321820.979,1115.7407407407406
1361321821.106,1635.4166666666667
1361321820.977,11316.964285714286
1361321820.977,5435.267857142857
1361321820.977,8768.229166666666
1361321820.977,8263.020833333334
1361321820.977,4966.517857142857
1361321821.676,15210.565476190477
1361321819.902,68599.609375
1361321820.894,7774.553571428572
1361321820.894,5080.729166666667
1361321820.894,6664.0625
1361321820.894,6591.145833333333
1361321820.89,9666.666666666666
1361321820.89,7078.125
1361321820.89,4042.410714285714
1361321820.89,4080.5288461538457
1361321820.954,4317.307692307692
1361321825.898,7756.770833333333
1361321826.025,5360.774253731343
1361321826.323,152.34375
1361321826.32,152.34375
1361321826.384,143.38235294117646
1361321823.366,30922.36328125
1361321825.916,6725.046641791045
1361321826.229,325.0
1361321825.748,3196.25870846731
1361321901.721,9151.041666666666
1361321622.729,35237.25
1361321913.083,190.11976047904193
1361321913.019,7194.196428571428
1361321962.063,31.713649851632045
1361321941.431,197.78215392561984
1361321997.627,1697.4793256997457
1361322022.707,4134.375
1361322021.264,4039.434523809524
1361322018.292,1798.537234042553
1361322022.876,4520.833333333333
1361322023.167,7265.625
1361322048.295,115.0
1361322078.272,179.6875
1361322272.776,563.75
1361322269.44,1783.2446808510638
1361322266.339,990.625
1361322272.866,74.02073732718894
1361322615.53,22781.25
1361322617.48,11024.55357142857
1361322675.593,2156.25
1361322675.385,3015.625
1361323048.906,32.608695652173914
1361323646.854,18541.666666666668
1361323647.276,131906.25
1361323663.959,1523.5795454545455
1361323662.166,108494.79166666667
1361323662.547,51490.625
1361323662.079,186285.15625
1361323662.962,4218.75
1361323663.024,4218.75
1361323663.024,4218.75
1361323663.023,4218.75
1361323665.122,4541.903409090909
1361323667.373,3245.7540760869565
1361323667.758,404.62896253602304
1361323667.758,874.9551005747126
1361323667.758,297.1985946745562
1361323667.758,337.7297794117647
1361323668.075,20257.8125
1361323668.391,2270.982142857143
1361323668.617,36040.625
1361323667.102,16171.875
1361323667.671,850.2380221130221
1361323667.671,1099.9155405405406
1361323698.018,1677.0833333333333
1361323667.996,14624.615778688523
1361323686.126,408.0098122866894
1361323686.04,4355.826965065503
1361323700.154,657.0581896551723
1361323700.535,648.0113636363637
1361323689.456,312.5
1361323689.454,1431.857638888889
1361323689.581,270.8333333333333
1361323689.516,829.6875
1361323689.516,2562.900641025641
1361323689.579,234.375
1361323689.368,3133.8929521276596
1361323689.425,2503.515625
1361323689.492,270.8333333333333
1361323689.491,267.85714285714283
1361323689.491,232.14285714285714
1361323689.619,312.5
1361323689.553,312.5
1361323689.157,321.18803879310343
1361323691.818,18365.860849056604
1361323718.807,73270.99609375
1361323717.802,14787.566489361701
1361323694.604,58.95959214501511
1361323700.456,294.61805555555554
1361323700.455,301.85185185185185
1361323697.576,23182.291666666668
1361323695.62,14035.511363636364
1361323695.682,55774.739583333336
1361323697.115,3092.1875
1361323697.051,1046.546052631579
1361323697.114,915.625
1361323697.492,43703.125
1361323695.536,29033.48214285714
1361323698.411,511.96808510638306
1361323699.626,1479.1666666666667
1361323699.624,1539.3318965517242
1361323700.001,312.5
1361323699.937,267.85714285714283
1361323700.669,1905.048076923077
1361323701.563,2956.439393939394
1361323701.56,2331.0546875
1361323699.469,461.4762931034483
1361323699.639,267.85714285714283
1361323720.791,13985.704787234043
1361323715.913,203.37301587301587
1361323710.612,4978.515625
1361323712.933,3769.53125
1361323716.205,78.80261479591836
1361323721.217,31031.25
1361323719.132,8505.681818181818
1361323722.61,254.6875
1361323723.673,48453.125
1361323751.475,859.375
1361323751.474,359.375
1361323751.474,491.07142857142856
1361323751.372,687.5
1361323751.372,859.375
1361323751.37,491.07142857142856
1361323751.434,572.9166666666666
1361323731.347,20312.5
1361323753.966,2156.25
1361323751.695,1625.0
1361323845.433,73553.125
1361323677.549,2212.7621299342104
1361323862.601,24287.5
1361323892.314,410.7142857142857
1361323876.316,22625.0
1361323685.432,1959.2910238865388
1361323923.422,121.45353618421052
1361323925.305,15750.0
1361323925.686,8456.59722222222
1361323941.103,1897.1354166666667
1361323940.76,4520.833333333333
1361323971.653,2156.25
1361324001.621,2156.25
1361323996.2,3949.21875
1361324052.16,3437.5
1361324056.801,78.20471938775509
1361324088.934,10295.572916666666
1361324085.667,1514.0625
1361324085.146,7273.4375
1361324096.197,12718.75
1361324096.26,12921.875
1361324096.26,10437.5
1361324096.511,31531.25
1361324088.888,6313.344594594595
1361324093.621,4662.109375
1361324093.6,113119.35763888889
1361324093.851,32658.96739130435
1361324093.918,25858.173076923078
1361324094.486,6161.057692307692
1361324094.991,2571.6911764705883
1361324095.31,1851.5625
1361324095.374,1006.0096153846155
1361324095.821,2380.2083333333335
1361324096.118,12494.791666666666
1361324096.43,6539.0625
1361324090.535,2333.3333333333335
1361324088.742,859.7972972972973
1361324093.513,7820.3125
1361324093.513,31354.166666666668
1361324093.513,9661.458333333334
1361324093.513,6200.0
1361324093.512,3938.9880952380954
1361324093.702,2169.6428571428573
1361324093.702,7149.553571428572
1361324094.147,3847.65625
1361324094.146,5828.125
1361324094.081,11760.416666666666
1361324094.273,4398.4375
1361324094.398,7118.990384615385
1361324094.653,3508.2720588235293
1361324095.225,997.7678571428571
1361324087.268,22328.776041666668
1361324098.043,593.2459677419355
1361324100.791,15677.705223880597
1361324104.63,7929.6875
1361324100.981,14655.048076923076
1361324098.485,2431.7064606741574
1361324104.628,2985.9375
1361324101.044,56904.6052631579
1361324100.979,3868.75
1361324101.296,7328.125
1361324101.423,15916.666666666666
1361324098.924,32567.187500000004
1361324105.241,16000.0
1361324105.241,4629.464285714285
1361324105.24,18060.546875
1361324104.547,2296.875
1361324104.546,788.0859375
1361324104.546,13157.552083333334
1361324100.897,27917.708333333332
1361324100.96,26129.145408163266
1361324104.989,20698.4375
1361324101.51,2522.4609375
1361324105.531,10000.0
1361324105.416,437.5
1361324084.416,285.8258928571429
1361324085.555,625.0
1361324085.532,610.2941176470589
1361324084.516,82793.40277777777
1361324084.515,43821.180555555555
1361324085.446,648.4375
1361324085.445,1579.1462418300655
1361324085.445,691.6666666666666
1361324086.334,267.85714285714283
1361324086.27,312.5
1361324096.257,49.36770428015564
1361324105.984,2146.8446601941746
1361324106.111,2504.464285714286
1361324112.574,187.5
1361324108.541,8145.833333333334
1361324108.54,4840.625
1361324112.7,119.79166666666667
1361324106.3,950.0
1361324096.698,3336.0918972332015
1361324104.698,2818.85162601626
1361324104.697,257.1138211382114
1361324109.046,2165.625
1361324109.045,1900.0
1361324093.301,1586.9891826923076
1361324106.863,11690.625
1361324106.93,7590.625
1361324107.12,11585.069444444445
1361324093.872,65.38955479452055
1361324107.246,4458.333333333333
1361324093.787,57.487201365187715
1361324093.851,83.99104095563139
1361324093.915,292.0055650684932
1361324107.226,19496.527777777777
1361324091.289,546.0278614457831
1361324094.233,837.4125874125874
1361324105.369,128.62723214285714
1361324094.297,2757.9763986013986
1361324105.814,2875.919117647059
1361324107.733,4234.375
1361324091.605,3875.5272239263804
1361324107.797,9125.0
1361324107.797,3262.5
1361324107.797,1878.125
1361324107.988,2525.390625
1361324110.675,4750.0
1361324108.114,23875.0
1361324094.993,306.70454545454544
1361324095.371,441.28964552238807
1361324095.502,219.51362781954887
1361324096.18,80.76923076923077
1361324108.212,2342.206790123457
1361324105.908,2138.671875
1361324105.972,2475.961538461538
1361324106.035,1645.5078125
1361324106.035,2971.153846153846
1361324106.034,2257.2916666666665
1361324096.432,763.5182584269663
1361324108.336,10441.40625
1361324108.336,4511.71875
1361324108.464,15598.958333333334
1361324096.432,170.2880859375
1361324112.687,110.57692307692307
1361324108.463,14617.1875
1361324112.558,110.57692307692307
1361324096.622,2377.8912401574803
1361324108.906,1799.4791666666667
1361324096.874,142.80523255813955
1361324097.001,276.29267068273094
1361324106.728,1265.625
1361324106.792,7770.833333333333
1361324090.727,90.26759530791789
1361324097.127,105.93011811023622
1361324106.919,3450.5208333333335
1361324097.126,93.25592885375494
1361324097.125,257.6279527559055
1361324106.981,4400.390625
1361324105.316,179.6875
1361324107.172,3460.9375
1361324107.211,4408.203125
1361324097.608,82.1636652542373
1361324091.335,3948.958333333333
1361324105.543,5667.96875
1361324107.462,6570.3125
1361324107.525,2787.9464285714284
1361324105.669,83.86752136752136
1361324108.033,45658.854166666664
1361324108.033,4417.96875
1361324108.032,4003.90625
1361324091.84,307.1622670807453
1361324095.291,668.3768656716418
1361324095.673,31.846374045801525
1361324089.914,1437.5
1361324088.595,2915.625
1361324091.13,234.375
1361324091.695,267.85714285714283
1361324091.757,375.0
1361324108.635,310.04464285714283
1361324095.898,179.19377323420073
1361324105.303,572.8777985074627
1361324093.909,2044.1934818481848
1361324088.455,3278.7162162162163
1361324106.642,478.70575221238937
1361324106.76,478.5353535353535
1361324095.878,123.14126394052045
1361324095.881,117.21632841328413
1361324096.133,39.033018867924525
1361324105.411,1507.370283018868
1361324091.034,234.375
1361324091.603,234.375
1361324095.402,312.5
1361324112.637,448.5479797979798
1361324112.762,329.67557251908397
1361324114.676,7390.625
1361324115.223,6986.979166666667
1361324115.412,4750.0
1361324111.499,8425.33396946565
1361324111.499,9286.90159574468
1361324112.563,120.97772277227722
1361324114.414,217.78846153846155
1361324113.196,1058.173076923077
1361324114.729,7765.625
1361324113.321,382.421875
1361324115.334,9500.0
1361324111.422,4957.606589147286
1361324111.422,2206.3577586206893
1361324124.351,3166.6666666666665
1361324124.604,1453.125
1361324114.234,1567.2901459854013
1361324128.569,4053.571428571429
1361324124.729,2988.28125
1361324114.233,11249.418604651164
1361324128.569,13116.07142857143
1361324124.729,2834.375
1361324114.233,2873.2892335766423
1361324114.233,10878.877737226278
1361324114.233,2621.5533088235293
1361324128.568,33482.142857142855
1361324128.568,24028.40909090909
1361324124.792,1914.0625
1361324112.824,60.441616766467064
1361324128.946,3453.125
1361324129.009,3671.875
1361324125.424,5960.9375
1361324129.067,3089.285714285714
1361324125.419,4005.208333333333
1361324125.55,3644.53125
1361324125.55,1950.0
1361324125.55,2196.875
1361324125.613,3162.5
1361324125.485,3150.0
1361324129.197,4025.0000000000005
1361324125.594,2681.25
1361324125.657,2984.375
1361324125.784,6429.6875
1361324125.847,8437.5
1361324125.91,5695.3125
1361324129.494,72915.625
1361324129.493,8291.666666666666
1361324127.111,30421.875
1361324127.427,28465.277777777777
1361324127.427,20601.5625
1361324127.418,4243.055555555556
1361324127.99,44734.375
1361324124.465,14460.9375
1361324128.496,37145.833333333336
1361324114.16,15895.80716080402
1361324124.656,2335.9375
1361324124.655,1840.9090909090908
1361324114.155,14255.339195979901
1361324128.494,7750.0
1361324124.909,1214.2857142857142
1361324125.099,2543.75
1361324128.937,4125.0
1361324125.352,3848.9583333333335
1361324125.352,2859.375
1361324125.352,3786.4583333333335
1361324125.415,2278.125
1361324129.19,5156.25
1361324125.613,2831.25
1361324129.386,15500.0
1361324129.321,6156.25
1361324125.801,9085.9375
1361324126.684,18043.75
1361324127.323,48122.596153846156
1361324127.322,27844.7265625
1361324127.322,4659.722222222223
1361324108.851,9009.375
1361324110.451,6671.875
1361324110.961,8472.826086956522
1361324111.161,190.8244680851064
1361324124.177,260.53370786516854
1361324124.177,658.0056179775281
1361324124.177,104.10814606741573
1361324111.484,51476.5625
1361324120.268,1219.6745562130177
1361324124.619,362.31617647058823
1361324124.619,192.12962962962962
1361324124.615,223.71323529411765
1361324114.185,302.68199233716473
1361324110.612,125093.75
1361324113.212,333.5477941176471
1361324113.212,9271.150914634147
1361324124.088,311.09550561797755
1361324128.371,1323.8075657894738
1361324128.369,1077.0692567567569
1361324124.72,224.3421052631579
1361324125.39,104.74537037037037
1361324117.837,6079.473039215686
1361324125.772,219.5121951219512
1361324126.151,103.19368131868131
1361324123.819,318.23394495412845
1361324127.203,1235.0694444444446
1361324112.25,382.8125
1361324112.434,18028.40909090909
1361324112.914,5497.672872340426
1361324113.101,200.89285714285714
1361324114.636,5517.36111111111
1361324113.29,175.78125
1361324113.828,23.4375
1361324114.364,199656.25
1361324114.06,66.96428571428571
1361324115.608,9367.1875
1361324116.225,198.7552966101695
1361324116.92,207.20108695652172
1361324088.785,3571.8412364945975
1361324125.62,61.50042087542087
1361324125.934,42.9820819112628
1361324124.239,29.731583072100314
1361324144.645,4484.375
1361324125.345,44.435215946843854
1361324108.708,8020.637320788531
1361324125.861,6625.0
1361324125.193,123406.25
1361324125.32,2527.34375
1361324124.41,3847.65625
1361324125.046,16414.0625
1361324125.236,4687.5
1361324125.298,3968.75
1361324125.339,9890.625
1361324127.597,10958.14732142857
1361324125.313,2583.3333333333335
1361324129.395,12656.25
1361324138.051,4601.5625
1361324175.19,149.03846153846155
1361324175.258,93.75
1361324174.658,292.96875
1361324175.168,216.25
1361324175.083,149.03846153846155
1361324175.083,187.5
1361324175.083,143.75
1361324175.023,67.70833333333333
1361324175.023,90.14423076923077
1361324175.015,90.14423076923077
1361324175.015,128.60576923076923
1361324175.014,201.92307692307693
1361324171.693,1625.0
1361324167.914,7.965686274509803
1361324176.46,4994.791666666667
1361324219.435,942.7083333333334
1361324236.383,7492.1875
1361324243.926,11.470588235294118
1361324292.062,812.5
1361324297.845,8.207070707070708
1361324296.137,17257.8125
1361324351.543,151.04166666666666
1361324353.219,726.5625
1361324354.227,6539.0625
1361324356.898,3396.875
1361324409.771,288.25431034482756
1361324410.645,8.08457711442786
1361324476.861,2372.7678571428573
1361324536.712,748.1971153846155
1361324550.12,696.4285714285714
1361324591.375,348.2142857142857
1361324577.029,34.589987714987714
1361324596.588,2497.3958333333335
1361324656.6,4046.875
1361324681.63,406.25
1361324716.487,7492.1875
1361324765.025,15.869778067885118
1361324776.343,7492.1875
1361324791.572,1428.5714285714287
1361324818.083,5203.125
1361324836.196,5395.833333333333
1361324846.744,7.946210268948655
1361324892.124,1625.0
1361324896.176,7492.1875
1361324931.026,1354.1666666666667
1361324957.044,2691.840277777778
1361324992.997,106.10844947735191
1361324990.208,87.2093023255814
1361325052.425,2265.625
1361325052.325,14447.916666666666
1361325078.575,812.5
1361325106.538,14.077970297029703
1361325159.424,42.556288819875775
1361325205.377,11.780753968253968
1361325254.612,18.584280303030305
1361325255.765,2265.625
1361325279.837,78.58579088471849
1361325288.866,3625.0
1361325292.335,4152.34375
1361325313.204,14.086787564766839
1361325313.331,17.294847328244273
1361325313.24,16.32882882882883
1361325323.397,8.44332298136646
1361325325.592,20.28917910447761
1361325330.954,59.42622950819672
1361325341.056,7.972873900293255
1361325345.193,2718.75
1361325346.659,1812.5
1361325346.845,5.120056497175141
1361325346.885,39.40217391304348
1361325350.606,28.76984126984127
1361325352.877,5.330882352941177
1361325355.102,14.5
1361325358.587,66.5906652360515
1361325359.319,258.92857142857144
1361325362.771,302.0833333333333
1361325369.027,362.5
1361325381.99,5.827974276527331
1361325385.743,666.8346774193549
1361325385.952,50.34722222222222
1361325388.84,8437.5
1361325388.839,8031.25
1361325389.071,4376.5625
1361325389.386,11492.1875
1361325388.665,679.6875
1361325388.728,659.9864130434783
1361325388.728,8437.5
1361325388.792,3757.6530612244896
1361325388.855,9504.261363636364
1361325388.855,7864.583333333333
1361325388.981,3636.71875
1361325389.108,9.58994708994709
1361325389.97,6315.104166666667
1361325390.79,302.0833333333333
1361325391.909,60.416666666666664
1361325389.877,5269.301470588235
1361325390.382,24.493243243243242
1361325431.7,181.25
1361325445.695,318.9144736842106
1361325501.222,3078.125
1361325506.804,7507.8125
1361325527.863,656.25
1361325555.98,11.92652925531915
1361325566.28,15494.791666666666
1361325626.154,16218.75
1361325630.968,28.542258522727273
1361325671.621,151.04166666666666
1361325678.209,8.61220472440945
1361325686.167,7507.8125
1361325710.92,15546.875
1361325711.593,5578.125
1361325716.78,11.192693409742121
1361325731.234,31.618128272251308
1361325745.935,3957.03125
1361325798.366,6500.0
1361325798.217,185.5890287769784
1361325810.249,408.0141129032258
1361325810.252,390.3011658031088
1361325810.179,513.7629533678758
1361325817.603,901.2096774193549
1361325810.178,630.9643817204301
1361325807.009,10.502049180327868
1361325822.695,356.8892045454545
1361325825.198,119.64658774373258
1361325851.318,2625.0
1361325797.877,5488.319866920152
1361325814.193,6824.347365945437
1361325787.208,10632.575118163404
1361325815.062,14082.790492957747
1361325815.125,6777.632966260543
1361325863.79,11.803057553956833
1361325925.55,939.1447368421053
1361325916.622,30.675551470588236
1361325927.258,283.1875
1361325943.147,2206.25
1361325985.909,56.01092896174863
1361326046.049,290.4243119266055
1361326053.564,3287.006578947369
1361326055.791,81.19158878504673
1361326057.018,100.89451672862454
1361326074.401,15975.44642857143
1361326074.398,3051.041666666667
1361326074.398,276.55075187969925
1361326070.937,780.4086538461539
1361326074.314,3007.8125
1361326074.313,6167.613636363637
1361326074.31,2926.5625
1361326074.31,344.3374060150376
1361326095.193,1783.5771276595744
1361326074.976,5038.541666666666
1361326075.482,12653.645833333334
1361326074.819,5353.515625
1361326075.37,18980.46875
1361326075.37,11091.145833333334
1361326089.184,807.2150735294118
1361326100.54,466.75955414012736
1361326098.128,120.75541338582677
1361326092.456,22101.5625
1361326097.568,162.5996015936255
1361326122.135,1718.75
1361326122.049,3437.5
1361326122.113,1145.8333333333333
1361326122.049,3437.5
1361326122.049,1145.8333333333333
1361326104.276,15.206939799331105
1361326105.6,138.6232206405694
1361326124.03,1223.9583333333333
1361326128.11,510.41666666666663
1361326124.397,15085.9375
1361326125.094,2559.027777777778
1361326149.147,386.1607142857143
1361326154.167,12958.333333333334
1361326154.821,13625.0
1361326155.332,110515.625
1361326155.332,2504.464285714286
1361326155.715,200546.875
1361326154.943,36546.875
1361326155.138,66859.375
1361326155.326,5848.958333333333
1361326155.326,11706.25
1361326155.326,5255.208333333333
1361326155.709,8677.083333333334
1361326155.708,12364.583333333334
1361326154.107,3157.451923076923
1361326156.894,35093.75
1361326157.516,17979.166666666668
1361326157.516,6906.25
1361326157.707,32979.166666666664
1361326157.899,37593.75
1361326155.338,2672.9166666666665
1361326155.721,13992.1875
1361326155.785,27486.25
1361326155.848,40768.229166666664
1361326155.912,5956.25
1361326156.231,25531.25
1361326157.509,21650.0
1361326157.7,7625.0
1361326157.508,52567.708333333336
1361326157.508,5718.75
1361326157.508,6843.75
1361326155.905,8218.75
1361326171.714,37510.416666666664
1361326171.65,24531.25
1361326170.865,1903.6458333333333
1361326149.199,2117.1875
1361326150.07,36779.017857142855
1361326150.577,1890.625
1361326150.572,1890.625
1361326149.376,124190.10416666667
1361326149.349,65096.875
1361326150.491,1890.625
1361326150.488,1890.625
1361326153.823,7571.875
1361326151.783,95.76612903225806
1361326176.85,19148.4375
1361326176.585,11947.916666666666
1361326176.262,8960.9375
1361326176.262,6835.227272727272
1361326176.262,4354.166666666667
1361326171.973,6425.4807692307695
1361326172.421,15090.625
1361326172.421,8935.267857142857
1361326176.516,4843.75
1361326173.123,138098.95833333334
1361326173.123,11437.5
1361326173.251,10562.5
1361326173.255,11437.5
1361326172.167,21281.25
1361326173.382,15447.916666666666
1361326173.378,18171.875
1361326173.378,52536.458333333336
1361326173.57,22192.708333333332
1361326173.57,11918.75
1361326173.57,9227.67857142857
1361326174.08,1901.7857142857142
1361326174.08,1622.1590909090908
1361326174.974,3012.019230769231
1361326175.485,2196.022727272727
1361326175.484,9197.916666666666
1361326175.74,1925.480769230769
1361326171.9,14773.4375
1361326175.868,1930.5555555555557
1361326179.388,55765.625
1361326179.58,40885.416666666664
1361326179.58,24031.25
1361326179.835,35687.5
1361326172.219,32864.583333333336
1361326171.963,49621.09375
1361326176.251,5406.25
1361326171.963,22148.4375
1361326171.963,32179.6875
1361326171.963,17960.9375
1361326173.113,11312.5
1361326173.113,6375.0
1361326173.113,9562.5
1361326173.24,11437.5
1361326173.368,15515.625
1361326173.304,24625.0
1361326173.304,24625.0
1361326173.368,11993.990384615385
1361326173.368,37671.875
1361326173.496,18789.93055555556
1361326174.058,630.8139534883721
1361326174.058,11857.536764705883
1361326174.057,1039.7727272727273
1361326174.121,3017.3611111111113
1361326174.696,5378.90625
1361326174.952,2767.3611111111113
1361326175.527,18984.375
1361326175.274,1706.25
1361326175.718,38593.75
1361326156.29,27348.958333333332
1361326174.152,420.01856435643566
1361326187.001,2156.25
1361326180.687,48480.46875
1361326180.687,5414.0625
1361326180.687,8335.9375
1361326180.047,12953.125
1361326180.174,32417.410714285714
1361326180.942,9121.52777777778
1361326180.942,2640.625
1361326180.942,3734.375
1361326180.878,10549.851190476189
1361326180.942,23887.152777777777
1361326181.516,14531.25
1361326181.58,10679.6875
1361326181.516,20531.25
1361326181.58,20531.25
1361326181.708,11015.625
1361326181.835,2785.15625
1361326181.771,13925.78125
1361326181.835,19419.921875
1361326182.474,3875.0
1361326182.538,4368.75
1361326182.538,2979.1666666666665
1361326182.538,3625.0
1361326182.538,2979.1666666666665
1361326186.058,21093.75
1361326182.921,6875.0
1361326183.113,20375.0
1361326183.113,53687.5
1361326183.241,7864.583333333333
1361326183.369,24625.0
1361326183.241,47677.083333333336
1361326183.305,24625.0
1361326183.496,7367.1875
1361326180.677,24447.916666666668
1361326180.677,9648.4375
1361326180.676,94250.0
1361326180.932,34968.75
1361326181.57,18281.25
1361326185.538,21093.75
1361326181.698,21921.875
1361326181.761,2535.15625
1361326181.889,3218.75
1361326182.209,60640.625
1361326182.518,2979.1666666666665
1361326182.774,4468.75
1361326182.837,4468.75
1361326182.837,4468.75
1361326183.029,9312.5
1361326182.901,14562.5
1361326182.901,5791.666666666667
1361326183.221,20281.25
1361326183.221,24625.0
1361326183.476,8791.666666666666
1361326183.22,7781.25
1361326183.22,9072.916666666666
1361326183.284,24625.0
1361326183.476,7031.25
1361326186.803,21093.75
1361326179.633,4317.708333333333
1361326176.45,2285.8796296296296
1361326193.287,27351.5625
1361326193.675,24984.375
1361326194.245,5330.357142857143
1361326194.756,1571.6911764705883
1361326194.756,3441.964285714286
1361326194.756,1457.7205882352941
1361326195.715,6187.5
1361326193.663,13809.02777777778
1361326194.238,4104.166666666667
1361326194.238,3517.8571428571427
1361326194.749,5593.75
1361326194.749,3764.2045454545455
1361326194.749,1447.9166666666667
1361326195.26,9289.0625
1361326195.196,9197.916666666666
1361326195.387,11921.875
1361326197.264,4806.25
1361326197.584,2878.472222222222
1361326196.873,18317.708333333332
1361326197.256,24856.25
1361326197.767,3965.277777777778
1361326198.218,2281.25
1361326196.082,2251.6482067510547
1361326208.645,42542.96875
1361326204.869,12578.125
1361326204.869,21093.75
1361326210.177,21093.75
1361326210.176,12171.875
1361326208.508,12140.625
1361326204.731,19375.0
1361326210.039,19375.0
1361326198.906,1914.4097222222222
1361326214.179,2156.25
1361326198.937,95.97378277153558
1361326216.717,36884.375
1361326216.717,4963.541666666667
1361326216.717,5456.25
1361326217.036,7427.083333333333
1361326217.036,19281.25
1361326217.227,6468.75
1361326213.515,19616.31944444444
1361326217.227,4843.75
1361326217.231,7656.25
1361326217.295,8625.0
1361326214.216,14781.25
1361326214.216,3932.2916666666665
1361326214.216,8656.25
1361326214.216,2767.8571428571427
1361326214.6,11734.375
1361326214.599,12734.375
1361326214.663,11609.375
1361326214.599,13234.375
1361326214.855,10437.5
1361326214.919,9287.5
1361326214.919,9587.5
1361326214.983,23450.0
1361326215.238,39250.0
1361326215.43,19375.0
1361326216.706,5856.25
1361326216.706,7668.75
1361326216.706,26443.75
1361326217.025,7343.75
1361326217.025,7427.083333333333
1361326217.216,7968.75
1361326217.216,4468.75
1361326217.475,16625.0
1361326213.379,12265.625
1361326214.197,7989.583333333333
1361326214.197,8281.25
1361326214.068,26281.25
1361326214.836,8072.916666666666
1361326214.643,11421.875
1361326214.899,10137.5
1361326215.223,14875.0
1361326215.154,39666.666666666664
1361326215.41,21093.75
1361326216.178,26185.26785714286
1361326196.909,1625.0
1361326197.575,110.11633211678833
1361326228.348,261.3636363636364
1361326233.075,8585.9375
1361326230.468,3562.5
1361326217.092,15946.42857142857
1361326231.067,4906.929347826087
1361326256.779,5729.166666666667
1361326232.944,6281.25
1361326277.565,2156.25
1361326282.778,31070.3125
1361326282.586,55515.625
1361326283.226,11895.833333333334
1361326283.417,7831.25
1361326283.417,5915.178571428572
1361326282.76,37476.5625
1361326283.207,12312.5
1361326283.207,12312.5
1361326283.403,6023.4375
1361326283.719,8927.083333333334
1361326283.783,18171.875
1361326290.572,1078.125
1361326288.867,25906.25
1361326284.067,19375.0
1361326288.929,3370.535714285714
1361326288.865,3890.625
1361326288.929,3515.625
1361326289.248,4104.166666666667
1361326289.568,3480.46875
1361326287.9,4317.708333333333
1361326283.42,2394.886363636364
1361326283.42,1968.75
1361326288.347,45384.375
1361326288.794,19375.0
1361326288.921,14065.625
1361326288.793,10921.875
1361326288.921,2736.1111111111113
1361326288.921,4868.75
1361326289.24,4104.166666666667
1361326289.304,2736.1111111111113
1361326289.56,1622.5961538461538
1361326287.638,111531.25
1361326287.765,12015.625
1361326287.765,41427.083333333336
1361326288.085,35687.5
1361326291.412,21093.75
1361326283.402,2334.375
1361326283.85,7947.916666666667
1361326284.673,3243.209388185654
1361326303.01,83929.6875
1361326303.137,21312.5
1361326303.137,9625.0
1361326302.043,8808.388157894737
1361326303.128,9281.25
1361326303.128,20937.5
1361326303.32,21093.75
1361326314.399,6957.682291666667
1361326309.527,10358.3984375
1361326310.743,10546.875
1361326310.667,19375.0
1361326320.411,6273.4375
1361326320.539,12796.875
1361326315.994,19375.0
1361326320.666,28162.109375
1361326316.122,5070.3125
1361326320.857,4265.625
1361326320.985,3199.21875
1361326320.985,2559.375
1361326320.985,3199.21875
1361326317.528,412.80241935483866
1361326317.272,6398.4375
1361326317.272,3199.21875
1361326317.272,4265.625
1361326321.24,473.9583333333333
1361326321.304,2559.375
1361326317.464,2132.8125
1361326321.304,2559.375
1361326317.847,3199.21875
1361326321.623,4265.625
1361326321.622,3199.21875
1361326321.622,4265.625
1361326321.877,3199.21875
1361326321.877,3199.21875
1361326321.877,2559.375
1361326321.877,2559.375
1361326322.195,6398.4375
1361326322.195,4265.625
1361326322.386,6398.4375
1361326322.321,6398.4375
1361326322.449,6398.4375
1361326322.449,4265.625
1361326322.385,6398.4375
1361326322.512,12390.625
1361326319.632,2158.8541666666665
1361326319.951,12796.875
1361326319.887,6398.4375
1361326319.951,4265.625
1361326320.015,2559.375
1361326322.639,4265.625
1361326320.015,2559.375
1361326320.143,3199.21875
1361326322.831,1163.3522727272727
1361326322.639,4265.625
1361326320.334,4265.625
1361326322.766,3199.21875
1361326322.83,4265.625
1361326323.086,11265.625
1361326323.214,4265.625
1361326320.334,6398.4375
1361326323.15,3199.21875
1361326323.598,2559.375
1361326323.597,2559.375
1361326323.597,4206.25
1361326320.397,4265.625
1361326316.995,27476.5625
1361326320.834,6398.4375
1361326320.834,17843.75
1361326320.834,6398.4375
1361326320.834,6398.4375
1361326317.25,3199.21875
1361326317.25,6398.4375
1361326317.25,3199.21875
1361326321.026,3199.21875
1361326317.441,2132.8125
1361326321.217,2559.375
1361326321.217,2132.8125
1361326317.505,2559.375
1361326321.217,2132.8125
1361326317.505,2132.8125
1361326321.603,4265.625
1361326321.603,3199.21875
1361326321.854,2559.375
1361326318.525,12796.875
1361326322.108,4265.625
1361326322.172,4265.625
1361326322.172,4265.625
1361326322.299,6398.4375
1361326322.362,12796.875
1361326322.426,6398.4375
1361326322.489,6398.4375
1361326319.481,12828.125
1361326319.481,20713.541666666668
1361326322.553,4265.625
1361326322.617,4265.625
1361326322.553,4265.625
1361326322.744,1163.3522727272727
1361326319.863,6398.4375
1361326322.807,5507.8125
1361326319.927,6398.4375
1361326319.991,1066.40625
1361326320.055,2559.375
1361326322.999,6398.4375
1361326322.999,7427.083333333333
1361326320.374,6398.4375
1361326322.998,6398.4375
1361326323.574,3875.0
1361326323.574,2559.375
1361326301.984,9984.375
1361326302.109,95250.0
1361326305.753,2856.25
1361326306.136,7822.916666666667
1361326323.935,4265.625
1361326323.935,4265.625
1361326324.511,6398.4375
1361326323.999,4265.625
1361326324.447,4265.625
1361326323.999,4265.625
1361326324.575,4265.625
1361326324.126,3199.21875
1361326324.126,3199.21875
1361326324.19,3199.21875
1361326329.309,20281.25
1361326325.213,2738.28125
1361326325.213,17746.09375
1361326325.212,3078.125
1361326325.724,8208.333333333334
1361326325.724,8208.333333333334
1361326325.978,6398.4375
1361326330.52,11171.875
1361326330.648,56265.625
1361326330.839,13015.625
1361326331.158,11895.833333333334
1361326331.67,19375.0
1361326331.732,10546.875
1361326324.372,3199.21875
1361326324.564,1421.875
1361326324.055,2559.375
1361326324.179,2559.375
1361326324.178,1279.6875
1361326324.37,4265.625
1361326324.369,4265.625
1361326325.201,2864.5833333333335
1361326325.201,3042.96875
1361326325.201,2343.75
1361326325.712,8208.333333333334
1361326325.712,6960.9375
1361326325.763,10546.875
1361326330.943,8718.75
1361326330.815,31070.3125
1361326331.134,23569.196428571428
1361326331.581,21843.75
1361326323.581,1828.125
1361326323.9,4265.625
1361326336.449,2156.25
1361326336.61,21093.75
1361326335.71,27747.395833333332
1361326336.348,48171.875
1361326336.601,8898.4375
1361326336.729,34260.416666666664
1361326335.254,37260.416666666664
1361326335.061,8864.583333333334
1361326335.701,20713.541666666668
1361326335.508,55890.625
1361326336.331,9687.5
1361326336.331,17843.75
1361326354.066,102.63157894736842
1361326381.339,4218.75
1361326381.229,4218.75
1361326381.228,1687.5
1361326400.671,6421.875
1361326400.861,7822.916666666667
1361326430.305,1078.125
1361326426.723,640.2547393364929
1361326426.722,1959.5013786764705
1361326426.234,1218.8210227272727
1361326428.709,22826.115353697747
1361326430.34,6992.251016260163
1361326428.721,20621.875
1361326430.546,4402.377717391304
1361326430.546,780.4651826484018
1361326438.74,3587.8623188405795
1361326438.802,1476.273148148148
1361326438.802,617.5271739130435
1361326438.865,187.5
1361326439.495,1080.8662280701756
1361326439.499,270.8333333333333
1361326439.497,325.0
1361326439.751,375.0
1361326439.814,312.5
1361326438.651,1962.0833333333335
1361326438.649,637.2282608695651
1361326438.649,1460.6681034482758
1361326438.712,2651.988636363636
1361326439.094,325.0
1361326439.003,270.8333333333333
1361326439.382,2863.715277777778
1361326440.025,375.0
1361326440.972,114251.953125
1361326443.402,9752.604166666666
1361326443.272,49242.1875
1361326460.174,2156.25
1361326450.988,21593.75
1361326450.895,21593.75
1361326470.336,2968.75
1361326461.564,1187.5
1361326462.107,7578.125
1361326491.187,2156.25
1361326470.794,50375.0
1361326470.629,9968.75
1361326480.883,20312.5
1361326500.457,226.5625
1361326521.209,2156.25
1361326502.29,527.6041666666666
1361326504.35,58.30021676300578
1361326430.953,7366.193181818182
1361326561.152,258.92857142857144
1361326556.353,7.77511961722488
1361326562.409,7898.4375
1361326621.089,3437.5
1361326609.575,29.651988636363637
1361326622.249,582.763671875
1361326651.134,108.15677966101694
1361326680.464,6734.375
1361326678.629,173.39321862348177
1361326718.783,744.7916666666666
1361326719.648,23348.011363636364
1361326743.06,1746.09375
1361326754.452,45203.125
1361326754.704,22507.8125
1361326754.501,22101.5625
1361326740.41,27385.416666666668
1361326745.279,24.693080357142858
1361326745.411,562.5
1361326745.664,7583.333333333333
1361326770.091,2156.25
1361326754.224,2548.3870967741937
1361326762.252,246.23631386861314
1361326759.439,42144.88636363637
1361326759.629,90453.125
1361326760.481,10508.796296296296
1361326760.481,9621.09375
1361326760.388,4502.662037037037
1361326760.388,5948.810634328358
1361326678.777,512.1538286924939
1361326778.771,6234.375
1361326759.754,4708.228032659408
1361326760.009,3519.561815336463
1361326787.205,104.75470430107526
1361326799.0,1083.3333333333333
1361326780.177,834.4006147540983
1361326780.748,124.60106382978724
1361326781.127,11640.625
1361326780.09,639.8502066115702
1361326780.154,205.3755144032922
1361326795.67,6523.4375
1361326800.084,541.6666666666666
1361326800.984,541.6666666666666
1361326830.807,1625.0
1361326813.763,1625.0
1361326779.602,11701.687866927592
1361326961.049,2331.449468085106
1361326941.874,6116.323068893528
1361326963.895,1611.7788461538462
1361326972.595,15170.209390862943
1361326967.556,78.57259114583333
1361326967.79,10906.25
1361327004.258,2156.25
1361326985.139,6089.358452138493
1361327004.276,74.42748091603053
1361327016.476,18014.307228915663
1361327026.938,12054.309475806453
1361327036.022,186.34259259259258
1361327036.401,7583.333333333333
1361327042.875,4876.895491803279
1361327085.535,2907.6704545454545
1361327095.674,2156.25
1361327095.589,2156.25
1361327087.809,15912.5
1361327087.809,23008.59375
1361327087.714,5060.15625
1361327087.714,6987.5
1361327087.509,5042.364386792453
1361327105.883,6421.875
1361327106.136,11367.1875
1361327165.936,1078.125
1361327166.543,410.7142857142857
1361327086.662,27073.615771812078
1361327201.527,6628.231609808102
1361327259.43,1357.336956521739
1361327305.144,13089.973341232228
1361327449.109,16.843971631205672
1361327415.426,5473.4585201793725
1361327578.451,4767.568659127625
1361327802.766,12359.375
1361327799.917,2369.7916666666665
1361327803.529,125.0
1361327803.352,79.63102409638554
1361327658.257,12973.422897196262
1361327868.195,13145.089285714286
1361327868.56,4639.583333333333
1361327865.672,4011.71875
1361327866.623,5263.88888888889
1361327868.17,16125.0
1361327868.359,7803.977272727272
1361327866.531,22601.5625
1361327867.484,1750.0
1361327867.633,267.85714285714283
1361327869.522,5507.8125
1361327880.641,5516.357421875
1361327880.768,7091.206395348837
1361327880.767,6485.143442622951
1361327880.831,11491.72794117647
1361327880.722,9371.803977272726
1361327882.498,1971.6796875
1361327883.149,165.44117647058823
1361327884.83,2131.5789473684213
1361327882.992,845.3947368421053
1361327898.896,4520.833333333333
1361327899.212,7822.916666666667
1361327941.211,1625.0
1361327941.215,87.05357142857143
1361327926.121,66.32313829787235
1361327959.515,1078.125
1361327958.962,2156.25
1361327963.456,9179.6875
1361327963.502,9203.125
1361327963.883,5350.0
1361327968.238,16437.5
1361327969.887,8218.75
1361327971.075,10568.359375
1361327971.267,8218.75
1361327957.27,1205.357142857143
1361327956.17,4216.911764705882
1361327957.229,2239.5833333333335
1361327963.512,2050.245098039216
1361327964.082,1498.4743265993266
1361327964.146,2740.4250841750845
1361327968.75,7306.16554054054
1361327970.511,2681.8359375
1361327964.029,453.22986577181206
1361327965.462,153.92045454545456
1361327963.502,2866.629464285714
1361327970.448,191.60539215686276
1361327966.88,11079.427083333334
1361327994.929,14210.9375
1361327982.766,6781.25
1361327994.354,5839.770962732919
1361327993.91,4413.4837962962965
1361327982.997,5687.5
1361327998.986,7.222222222222222
1361328013.571,252.98236514522821
1361328039.625,22085.9375
1361328043.423,2156.25
1361328043.339,2156.25
1361328036.347,3161.703431372549
1361328037.109,125.3228305785124
1361328037.084,154.320987654321
1361328037.084,61.119477911646584
1361328036.264,906.3760080645161
1361328034.626,1492.6339285714284
1361328038.968,2698.801100628931
1361328056.344,6950.520833333333
1361328086.95,2156.25
1361328157.606,32674.278846153848
1361328157.924,2537.109375
1361328156.595,7210.416666666666
1361328157.844,2521.484375
1361328157.931,2079.58984375
1361328158.44,1265.625
1361328160.079,108.97606382978724
1361328160.206,80.77330508474577
1361328157.846,13933.871722846443
1361328158.421,436.2281976744186
1361328158.42,323.8250968992248
1361328158.348,47312.5
1361328158.17,2059.471153846154
1361328182.181,1808.4239130434783
1361328185.273,3203.125
1361328170.316,14188.802083333334
1361328170.25,16703.125
1361328185.387,2488.28125
1361328212.167,2156.25
1361328195.42,251.72139830508473
1361328194.702,103.22960251046025
1361328195.021,295.021186440678
1361328192.319,4930.320945945946
1361328213.554,144.36303827751195
1361328214.139,7833.333333333333
1361328223.513,32.5
1361328226.53,2825.6548713235293
1361328243.165,2156.25
1361328253.882,13.575072886297376
1361328273.093,2156.25
1361328333.453,15067.708333333334
1361328329.761,81371.09375
1361328330.457,160.90425531914892
1361328330.5,1687.5
1361328330.501,1406.25
1361328329.647,16046.456473214284
1361328330.341,1296.875
1361328330.34,1048.611111111111
1361328334.88,30951.5625
1361328334.88,52619.140625
1361328334.88,2742.1875
1361328334.879,6493.303571428572
1361328334.013,85847.65625
1361328334.771,154763.22115384616
1361328335.922,11270.461309523811
1361328342.299,23703.125
1361328353.964,6781.25
1361328354.099,11734.375
1361328335.544,10269.926996424316
1361328335.606,4526.135005973716
1361328335.601,4977.449223416965
1361328335.533,4319.257765830346
1361328335.533,4736.055107526882
1361328380.875,12359.928097345133
1361328380.76,4649.5881782945735
1361328381.641,125.0
1361328381.709,1077.5568181818182
1361328388.737,58237.5
1361328389.541,5925.78125
1361328388.629,10414.0625
1361328413.574,2156.25
1361328405.927,228.09938524590166
1361328423.92,43500.0
1361328424.026,41812.5
1361328425.129,17898.065476190473
1361328425.129,5947.991877256318
1361328425.189,12956.0546875
1361328429.181,4031.25
1361328380.287,10380.808550185873
1361328380.478,4788.982409133271
1361328450.888,6421.875
1361328451.138,7583.333333333333
1361328424.722,2796.8381919905773
1361328423.684,4300.672743055556
1361328424.642,4113.405477031802
1361328480.559,2156.25
1361328510.449,410.7142857142857
1361328499.475,113843.75
1361328500.051,14109.375
1361328545.4,62423.177083333336
1361328585.929,4807.668329177058
1361328606.954,1769.6143617021276
1361328609.865,187.22587719298244
1361328610.516,251.60984848484847
1361328611.913,3106.977513227513
1361328636.9,2156.25
1361328622.235,60937.5
1361328622.171,9968.75
1361328647.977,7626.21359223301
1361328380.403,35598.50543478261
1361328687.879,9398.4375
1361328686.318,156868.75
1361328686.318,7018.75
1361328686.318,6631.25
1361328686.638,3372.159090909091
1361328686.318,10023.4375
1361328686.637,25191.40625
1361328686.637,2765.625
1361328687.212,8510.416666666666
1361328687.148,10273.4375
1361328687.276,17546.875
1361328687.276,14890.625
1361328687.983,11437.5
1361328687.983,13812.5
1361328687.979,13687.5
1361328688.171,100187.5
1361328685.803,43789.0625
1361328685.99,27418.75
1361328686.31,7018.75
1361328686.309,8765.625
1361328686.437,60338.06818181818
1361328686.565,27178.81944444444
1361328686.629,31482.421875
1361328687.962,36083.333333333336
1361328687.962,52567.708333333336
1361328687.962,17979.166666666668
1361328688.089,11437.5
1361328694.307,2097.65625
1361328694.434,2453.125
1361328672.313,286.6342905405405
1361328695.73,4195.3125
1361328703.608,12921.875
1361328699.703,32666.666666666664
1361328699.702,36807.291666666664
1361328700.146,5559.375
1361328700.146,8753.125
1361328700.144,4830.729166666667
1361328700.144,4265.625
1361328700.462,8390.625
1361328700.526,32148.4375
1361328700.526,7554.6875
1361328700.588,3257.8125
1361328700.651,2177.0833333333335
1361328701.031,6256.25
1361328701.158,31082.589285714286
1361328701.094,7750.0
1361328701.094,3796.875
1361328702.027,3909.722222222222
1361328702.279,6610.491071428572
1361328702.598,4371.875
1361328702.98,2793.75
1361328703.299,3570.3125
1361328692.944,18865.691489361703
1361328701.065,5943.75
1361328701.065,15677.083333333334
1361328701.386,15437.5
1361328701.449,26414.0625
1361328701.449,30414.0625
1361328701.576,4039.0625
1361328701.576,3239.5833333333335
1361328701.576,3963.5416666666665
1361328701.639,106494.921875
1361328702.02,28935.855263157893
1361328702.273,21728.966346153848
1361328702.245,1399.1477272727273
1361328702.245,8578.125
1361328702.817,2331.25
1361328700.191,19812.5
1361328692.315,137.603591160221
1361328703.386,7281.25
1361328704.154,43025.0
1361328704.217,3269.53125
1361328704.089,12960.9375
1361328704.216,5334.821428571428
1361328704.216,9371.09375
1361328704.472,18742.1875
1361328701.644,5525.802752293578
1361328693.962,1307.0860745614034
1361328694.153,6324.51388888889
1361328704.324,118.37121212121212
1361328701.633,166.14105504587155
1361328694.135,4007.952008928571
1361328694.837,54.21068075117371
1361328694.836,130.3550469483568
1361328703.774,3522.0588235294117
1361328699.676,7888.239503816794
1361328699.676,9517.282196969698
1361328699.93,587.40234375
1361328704.026,35189.453125
1361328704.026,9409.66796875
1361328699.929,4073.2037401574808
1361328707.992,33501.25
1361328707.992,49212.13942307692
1361328688.28,24268.75
1361328704.407,700.7004310344828
1361328700.182,1323.0
1361328704.406,335.9375
1361328704.406,945.4449152542372
1361328708.182,107089.58333333334
1361328704.469,1175.1644736842106
1361328696.724,2504.915730337079
1361328696.724,3803.546348314607
1361328700.499,163.19444444444446
1361328700.497,210.20299145299145
1361328708.751,3673.076923076923
1361328693.551,2420.773678414097
1361328709.294,5765.625
1361328707.533,29799.31640625
1361328699.661,2718.1122448979595
1361328695.374,190.20151869158877
1361328695.374,182.8567216981132
1361328695.374,190.6692216981132
1361328702.926,86.9140625
1361328695.374,232.32100938967136
1361328695.374,217.21670560747663
1361328695.373,176.07606132075472
1361328695.373,152.03488372093025
1361328695.373,243.89534883720933
1361328695.369,215.52230046948355
1361328695.369,227.18603286384976
1361328695.369,186.25876168224298
1361328695.369,141.72021028037383
1361328695.5,50.669642857142854
1361328711.116,29685.26785714286
1361328711.115,4473.958333333333
1361328703.242,557.4652777777777
1361328703.495,2293.8701923076924
1361328711.559,12222.65625
1361328711.622,11687.5
1361328711.814,5265.625
1361328711.686,8046.875
1361328711.877,23312.5
1361328711.941,18976.5625
1361328712.05,11585.069444444445
1361328704.242,162.58445945945945
1361328712.37,6734.375
1361328711.985,8800.78125
1361328712.241,13010.416666666666
1361328712.301,5437.5
1361328712.429,31833.333333333332
1361328700.591,1534.5896946564885
1361328704.686,6539.0625
1361328708.78,34188.541666666664
1361328705.132,1967.7083333333335
1361328701.035,141.6170634920635
1361328705.322,680.7650862068966
1361328709.098,4835.9375
1361328709.098,21213.541666666668
1361328697.641,7529.494382022472
1361328697.641,1502.808988764045
1361328701.416,143.9636752136752
1361328709.352,3664.0625
1361328697.64,2603.318117977528
1361328701.415,608.4401709401709
1361328701.479,728.7660256410256
1361328701.606,6698.141163793103
1361328701.732,1620.1171875
1361328701.929,131.1936936936937
1361328706.6,664.7213855421686
1361328702.434,572.4571078431374
1361328695.198,2711.046511627907
1361328695.261,171.58018867924528
1361328695.261,152.27004716981133
1361328695.257,136.86615566037736
1361328695.257,174.86857476635515
1361328695.257,284.25762910798124
1361328695.257,207.4530516431925
1361328695.257,206.2646028037383
1361328711.003,14929.6875
1361328711.003,22555.803571428572
1361328703.131,249.30555555555557
1361328711.194,5401.041666666667
1361328711.001,26432.291666666668
1361328711.001,7656.25
1361328711.193,12881.25
1361328711.189,20756.696428571428
1361328711.189,6802.083333333333
1361328711.189,7557.291666666667
1361328711.683,19312.5
1361328704.003,816.9642857142857
1361328711.555,16135.416666666668
1361328711.747,29226.5625
1361328711.811,10351.5625
1361328696.259,7377.998737373737
1361328711.682,16929.6875
1361328711.938,5350.0
1361328711.938,11755.208333333334
1361328711.938,58489.583333333336
1361328711.938,13843.75
1361328712.065,13140.625
1361328712.129,9880.208333333334
1361328712.257,3130.2083333333335
1361328711.896,15203.125
1361328688.526,3621.6459424083773
1361328691.278,4520.833333333333
1361328711.643,2524.5535714285716
1361328711.642,5220.703125
1361328712.087,2443.75
1361328712.785,10218.75
1361328716.497,1176.6826923076924
1361328718.288,863.6363636363636
1361328718.54,1541.015625
1361328718.858,2661.4583333333335
1361328711.105,3402.9605263157896
1361328719.363,1187.5
1361328711.235,293.34677419354836
1361328719.872,4083.333333333333
1361328711.872,104.66867469879517
1361328711.808,196.51442307692307
1361328712.447,22829.427083333332
1361328720.191,3190.1041666666665
1361328720.043,2575.5208333333335
1361328720.043,2002.232142857143
1361328712.553,6685.267857142857
1361328712.617,2005.2083333333335
1361328712.808,2200.284090909091
1361328712.808,31704.241071428572
1361328712.998,2923.4375
1361328713.061,1199.6527777777776
1361328713.185,1546.875
1361328713.695,7062.5
1361328717.405,3778.6458333333335
1361328717.89,1137.019230769231
1361328718.207,950.0
1361328707.068,1428.5567434210527
1361328711.157,92.42021276595746
1361328711.603,2512.784090909091
1361328711.582,1454.0127840909092
1361328719.708,8062.5
1361328720.027,1901.0416666666667
1361328720.025,1992.1875
1361328719.813,4239.583333333333
1361328719.877,1921.875
1361328702.7,267.85714285714283
1361328719.536,1443.359375
1361328719.535,1427.734375
1361328719.791,1371.5277777777776
1361328715.757,117.39491150442478
1361328715.757,7304.8095703125
1361328721.234,1573.6607142857142
1361328721.234,2625.0
1361328721.361,1976.5625
1361328721.361,1525.390625
1361328721.421,1675.78125
1361328725.136,23437.5
1361328725.2,20421.875
1361328725.199,2364.5833333333335
1361328725.199,7651.041666666667
1361328721.679,2127.6041666666665
1361328717.449,15846.507352941177
1361328717.451,2263.6335784313724
1361328722.059,219.5121951219512
1361328725.768,3946.4285714285716
1361328722.439,4359.375
1361328725.957,1495.5357142857142
1361328725.952,3671.875
1361328725.956,1925.0
1361328725.956,1289.0625
1361328717.936,317.7083333333333
1361328726.189,703.5714285714287
1361328726.442,19231.08552631579
1361328723.879,30421.875
1361328726.886,6200.0
1361328715.942,1543.638392857143
1361328726.886,3109.375
1361328715.941,2551.0859929078015
1361328724.133,6364.583333333333
1361328724.133,8387.5
1361328718.821,645.1099537037037
1361328724.133,42968.75
1361328724.133,56872.159090909096
1361328720.092,188.06475903614458
1361328720.092,208.9629120879121
1361328720.027,254.32981927710847
1361328720.475,1490.234375
1361328724.507,34793.40277777778
1361328720.475,1600.4464285714287
1361328720.712,1175.3472222222224
1361328720.775,1492.1875
1361328721.155,2082.589285714286
1361328725.122,20177.083333333332
1361328721.218,1392.857142857143
1361328716.994,68.05981595092024
1361328721.281,1415.625
1361328721.281,104.74537037037037
1361328725.119,7015.625
1361328717.311,21431.43656716418
1361328721.726,2109.375
1361328721.79,3634.375
1361328717.309,3359.830097087379
1361328717.372,23783.95206766917
1361328717.372,18208.999060150374
1361328725.882,2402.777777777778
1361328717.816,2212.6288659793818
1361328717.815,421.6209349593496
1361328722.975,8201.704545454544
1361328715.863,9772.098214285714
1361328724.054,27468.75
1361328724.054,49501.73611111112
1361328715.861,4472.850177304965
1361328710.585,680.3977272727273
1361328710.774,52989.583333333336
1361328711.346,21207.291666666668
1361328711.6,6859.375
1361328710.038,4230.189732142857
1361328710.419,2417.3177083333335
1361328710.927,11192.96875
1361328711.007,23171.875
1361328725.235,1369.510135135135
1361328725.235,1097.9729729729731
1361328715.915,122.31289808917198
1361328719.685,857.693829113924
1361328731.034,573.0698529411765
1361328724.089,1277.6580459770114
1361328718.716,7634.212853773585
1361328713.082,20007.8125
1361328715.383,6018.601190476191
1361328714.815,9175.595238095237
1361328713.154,401468.75
1361328719.866,3282.8125
1361328717.222,24957.03125
1361328717.253,1873.4375
1361328717.253,625.0
1361328716.764,15210.069444444445
1361328716.223,48338.541666666664
1361328717.172,375.0
1361328717.297,937.5
1361328717.464,1019.0217391304349
1361328718.597,763.8221153846155
1361328718.763,2921.875
1361328719.203,3234.375
1361328722.128,50.13297872340426
1361328720.661,2527.34375
1361328721.297,3312.5
1361328720.116,24681.25
1361328720.516,34.119897959183675
1361328720.515,4945.3125
1361328720.578,3833.3333333333335
1361328720.578,1953.125
1361328720.642,47.43733933161954
1361328723.881,5346.56762295082
1361328724.765,11084.677419354837
1361328727.522,12656.25
1361328728.704,13799.395161290322
1361328728.048,173098.2142857143
1361328728.468,15327.66544117647
1361328728.593,29362.068965517243
1361328728.657,325.0
1361328728.593,2766.7824074074074
1361328728.652,325.0
1361328728.783,203.125
1361328730.728,10375.0
1361328743.595,7156.25
1361328744.031,7822.916666666667
1361328773.104,4109.375
1361328776.387,325.0
1361328776.387,359.375
1361328772.78,4656.25
1361328773.285,2734.7972972972975
1361328773.538,8218.75
1361328775.522,479.1666666666667
1361328775.82,180.28846153846155
1361328711.929,6171.890516385303
1361328729.38,3408.811475409836
1361328775.577,3197.6102941176473
1361328761.622,7.386363636363636
1361328762.189,7.701421800947867
1361328770.307,3953.125
1361328774.554,11968.75
1361328774.984,1890.625
1361328773.393,1477.2727272727273
1361328773.999,6258.333333333334
1361328780.217,8437.5
1361328780.216,8437.5
1361328780.216,8437.5
1361328780.123,8437.5
1361328780.099,8437.5
1361328782.103,1410.9110169491526
1361328783.158,1536.0514322916667
1361328783.221,228.19911067193678
1361328785.071,173.1687898089172
1361328785.325,49.90898058252427
1361328804.355,179.6875
1361328788.542,30502.06953642384
1361328785.829,106.61458333333333
1361328804.282,431.25
1361328788.12,17190.104166666668
1361328796.986,627.9296875
1361328799.478,378.44669117647055
1361328799.475,1930.671296296296
1361328799.475,335.9945255474452
1361328799.475,5732.954545454546
1361328799.475,3646.381578947369
1361328799.475,3990.131578947369
1361328796.873,5876.309357541899
1361328799.367,483.3485401459854
1361328800.24,1041.1739864864865
1361328800.304,1722.259963768116
1361328800.899,15728.381849315068
1361328803.258,30099.82638888889
1361328803.149,54778.125
1361328804.429,17373.579545454548
1361328806.725,3352.6785714285716
1361328804.253,4812.5
1361328806.376,99.90687086092716
1361328810.635,14395.833333333334
1361328810.695,21593.75
1361328840.7,1718.75
1361328837.113,2156.25
1361328817.854,4543.402777777777
1361328840.641,20312.5
1361328867.039,1078.125
1361328869.816,1625.0
1361328797.527,3203.2997980111872
1361328920.046,354.9831081081081
1361328931.749,4333.13764450867
1361328956.349,1770.279255319149
1361328959.236,512.8125
1361328959.598,128436.5234375
1361328953.886,4639.332706766917
1361328959.423,563.3844339622641
1361328986.137,2156.25
1361328972.337,183.9139344262295
1361328986.145,132.56316489361703
1361328979.846,14021.114864864865
1361328979.845,469.1761363636364
1361328998.139,90.22887323943662
1361329020.226,2625.0
1361328797.33,2389.7735829682365
1361329031.124,4359.375
1361329043.831,5666.666666666667
1361329103.85,8500.0
1361329139.935,3437.5
1361329144.752,812.5
1361329163.511,179.16666666666666
1361329214.409,18973.4375
1361329217.787,7054.6875
1361329218.224,198.63375603864733
1361329221.624,671.875
1361329221.511,694.1287878787879
1361329221.509,615.9274193548388
1361329239.416,1647.0286885245903
1361329229.237,10406.25
1361329243.361,331.27470355731225
1361329259.911,3437.5
1361329259.91,3437.5
1361329241.467,2490.4084158415844
1361329244.929,96.20734421364985
1361329259.983,173.03631756756758
1361329257.765,14.319620253164556
1361329259.744,2140.625
1361329276.86,146.64025821596243
1361329276.697,3138.221153846154
1361329320.588,3437.5
1361329330.268,2156.25
1361329336.687,311.5056818181818
1361329335.982,7463.295118343195
1361329338.101,8.507853403141361
1361329344.445,7992.1875
1361329344.503,7642.36111111111
1361329344.392,7609.375
1361329344.875,3109.375
1361329354.339,7583.333333333333
1361329353.931,4520.833333333333
1361329386.759,8.145363408521304
1361329414.656,2156.25
1361329404.257,502.01113861386136
1361329414.579,2156.25
1361329463.357,509.58806818181824
1361329468.752,496.2993421052632
1361329496.91,7.629107981220657
1361329523.448,557.7445652173914
1361329560.442,3437.5
1361329549.514,8.397932816537468
1361329584.242,4250.0
1361329620.481,3437.5
1361329601.434,30.198776758409785
1361329622.784,190.7516891891892
1361329641.316,81.14919354838709
1361329646.331,2213.9423076923076
1361329647.697,28.61201298701299
1361329676.313,724.0131578947369
1361329682.613,89.4163486005089
1361329707.312,1911.4583333333333
1361329734.204,20.493659420289855
1361329772.18,507.37847222222223
1361329774.412,854.1666666666666
1361329774.606,1092.8308823529412
1361329774.67,3703.125
1361329774.628,425.90206185567007
1361329763.091,16.365840517241377
1361329772.463,2090.104166666667
1361329776.282,3548.828125
1361329776.346,1071.3541666666665
1361329778.656,17386.71875
1361329779.191,848.2638888888889
1361329808.413,15.112704918032787
1361329832.29,604.1666666666666
1361329817.632,9642.578125
1361329834.696,1078.125
1361329823.866,12234.375
1361329862.086,3437.5
1361329876.811,261.3636363636364
1361329883.508,669.3287037037037
1361329880.492,43.02978515625
1361329893.364,1121.7237903225807
1361329918.476,216.88378220140515
1361329922.904,1819.4444444444443
1361329947.209,165.51598837209303
1361329977.983,280.5461711711711
1361329979.23,448.6781984334204
1361329980.473,12327.34375
1361329980.472,2488.4868421052633
1361330012.594,151.04166666666666
1361330013.965,35.20520050125314
1361330063.618,5250.0
1361330102.746,3437.5
1361330094.486,8.290816326530614
1361330123.355,306.3365051903114
1361330141.65,2787.7604166666665
1361330142.248,7568.75
1361330142.627,2293.75
1361330142.508,707.7546296296297
1361330163.555,1111.2012987012986
1361330160.701,1807.404891304348
1361330166.847,263.82211538461536
1361330171.379,91.68198529411764
1361330192.532,531.25
1361330192.657,406.25
1361330192.452,429.6875
1361330172.543,514.2045454545454
1361330200.679,8.248730964467006
1361330201.706,1834.8214285714287
1361330202.568,84.57167832167832
1361330250.661,1437.5
1361330251.659,3367.1875
1361330244.194,186.6258741258741
1361330278.368,130.20833333333334
1361330303.894,11421.875
1361330304.223,8.597883597883598
1361330342.021,3437.5
1361330353.809,30.247326203208555
1361330353.449,1059.375
1361330357.495,13376.488095238095
1361330363.832,144.7799625468165
1361330367.991,6343.75
1361330400.457,94.21705163043478
1361330430.794,2309.507978723404
1361330412.194,69984.375
1361330413.12,1881.25
1361330434.39,11726.5625
1361330434.045,541.3773148148148
1361330462.833,3437.5
1361330461.674,410.7142857142857
1361330457.918,6681.150114155251
1361330458.491,115.2529761904762
1361330466.689,253.33333333333334
1361330460.723,33.66126543209876
1361330486.258,1006.2500000000001
1361330489.709,278.75
1361330823.735,62.83244680851063
1361330830.96,15.75
1361331034.179,11244.791666666666
1361331030.557,2646.484375
1361331035.167,5678.125
1361331094.901,2156.25
1361331337.876,4015.625
1361331320.553,87.33552631578948
1361331338.221,3121.875
1361331385.657,4195.3125
1361331384.824,762.784090909091
1361331384.824,1126.201923076923
1361331379.771,1095.6811797752807
1361331377.282,84428.125
1361331377.199,14426.106770833334
1361331377.58,2323.3173076923076
1361331378.407,669.2708333333334
1361331378.343,1677.8846153846155
1361331378.406,267.85714285714283
1361331378.406,312.5
1361331378.406,234.375
1361331378.592,187.5
1361331378.722,200.89285714285714
1361331378.721,267.85714285714283
1361331378.785,187.5
1361331378.785,312.5
1361331378.912,375.0
1361331378.231,1677.8846153846155
1361331378.295,669.2708333333334
1361331378.294,375.0
1361331378.484,187.5
1361331378.742,375.0
1361331384.857,295.8369755244755
1361331393.11,75173.59913793103
1361331383.066,15926.682692307691
1361331382.842,52982.142857142855
1361331383.024,22939.503205128203
1361331384.883,6435.267857142857
1361331384.883,5591.517857142857
1361331384.883,3064.2361111111113
1361331384.882,1095.486111111111
1361331384.882,2936.5234375
1361331384.882,4331.597222222223
1361331384.882,5052.083333333333
1361331384.881,4446.022727272728
1361331385.683,29063.920454545452
1361331384.789,6912.946428571428
1361331384.789,6455.357142857143
1361331384.789,3928.5714285714284
1361331384.789,4067.708333333333
1361331384.788,4147.569444444444
1361331384.788,4467.1875
1361331384.76,8444.19642857143
1361331384.76,5087.053571428572
1361331384.76,6305.803571428572
1361331384.76,1856.4453125
1361331384.76,4324.652777777777
1361331384.338,664.5833333333333
1361331384.274,657.3932926829268
1361331409.13,19924.408783783783
1361331409.833,248.99193548387098
1361331409.123,1860.8530405405406
1361331408.031,1140.2815934065934
1361331409.672,1774.3055555555557
1361331407.288,2695.6449468085107
1361331408.349,4845.982142857143
1361331408.285,4197.315705128205
1361331408.54,2890.625
1361331408.6,3487.980769230769
1361331408.795,505.92672413793105
1361331412.056,1105.1136363636365
1361331409.496,863.6363636363636
1361331412.823,1900.0
1361331412.823,1354.9107142857142
1361331413.142,4359.375
1361331413.27,3802.0833333333335
1361331413.462,11906.25
1361331403.051,233.0965909090909
1361331407.459,426.7361111111111
1361331408.275,4495.12987012987
1361331408.272,225.96153846153845
1361331408.272,107.95454545454545
1361331408.271,7890.016233766234
1361331408.271,5225.852272727272
1361331408.271,855.9253246753246
1361331408.27,2728.0844155844156
1361331408.524,1274.7395833333333
1361331408.715,1122.1590909090908
1361331409.098,6266.6015625
1361331409.352,863.6363636363636
1361331413.062,12093.75
1361331413.189,7726.5625
1361331413.189,4671.875
1361331413.317,18328.125
1361331413.809,5195.3125
1361331413.802,2221.875
1361331413.801,3085.9375
1361331413.992,3150.0
1361331413.992,2196.875
1361331414.056,107.39715189873418
1361331414.055,2234.375
1361331414.055,1317.7083333333333
1361331414.055,3250.0
1361331414.309,6429.6875
1361331414.436,171.42857142857142
1361331414.626,2390.625
1361331414.943,964.84375
1361331407.767,6855.892319277109
1361331411.607,567.6081730769231
1361331416.003,2290.625
1361331409.02,250.68359375
1361331413.558,263.8671875
1361331413.622,237.6953125
1361331413.809,3578.125
1361331413.872,2290.625
1361331413.921,2115.625
1361331413.921,2915.625
1361331414.043,2796.875
1361331414.173,4218.75
1361331414.744,1094.6180555555557
1361331414.935,795.8333333333333
1361331407.698,8170.74548192771
1361331407.697,2103.2567771084337
1361331407.697,4271.36671686747
1361331408.492,20556.797445255474
1361331413.407,194.7265625
1361331401.549,75.65789473684211
1361331400.951,243.93939393939394
1361331411.97,1286.42578125
1361331416.321,92.25398936170212
1361331409.909,7515.245752427185
1361331426.333,2156.25
1361331409.389,375.0
1361331408.855,924.9067164179105
1361331413.991,51.45775139664804
1361331415.095,37.25961538461539
1361331410.699,2240.131578947369
1361331410.698,452.10597826086956
1361331414.052,97421.875
1361331411.627,312.5
1361331412.551,1018.3423913043479
1361331412.995,27955.35714285714
1361331412.93,8480.46875
1361331413.532,7846.354166666667
1361331414.038,8117.1875
1361331414.163,1143.3823529411764
1361331413.807,30851.5625
1361331414.119,5054.6875
1361331414.454,6625.0
1361331413.922,7570.3125
1361331414.048,3645.8333333333335
1361331414.048,9890.625
1361331413.856,2182.2916666666665
1361331413.855,1937.5
1361331418.391,100078.125
1361331426.098,127.01612903225806
1361331434.179,53978.253865979386
1361331441.362,86.77141853932584
1361331439.563,268950.89285714284
1361331441.436,70.4007768361582
1361331467.143,135.41666666666666
1361331466.989,406.25
1361331466.989,70.65217391304347
1361331466.989,479.1666666666667
1361331466.811,67.70833333333333
1361331466.81,116.07142857142857
1361331471.442,2156.25
1361331574.382,1593.4175531914893
1361331575.843,1672.593390804598
1361331575.843,1791.6666666666667
1361331576.607,1583.3333333333333
1361331571.679,1337.9564606741574
1361331572.06,161.45833333333334
1361331572.166,314.0822784810127
1361331574.453,311.38392857142856
1361331575.77,2546.1566091954023
1361331575.77,999.1020114942529
1361331575.77,507.9022988505747
1361331575.77,1140.0862068965519
1361331571.665,338.623046875
1361331573.144,1876.8439440993789
1361331573.207,2090.33203125
1361331573.142,1003.858024691358
1361331574.317,64.52546296296296
1361331573.047,411.3618827160494
1361331573.43,3190.855061349693
1361331570.021,11098.852040816328
1361331570.211,34024.55357142857
1361331570.211,5070.684523809524
1361331570.21,13660.282258064515
1361331570.21,16859.375
1361331570.166,2954.210069444445
1361331571.852,1742.857142857143
1361331571.85,6923.4375
1361331575.856,54.235537190082646
1361331591.466,15539.0625
1361331588.485,2558.5106382978724
1361331569.923,3503.125
1361331569.923,37828.125
1361331573.569,3408.4821428571427
1361331572.606,3992.1875
1361331573.684,1888.0208333333333
1361331573.664,1888.0208333333333
1361331573.664,3023.4375
1361331573.918,12734.375
1361331574.234,7841.25
1361331570.84,62554.6875
1361331570.902,20701.021634615383
1361331574.422,25869.318181818184
1361331570.902,20920.20089285714
1361331574.422,1428.5714285714287
1361331574.422,23872.395833333332
1361331574.547,3266.335227272727
1361331573.574,3084.375
1361331573.828,14526.041666666666
1361331573.572,15460.9375
1361331573.572,1759.375
1361331573.889,36623.958333333336
1361331572.31,3017.9924242424245
1361331571.946,1318.080357142857
1361331574.416,17171.428571428572
1361331571.909,1477.6785714285713
1361331571.909,5432.291666666667
1361331573.167,11937.5
1361331573.167,1298.611111111111
1361331574.369,2882.8125
1361331575.297,5093.75
1361331575.296,3214.84375
1361331576.725,1370.5357142857142
1361331575.205,4436.979166666666
1361331575.876,15570.833333333332
1361331576.633,40417.1875
1361331577.054,2692.7083333333335
1361331592.509,6781.25
1361331592.676,11218.75
1361331618.546,410.7142857142857
1361331570.367,2561.4962526766594
1361331573.892,4202.591116173121
1361331651.165,1914.0625
1361331667.364,1463.5416666666667
1361331667.366,1463.5416666666667
1361331666.908,685.4838709677418
1361331650.418,3093.75
1361331670.374,216.75531914893617
1361331674.406,7382.8125
1361331670.051,90.0297619047619
1361331674.781,919.4711538461538
1361331674.844,778.6458333333334
1361331667.292,4472.368421052632
1361331675.161,242.1875
1361331675.605,472.22222222222223
1361331675.901,978.3653846153845
1361331672.699,440.0
1361331676.724,1441.40625
1361331676.85,813.7019230769231
1361331676.722,2146.875
1361331676.848,888.2211538461538
1361331674.286,9640.625
1361331677.272,2294.2708333333335
1361331666.453,2260.6095679012346
1361331670.42,236.9186046511628
1361331666.896,4549.53125
1361331666.895,6351.50286259542
1361331674.637,1715.2777777777776
1361331666.957,3193.3396464646466
1361331674.7,858.5069444444445
1361331667.211,691.6118421052631
1361331674.763,911.4583333333334
1361331675.079,633.6805555555555
1361331676.642,2178.125
1361331676.642,1490.234375
1361331677.319,2489.5833333333335
1361331677.254,2387.5
1361331677.446,2542.96875
1361331650.963,11203.804347826088
1361331651.986,4162.5
1361331682.53,883.4134615384615
1361331667.353,347.22222222222223
1361331675.158,426.2941919191919
1361331675.158,250.3810975609756
1361331683.349,593.75
1361331679.957,344.38775510204084
1361331683.413,956.4144736842105
1361331668.663,2181.8087748344374
1361331673.65,67.26371951219512
1361331682.474,1204.326923076923
1361331678.865,254.26136363636365
1361331678.161,42.76315789473684
1361331674.575,164.6484375
1361331674.955,217.94458762886597
1361331679.88,76.82291666666667
1361331679.88,179.18019480519482
1361331675.144,333.44072164948454
1361331673.635,2020.425451807229
1361331677.595,300.0
1361331677.659,314.7865853658536
1361331677.723,163.49085365853657
1361331678.294,152.70618556701032
1361331667.285,58.59375
1361331666.936,507.8841743119266
1361331667.925,734.375
1361331666.873,20675.22040302267
1361331684.81,106.08552631578948
1361331667.752,312.5
1361331667.69,948.3333333333334
1361331667.816,1875.0
1361331667.811,110.29411764705883
1361331668.132,107.14285714285714
1361331668.127,28.30188679245283
1361331667.594,377.1067415730337
1361331667.658,526.7857142857143
1361331667.785,113.63636363636363
1361331667.721,28.30188679245283
1361331667.721,113.63636363636363
1361331668.037,26.785714285714285
1361331673.686,750.0
1361331674.128,28.580182072829132
1361331674.128,500.0
1361331673.722,300.0
1361331674.653,190.68287037037038
1361331672.309,865.234375
1361331672.945,468.75
1361331684.581,63.682432432432435
1361331685.423,108.82994186046511
1361331677.612,51.87074829931973
1361331677.612,62.12797619047619
1361331678.095,366.66666666666663
1361331678.159,527.7777777777778
1361331675.184,1793.4027777777776
1361331676.991,4209.635416666667
1361331678.047,530.0
1361331677.438,318.42672413793105
1361331676.364,38265.625
1361331678.415,300.4807692307692
1361331680.383,104.16666666666667
1361331679.103,664.4736842105264
1361331679.298,871.3235294117648
1361331679.297,530.5397727272727
1361331680.29,93.75
1361331704.294,2156.25
1361331726.753,1625.0
1361331726.744,1625.0
1361331726.744,1625.0
1361331717.389,6093.75
1361331762.176,494.10377358490564
1361331768.523,75008.35129310345
1361331790.237,217.06989247311827
1361331790.364,1420.7356770833333
1361331787.353,342.43697478991595
1361331787.352,458.59375
1361331788.025,509.6467391304348
1361331788.656,42935.546875
1361331789.035,2420.182291666667
1361331789.099,41517.1522556391
1361331789.099,11576.40255905512
1361331789.099,25992.537313432837
1361331789.093,44532.0
1361331789.097,19179.335585585588
1361331790.155,217.06989247311827
1361331790.218,150.81521739130434
1361331787.205,1571.4285714285713
1361331788.513,405.28350515463916
1361331788.957,1817.4603174603174
1361331789.02,15712.827620967742
1361331786.458,1341.2162162162163
1361331785.837,55.56275933609958
1361331798.025,12009.811046511628
1361331786.007,818.1484741784037
1361331794.603,4261.411516853933
1361331794.521,4607.108160621761
1361331790.431,70.3125
1361331787.833,221843.75
1361331788.654,4511.71875
1361331788.654,4523.4375
1361331788.718,6370.535714285715
1361331788.717,5437.5
1361331788.844,4800.0
1361331788.844,6411.458333333333
1361331788.843,4604.440789473684
1361331788.907,2920.2586206896553
1361331788.779,5364.583333333333
1361331788.824,4748.355263157895
1361331788.888,5048.61111111111
1361331789.079,2138.621794871795
1361331789.077,3050.9375
1361331789.204,269.2307692307692
1361331789.204,377.40384615384613
1361331789.267,294.7048611111111
1361331790.317,45.45454545454545
1361331788.545,4893.0921052631575
1361331788.545,6269.53125
1361331788.608,6399.553571428572
1361331788.608,6298.4375
1361331788.67,4493.75
1361331788.734,5351.102941176471
1361331788.734,3803.931451612903
1361331788.798,5304.227941176471
1361331788.798,10021.875
1361331788.797,5379.8828125
1361331788.797,4182.904411764705
1361331788.797,4654.51388888889
1361331788.987,1363.28125
1361331788.987,1363.28125
1361331789.112,300.0801282051282
1361331789.112,331.3301282051282
1361331792.086,166.66666666666666
1361331792.214,30.0
1361331791.241,83.33333333333333
1361331791.618,125.0
1361331793.238,90.72580645161291
1361331793.302,61.141304347826086
1361331795.21,41.666666666666664
1361331793.204,60.483870967741936
1361331818.951,625.0
1361331819.455,613.5416666666666
1361331816.67,179.6875
1361331813.389,1006.3244047619047
1361331816.591,179.6875
1361331817.795,349.609375
1361331817.795,583.3333333333334
1361331801.101,1094.1078244274809
1361331801.246,117.1875
1361331827.23,31072.19827586207
1361331816.64,270.8333333333333
1361331816.64,325.0
1361331817.21,8885.416666666666
1361331817.146,1337.5
1361331817.21,7719.460227272728
1361331817.337,16597.65625
1361331817.401,13828.125
1361331817.822,7658.854166666667
1361331817.885,4299.005681818182
1361331816.609,337.25703753351206
1361331817.101,15269.53125
1361331817.291,13471.875
1361331817.289,16339.84375
1361331817.733,13851.5625
1361331817.669,12031.25
1361331817.733,13028.125
1361331817.796,3598.6328125
1361331818.539,892.0454545454546
1361331820.047,52315.625
1361331823.927,541.9407894736842
1361331846.638,100.51546391752578
1361331858.714,109.65033039647577
1361331883.269,47.79411764705882
1361331883.333,92.94871794871796
1361331883.107,51.339285714285715
1361331875.544,106.60601265822785
1361331873.458,58.887768817204304
1361331873.967,1956.8798449612405
1361331873.967,9554.385359116022
1361331882.987,53.90625
1361331882.923,49.00568181818181
1361331882.987,52.59146341463414
1361331882.987,50.1453488372093
1361331875.466,106.60601265822785
1361331878.468,45.65217391304348
1361331875.526,126.94099378881987
1361331873.503,931.6722972972973
1361331873.88,8695.900537634408
1361331882.839,49.00568181818181
1361331882.839,62.5
1361331882.775,47.91666666666667
1361331882.839,49.00568181818181
1361331882.815,52.59146341463414
1361331882.815,51.339285714285715
1361331882.815,50.1453488372093
1361331882.879,65.3409090909091
1361331886.055,64.11637931034484
1361331885.919,967.1474358974359
1361331886.472,3945.699257425743
1361331873.947,6128.643992932863
1361331885.466,32.67045454545455
1361331873.882,9005.48041044776
1361331873.946,7811.648832684825
1361331871.985,18.983644859813083
1361331873.739,1080.1313229571986
1361331873.739,2488.839285714286
1361331873.738,1665.0390625
1361331873.738,1641.7410714285713
1361331874.782,5372.557003257329
1361331874.716,525.5681818181818
1361331874.716,650.0
1361331874.627,743.3510638297872
1361331874.69,1004.7669491525423
1361331874.625,6222.82223796034
1361331874.688,959.3473451327434
1361331889.456,12.896825396825395
1361331889.708,12.037037037037036
1361331876.78,36.885245901639344
1361331878.872,21.12676056338028
1361331877.415,13.888888888888888
1361331878.901,508.7448559670782
1361331877.708,120.46370967741936
1361331883.573,295.5182072829132
1361331882.79,44.642857142857146
1361331884.394,55.14705882352941
1361331884.524,117.1875
1361331885.773,179.6875
1361331885.773,179.6875
1361331885.835,19.76656626506024
1361331885.835,159.7222222222222
1361331885.897,239.58333333333334
1361331886.37,16.163793103448278
1361331886.247,11.061946902654867
1361331886.31,24.456521739130437
1361331886.18,10.775862068965518
1361331886.563,21.994134897360706
1361331886.307,25.186567164179106
1361331886.561,24.88938053097345
1361331886.56,22.189349112426033
1361331886.687,179.6875
1361331886.687,179.6875
1361331886.75,205.35714285714286
1361331886.75,479.1666666666667
1361331886.75,16.49560117302053
1361331886.749,479.1666666666667
1361331887.226,16.741071428571427
1361331887.284,16.44736842105263
1361331887.287,16.163793103448278
1361331886.09,10.964912280701753
1361331886.025,10.83815028901734
1361331886.216,24.245689655172413
1361331886.151,10.964912280701753
1361331886.469,24.88938053097345
1361331886.468,22.189349112426033
1361331886.464,25.64589665653495
1361331887.786,13.58695652173913
1361331890.606,10.714285714285714
1361331890.961,10.901162790697676
1361331891.599,17.254601226993866
1361331888.68,13.827433628318584
1361331888.679,13.706140350877192
1361331893.719,1037.125
1361331894.154,1038.0
1361331895.388,630.1229508196722
1361331919.883,14455.357142857143
1361331899.853,1125.0
1361331900.248,77.37379807692307
1361331900.744,857.4695121951219
1361331935.877,2902.529761904762
1361331938.302,353.8306451612903
1361331935.793,297.89402173913044
1361331929.101,21767.121010638297
1361331918.27,28.42823450134771
1361331917.807,2680.3385416666665
1361331919.57,165.0943396226415
1361331919.887,246.2693117977528
1361331920.075,3088.6824324324325
1361331920.138,2068.1818181818185
1361331922.193,729.403409090909
1361331922.464,592.5925925925926
1361331935.371,822.8679906542055
1361331939.594,678.4957627118644
1361331935.881,6418.776939655173
1361331935.88,11858.471074380166
1361331935.879,22284.49876237624
1361331935.943,8753.90625
1361331936.68,675.4464285714286
1361331935.232,58.502906976744185
1361331927.547,687.271897810219
1361331935.863,17895.125
1361331935.863,12205.078125
1361331935.863,6697.238869863014
1361331937.49,92.24759615384616
1361331937.49,92.24759615384616
1361331946.251,245.01329787234042
1361331926.243,397.08161157024796
1361331930.285,77.12659744408946
1361331956.859,308.0357142857143
1361331946.23,2286.6410818713452
1361331946.294,145.61170212765958
1361331949.796,28.017241379310345
1361331949.795,28.017241379310345
1361331950.423,291.09375
1361331956.656,239.58333333333334
1361331946.157,2581.1054913294797
1361331946.22,83.5549645390071
1361331946.156,2607.201986754967
1361331936.287,29088.235294117647
1361331936.603,1211.8055555555557
1361331936.666,11280.441810344828
1361331936.601,173.78048780487805
1361331936.664,2737.9557291666665
1361331936.792,200.89285714285714
1361331936.79,165.44117647058823
1361331939.023,517.0454545454546
1361331939.149,234.375
1361331939.149,267.85714285714283
1361331939.335,220.58823529411765
1361331938.915,947.0486111111112
1361331938.914,579.8611111111112
1361331938.971,568.75
1361331939.485,200.89285714285714
1361331939.101,582.03125
1361331939.481,175.78125
1361331938.848,4845.643939393939
1361331939.217,156.25
1361331940.743,2073.1382978723404
1361331938.799,156.5907320872274
1361331939.998,378.1492248062016
1361331959.173,3272.9591836734694
1361331958.585,125.0
1361331952.754,100.04194630872483
1361331946.319,2421.1774553571427
1361331962.446,1583.3333333333333
1361331962.807,7390.625
1361331962.995,970.703125
1361331957.937,255.04032258064518
1361331952.673,100.04194630872483
1361331964.988,461.6477272727273
1361331946.233,2974.7936320754716
1361331943.842,625.0
1361331943.126,5.026223776223776
1361331943.478,401.7857142857143
1361331943.79,625.0
1361331943.679,625.0
1361331940.966,625.0
1361331941.054,267.85714285714283
1361331946.027,2296.875
1361331947.021,708.4239130434783
1361331947.018,3578.4040178571427
1361331947.081,60.388513513513516
1361331946.929,768.9302884615385
1361331969.537,1542.5091911764705
1361331968.236,376.5368852459016
1361331968.234,192.51543209876542
1361331962.498,65.70030120481927
1361331968.03,24187.5
1361331968.156,483.3669354838709
1361331968.155,276.6768292682927
1361331968.215,459.71385542168673
1361331968.215,315.1041666666667
1361331969.514,164.68253968253967
1361331950.076,49.18032786885246
1361331950.076,39.61267605633803
1361331950.456,44.11764705882353
1361331951.726,28.846153846153847
1361331949.987,54.54545454545454
1361331950.177,33.582089552238806
1361331951.872,27.27272727272727
1361331974.334,3007.8125
1361331969.406,1523.1073943661972
1361331975.597,13856.178977272726
1361331967.849,132.7445652173913
1361331979.816,359.375
1361331974.044,112.5
1361331963.545,2057.898773006135
1361331968.248,367.69701086956525
1361331968.247,317.6136363636364
1361331969.496,143.40277777777777
1361331958.693,1297.36328125
1361331959.193,394.53125
1361331959.543,270.8333333333333
1361331959.606,205.35714285714286
1361331958.599,89.84375
1361331958.85,2095.3947368421054
1361331959.682,287.5
1361331960.307,77.12659744408946
1361331960.686,1838.7920673076924
1361331961.36,37.73584905660377
1361331961.36,315.1676829268293
1361331960.633,162.5
1361331961.138,304.6875
1361331961.201,95.45454545454545
1361331961.265,148.2421875
1361331985.482,329.63709677419354
1361331963.24,185.78890489913545
1361331985.401,535.7142857142857
1361331985.399,517.8571428571429
1361331967.538,2172.794117647059
1361331965.29,452.8985507246377
1361331966.469,26.570638020833332
1361331967.963,620.9935897435897
1361331968.723,642.608359133127
1361331968.85,447.93097527472526
1361331969.04,394.95481927710847
1361331971.329,81.52173913043478
1361331971.16,625.0
1361331991.425,44.921875
1361331990.144,238.42075892857142
1361331990.27,217.984068627451
1361331991.803,276.85546875
1361331987.77,122.1590909090909
1361331984.311,865.78125
1361331985.304,1256.6823899371068
1361331994.13,121.52777777777777
1361331986.257,81.30787037037037
1361331974.717,19250.0
1361331975.029,666.6666666666666
1361331974.242,93.75
1361331974.242,117.1875
1361331974.13,110.29411764705883
1361331974.13,110.29411764705883
1361331974.13,117.1875
1361331998.147,52.41935483870968
1361332001.492,1532.2265625
1361332001.62,1061.5530303030303
1361331999.008,464.1393442622951
1361332001.417,448.73046875
1361331985.225,8456.467661691542
1361331985.678,2960.9375
1361331985.999,3036.4583333333335
1361331985.998,2216.0631613756614
1361331986.124,1752.8409090909092
1361331985.688,7296.401515151516
1361331985.88,9245.0
1361331985.88,2277.34375
1361331985.88,7890.625
1361331985.943,20179.6875
1361331986.002,447.99107142857144
1361331985.878,3036.4583333333335
1361331985.652,2044.0414507772023
1361331986.033,88.27747584541062
1361331987.996,3338.743093922652
1361331988.441,82.72058823529412
1361331995.783,6.3229571984435795
1361331985.12,16260.385756676558
1361331990.951,60.483870967741936
1361331991.077,37.17672413793104
1361331991.077,42.025862068965516
1361331989.496,1320.3983516483518
1361331989.432,1148.4375
1361331990.234,103.1650641025641
1361331990.734,906.25
1361331991.032,57.765151515151516
1361331991.032,51.339285714285715
1361331991.032,57.765151515151516
1361331991.892,28.846153846153847
1361331992.837,39.0625
1361331995.083,98.6842105263158
1361331996.314,2619.3576388888887
1361331996.376,101.35135135135135
1361332019.561,213.0681818181818
1361332009.54,12334.791666666666
1361331996.725,1777.5974025974026
1361331998.341,137.86764705882354
1361331996.509,2187.744140625
1361331999.491,2593.75
1361331999.491,113.63636363636363
1361331998.425,65.78947368421052
1361331997.847,647.1927966101695
1361331998.384,49.3421052631579
1361331997.804,493.9704356846473
1361332002.298,208.33333333333334
1361332002.551,170.45454545454544
1361332002.869,351.5625
1361332002.066,937.5
1361332002.066,208.33333333333334
1361332002.192,275.7352941176471
1361332003.206,1875.0
1361332003.609,31.818181818181817
1361332027.92,12397.103658536585
1361332039.152,12762.466755319148
1361332019.928,325.0
1361332049.194,2242.1875
1361332049.256,479.1666666666667
1361332049.14,1494.7916666666667
1361332055.125,2943.75
1361332055.124,932.2916666666666
1361332055.568,22428.125
1361332055.568,23512.152777777777
1361332053.366,105294.921875
1361332053.683,1820.3125
1361331774.304,39582.99026946108
1361332113.867,65.0
1361332114.122,50.78125
1361332114.44,39.63414634146341
1361332113.98,46.42857142857143
1361332114.107,50.78125
1361332114.615,38.69047619047619
1361332114.521,31.25
1361332173.455,22.4609375
1361332187.684,5.681818181818182
1361332433.293,1208.3333333333333
1361332432.909,984.375
1361332432.908,914.9305555555555
1361332430.8,56239.955357142855
1361332433.893,687.5
1361332430.775,2073.0263157894738
1361332430.775,328.8352272727273
1361332433.702,97.8954081632653
1361332432.26,99.10714285714285
1361332427.127,895.6990979381443
1361332422.928,32.608695652173914
1361332454.157,2097.65625
1361332453.576,1635.4166666666667
1361332453.575,1678.125
1361332444.947,23032.26902173913
1361332430.443,7008.333333333334
1361332430.567,1148.0263157894738
1361332429.881,4475.127551020409
1361332430.318,1268.6011904761904
1361332430.318,1268.6011904761904
1361332430.367,1325.5208333333333
1361332430.302,13198.084677419354
1361332430.419,1704.4836956521738
1361332430.481,89.08227848101266
1361332430.208,5219.933712121212
1361332430.204,1056.547619047619
1361332430.332,16196.874999999998
1361332433.544,3111.328125
1361332433.432,3000.0
1361332433.432,2631.4338235294117
1361332457.221,1078.125
1361332461.061,1177.0833333333333
1361332461.061,2126.7361111111113
1361332457.157,350.390625
1361332453.378,2852.0833333333335
1361332459.08,715.625
1361332459.08,305.6891025641026
1361332459.08,300.40322580645164
1361332456.326,7746.603260869565
1361332459.27,380.37109375
1361332459.27,397.5694444444444
1361332456.643,5012.289325842697
1361332456.643,5518.448795180723
1361332456.707,601.1029411764706
1361332456.707,601.1029411764706
1361332456.707,942.0955882352941
1361332456.707,601.1029411764706
1361332456.707,634.9431818181818
1361332456.707,1617.1875
1361332460.54,1570.3125
1361332457.821,985.4166666666667
1361332457.821,712.890625
1361332457.821,909.0073529411765
1361332461.851,880.2083333333334
1361332458.075,796.875
1361332461.978,919.4711538461538
1361332462.294,1906.25
1361332458.58,950.0
1361332462.419,1786.4583333333333
1361332458.769,1451.7045454545455
1361332458.897,847.9166666666666
1361332456.144,1121.5049342105262
1361332459.024,1846.875
1361332459.087,561.0795454545454
1361332456.565,2821.9126506024095
1361332456.565,6145.896084337349
1361332456.628,316.14583333333337
1361332459.82,528.90625
1361332451.286,1666.193181818182
1361332456.15,214.26361386138615
1361332456.149,316.5222772277227
1361332456.131,226.94925742574256
1361332462.872,772.7272727272727
1361332462.939,1217.1875
1361332462.939,1120.3125
1361332462.939,1159.0909090909092
1361332463.059,153.73563218390805
1361332463.063,786.8303571428571
1361332463.063,1041.294642857143
1361332453.718,213.26013513513513
1361332453.718,306.65391156462584
1361332453.717,304.8491379310345
1361332453.844,205.92672413793105
1361332453.844,143.79084967320262
1361332453.844,246.98275862068965
1361332453.843,220.15086206896552
1361332458.13,202.70833333333331
1361332458.13,214.69155844155844
1361332458.129,217.3477564102564
1361332463.44,975.0
1361332455.568,2905.315170940171
1361332463.44,1271.875
1361332463.565,469.2982456140351
1361332462.349,901.25
1361332463.693,464.76063829787233
1361332458.636,250.44642857142858
1361332463.93,168.2545731707317
1361332462.774,1192.7083333333333
1361332464.117,399.4140625
1361332464.053,197.5
1361332456.373,2402.901785714286
1361332456.689,196.81186868686868
1361332456.689,112.05808080808082
1361332468.52,975.0
1361332468.624,1373.046875
1361332468.56,1286.931818181818
1361332462.861,800.4807692307693
1361332462.987,667.4107142857143
1361332462.985,1125.0
1361332453.449,237.41610738255034
1361332453.577,395.30187074829934
1361332453.64,272.58133561643837
1361332453.639,239.33189655172413
1361332453.639,272.00255102040813
1361332453.702,286.5301724137931
1361332463.173,980.7692307692307
1361332458.052,343.20746527777777
1361332463.361,536.2903225806451
1361332463.424,228.3203125
1361332463.424,395.2205882352941
1361332454.373,372.56944444444446
1361332458.978,348.3606557377049
1361332463.969,214.08991228070175
1361332462.689,2361.9791666666665
1361332464.031,225.796568627451
1361332468.475,446.875
1361332468.603,2082.589285714286
1361332453.112,215.17565359477126
1361332468.756,8437.5
1361332471.254,1453.125
1361332463.442,92.578125
1361332460.514,405.9495192307692
1361332470.526,86.80555555555556
1361332467.196,189.68023255813955
1361332456.546,24647.549019607843
1361332467.996,185.56701030927834
1361332456.226,371.3235294117647
1361332457.242,325.0
1361332460.049,234.875
1361332460.554,267.85714285714283
1361332460.617,375.0
1361332460.553,9248.295454545454
1361332460.02,205.35714285714286
1361332473.662,146.26736111111111
1361332470.426,1862.5
1361332467.034,52.34053497942387
1361332462.636,2296.875
1361332463.013,225.1953125
1361332463.013,488.4259259259259
1361332463.076,182.8125
1361332462.423,1637.2395833333333
1361332461.073,417.93799212598424
1361332461.515,2060.7638888888887
1361332462.598,341.24228395061726
1361332466.995,1946.4285714285713
1361332467.436,4912.5
1361332468.115,62.875859106529205
1361332468.241,43.46885813148789
1361332468.619,62093.75
1361332466.89,2656.25
1361332472.366,7218.75
1361332487.264,47542.447916666664
1361332508.698,352.37068965517244
1361332517.47,108.33333333333334
1361332506.895,1196.3068181818182
1361332507.76,20286.839430894306
1361332507.823,108.984375
1361332507.755,1827.8061224489797
1361332508.775,76.8327067669173
1361332517.702,130.6818181818182
1361332507.742,196.875
1361332508.695,76.8327067669173
1361332517.178,221.5909090909091
1361332517.178,81.25
1361332509.775,385.0574712643678
1361332517.469,34.57446808510638
1361332518.095,52.41935483870968
1361332518.095,85.52631578947368
1361332519.629,10082.589285714286
1361332510.649,106.62878787878788
1361332520.559,319.4444444444444
1361332518.861,47.8515625
1361332518.017,73.86363636363637
1361332510.564,105.9451219512195
1361332520.73,479.1666666666667
1361332517.592,49.24242424242424
1361332507.112,9921.052631578947
1361332507.176,1402.1381578947369
1361332507.239,5164.0625
1361332508.544,173.6438679245283
1361332506.998,987.6453488372093
1361332507.062,1558.0357142857142
1361332507.061,1324.3613138686133
1361332507.061,200.89285714285714
1361332507.061,1532.2916666666665
1361332507.124,628.6458333333334
1361332507.88,2197.9790419161677
1361332510.559,63.38652482269504
1361332509.98,216.64798206278027
1361332514.851,193.77055921052633
1361332514.825,2299.851190476191
1361332542.154,718.75
1361332530.486,14388.0859375
1361332519.989,325.0
1361332520.846,226.5625
1361332520.846,302.0833333333333
1361332521.079,3847.5
1361332545.409,6669.084821428572
1361332545.662,155.6640625
1361332545.662,152.734375
1361332546.295,196.51442307692307
1361332546.674,1121.6947115384614
1361332547.854,908.6174242424242
1361332548.109,56.03448275862069
1361332548.108,128.28947368421055
1361332548.172,142.96875
1361332548.108,60.18518518518518
1361332545.353,1851.5625
1361332545.585,136.9140625
1361332546.027,2462.5
1361332546.027,713.1410256410256
1361332546.086,365.38461538461536
1361332546.216,189.23611111111111
1361332547.774,474.4318181818182
1361332548.092,87.05357142857143
1361332550.951,102.67857142857143
1361332550.951,102.67857142857143
1361332545.637,69.34171597633136
1361332551.077,67.3828125
1361332553.828,688.3680555555555
1361332546.206,8559.090909090908
1361332554.713,575.1488095238095
1361332545.143,1055.0551470588236
1361332553.143,509.6507352941176
1361332553.143,390.625
1361332550.874,102.67857142857143
1361332550.873,102.67857142857143
1361332553.812,796.875
1361332546.001,10777.55177514793
1361332546.063,315.05926724137936
1361332546.062,3009.993654822335
1361332546.19,10502.096036585366
1361332552.43,95.703125
1361332556.709,2998.798076923077
1361332561.836,170.25862068965517
1361332553.835,147.83653846153845
1361332559.274,1428.8194444444443
1361332553.834,132.45967741935482
1361332553.833,165.8909574468085
1361332559.273,1167.1875
1361332546.212,1441.1734271523178
1361332559.778,3796.875
1361332559.903,3554.6875
1361332555.359,205.35714285714286
1361332560.956,490.38461538461536
1361332560.956,477.2727272727273
1361332561.02,291.4402173913043
1361332560.955,409.00735294117646
1361332561.562,270.1612903225806
1361332565.528,3028.6458333333335
1361332553.816,418.2381465517241
1361332559.19,1048.611111111111
1361332559.19,1301.5625
1361332559.186,1246.875
1361332546.131,6219.422599337748
1361332555.277,178.53860294117646
1361332563.253,431.15234375
1361332560.875,162.77472527472528
1361332560.875,408.1730769230769
1361332560.874,470.26209677419354
1361332560.87,294.921875
1361332564.839,1317.1875
1361332545.649,242.93154761904762
1361332545.649,229.16666666666666
1361332548.323,39.8936170212766
1361332548.386,39.0625
1361332545.049,17791.666666666668
1361332547.217,117.1875
1361332547.281,148.02631578947367
1361332547.469,84.05172413793103
1361332546.349,463.5416666666667
1361332546.376,432.791095890411
1361332546.375,427.0833333333333
1361332565.431,195.6521739130435
1361332566.632,871.875
1361332553.764,128.32099303135888
1361332566.363,104.48042168674698
1361332553.151,625.0
1361332553.341,68.87052341597796
1361332553.275,2149.776785714286
1361332553.403,700.4076086956522
1361332552.933,937.5
1361332553.248,2129.032258064516
1361332553.997,12450.21186440678
1361332566.336,2024.6611445783133
1361332570.752,15984.052835051547
1361332565.434,14733.414804469274
1361332565.5,102.04259776536313
1361332565.942,68.89619883040936
1361332560.843,57.25
1361332558.594,287.5
1361332560.432,3891.5719696969695
1361332560.748,21.78030303030303
1361332559.114,9718.75
1361332560.344,699.1604477611941
1361332560.344,1412.9464285714287
1361332560.342,1236.7788461538462
1361332559.914,76531.25
1361332561.146,722.0982142857143
1361332562.199,117.1875
1361332564.37,468.75
1361332561.388,234.7972972972973
1361332562.02,342.10526315789474
1361332564.248,468.75
1361332561.94,40.76086956521739
1361332582.996,17134.943181818184
1361332565.028,9375.0
1361332606.639,3015.625
1361332608.341,58.035714285714285
1361332647.623,26.9281914893617
1361332859.5,1382.4404761904764
1361332859.879,1058.3333333333333
1361332856.803,388.56907894736844
1361332856.739,352.37068965517244
1361332860.958,1901.0416666666667
1361332861.255,661.4583333333334
1361332857.793,413.04347826086956
1361332859.228,2447.9166666666665
1361332859.418,3983.6309523809527
1361332856.022,1490.2129120879122
1361332856.719,364.95535714285717
1361332860.94,2390.625
1361332860.854,3090.625
1361332860.849,2640.625
1361332860.915,3190.1041666666665
1361332862.926,659.375
1361332862.926,661.71875
1361332863.052,542.4107142857143
1361332865.738,703.125
1361332865.797,642.96875
1361332865.991,567.87109375
1361332862.465,485.625
1361332865.182,2437.5
1361332865.373,786.4583333333334
1361332865.181,1437.5
1361332857.308,133.92857142857142
1361332861.336,175.0
1361332862.871,600.4464285714286
1361332862.871,670.3125
1361332858.246,62.307098765432094
1361332862.337,484.375
1361332864.229,418.1985294117647
1361332865.054,3644.53125
1361332865.049,1324.6527777777776
1361332865.049,1750.0
1361332865.18,1489.5833333333333
1361332865.18,98.65552325581395
1361332860.949,213.11773255813955
1361332860.881,366.04420731707313
1361332860.885,192.70833333333334
1361332860.949,484.375
1361332852.536,737.5139508928571
1361332867.0,187.5
1361332857.241,579.7413793103449
1361332857.681,585.546875
1361332857.085,1773.0654761904764
1361332857.497,864.346590909091
1361332857.394,651.1948529411765
1361332861.395,595.0741525423729
1361332861.394,5411.458333333333
1361332857.868,937.5
1361332858.416,1791.015625
1361332861.225,21368.10661764706
1361332861.163,3253.6569148936173
1361332867.997,53.30882352941176
1361332865.308,50.47169811320755
1361332865.243,69.49013157894737
1361332863.311,315.58388157894734
1361332863.31,312.5
1361332863.31,175.78125
1361332863.31,117.1875
1361332863.31,117.1875
1361332863.305,110.29411764705883
1361332865.594,4945.3125
1361332865.657,2583.3333333333335
1361332863.222,312.5
1361332863.222,312.5
1361332863.222,117.1875
1361332863.222,175.78125
1361332863.221,110.29411764705883
1361332863.221,110.29411764705883
1361332863.451,117.1875
1361332863.45,117.1875
1361332865.445,3369.7916666666665
1361332863.313,4560.661764705882
1361332865.415,1754.4642857142858
1361332865.541,5046.875
1361332866.872,67570.3125
1361332866.763,9026.041666666666
1361332912.454,6060.267857142857
1361332909.562,1808.4239130434783
1361332912.081,2414.0625
1361332912.08,359.375
1361332894.746,108.71010638297872
1361332913.627,977.34375
1361332914.233,58.1781914893617
1361332929.449,255.6818181818182
1361332967.792,14602.221385542169
1361332969.277,2156.25
1361332955.0,968.75
1361332981.509,3578.125
1361332981.632,2196.875
1361332977.664,2111.6071428571427
1361332981.699,3187.5
1361332981.699,3953.125
1361332981.761,2109.375
1361332977.921,1865.0
1361332981.948,6429.6875
1361332982.011,6005.208333333333
1361332979.252,407.36607142857144
1361332979.251,551.8973214285714
1361332982.562,5554.6875
1361332979.867,628.7202380952382
1361332976.668,3774.448529411765
1361332976.668,821.2890625
1361332976.668,633.3333333333333
1361332976.668,4541.294642857143
1361332981.013,1950.892857142857
1361332981.332,3093.75
1361332981.268,2240.625
1361332981.458,4083.333333333333
1361332981.458,3526.0416666666665
1361332981.585,3150.0
1361332981.585,4875.0
1361332981.585,2915.625
1361332981.648,2681.25
1361332981.648,2796.875
1361332978.039,570.3125
1361332981.879,5664.0625
1361332979.816,832.2010869565217
1361332979.791,543.3238636363636
1361332976.59,3868.933823529412
1361332976.59,638.671875
1361332976.59,4654.0441176470595
1361332976.589,633.3333333333333
1361332981.188,1700.0
1361332981.252,2847.65625
1361332983.038,2179.6875
1361332982.071,115.8405172413793
1361332982.553,127.57120253164558
1361332979.859,145.64732142857142
1361332976.66,7248.59375
1361332976.66,253.23761261261262
1361332981.579,106.0546875
1361332975.786,1816.5680473372781
1361332979.811,209.3131188118812
1361332982.691,104.1039156626506
1361332979.874,194.64760638297872
1361332976.545,105627.80448717948
1361332976.649,60.80572289156626
1361332982.177,51.61372950819672
1361332976.642,30.918560606060606
1361332981.619,53.07539682539682
1361332982.673,1432.6923076923076
1361332976.99,3036.4583333333335
1361332976.99,1680.5555555555557
1361332977.027,485.27644230769226
1361332976.887,419.5926966292135
1361332976.774,1231.25
1361332976.773,1355.2083333333333
1361332980.247,393.6737804878049
1361332980.31,835.9375
1361332980.437,267.85714285714283
1361332981.815,16414.0625
1361332978.227,6467.1875
1361332980.136,38.26530612244898
1361332980.516,267.85714285714283
1361332980.029,5157.03125
1361332981.676,5054.6875
1361332979.989,5319.53125
1361332982.0,6546.875
1361332982.0,9890.625
1361332982.063,5484.375
1361332981.972,7906.25
1361332981.972,2604.1666666666665
1361332982.518,94421.875
1361332982.481,142557.29166666666
1361332994.797,3914.0625
1361332994.307,6421.875
1361333018.562,525.6944444444445
1361333018.562,222.14673913043478
1361333018.625,206.52173913043478
1361333021.399,1863.28125
1361333019.464,231.70731707317074
1361333022.298,4033.482142857143
1361333025.534,3979.1666666666665
1361333025.85,392.7083333333333
1361333026.415,4359.375
1361333023.471,686.1979166666666
1361333023.537,162.96875
1361333018.417,55842.33810240964
1361333018.417,1986.8364726027396
1361333018.416,5610.338184931507
1361333018.543,2864.073426573427
1361333018.543,70.36637931034483
1361333023.534,682.9427083333334
1361333023.534,493.75
1361333023.533,195.6521739130435
1361333018.733,116.02393617021276
1361333018.733,62.67655367231638
1361333024.145,210.0328947368421
1361333024.395,232.31456043956044
1361333024.459,854.5673076923077
1361333024.459,1472.355769230769
1361333025.03,2119.7916666666665
1361333025.094,2403.125
1361333025.35,457.6480263157895
1361333025.413,3953.125
1361333025.22,1700.0
1361333025.283,2290.625
1361333025.346,3250.0
1361333025.41,3644.53125
1361333025.409,2886.71875
1361333026.576,8437.5
1361333026.638,6429.6875
1361333026.637,9085.9375
1361333026.701,11390.625
1361333019.332,3072.5599315068494
1361333019.523,2355.413732394366
1361333025.315,239.58333333333334
1361333025.379,996.09375
1361333025.442,238.73546511627907
1361333025.377,1078.125
1361333026.266,2753.90625
1361333026.266,106.0546875
1361333026.266,2831.25
1361333026.266,2681.25
1361333026.33,3937.5
1361333026.33,2890.625
1361333026.33,2644.53125
1361333026.328,361.4864864864865
1361333026.164,2578.2245222929937
1361333026.771,225.0
1361333027.024,96.81056701030928
1361333018.941,461.10372340425533
1361333020.497,610.7129204892966
1361333018.028,11720.238095238095
1361333018.83,3522.9166666666665
1361333018.83,42.868589743589745
1361333020.2,1875.0
1361333018.714,235.53719008264463
1361333018.777,2651.785714285714
1361333018.682,95.38118131868131
1361333041.703,9906.25
1361333041.831,9765.625
1361333041.762,2984.375
1361333041.83,9835.9375
1361333039.454,77.36650485436893
1361333039.453,77.36650485436893
1361333038.655,9362.909226190477
1361333040.381,3953.125
1361333040.508,5100.0
1361333040.571,6375.0
1361333042.141,1787.5
1361333042.437,2445.3125
1361333042.881,10441.40625
1361333042.881,6492.1875
1361333043.133,1160.15625
1361333040.381,683.59375
1361333040.635,1177.8846153846155
1361333040.57,1194.7115384615386
1361333039.608,2234.217171717172
1361333041.299,5239.583333333333
1361333041.427,5212.5
1361333041.552,5153.125
1361333021.899,937.5
1361333021.961,2951.66015625
1361333025.657,18843.75
1361333025.783,5046.875
1361333023.659,1085.9375
1361333025.558,331.5812211981567
1361333025.447,4585.9375
1361333037.494,1018.5489766081872
1361333041.78,86.68391719745223
1361333049.841,2097.65625
1361333048.713,932.2916666666666
1361333048.834,1839.84375
1361333041.22,751.0416666666667
1361333036.836,68.60695422535211
1361333038.238,66.47245762711864
1361333032.76,23796.875
1361333057.963,1437.5
1361333030.811,12132.746010638299
1361333038.987,187.5
1361333038.986,1004.6875
1361333038.986,478.4226190476191
1361333039.05,267.85714285714283
1361333039.05,267.85714285714283
1361333039.047,267.85714285714283
1361333040.451,40221.6796875
1361333038.654,11556.06617647059
1361333038.781,1597.65625
1361333038.905,856.25
1361333038.905,611.7788461538462
1361333038.873,234.375
1361333038.873,312.5
1361333038.936,3930.059523809524
1361333040.277,1162.4571917808219
1361333041.415,19562.5
1361333041.279,47104.166666666664
1361333038.457,17843.75
1361333041.248,70656.25
1361333042.706,5448.2421875
1361333042.896,2536.4583333333335
1361333041.855,53328.125
1361333042.782,2541.6666666666665
1361333042.355,202132.8125
1361333049.184,9668.75
1361333049.247,6778.125
1361333049.689,15718.75
1361333049.689,14182.291666666666
1361333049.689,13734.375
1361333049.161,12000.0
1361333049.069,6303.125
1361333049.387,14078.125
1361333049.386,18125.0
1361333049.575,8921.875
1361333049.575,8734.375
1361333047.58,14379.6875
1361333049.938,5359.375
1361333078.23,100272.15676229508
1361333062.945,5.408653846153846
1361333067.304,5687.5
1361333066.961,7156.25
1361333088.314,101.90217391304347
1361333088.572,243.75
1361333088.572,215.625
1361333088.571,89.84375
1361333088.698,126.83823529411764
1361333088.632,362.84722222222223
1361333089.259,97.65625
1361333089.259,101.90217391304347
1361333089.259,333.70535714285717
1361333089.493,167.1875
1361333089.491,343.75
1361333089.491,221.15384615384613
1361333089.617,126.83823529411764
1361333074.378,9.098101265822784
1361333095.008,444.29347826086956
1361333095.069,453.4313725490196
1361333095.196,2613.1944444444443
1361333095.196,1259.765625
1361333095.26,3073.2421875
1361333095.194,3073.2421875
1361333091.636,5405.698529411764
1361333092.079,1996.9951923076924
1361333093.65,1231.3565340909092
1361333096.12,3205.208333333333
1361333096.119,1048.2142857142858
1361333093.124,2429.9768518518517
1361333093.571,2147.7107558139537
1361333093.57,1815.4633620689656
1361333105.633,12921.875
1361333105.822,22531.25
1361333096.437,86.71465968586388
1361333104.5,841.3461538461538
1361333104.564,1177.8846153846155
1361333104.564,1216.3461538461538
1361333104.434,92.65988372093022
1361333106.389,8588.541666666666
1361333106.389,6515.625
1361333106.388,5239.583333333333
1361333106.638,1787.5
1361333106.746,2054.6875
1361333097.293,155.84096858638745
1361333097.357,1081.315445026178
1361333105.483,1194.7115384615386
1361333105.354,92.65988372093022
1361333106.309,8500.0
1361333101.699,53430.736940298506
1361333101.891,1151.1363636363635
1361333088.673,205.35714285714286
1361333088.863,130.6818181818182
1361333088.926,205.35714285714286
1361333088.926,110.57692307692307
1361333088.909,143.75
1361333088.908,479.1666666666667
1361333088.564,205.35714285714286
1361333088.818,181.25
1361333088.763,181.25
1361333088.475,302.0833333333333
1361333088.731,281.25
1361333093.483,800.0
1361333101.003,62.577736318407965
1361333108.055,56815.91109154929
1361333101.113,891.497461928934
1361333095.568,18277.96052631579
1361333097.604,89.28571428571429
1361333095.296,2819.1964285714284
1361333095.295,331.9575471698113
1361333095.356,13587.284482758621
1361333097.523,89.28571428571429
1361333095.376,2898.809523809524
1361333100.807,27700.89285714286
1361333101.057,970.4861111111112
1361333101.061,1232.638888888889
1361333101.125,15015.625
1361333101.351,793.3768656716418
1361333101.792,113.63636363636363
1361333100.661,4104.967948717949
1361333100.751,2164.772727272727
1361333101.005,17328.125
1361333100.939,1479.1666666666667
1361333100.939,3415.8653846153848
1361333101.195,401.7857142857143
1361333101.195,352.7462121212121
1361333101.702,107.14285714285714
1361333127.536,718.75
1361333104.854,4809.895833333333
1361333101.899,107.14285714285714
1361333102.561,187.5
1361333105.021,2662.9464285714284
1361333128.58,22.697368421052634
1361333111.657,8.55654761904762
1361333111.539,8.55654761904762
1361333132.521,231.14224137931032
1361333153.518,1929.6875
1361333153.581,2437.5
1361333153.496,1145.8333333333333
1361333152.654,1812.5
1361333152.654,1812.5
1361333153.607,1812.5
1361333153.435,604.1666666666666
1361333186.822,4401.041666666667
1361333186.822,3984.375
1361333187.01,2541.6666666666665
1361333187.137,596.09375
1361333187.137,1501.953125
1361333187.137,1521.484375
1361333187.581,4859.375
1361333187.581,3250.0
1361333187.645,1915.1785714285713
1361333187.644,4493.303571428572
1361333187.708,1685.267857142857
1361333185.69,2465.625
1361333185.69,863.6363636363636
1361333185.69,791.6666666666666
1361333185.69,3046.2890625
1361333186.387,3695.3125
1361333186.387,7230.46875
1361333186.641,192.51543209876542
1361333186.639,5177.083333333333
1361333186.748,259.8892405063291
1361333186.741,4785.15625
1361333186.932,1604.1666666666667
1361333187.06,1441.40625
1361333187.059,1443.359375
1361333187.439,2278.125
1361333187.503,5250.0
1361333187.503,1769.53125
1361333187.502,3162.5
1361333187.566,6248.26388888889
1361333187.566,1078.125
1361333187.565,6062.5
1361333187.692,562.5
1361333187.691,1428.8194444444443
1361333187.818,1186.5234375
1361333188.009,1928.125
1361333185.61,1699.6527777777776
1361333185.61,633.3333333333333
1361333185.61,256.3344594594595
1361333186.562,3087.5
1361333186.562,257.8125
1361333186.562,2851.5625
1361333194.707,1160.15625
1361333194.834,9765.625
1361333194.898,5100.0
1361333194.897,1160.15625
1361333195.404,713.9423076923077
1361333196.134,4503.90625
1361333196.261,2963.5416666666665
1361333193.056,18234.375
1361333193.06,2421.7032967032965
1361333193.315,95.46703296703296
1361333193.313,91.59482758620689
1361333193.313,1822.9166666666667
1361333193.504,5153.125
1361333193.695,6515.625
1361333193.503,3106.25
1361333185.693,61.547256097560975
1361333193.816,12914.0625
1361333194.011,2979.1666666666665
1361333194.202,3260.4166666666665
1361333194.328,6479.910714285715
1361333194.873,3035.714285714286
1361333187.502,155.52325581395348
1361333187.565,107.39715189873418
1361333195.757,3931.25
1361333193.041,2552.0833333333335
1361333193.231,2635.4166666666665
1361333185.61,23753.766741071428
1361333185.61,143.4659090909091
1361333193.929,2979.1666666666665
1361333193.993,3260.4166666666665
1361333193.8,2979.1666666666665
1361333194.12,9906.25
1361333194.246,1415.1785714285713
1361333194.117,3260.4166666666665
1361333194.243,4953.125
1361333194.434,7203.125
1361333194.561,5239.583333333333
1361333186.556,220.44427710843374
1361333192.761,879.9175126903554
1361333194.642,795.220588235294
1361333195.254,85.05859375
1361333192.623,55.31881313131313
1361333184.836,239.0625
1361333185.799,343.9583333333333
1361333185.799,1909.375
1361333186.554,30679.6875
1361333186.873,12150.0
1361333184.849,58250.0
1361333185.735,189.67391304347825
1361333185.735,1482.421875
1361333185.734,2562.5
1361333186.638,8101.5625
1361333187.076,2392.3611111111113
1361333187.122,20567.708333333332
1361333187.202,1495.1923076923076
1361333187.645,7570.3125
1361333187.64,9890.625
1361333187.64,5807.291666666667
1361333187.64,2447.265625
1361333187.601,5054.6875
1361333187.564,2456.25
1361333187.627,3875.0
1361333193.053,242.1420784883721
1361333215.004,1494.7916666666667
1361333203.482,14257.28155339806
1361333193.135,40242.1875
1361333192.887,52531.25
1361333192.823,4134.375
1361333192.887,47093.75
1361333193.078,1712.5
1361333193.077,2009.375
1361333193.14,12927.083333333334
1361333194.505,48312.5
1361333192.983,8437.5
1361333192.983,25631.25
1361333192.983,1712.5
1361333194.42,39093.75
1361333194.939,13332.03125
1361333194.835,175868.05555555553
1361333196.077,7625.0
1361333223.347,2796.875
1361333223.345,3718.75
1361333230.993,406.25
1361333224.522,2796.875
1361333244.486,77.38095238095238
1361333244.427,85.52631578947368
1361333244.426,95.58823529411764
1361333221.726,15187.5
1361333221.774,6.380890052356021
1361333244.924,215.625
1361333245.342,115.4513888888889
1361333245.912,132.21153846153845
1361333246.039,201.92307692307693
1361333246.039,143.38235294117646
1361333246.103,132.21153846153845
1361333246.166,187.5
1361333245.91,214.84375
1361333245.974,177.5
1361333246.101,194.44444444444446
1361333246.229,196.02272727272725
1361333244.847,58.59375
1361333245.965,201.70454545454544
1361333245.965,163.35227272727275
1361333245.965,229.16666666666666
1361333246.028,253.125
1361333245.9,192.93478260869566
1361333223.473,25867.1875
1361333223.599,19718.75
1361333223.599,17531.25
1361333223.598,2919.2708333333335
1361333223.661,13156.25
1361333223.967,77946.875
1361333223.488,37500.0
1361333223.488,25757.8125
1361333223.488,19812.5
1361333223.547,10828.125
1361333223.486,16906.25
1361333223.485,20390.625
1361333245.246,98.7215909090909
1361333245.253,77.76162790697674
1361333246.172,53.26704545454545
1361333246.172,75.99431818181817
1361333248.122,247.39583333333334
1361333248.621,742.1875
1361333248.749,1437.5
1361333248.749,1437.5
1361333248.749,1078.125
1361333248.685,718.75
1361333248.749,1437.5
1361333248.749,718.75
1361333248.041,247.39583333333334
1361333248.732,718.75
1361333240.936,2712.5
1361333241.381,1080.9659090909092
1361333245.588,84.05172413793103
1361333246.01,65.87837837837837
1361333262.069,5056.179775280899
1361333248.645,1121.3631465517242
1361333272.595,21590.85648148148
1361333286.952,190.29850746268656
1361333286.831,230.1829268292683
1361333286.831,876.3973577235772
1361333286.898,476.43442622950823
1361333286.563,43409.13461538462
1361333286.69,2096.9551282051284
1361333286.817,160.56910569105693
1361333286.857,83.23459715639811
1361333295.881,243.5546875
1361333286.229,916.6109625668449
1361333300.773,2156.25
1361333286.485,540.4283216783217
1361333286.612,1090.1162790697674
1361333286.675,310.6796116504854
1361333286.739,22.210743801652892
1361333286.479,6778.445512820513
1361333286.61,602.3706896551723
1361333286.674,423.8211743772242
1361333286.56,29.76190476190476
1361333286.081,876.3392857142858
1361333287.348,65.10416666666667
1361333287.601,65.10416666666667
1361333289.105,52.759740259740255
1361333289.105,52.759740259740255
1361333289.103,38.96103896103896
1361333289.993,35.15625
1361333287.265,66.02112676056338
1361333287.496,64.2123287671233
1361333289.25,40.54054054054054
1361333289.503,38.46153846153847
1361333293.898,25.862068965517242
1361333293.361,125.0
1361333296.092,26.078345070422536
1361333295.949,1816.9642857142858
1361333295.949,117.1875
1361333295.948,101.90217391304347
1361333296.26,12.218045112781954
1361333296.612,473.9583333333333
1361333295.856,91.91176470588236
1361333296.528,140.08620689655172
1361333296.818,11.782786885245901
1361333321.901,1101.5625
1361333309.923,8890.151515151516
1361333310.004,218.75
1361333313.96,102.67857142857143
1361333313.875,1498.263888888889
1361333335.205,181.25
1361333340.164,239.58333333333334
1361333321.967,768.483231707317
1361333340.136,91.54929577464789
1361333353.612,98.29757462686567
1361333376.559,8189.583333333333
1361333376.558,3570.913461538462
1361333378.251,2154.6875
1361333378.251,792.96875
1361333378.251,996.2797619047618
1361333378.25,1537.5
1361333378.25,1032.7380952380954
1361333375.977,9000.0
1361333376.481,1665.1785714285713
1361333376.481,20507.8125
1361333378.172,764.616935483871
1361333386.452,9000.0
1361333378.963,11247.7297008547
1361333412.87,281.25
1361333393.901,102.2677951388889
1361333394.156,7887.5
1361333411.773,2028.3830275229357
1361333420.467,701.3888888888888
1361333414.896,316.7067307692308
1361333411.949,321.0227272727273
1361333412.968,99.10714285714285
1361333412.968,91.36904761904762
1361333413.031,177.08333333333334
1361333418.11,777.5735294117648
1361333419.067,832.03125
1361333414.864,20.48938679245283
1361333429.135,1947.1153846153845
1361333410.504,45.95947265625
1361333412.094,16529.276315789473
1361333428.316,1078.125
1361333411.187,556.2793887147336
1361333411.767,1248.5119047619046
1361333414.194,398.4375
1361333411.496,7588.315217391305
1361333411.811,577.9367469879518
1361333411.939,312.5
1361333411.938,267.85714285714283
1361333412.862,2726.8145161290327
1361333411.405,945.3125
1361333411.514,337.5400641025641
1361333411.386,889.7058823529411
1361333411.576,3395.4326923076924
1361333411.702,1182.6923076923076
1361333411.702,1532.2916666666665
1361333411.829,312.5
1361333412.712,428.6458333333333
1361333414.445,665.2162447257384
1361333429.191,687.7790178571429
1361333430.314,1096.762048192771
1361333416.298,81.25
1361333415.381,32.327586206896555
1361333418.998,125.0
1361333419.946,17.800632911392405
1361333421.062,23.734177215189874
1361333421.453,10.727611940298507
1361333421.962,19.667832167832167
1361333443.499,222.45762711864407
1361333440.938,3358.85989010989
1361333440.938,3703.279702970297
1361333440.936,5334.478021978022
1361333441.638,150.2568493150685
1361333441.509,5262.567934782608
1361333441.637,148.22635135135135
1361333440.803,3697.690217391304
1361333441.566,150.2568493150685
1361333440.89,252.40384615384613
1361333442.804,223.09782608695653
1361333429.381,50.56818181818182
1361333444.984,133.26446280991735
1361333441.484,2488.839285714286
1361333431.788,5404.6875
1361333432.054,20.656779661016948
1361333434.627,21.38157894736842
1361333435.453,2956.4278455284552
1361333435.936,2089.3229166666665
1361333443.486,55.15625
1361333441.273,752.2321428571429
1361333441.781,75.0
1361333441.951,88.23529411764706
1361333441.951,88.23529411764706
1361333442.015,83.33333333333333
1361333441.949,88.23529411764706
1361333442.012,83.33333333333333
1361333441.66,75.0
1361333441.66,75.0
1361333441.917,88.23529411764706
1361333443.469,478.00925925925924
1361333443.243,356.640625
1361333444.672,175.78125
1361333446.041,1875.0
1361333443.149,1250.0
1361333443.149,431.09631147540983
1361333443.149,508.6805555555556
1361333443.212,1875.0
1361333444.652,1875.0
1361333444.652,187.5
1361333444.715,5243.055555555556
1361333469.546,3437.5
1361333469.609,4484.375
1361333458.002,39409.49789325843
1361333465.067,4520.833333333333
1361333465.446,7583.333333333333
1361333488.763,159.7222222222222
1361333498.655,329.4270833333333
1361333498.717,345.13888888888886
1361333501.717,805.17578125
1361333496.932,1422.752808988764
1361333497.062,955.965909090909
1361333498.271,331.43939393939394
1361333498.59,779.5138888888888
1361333501.506,1416.6666666666667
1361333503.923,2234.375
1361333507.376,6539.0625
1361333504.174,4890.625
1361333507.628,9906.25
1361333507.755,9765.625
1361333504.298,9765.625
1361333504.425,4451.171875
1361333498.274,136.875
1361333498.273,102.90178571428571
1361333506.442,3644.53125
1361333506.569,4651.041666666667
1361333506.888,558.59375
1361333507.265,2445.3125
1361333496.481,963.1944444444445
1361333507.808,1516.1830357142858
1361333504.793,980.46875
1361333498.708,14811.868686868687
1361333500.563,158.63095238095238
1361333500.626,278.1575520833333
1361333487.275,7.8125
1361333209.644,156746.21212121213
1361333508.086,1315.7327586206898
1361333500.691,6.944444444444444
1361333518.967,4015.625
1361333500.615,7.004310344827586
1361333497.033,11435.267857142857
1361333498.304,233.20578231292515
1361333496.717,1098.4375
1361333496.78,1220.703125
1361333496.715,7455.729166666667
1361333496.714,863.6363636363636
1361333498.272,1082.6508620689654
1361333496.367,1825.892857142857
1361333496.622,4527.994791666667
1361333496.622,998.5795454545454
1361333496.686,1339.2857142857142
1361333496.685,820.6845238095239
1361333496.873,312.5
1361333498.248,927.1918402777778
1361333505.142,187.56056201550388
1361333525.302,2156.25
1361333514.699,117.3757530120482
1361333506.635,156.3145661157025
1361333506.068,6771.577380952382
1361333505.827,15281.25
1361333507.533,327875.0
1361333508.725,3179.2279411764707
1361333508.634,2844.5723684210525
1361333535.277,7359.375
1361333529.478,3437.5
1361333529.541,4484.375
1361333534.84,1398.4375
1361333527.456,12331.868489583334
1361333519.133,2934.523809523809
1361333527.427,58.54430379746835
1361333527.232,357.630076142132
1361333533.173,33505.434782608696
1361333534.658,2109.375
1361333559.467,479.1666666666667
1361333552.787,336.57094594594594
1361333552.373,6781.25
1361333620.645,339.2857142857143
1361333620.709,329.63709677419354
1361333620.772,1210.2864583333333
1361333619.558,6156.25
1361333620.57,364.95535714285717
1361333619.645,148.6280487804878
1361333623.548,334.44148936170217
1361333620.594,2665.3645833333335
1361333620.72,107.65895953757224
1361333628.768,607.1428571428571
1361333628.894,476.0174418604651
1361333629.022,556.0661764705882
1361333626.077,404.01785714285717
1361333629.148,669.1810344827587
1361333626.523,583.7673611111112
1361333624.3,297.72727272727275
1361333627.819,532.4074074074074
1361333620.516,13583.220108695652
1361333620.516,1819.896449704142
1361333620.58,8449.557086614173
1361333620.58,11631.766732283464
1361333628.831,489.5833333333333
1361333628.831,480.3779069767442
1361333628.831,471.65697674418607
1361333626.074,352.67857142857144
1361333626.439,470.5357142857143
1361333626.566,390.625
1361333613.41,1705.078125
1361333635.619,399.6010638297872
1361333637.248,492.7455357142857
1361333626.045,197.12611607142858
1361333626.109,145.6432481751825
1361333637.812,734.9759615384615
1361333638.514,1102.6785714285713
1361333635.353,352.7960526315789
1361333635.48,439.2361111111111
1361333635.479,442.1875
1361333635.73,356.7073170731707
1361333625.968,332.3643410852713
1361333626.413,239.247311827957
1361333634.475,872.5328947368422
1361333634.474,562.5
1361333638.31,767.4632352941177
1361333620.517,353.125
1361333620.453,246.29934210526315
1361333620.474,403.125
1361333619.32,3818.75
1361333620.442,937.5
1361333620.442,467.5925925925926
1361333620.284,4712.733725761773
1361333620.284,52.39986187845304
1361333620.474,1913.8962765957447
1361333639.523,178.50378787878788
1361333632.35,7250.790028089888
1361333629.12,116.64402173913044
1361333630.457,1556.1708860759493
1361333639.03,161.3685344827586
1361333635.478,119.47115384615385
1361333635.478,141.9471153846154
1361333634.473,112.5
1361333624.196,234.375
1361333624.194,144.23076923076923
1361333626.235,4173.295454545454
1361333626.362,98.6842105263158
1361333623.792,375.0
1361333626.146,857.03125
1361333626.272,98.6842105263158
1361333629.37,1470.1286764705883
1361333627.598,29.76190476190476
1361333628.037,718.75
1361333627.55,206.83396464646464
1361333628.5,529.1559278350514
1361333634.55,27.545592705167174
1361333632.248,43.91891891891892
1361333632.733,87.05357142857143
1361333633.366,102.67857142857143
1361333634.422,159.7222222222222
1361333634.485,812.5
1361333634.549,468.75
1361333634.549,401.7857142857143
1361333634.548,401.7857142857143
1361333634.676,148.02631578947367
1361333634.739,468.75
1361333634.738,375.0
1361333634.733,375.0
1361333632.083,62.5
1361333632.083,62.5
1361333632.271,67.70833333333333
1361333634.335,165.8653846153846
1361333634.335,479.1666666666667
1361333634.462,401.7857142857143
1361333634.462,401.7857142857143
1361333634.654,468.75
1361333634.653,312.5
1361333634.629,468.75
1361333634.628,375.0
1361333635.363,561.6319444444445
1361333634.873,375.0
1361333635.059,722.3214285714286
1361333635.184,506.57894736842104
1361333635.311,110.29411764705883
1361333636.429,117.1875
1361333635.097,1098.9583333333333
1361333635.284,661.7647058823529
1361333636.28,165.44117647058823
1361333638.022,625.0
1361333656.724,2156.25
1361333660.481,1840.625
1361333658.107,358.9939024390244
1361333668.55,300.6628787878788
1361333669.056,1000.0
1361333671.767,1283.288043478261
1361333671.83,1424.6527777777778
1361333674.544,239.58333333333334
1361333674.542,29.017857142857142
1361333674.542,205.35714285714286
1361333672.008,296.875
1361333671.679,1891.9836956521738
1361333674.393,166.25
1361333674.456,239.58333333333334
1361333656.096,3996.9059405940593
1361333657.528,80.08982035928145
1361333674.34,21396.222014925374
1361333664.287,15.52547770700637
1361333668.948,3809.6955128205127
1361333668.948,2240.9156976744184
1361333668.883,934.2893835616438
1361333669.011,2630.2083333333335
1361333669.513,325.3141534391534
1361333669.877,2403.846153846154
1361333669.874,770.7760989010989
1361333670.381,716.4877946127947
1361333668.86,2991.753472222222
1361333668.86,2433.699324324324
1361333668.924,470.7485465116279
1361333668.809,2936.6554054054054
1361333668.809,683.0818965517242
1361333668.873,2343.75
1361333669.38,2514.0224358974356
1361333669.444,567.2249251497005
1361333669.444,485.1102941176471
1361333669.443,2251.7361111111113
1361333670.267,670.2508960573476
1361333686.882,107.57211538461539
1361333691.784,4195.3125
1361333677.115,94.42138671875
1361333672.496,85.22727272727272
1361333676.089,101.91392733564014
1361333699.483,817.2348484848485
1361333696.978,1489.7058823529412
1361333697.042,21469.368811881188
1361333690.35,185.38411458333334
1361333701.677,1276.7857142857142
1361333701.613,1614.5833333333333
1361333701.677,1489.5833333333333
1361333702.059,1630.2083333333333
1361333702.122,698.6607142857143
1361333702.952,918.75
1361333699.303,943.0147058823529
1361333699.302,7906.25
1361333699.302,856.6176470588235
1361333699.535,860.383064516129
1361333700.294,1287.5
1361333700.42,865.1315789473684
1361333698.213,687.5
1361333701.604,1489.5833333333333
1361333701.984,1956.25
1361333702.367,1020.8333333333333
1361333683.476,688.6505344418052
1361333685.508,153.73563218390805
1361333703.246,228.0982905982906
1361333704.012,321.96969696969694
1361333707.846,610.3515625
1361333705.763,143.75
1361333708.962,2463.815789473684
1361333706.017,134.765625
1361333706.017,89.84375
1361333705.953,723.2954545454545
1361333706.017,134.765625
1361333706.017,134.765625
1361333698.273,91.47135416666667
1361333706.525,215.625
1361333709.724,843.75
1361333701.978,670.2063106796116
1361333710.041,1160.15625
1361333696.118,56.751943005181346
1361333696.181,917.96875
1361333707.762,1132.3529411764705
1361333704.306,405.61655405405406
1361333697.007,568.9155629139074
1361333705.929,134.765625
1361333705.929,119.79166666666667
1361333698.185,91.47135416666667
1361333705.928,134.765625
1361333705.932,113.48684210526316
1361333705.932,134.765625
1361333709.828,4248.4375
1361333709.827,7293.75
1361333710.146,250.0
1361333702.337,183.59375
1361333688.659,5.404135338345864
1361333690.098,234.375
1361333689.613,57.39265927977839
1361333690.88,104.16666666666667
1361333704.975,210.55074257425744
1361333708.044,259.765625
1361333711.903,2097.65625
1361333711.902,4054.6875
1361333712.199,650.6696428571429
1361333704.452,77.2938829787234
1361333705.724,277.85326086956525
1361333696.831,5514.084507042254
1361333696.597,2322.9166666666665
1361333696.597,964.6739130434783
1361333696.657,1146.484375
1361333696.724,1271.7225609756097
1361333696.659,5923.141891891893
1361333696.659,8381.410256410258
1361333696.508,1149.21875
1361333696.508,964.6739130434783
1361333696.511,1677.8846153846155
1361333696.639,2821.153846153846
1361333699.01,299.625
1361333702.274,9967.133620689654
1361333701.35,14163.272471910112
1361333701.413,6868.832236842105
1361333702.239,3505.7870370370374
1361333702.239,2068.9827127659573
1361333702.002,4848.011363636363
1361333702.827,455.35714285714283
1361333698.985,3091.0714285714284
1361333706.094,468.75
1361333705.452,1436.7732558139535
1361333703.25,98.6842105263158
1361333703.313,133.92857142857142
1361333704.306,332.03125
1361333705.509,1000.7102272727273
1361333705.678,159.7222222222222
1361333705.678,196.02272727272725
1361333705.742,243.75
1361333705.804,179.6875
1361333702.906,708.1367924528303
1361333703.202,234.375
1361333710.289,48656.25
1361333722.604,8.552631578947368
1361333711.315,96546.875
1361333711.748,18453.125
1361333714.041,3350.4464285714284
1361333711.659,25859.375
1361333711.659,25710.9375
1361333711.659,19625.0
1361333711.762,47739.583333333336
1361333755.732,2156.25
1361333760.051,1853.125
1361333763.821,143.75
1361333763.821,134.765625
1361333763.757,215.625
1361333763.821,95.83333333333334
1361333763.82,134.765625
1361333759.998,269.7368421052632
1361333763.747,134.765625
1361333763.747,179.6875
1361333763.747,134.765625
1361333763.747,134.765625
1361333761.111,144847.14147286824
1361333755.471,3027.34375
1361333759.543,21.666666666666668
1361333769.03,155.6640625
1361333760.32,4055.803571428571
1361333763.631,226.5625
1361333763.389,139.42307692307693
1361333768.665,99.16602760736197
1361333789.38,171.76724137931035
1361333785.603,16.843971631205672
1361333811.634,2414.0625
1361333811.603,894.847972972973
1361333807.35,856.25
1361333808.574,3247.7678571428573
1361333926.82,26.136363636363633
1361333937.313,38.69047619047619
1361333939.141,33.39041095890411
1361333937.176,36.38059701492537
1361333937.175,35.845588235294116
1361333993.206,3709.375
1361333987.406,4108.333333333333
1361333990.1,92.7734375
1361333992.805,3319.8529411764707
1361334033.257,85.9375
1361334035.208,5553.571428571428
1361334030.563,1210.9375
1361334050.096,193.64754098360658
1361334050.414,23132.8125
1361334050.414,1576.450892857143
1361334050.414,51075.05580357143
1361334038.678,3120.7505230125525
1361334051.669,8532.552083333334
1361334039.184,40.04329004329004
1361334039.184,40.04329004329004
1361334039.184,40.04329004329004
1361334049.832,24187.5
1361334050.084,21857.32581967213
1361334050.34,1208.705357142857
1361334050.339,19646.20535714286
1361334038.615,1364.866631799163
1361334038.809,1094.3458686440677
1361334039.108,40.04329004329004
1361334035.157,5745.625
1361334062.227,5125.0
1361334041.254,17.943548387096776
1361334056.095,6421.875
1361334056.265,7583.333333333333
1361334088.063,37.86057692307692
1361334099.693,9.557038834951456
1361334138.633,62.83244680851063
1361334143.024,33.55823863636364
1361334145.695,15.625
1361334155.909,8.449570815450645
1361334205.013,3706.25
1361334203.815,76.61290322580645
1361334201.22,2044.642857142857
1361334202.597,11022.32142857143
1361334205.504,6680.147058823529
1361334210.773,30.612244897959183
1361334262.195,2156.25
1361334263.34,123.046875
1361334266.495,31.25
1361334325.383,61.5234375
1361334333.313,15.75
1361334379.072,62.83244680851063
1361334379.072,62.83244680851063
1361334386.162,15.625
1361334386.068,15.625
1361334509.096,4828.125
1361334509.476,4108.333333333333
1361334549.825,480.46875
1361334551.166,1721.25
1361334551.835,468.75
1361334551.986,28.409090909090907
1361334554.648,4108.333333333333
1361334614.676,2853.125
1361334609.745,2209.490740740741
1361334612.542,4071.614583333333
1361334659.967,1309.5703125
1361334663.357,2796.875
1361334663.547,4666.666666666667
1361334663.675,4195.3125
1361334657.468,13938.125
1361334657.38,14297.554347826088
1361334670.378,15893.45079787234
1361334659.801,2812.5
1361334659.799,2812.5
1361334659.927,8437.5
1361334659.799,2812.5
1361334659.715,236.328125
1361334662.236,30220.3125
1361334663.187,98796.875
1361334663.936,32703.125
1361334663.936,36671.875
1361334663.935,23703.125
1361334663.935,37281.25
1361334663.935,36906.25
1361334663.935,9828.125
1361334664.611,62.09520725388601
1361334663.847,33875.0
1361334663.847,47609.375
1361334663.847,45843.75
1361334663.826,48765.625
1361334663.826,37500.0
1361334663.826,37343.75
1361334664.268,77.72229381443299
1361334689.525,5338.541666666667
1361334689.587,15598.958333333334
1361334689.651,9023.4375
1361334689.777,29234.375
1361334686.629,7464.84375
1361334686.633,3828.125
1361334686.633,23088.541666666668
1361334686.633,13216.145833333334
1361334683.559,27917.708333333332
1361334687.014,6481.25
1361334683.558,66930.98958333333
1361334687.014,18401.785714285714
1361334687.014,6984.375
1361334687.332,1341.1458333333333
1361334684.62,1221.3541666666667
1361334684.62,3979.1666666666665
1361334687.882,3951.041666666667
1361334687.877,2311.4583333333335
1361334687.945,3175.0
1361334688.835,8800.78125
1361334688.835,17377.604166666668
1361334689.086,6687.5
1361334689.086,9855.46875
1361334689.214,2347.65625
1361334689.345,6734.375
1361334689.217,3262.5
1361334689.344,45658.854166666664
1361334689.535,5890.625
1361334689.535,13921.875
1361334689.661,24203.125
1361334689.724,12218.75
1361334686.559,2236.9791666666665
1361334686.559,26315.104166666668
1361334682.974,20926.020408163266
1361334683.292,39984.86328125
1361334686.939,11176.682692307691
1361334686.938,8162.5
1361334683.482,22413.602941176472
1361334683.413,1074.6527777777776
1361334687.128,365.38461538461536
1361334687.191,1402.5
1361334687.382,3761.160714285714
1361334687.318,1366.25
1361334687.698,24203.125
1361334687.762,19312.5
1361334685.307,2882.8125
1361334688.633,4140.625
1361334688.633,9488.28125
1361334688.952,11755.208333333334
1361334689.016,13843.75
1361334689.016,10425.78125
1361334689.143,9757.8125
1361334689.271,31833.333333333332
1361334697.563,30078.125
1361334689.947,2156.25
1361334686.541,3029.532967032967
1361334686.8,164.45974576271186
1361334686.926,167.29525862068968
1361334687.16,2057.7799479166665
1361334692.271,2699.21875
1361334692.27,4750.0
1361334697.545,4476.5625
1361334694.523,9500.0
1361334687.076,2051.7578125
1361334692.188,2707.03125
1361334687.827,188.74446902654867
1361334686.546,17578.125
1361334689.161,762.3376623376623
1361334686.817,212.18565088757396
1361334687.448,380.2083333333333
1361334706.145,17122.65625
1361334706.272,7442.3828125
1361334707.668,2220.505617977528
1361334707.838,7769.791666666666
1361334708.474,2444.8529411764707
1361334708.533,2869.4556451612907
1361334708.791,1742.4395161290322
1361334708.853,5306.42361111111
1361334712.621,21343.75
1361334712.792,26229.166666666668
1361334712.985,8312.5
1361334713.367,4442.708333333333
1361334705.621,33303.75
1361334706.067,4465.909090909091
1361334706.067,9769.96527777778
1361334707.563,4040.865384615385
1361334707.563,11013.671875
1361334707.754,12327.1484375
1361334707.813,6651.5625
1361334708.262,558.8235294117648
1361334708.388,4901.110197368421
1361334713.096,4322.916666666667
1361334712.904,18005.208333333332
1361334713.223,43460.9375
1361334690.182,299.7976618705036
1361334692.843,130.625
1361334689.95,5468.75
1361334691.404,1050.4718440594058
1361334692.798,2113.29189373297
1361334695.213,692.0264623955433
1361334695.08,156.1634349030471
1361334695.689,69.5508356545961
1361334717.616,9500.0
1361334714.346,1392.1875
1361334714.474,1279.8295454545455
1361334708.298,83.53365384615384
1361334717.186,4750.0
1361334713.909,6140.625
1361334709.557,883.4821428571429
1361334709.751,4504.892676767677
1361334714.401,1055.5555555555557
1361334710.492,822.289156626506
1361334710.809,495.3589108910891
1361334708.24,138.5216346153846
1361334701.58,86.57212885154061
1361334701.952,11375.0
1361334708.984,141.32254464285714
1361334708.069,2116.4952531645567
1361334708.679,10521.110372340425
1361334731.325,359.375
1361334714.881,817.3611111111111
1361334715.829,16096.875
1361334714.422,3267.2872340425533
1361334714.675,397.2222222222222
1361334714.99,4850.0
1361334715.534,19390.625
1361334717.721,24859.375
1361334717.0,4151.041666666667
1361334717.698,113242.1875
1361334718.352,18875.0
1361334692.427,4988.983548766157
1361334761.226,718.75
1361334952.217,59.5703125
1361335149.701,31.25
1361335275.855,34.57446808510638
1361335309.896,52.951388888888886
1361335438.655,31.914893617021274
1361335987.267,20958.333333333332
1361335987.643,21291.666666666668
1361335988.344,3057.638888888889
1361335988.355,12690.581995412844
1361335987.944,21732.43979357798
1361335984.638,213.60035211267606
1361335991.032,2161.230079681275
1361335991.158,121.92730125523013
1361335991.83,2838.671875
1361335988.979,10766.904239766081
1361335989.043,7646.412037037037
1361336010.625,22.0734126984127
1361336000.068,39.8936170212766
1361336011.691,10.052447552447552
1361336003.944,186.5053050397878
1361336030.915,9.21474358974359
1361335988.2,932.887246068152
1361336237.918,1437.5
1361336237.809,11.08611825192802
1361336261.899,57.904411764705884
1361336242.761,9.21474358974359
1361336253.585,9.21474358974359
1361336269.588,14.370437956204379
1361336273.572,4.478193146417445
1361335988.346,17294.07514450867
1361336277.698,5.472715736040609
1361336654.312,15.957446808510637
1361336982.244,1022.2942073170731
1361336986.272,7000.0
1361336984.133,1191.2615740740741
1361336988.768,89.42307692307692
1361336987.464,1652.9255319148936
1361336987.589,83.87531725888326
1361336987.944,27191.40625
1361336987.943,22580.018939393936
1361336990.786,25743.75
1361336991.628,1086.3095238095236
1361336991.692,991.4772727272727
1361336991.628,651.7857142857143
1361336991.543,814.7321428571429
1361337024.318,1165.3010670731708
1361337028.415,1179.470486111111
1361337024.246,19787.946428571428
1361337033.008,169.11764705882354
1361337017.185,7231.25
1361337019.291,50.79113924050633
1361337019.353,5295.3125
1361337024.282,11319.711538461539
1361337047.039,99.6875
1361337046.37,915.625
1361337032.334,2874.463848039216
1361337054.379,4636.71875
1361337054.503,20.911654135338345
1361337054.244,689.7865853658537
1361337044.69,3133.5616438356165
1361337044.69,32354.166666666664
1361337044.06,4729.016012396694
1361337044.606,1359.375
1361337044.606,2313.8020833333335
1361337050.432,4036.458333333333
1361337054.562,7569.791666666666
1361337058.471,57403.93518518518
1361337062.406,7583.333333333333
1361337059.172,49635.416666666664
1361337059.172,52563.541666666664
1361337059.17,147736.77884615384
1361337062.045,130.34018987341773
1361337114.253,2156.25
1361337114.272,2156.25
1361337114.208,2156.25
1361337096.925,52218.75
1361337097.305,105009.61538461539
1361337097.496,21627.604166666668
1361337102.227,5252.804487179487
1361337101.994,16984.375
1361337059.177,3276.8000228937726
1361337059.176,3550.452152014652
1361337128.977,431.25
1361337115.401,4520.833333333333
1361337115.628,7583.333333333333
1361337018.654,2166.911319612591
1361337019.156,1181.1285697565543
1361337019.16,1689.8773993445693
1361337018.42,2582.702608290638
1361337019.088,1753.950140449438
1361337175.522,2156.25
1361337175.522,2156.25
1361337165.417,1127.4623925501432
1361337165.417,266.66969476744185
1361337165.309,733.2394622093024
1361337165.309,3510.8618233618236
1361337188.049,40210.9375
1361337228.296,3845.4861111111113
1361337228.869,15468.75
1361337228.186,8414.930555555555
1361337228.759,12468.75
1361337257.74,135.41666666666666
1361337260.332,34.57446808510638
1361337274.491,44203.125
1361337274.475,22507.8125
1361337276.084,7449.652777777777
1361337276.845,1613.28125
1361337277.035,2726.5625
1361337280.619,5633.928571428572
1361337280.619,8107.8869047619055
1361337277.353,6453.125
1361337281.25,42366.95075757576
1361337281.805,2573.3173076923076
1361337280.231,14837.823275862069
1361337276.514,15067.708333333334
1361337276.645,875.0
1361337280.547,2210.9375
1361337280.547,5662.5
1361337280.547,4282.7380952380945
1361337277.086,3226.5625
1361337281.82,2235.6770833333335
1361337281.818,3920.5729166666665
1361337281.882,10367.1875
1361337280.747,68546.875
1361337280.938,8018.750000000001
1361337280.938,71451.70454545454
1361337284.714,5893.382352941177
1361337281.257,21445.02314814815
1361337281.257,1301.5625
1361337281.449,1854.6875
1361337282.283,2568.359375
1361337282.535,1963.9423076923076
1361337282.662,2506.6964285714284
1361337283.556,8761.28472222222
1361337283.556,1453.9473684210527
1361337280.674,14296.875
1361337280.866,5843.75
1361337280.866,4703.125
1361337280.93,8773.4375
1361337280.93,7181.25
1361337284.578,1345.5882352941178
1361337281.057,11648.065476190477
1361337281.057,29258.41346153846
1361337281.249,11448.153409090908
1361337282.398,1985.4166666666665
1361337280.478,29192.708333333332
1361337285.79,2088.5416666666665
1361337283.548,1710.9375
1361337283.548,1143.75
1361337283.548,3172.794117647059
1361337283.548,5697.368421052632
1361337283.904,58740.234375
1361337283.838,5328.993055555556
1361337284.537,66.32653061224491
1361337284.792,8482.638888888889
1361337284.856,3655.1339285714284
1361337284.856,10223.6328125
1361337288.498,12144.770408163266
1361337288.502,708.3333333333334
1361337285.109,4818.75
1361337285.364,487.5
1361337285.364,10067.708333333334
1361337285.364,487.5
1361337285.427,609.375
1361337286.381,36914.66346153846
1361337283.857,6211.458333333334
1361337283.857,758.3333333333333
1361337287.568,24480.397727272728
1361337283.727,861.328125
1361337283.854,5198.958333333334
1361337227.79,2523.7659015486724
1361337284.81,9820.77205882353
1361337285.356,609.375
1361337280.874,33749.730603448275
1361337285.67,5737.9807692307695
1361337165.034,4704.553761297182
1361337285.801,5403.492647058823
1361337289.573,1767.0454545454545
1361337287.136,7086.71875
1361337274.457,33232.35887096774
1361337275.325,187.5
1361337275.516,312.5
1361337275.516,267.85714285714283
1361337275.052,3781.25
1361337275.688,375.0
1361337275.368,375.0
1361337275.431,267.85714285714283
1361337292.384,1812.5
1361337292.638,1178.9772727272727
1361337293.084,2906.25
1361337293.593,4576.822916666667
1361337294.098,7223.958333333333
1361337286.332,38246.47177419355
1361337294.394,1068.75
1361337294.712,12342.548076923076
1361337291.059,16677.24609375
1361337291.054,1474.431818181818
1361337293.267,1462.2395833333333
1361337293.202,1864.5833333333333
1361337293.585,1986.9791666666667
1361337294.219,3472.65625
1361337294.281,998.4375
1361337275.958,234.375
1361337277.835,13750.0
1361337278.025,35733.92857142857
1361337278.786,15912.364130434784
1361337278.786,23243.489583333332
1361337278.764,12820.3125
1361337275.87,375.0
1361337276.867,267.85714285714283
1361337278.675,40878.28947368421
1361337298.801,1374.7438524590164
1361337306.736,6477.678571428572
1361337295.978,14118.19556451613
1361337303.974,32882.004310344826
1361337306.367,7390.625
1361337306.684,2185.2678571428573
1361337306.62,3882.8125
1361337306.684,1758.9285714285713
1361337307.131,863.6363636363636
1361337307.131,863.6363636363636
1361337307.365,2185.7638888888887
1361337306.144,1570.408950617284
1361337307.357,23403.27380952381
1361337307.804,365.7924107142857
1361337284.349,1041.6666666666667
1361337307.427,907.2745901639344
1361337311.458,3214.84375
1361337300.001,2595.2765804597702
1361337305.953,551.5422077922077
1361337300.0,7202.406609195403
1361337303.583,1888.9945652173915
1361337305.944,2573.863636363636
1361337308.76,307.6356132075472
1361337312.913,15036.458333333334
1361337313.297,20281.25
1361337301.712,2709.9471830985917
1361337309.775,7054.6875
1361337305.295,1860.1888020833333
1361337309.775,871.875
1361337313.679,25618.75
1361337313.678,4773.4375
1361337313.678,40501.420454545456
1361337313.678,48122.596153846156
1361337310.01,2575.5208333333335
1361337310.074,192.70833333333334
1361337305.595,3269.1432119205297
1361337310.203,3190.1041666666665
1361337305.595,3944.4329470198672
1361337310.267,269.77848101265823
1361337310.01,254.32981927710847
1361337310.074,218.57040229885058
1361337305.594,474.15123456790127
1361337278.326,5071.610077854671
1361337310.198,2390.625
1361337314.038,39142.578125
1361337310.584,1914.0625
1361337305.911,132.8125
1361337310.583,1703.125
1361337310.774,1057.8125
1361337310.837,1218.75
1361337310.901,998.5795454545454
1361337310.773,975.0
1361337314.612,15500.0
1361337314.612,4729.166666666667
1361337314.612,31839.285714285714
1361337274.1,18612.13235294118
1361337274.1,7445.871509598604
1361337303.155,459.2725409836065
1361337306.418,4266.025641025642
1361337274.098,9263.007198952879
1361337306.674,1643.1587837837837
1361337306.674,4414.0625
1361337306.673,3926.513671875
1361337306.673,19128.935185185186
1361337306.673,3527.587890625
1361337314.928,2511.363636363636
1361337314.992,2937.5
1361337315.056,2012.5000000000002
1361337315.056,2162.5
1361337315.12,2291.6666666666665
1361337315.312,431.25
1361337315.247,390.625
1361337311.407,2812.5
1361337299.95,1189.3857758620688
1361337299.95,8277.568247126437
1361337299.95,2391.457100591716
1361337311.598,5664.0625
1361337311.598,9085.9375
1361337315.628,7937.5
1361337315.692,20395.833333333332
1361337309.26,1055.5555555555557
1361337309.323,431.1079545454545
1361337305.544,8844.777960526315
1361337313.608,20601.5625
1361337313.608,6989.583333333333
1361337305.544,6898.488562091504
1361337310.023,1901.0416666666667
1361337310.023,2803.125
1361337305.862,163.85690789473685
1361337310.337,2119.7916666666665
1361337305.861,584.2927631578947
1361337286.469,49895.64732142857
1361337310.469,1867.1875
1361337310.469,1416.6666666666667
1361337310.469,1789.0625
1361337310.533,2057.2916666666665
1361337286.852,52925.77077747989
1361337310.724,1075.7211538461538
1361337310.723,1575.0
1361337310.851,1457.8125
1361337310.851,1423.2954545454545
1361337310.978,1416.6666666666667
1361337287.106,20016.554054054053
1361337314.562,18362.5
1361337314.562,34589.28571428572
1361337314.562,29296.875
1361337306.6,17620.561079545452
1361337298.92,4598.494764397906
1361337314.919,2887.5
1361337315.667,4975.0
1361337312.462,93.75
1361337308.748,838.3487654320988
1361337313.669,1263.1392045454545
1361337314.601,1489.5055970149253
1361337306.726,613.28125
1361337306.662,21088.4375
1361337311.65,219.5121951219512
1361337315.617,52082.58928571428
1361337311.408,99.81617647058825
1361337315.246,1041.6666666666667
1361337307.309,19028.020833333332
1361337307.82,8149.753289473684
1361337302.227,533.203125
1361337302.394,7583.333333333333
1361337307.397,156.25
1361337306.539,1772.5694444444443
1361337024.157,33955.79769736842
1361337310.692,8101.5625
1361337311.244,50.68386426592797
1361337311.244,968.75
1361337311.307,37.04986149584487
1361337309.088,1465.8203125
1361337310.843,6479.166666666667
1361337311.096,3785.15625
1361337311.095,2343.75
1361337311.159,2300.0
1361337311.222,2825.8928571428573
1361337311.395,6625.0
1361337310.341,38265.625
1361337310.68,1263.671875
1361337024.183,21394.93189102564
1361337314.434,10358.88671875
1361337316.505,7140.625
1361337316.419,1625.0
1361337358.692,1078.125
1361337358.641,2156.25
1361337416.683,885.5574324324325
1361337417.063,7054.6875
1361337416.955,4734.375
1361337416.954,7054.6875
1361337416.954,2091.1458333333335
1361337464.064,4640.625
1361337464.064,9281.25
1361337464.064,4640.625
1361337463.977,4640.625
1361337463.976,883.0236486486486
1361337416.291,5034.372777382646
1361337511.253,24012.42469879518
1361337512.275,949.7282608695651
1361337512.654,3156.25
1361337512.653,4703.125
1361337512.717,4734.375
1361337512.537,4703.125
1361337585.604,9468.75
1361337585.539,13807.291666666666
1361337584.09,59934.244791666664
1361337584.725,3747.916666666667
1361337585.518,9468.75
1361337585.516,16304.6875
1361337649.121,1205.4936835106382
1361337649.566,117.29336043360433
1361337672.127,223.54868913857678
1361337672.127,230.10299625468164
1361337672.046,223.54868913857678
1361337672.046,216.9943820224719
1361337680.438,2927.7083333333335
1361337689.151,5781.25
1361337772.474,240.0767543859649
1361337772.399,275.18382352941177
1361337772.399,254.5955882352941
1361337772.394,517.0955882352941
1361337772.394,200.0
1361337828.551,1625.0
1361337768.514,2451.2258287292816
1361337855.686,1552.0833333333333
1361337858.373,34191.20370370371
1361337853.374,162742.1875
1361337853.374,372570.3125
1361337853.809,4218.75
1361337853.813,4218.75
1361337856.201,1654.4961734693877
1361337856.558,1538.5529891304348
1361337853.729,4218.75
1361337853.729,4218.75
1361337853.728,4218.75
1361337856.476,1120.231807511737
1361337858.391,20628.125
1361337859.385,276.3342696629214
1361337859.638,9375.204248366012
1361337862.301,1444.5684523809523
1361337862.471,19906.25
1361337862.85,36808.38815789474
1361337864.116,14375.0
1361337864.116,38109.375
1361337862.199,10996.09375
1361337862.199,5724.943693693694
1361337862.198,4162.5744047619055
1361337862.198,10121.875
1361337865.042,58786.458333333336
1361337865.042,15526.041666666666
1361337865.168,135715.625
1361337865.084,57692.708333333336
1361337872.702,21593.75
1361337872.849,21593.75
1361337879.008,2606.4453125
1361337913.178,859.375
1361337859.319,2968.0779569892475
1361337915.7,2156.25
1361337912.879,3437.5
1361337902.79,20312.5
1361337974.975,5202.34375
1361337859.19,4921.106003244997
1361337859.186,3597.94350117096
1361338306.929,9.622713414634147
1361338604.361,32.608695652173914
1361340332.033,635.4166666666666
1361340366.309,51.520270270270274
1361340631.396,953.125
1361342305.607,31.914893617021274
1361344685.84,54.464285714285715
1361344707.53,57.765151515151516
1361347107.103,15.957446808510637
1361347546.69,16.96428571428571
1361347957.109,130.6818181818182
1361349861.219,56.06617647058824
1361350051.935,317.7083333333333
1361350167.089,52.951388888888886
1361351112.423,16.843971631205672
1361354062.19,15.957446808510637
1361354894.034,50.16447368421053
1361355018.647,51.520270270270274
1361355119.813,50.16447368421053
1361355277.394,51.520270270270274
1361355333.998,13.614766081871345
1361355547.972,9.09090909090909
1361357297.032,3593.75
1361358061.734,11.322463768115941
1361358324.037,15.972222222222221
1361363571.951,125.0
1361363573.894,125.0
1361365916.105,31.914893617021274
1361370168.238,34.57446808510638
1361372210.622,32.14285714285714
1361372843.856,11.873100303951368
1361375870.904,6.686046511627907
1361376081.212,70.04310344827586
1361376088.858,13.10483870967742
1361376106.734,10.416666666666666
1361376126.781,10.416666666666666
1361376114.785,165.20833333333334
1361376379.635,18984.375
1361376379.933,2928.3854166666665
1361376568.006,10179.6875
1361376635.126,3255.2083333333335
1361376635.698,5649.553571428572
1361376635.295,6984.375
1361376637.584,10179.6875
1361376669.939,17.857142857142858
1361376682.615,25.657894736842106
1361376696.728,10.416666666666666
1361376716.627,10.416666666666666
1361376704.824,194.80399408284023
1361377478.096,16.96428571428571
1361378176.617,11.192693409742121
1361378898.631,22.4609375
1361379012.792,15.84507042253521
1361379340.518,39828.125
1361379344.428,12960.9375
1361379339.79,3243.4210526315787
1361379345.174,445.79196750902526
1361379368.242,2765.625
1361379373.103,303.6458333333333
1361379373.101,627.5
1361379375.876,1048.828125
1361379380.041,2381.944444444445
1361379366.366,4218.75
1361379365.637,162742.1875
1361379366.246,8437.5
1361379366.244,8437.5
1361379366.244,4218.75
1361380988.269,719.3692835365854
1361380988.332,31843.75
1361380992.006,1366.6920731707316
1361381013.129,165.29605263157896
1361381013.129,4484.375
1361381006.591,8410.416666666666
1361381020.612,20.23565573770492
1361381009.107,6858.270202020202
1361381009.365,2530.8522727272725
1361381010.125,221453.125
1361381010.121,408628.125
1361381009.089,21479.166666666668
1361381018.246,3297.6762820512818
1361380985.605,3015.833333333333
1361381043.196,4484.375
1361381043.131,3265.625
1361380845.999,3582.821121389159
1361381043.116,4484.375
1361381043.18,149.55357142857142
1361380943.686,4043.0847772277225
1361381038.16,520.8938953488372
1361381051.426,18.702651515151516
1361381051.553,18.42350746268657
1361381047.4,5108.854166666666
1361381047.25,48943.359375
1361381047.25,516.7206554878048
1361381047.314,12802.083333333334
1361381047.314,118619.140625
1361381067.047,2156.25
1361381073.0,5078.125
1361381068.176,1820.0966850828731
1361381079.54,2660.714285714286
1361381102.744,303.24074074074076
1361381102.744,5078.125
1361381085.366,426.52925531914894
1361381085.339,407.57978723404256
1361381084.646,540.1785714285714
1361381106.546,39.18650793650794
1361381091.245,3697.9166666666665
1361381099.755,209.39217032967034
1361381132.955,4484.375
1361381132.887,4484.375
1361381132.887,4484.375
1361381133.019,4484.375
1361381133.018,3578.125
1361381118.506,9.875
1361381085.187,6147.037934491979
1361381085.187,6592.894692923899
1361381118.406,518.3403201219512
1361381139.526,17109.375
1361381139.439,384796.875
1361381140.869,5214.488636363637
1361381142.711,503.85551948051943
1361381151.357,1612.617924528302
1361381158.334,18940.625
1361381166.264,656.25
1361381193.085,579.4270833333334
1361381194.813,39.818548387096776
1361381177.885,203.73134328358208
1361381208.679,9.914658634538153
1361381210.663,203.73134328358208
1361381243.033,200.14662756598239
1361381269.494,16162.500000000002
1361381278.931,178.73989218328842
1361381308.479,18925.0
1361381308.305,509.75529100529104
1361381316.326,267.42788461538464
1361381314.841,1098.4375
1361381319.084,6354.166666666667
1361381319.083,3971.3541666666665
1361381319.569,24117.1875
1361381319.505,41262.73148148148
1361381318.902,3995.3125
1361381319.41,22385.190217391304
1361381350.861,575.9569377990431
1361381373.657,3859.375
1361381361.236,12837.890625
1361381361.529,21856.25
1361381361.527,23580.729166666668
1361381360.991,35171.875
1361381361.118,13223.958333333334
1361381361.054,10779.017857142857
1361381367.751,637.7301068883611
1361381368.206,225.88028169014086
1361381370.06,3937.5
1361381370.119,266671.875
1361381385.295,448.32076149425285
1361381403.493,4484.375
1361381403.556,4484.375
1361381397.178,1282.8125
1361381406.515,204.01785714285714
1361381433.481,4484.375
1361381369.99,2594.231007944389
1361381427.559,3425.1644736842104
1361381308.738,4015.601096379398
1361381433.467,4484.375
1361381418.152,23203.125
1361381435.37,33.06361607142857
1361381435.56,61.71875
1361381429.083,1474.888392857143
1361381443.256,15.526729559748428
1361381438.061,3210.7263513513512
1361381438.026,5731.875
1361381438.068,31551.215277777777
1361381452.437,6692.708333333333
1361381455.551,14340.625
1361381456.616,2481.25
1361381463.312,2019.7048611111113
1361381463.312,5295.703125
1361381469.552,843.4446254071661
1361381470.093,17272.56944444444
1361381493.268,1144.53125
1361381493.268,1494.7916666666667
1361381490.85,74429.6875
1361381515.341,2156.25
1361381515.404,2156.25
1361381500.7,782.5051939058172
1361381503.069,4757.8125
1361381523.506,165.29605263157896
1361381462.883,3737.1828752642705
1361381523.36,5078.125
1361381523.424,5078.125
1361381507.032,191375.0
1361381529.953,417.72808056872043
1361381553.172,4484.375
1361381542.806,155531.25
1361381542.806,2138.8888888888887
1361381542.717,216729.9107142857
1361381542.717,218071.42857142858
1361381543.77,2406.25
1361381543.622,5937.5
1361381543.622,5648.4375
1361381583.385,4484.375
1361381583.32,272.91666666666663
1361381583.384,4484.375
1361381581.679,2476.5625
1361381583.238,272.91666666666663
1361381583.238,282.32758620689657
1361381583.302,4484.375
1361381583.301,4484.375
1361381581.595,3302.0833333333335
1361381581.595,2830.3571428571427
1361381564.432,2451.171875
1361381587.176,37.980769230769226
1361381587.304,36.84701492537314
1361381587.431,36.30514705882353
1361381581.348,1791.9034090909092
1361381582.338,80206.25
1361381582.25,79941.40625
1361381582.249,110890.625
1361381599.487,9.495192307692307
1361381599.927,9.24625468164794
1361381600.432,8.944746376811594
1361381595.069,179.53684573002755
1361381596.206,25175.0
1361381620.682,13006.578947368422
1361381621.951,146604.9107142857
1361381619.41,7978.29861111111
1361381620.722,2182.2916666666665
1361381625.798,10961.538461538461
1361381618.194,2803.5714285714284
1361381617.74,897.3214285714286
1361381622.982,2037.5
1361381655.001,3054.6875
1361381652.219,3234.375
1361381659.823,8485.294117647058
1361381662.343,1636.71875
1361381673.457,2242.1875
1361381673.457,2242.1875
1361381673.321,2156.25
1361381713.709,34.57446808510638
1361381739.538,65.625
1361381783.869,15956.59722222222
1361381785.808,11959.635416666666
1361381782.921,10287.94642857143
1361381784.483,72721.15384615384
1361381783.162,1636.71875
1361381809.425,3120.8881578947367
1361381815.249,1636.71875
1361381811.999,3718.75
1361381815.026,13048.295454545456
1361381801.244,34.090909090909086
1361381870.618,2182.2916666666665
1361381870.128,5614.0625
1361381878.855,1942.7083333333333
1361381877.528,15914.930555555555
1361381941.154,1309.375
1361381945.48,18031.25
1361381940.883,16027.77777777778
1361381946.408,818.359375
1361381962.395,4893.028846153846
1361381962.247,7647.569444444444
1361381963.748,11685.267857142857
1361382023.876,2156.25
1361382022.231,243.75
1361382163.612,756.6464552238806
1361382171.886,7598.958333333333
1361382198.548,10125.0
1361382185.441,5948.2421875
1361382187.757,1147.3958333333335
1361382191.654,16890.455163043476
1361382195.581,3987.3442367601247
1361382195.79,13463.040865384615
1361382196.465,650.1524390243902
1361382195.945,4457.623106060606
1361382195.977,254921.875
1361382199.136,65687.5
1361382198.863,16553.571428571428
1361382204.964,17025.760135135137
1361382212.13,328062.5
1361382183.137,2663.346215351812
1361382244.098,2437.5
1361382219.953,10472.450657894737
1361382221.934,663.5237068965517
1361382224.711,11729.910714285714
1361382244.882,3265.625
1361382195.014,2939.6033653846152
1361382252.307,2625.0
1361382243.312,100214.28571428571
1361382244.142,23994.791666666668
1361382244.145,16006.944444444443
1361382244.002,24156.25
1361382195.077,2643.594627105052
1361382252.213,15046.875
1361382250.989,21126.420454545452
1361382252.437,454027.34375
1361382252.501,604255.2083333334
1361382252.309,642796.875
1361382252.518,377104.1666666667
1361382252.918,75145.83333333333
1361382254.479,1936.25
1361382302.908,2156.25
1361382303.818,2156.25
1361382303.818,2156.25
1361382288.534,373.11178247734136
1361382288.961,2001.7930327868853
1361382297.01,117.45192307692308
1361382298.586,57.02227011494253
1361382317.25,135890.625
1361382297.93,5909.980897803248
1361382350.788,627250.0
1361382349.924,518472.65625
1361382349.199,1048.2536764705883
1361382349.325,534.9954600484261
1361382353.81,620.1171875
1361382366.556,201921.875
1361382377.664,1859.375
1361382387.414,335.0423177083333
1361382389.892,236.23511904761904
1361382296.833,4402.7439405297355
1361382230.516,3910.6319947333773
1361382412.807,579.796511627907
1361382426.128,299164.0625
1361382427.824,583.6397058823529
1361382425.165,678.9244186046511
1361382438.584,578.6764705882354
1361382462.616,2437.5
1361382465.087,2242.1875
1361382444.432,21020.447530864196
1361382464.573,1800.4127358490566
1361382464.74,992.4665178571429
1361382464.462,687.7289377289377
1361382469.931,5844.866071428572
1361382297.186,4317.429035567716
1361382298.144,2898.991243131868
1361382350.559,3026.8300248138958
1361382426.648,1692.650888480392
1361382419.029,1965.5286264991435
1361382520.281,43.87626262626262
1361383906.867,11.522861356932152
1361385805.568,5554.6875
1361385806.93,640.625
1361385806.909,731.9711538461538
1361385808.649,2518.1640625
1361385818.367,142.46323529411765
1361385818.727,893.0921052631578
1361385823.003,363.28125
1361385817.595,833.3333333333334
1361385817.594,644.3014705882352
1361385816.53,416.6666666666667
1361385817.034,648.8970588235294
1361385814.508,485.7336956521739
1361385822.824,357.14285714285717
1361385820.002,3218.75
1361385820.76,4273.4375
1361385801.672,201.74225663716814
1361385803.806,299.61993243243245
1361385804.228,39.678030303030305
1361385801.016,1961.6935483870968
1361385801.689,49.0702479338843
1361385802.32,227.31854838709677
1361385821.296,296.875
1361385829.609,500.0
1361385829.608,625.0
1361385826.021,101.5625
1361385826.439,138.88888888888889
1361385823.167,388.44476744186045
1361385805.493,339.5638629283489
1361385824.37,500.0
1361385827.389,277.77777777777777
1361385828.027,84.2013888888889
1361385828.517,208.33333333333334
1361385807.469,65056.451612903234
1361385808.357,4800.0
1361385808.183,36291.19318181818
1361385808.309,17772.058823529413
1361385808.309,112267.36111111111
1361385807.926,110.44337606837607
1361385808.153,2727.6785714285716
1361385808.153,7028.645833333333
1361385808.153,4558.59375
1361385808.152,7000.0
1361385805.966,3546.875
1361385806.029,80.57315668202764
1361385808.715,334.7039473684211
1361385806.091,27015.35560344828
1361385806.704,53.75
1361385806.894,74.44105691056912
1361385807.21,170.2724358974359
1361385807.272,56.47531347962383
1361385807.711,19.642857142857142
1361385808.066,4656.25
1361385808.064,6000.0
1361385808.064,4640.625
1361385808.672,113.3578431372549
1361385808.735,1661.0576923076924
1361385809.158,1163.1944444444443
1361385809.539,33416.666666666664
1361385810.555,986.8977864583334
1361385810.555,1124.0181010928961
1361385810.554,1202.8348806366048
1361385812.259,959.9609375
1361385809.488,1268.75
1361385809.487,37593.75
1361385810.503,1182.2062841530055
1361385810.503,949.967616580311
1361385810.505,1623.1379533678755
1361385808.837,938.4765625
1361385808.837,246.6755319148936
1361385808.901,196.35052447552448
1361385809.027,312.5
1361385809.28,21198.958333333332
1361385809.343,266.33184523809524
1361385809.342,1119.7916666666667
1361385809.342,9250.0
1361385809.342,1695.3125
1361385809.342,1575.5208333333333
1361385809.342,8276.041666666666
1361385809.342,7875.0
1361385809.406,10653.125
1361385809.469,2521.780303030303
1361385809.532,3020.8333333333335
1361385809.532,7718.75
1361385809.594,132.37359550561797
1361385809.658,36715.07352941177
1361385810.032,138.0681818181818
1361385810.46,136.76697530864197
1361385810.648,100.50455729166667
1361385812.075,39.27364864864865
1361385812.387,20.58823529411765
1361385808.931,1532.1180555555557
1361385809.161,134.55578512396693
1361385809.224,7882.8125
1361385809.224,1695.3125
1361385809.223,1276.0416666666667
1361385809.603,35.0
1361385809.475,49.27884615384615
1361385809.981,3000.0
1361385809.981,2505.5803571428573
1361385809.853,169.29945054945057
1361385810.294,50.70754716981132
1361385810.59,48.27425373134328
1361385810.779,130.79726148409895
1361385811.41,4.500679347826087
1361385832.339,422.9166666666667
1361385821.725,99.36286407766991
1361385834.326,160.15625
1361385818.686,73.86363636363637
1361385838.644,207.58928571428572
1361385835.76,89.28571428571429
1361385828.038,176.80369127516778
1361385831.872,357.14285714285717
1361385833.533,166.66666666666666
1361385837.669,242.1875
1361385838.549,181.640625
1361385835.091,65.14830508474577
1361385835.963,108.69565217391305
1361385814.216,20.177165354330707
1361385815.734,77.80393835616438
1361385815.986,68.08035714285714
1361385816.153,619.140625
1361385816.15,247.65625
1361385816.459,72.62931034482759
1361385816.643,410.41666666666663
1361385816.647,55.56990358126722
1361385815.565,57.180851063829785
1361385813.253,208.8068181818182
1361385816.002,78.125
1361385813.377,334.0773809523809
1361385816.29,102.62345679012346
1361385816.354,111.12882653061224
1361385816.416,121.27590673575129
1361385816.539,55.989583333333336
1361385816.538,102.8401474530831
1361385819.06,58.419585987261144
1361385817.19,205.5084745762712
1361385817.317,467.7734375
1361385817.379,109.54765193370166
1361385817.568,38.56382978723404
1361385817.63,36.40232974910394
1361385817.82,111.15506329113924
1361385818.37,93.57040229885058
1361385818.873,126.15740740740742
1361385816.848,97.53289473684211
1361385817.101,32.357283464566926
1361385817.268,54.82553003533569
1361385817.647,138.02083333333334
1361385817.647,150.09469696969697
1361385817.709,113.32614942528737
1361385818.217,121.83988764044943
1361385818.597,120.37037037037037
1361385819.075,217.8308823529412
1361385842.376,93.75
1361385842.376,90.46052631578948
1361385842.376,95.39473684210527
1361385842.376,103.57142857142858
1361385842.376,238.63636363636365
1361385842.376,122.76785714285714
1361385843.351,83.0592105263158
1361385843.351,95.39473684210527
1361385843.351,75.0
1361385845.911,147.83653846153845
1361385840.661,83.33333333333333
1361385842.998,71.2719298245614
1361385842.998,70.65217391304347
1361385842.998,112.2159090909091
1361385842.998,112.2159090909091
1361385842.998,112.2159090909091
1361385842.998,71.2719298245614
1361385842.998,70.65217391304347
1361385842.998,73.86363636363637
1361385843.061,55.28846153846153
1361385843.061,76.4627659574468
1361385843.061,57.650862068965516
1361385843.061,71.69117647058823
1361385843.738,66.25
1361385843.926,56.81818181818181
1361385841.834,119.04761904761904
1361385840.802,84.9780701754386
1361385840.864,138.78676470588235
1361385838.43,104.375
1361385842.909,70.04310344827586
1361385842.908,71.2719298245614
1361385842.908,73.86363636363637
1361385842.908,59.895833333333336
1361385842.972,61.170212765957444
1361385842.972,110.74561403508771
1361385842.908,65.19396551724138
1361385842.908,71.2719298245614
1361385842.887,125.52966101694915
1361385842.888,72.76119402985074
1361385842.952,59.895833333333336
1361385842.952,76.4627659574468
1361385842.947,58.673469387755105
1361385842.951,61.170212765957444
1361385839.287,193.75
1361385824.256,168.07432432432432
1361385824.318,50.70754716981132
1361385824.382,119.24342105263158
1361385821.945,62.549135220125784
1361385824.757,356.9078947368421
1361385822.347,179.6875
1361385822.789,270.88647959183675
1361385823.962,211.22685185185185
1361385821.462,127.72479564032699
1361385824.016,79.88911290322581
1361385824.21,180.14705882352942
1361385824.145,104.96794871794872
1361385825.833,82.07614942528737
1361385827.65,133.3674863387978
1361385845.458,171.875
1361385845.714,539.0625
1361385845.778,359.375
1361385845.712,239.58333333333334
1361385845.692,359.375
1361385845.755,479.1666666666667
1361385845.883,130.6818181818182
1361385846.393,291.015625
1361385825.438,190.53819444444446
1361385825.816,112.30927230046949
1361385827.058,231.61764705882354
1361385827.564,128.021408839779
1361385827.661,357.421875
1361385827.981,215.35326086956522
1361385827.977,486.4583333333333
1361385828.04,391.6666666666667
1361385828.482,55.989583333333336
1361385828.67,218.26171875
1361385828.734,168.10344827586206
1361385828.713,348.9583333333333
1361385824.808,77.35339506172839
1361385824.872,85.06165919282512
1361385824.932,55.542883211678834
1361385825.12,66.30067567567568
1361385828.959,36.98979591836735
1361385827.503,89.58333333333333
1361385827.862,362.2159090909091
1361385827.833,92.10846303501945
1361385828.59,54.8469387755102
1361385828.59,54.8469387755102
1361385850.002,242.1875
1361385848.759,726.5625
1361385848.821,207.58928571428572
1361385850.8,145.3125
1361385851.6,75.75757575757576
1361385831.976,201.97233606557378
1361385830.732,178.22265625
1361385851.916,103.79464285714286
1361385852.552,126.35869565217392
1361385849.03,968.75
1361385849.156,833.3333333333334
1361385847.934,484.375
1361385850.037,143.38235294117646
1361385850.226,145.3125
1361385850.414,223.55769230769232
1361385850.455,223.55769230769232
1361385848.788,968.75
1361385850.833,132.10227272727275
1361385851.023,162.5
1361385851.276,227.27272727272725
1361385847.349,726.5625
1361385852.531,87.23958333333333
1361385829.139,404.1666666666667
1361385829.142,369.140625
1361385829.203,493.20175438596493
1361385832.312,117.1875
1361385829.496,156.05095541401272
1361385829.62,91.08231707317073
1361385830.415,216.796875
1361385830.605,259.5486111111111
1361385830.541,182.36940298507463
1361385831.594,187.1189024390244
1361385829.531,622.65625
1361385829.51,13.358778625954198
1361385832.389,117.6470588235294
1361385829.633,328.125
1361385829.632,260.0
1361385829.632,112.5801282051282
1361385830.013,356.4453125
1361385830.013,343.75
1361385830.076,214.568661971831
1361385829.945,403.3203125
1361385830.454,100.7179054054054
1361385831.126,297.99107142857144
1361385836.644,29.136029411764707
1361385833.169,64.47368421052632
1361385833.291,26.96078431372549
1361385834.179,154.49134199134198
1361385834.242,105.0857843137255
1361385856.912,224.40159574468086
1361385860.29,9625.0
1361385855.258,302.6785714285714
1361385861.075,776.0416666666666
1361385835.614,130.20833333333334
1361385835.804,100.11340725806451
1361385835.868,52.69607843137255
1361385836.544,148.57456140350877
1361385836.544,175.80307262569832
1361385836.732,36.83712121212121
1361385836.732,115.88541666666667
1361385833.901,195.6845238095238
1361385834.703,161.25
1361385835.017,35.462622549019606
1361385835.271,52.446705426356594
1361385835.499,151.37614678899084
1361385835.817,19.50354609929078
1361385836.073,147.484756097561
1361385835.944,82.58928571428571
1361385836.135,62.5
1361385836.515,78.42797783933518
1361385836.642,76.78571428571429
1361385836.768,146.40151515151516
1361385837.225,72.63513513513513
1361385857.651,2968.75
1361385861.622,214.84375
1361385857.845,989.5833333333334
1361385857.845,3218.75
1361385861.749,726.5625
1361385858.031,1484.375
1361385858.035,484.375
1361385858.224,207.03125
1361385858.584,552.0833333333334
1361385854.358,167.11956521739128
1361385858.834,1250.0
1361385859.025,833.3333333333334
1361385859.088,828.125
1361385854.671,100.0
1361385857.23,156.25
1361385859.34,140.625
1361385859.276,131.57894736842104
1361385859.275,220.48611111111111
1361385859.949,126.35869565217392
1361385860.331,250.0
1361385860.331,290.625
1361385863.081,833.3333333333334
1361385860.904,421.875
1361385860.776,581.25
1361385861.159,2500.0
1361385861.159,625.0
1361385857.438,593.75
1361385861.575,625.0
1361385856.263,250.0
1361385854.659,297.1698113207547
1361385857.92,625.0
1361385857.984,1250.0
1361385858.11,625.0
1361385858.364,1484.375
1361385858.299,804.6875
1361385858.426,363.28125
1361385858.616,968.75
1361385862.303,304.6875
1361385858.781,833.3333333333334
1361385862.363,250.0
1361385859.098,125.0
1361385858.968,1484.375
1361385858.967,147.05882352941177
1361385860.434,357.14285714285717
1361385851.856,15.827922077922077
1361385860.943,276.0416666666667
1361385860.495,223.55769230769232
1361385862.99,494.7916666666667
1361385861.069,1250.0
1361385853.385,232.52118644067795
1361385839.489,31.25
1361385839.488,39.8936170212766
1361385839.55,41.622899159663866
1361385837.176,74.65277777777777
1361385837.175,182.87417763157896
1361385837.235,130.4945054945055
1361385837.423,215.99264705882354
1361385837.592,6.282637075718016
1361385837.775,5.136986301369863
1361385838.03,83.8032581453634
1361385838.03,93.47310126582278
1361385838.151,19.642857142857142
1361385838.28,83.55564024390245
1361385838.201,89.24788135593221
1361385837.128,178.42741935483872
1361385837.128,81.43939393939394
1361385837.127,144.81314432989691
1361385837.25,29.92904589371981
1361385837.186,263.60887096774195
1361385837.436,70.87053571428571
1361385840.186,101.94989669421487
1361385837.663,101.07421875
1361385840.538,98.6842105263158
1361385838.102,107.5487012987013
1361385839.155,66.90071202531645
1361385842.222,77.12339743589745
1361385842.072,24.18013307984791
1361385842.618,65.24493243243244
1361385842.617,87.27678571428571
1361385842.744,86.27717391304347
1361385842.871,94.11764705882352
1361385842.869,212.79761904761904
1361385842.933,94.77678571428572
1361385843.691,97.4609375
1361385843.866,50.54209183673469
1361385841.269,66.77549751243782
1361385841.838,68.50961538461539
1361385841.838,53.06603773584906
1361385842.028,92.74839743589745
1361385842.028,72.58756868131869
1361385842.154,40.11194029850746
1361385842.281,158.27922077922076
1361385842.57,2576.626712328767
1361385842.696,106.20471014492753
1361385842.696,92.84420289855072
1361385842.755,39.8936170212766
1361385842.822,10747.802734375
1361385844.256,53.57142857142857
1361385844.507,99.58333333333333
1361385844.697,192.4542682926829
1361385861.151,666.9921875
1361385867.29,910.8455882352941
1361385863.96,1750.0
1361385864.661,140.625
1361385868.693,2088.5416666666665
1361385863.433,4273.4375
1361385865.587,416.6666666666667
1361385865.651,718.75
1361385865.714,415.17857142857144
1361385864.242,1218.75
1361385865.841,833.3333333333334
1361385869.616,348.2142857142857
1361385865.967,494.7916666666667
1361385864.43,609.375
1361385864.558,833.3333333333334
1361385866.158,357.14285714285717
1361385866.157,331.25
1361385866.093,343.75
1361385866.157,414.0625
1361385869.995,581.25
1361385866.409,494.7916666666667
1361385866.472,212.05357142857142
1361385866.598,114.58333333333333
1361385866.641,250.0
1361385866.827,357.14285714285717
1361385870.35,625.0
1361385865.166,625.0
1361385867.085,500.0
1361385867.02,207.58928571428572
1361385867.083,643.75
1361385867.271,625.0
1361385867.275,581.25
1361385870.474,193.75
1361385867.656,1609.375
1361385859.656,145.95170454545456
1361385870.727,581.25
1361385870.854,833.3333333333334
1361385867.909,1250.0
1361385867.972,989.5833333333334
1361385868.164,536.4583333333334
1361385868.036,178.125
1361385868.545,2968.75
1361385871.169,869.7916666666666
1361385868.48,625.0
1361385863.586,357.14285714285717
1361385863.649,484.375
1361385871.521,3218.75
1361385869.089,414.0625
1361385871.521,1250.0
1361385865.247,833.3333333333334
1361385865.311,1250.0
1361385865.437,2156.25
1361385864.152,1250.0
1361385865.816,833.3333333333334
1361385864.216,1250.0
1361385864.152,484.375
1361385865.942,833.3333333333334
1361385864.404,110.41666666666666
1361385869.755,1250.0
1361385864.507,500.0
1361385869.884,1609.375
1361385866.235,270.8333333333333
1361385866.361,250.0
1361385866.55,250.0
1361385870.134,1250.0
1361385866.805,78.86904761904762
1361385866.676,277.77777777777777
1361385864.947,178.57142857142858
1361385867.184,625.0
1361385846.445,10.163373860182372
1361385867.501,1250.0
1361385862.572,82.8125
1361385870.697,859.375
1361385870.869,772.3214285714286
1361385868.053,357.14285714285717
1361385868.303,415.17857142857144
1361385868.175,625.0
1361385868.305,989.5833333333334
1361385868.369,181.640625
1361385868.56,828.125
1361385860.624,72.52358490566039
1361385871.5,828.125
1361385869.068,2500.0
1361385845.443,155.9659090909091
1361385846.469,164.77272727272725
1361385847.526,118.20023148148148
1361385847.587,173.05743243243242
1361385847.65,567.3076923076923
1361385845.089,99.66626213592234
1361385847.962,155.91517857142856
1361385848.188,58.83487654320987
1361385848.247,203.36354961832063
1361385848.376,103.90361952861953
1361385845.998,75.65298507462687
1361385846.183,133.31653225806454
1361385846.186,46.040076335877856
1361385846.186,2833.2078313253014
1361385846.295,111.1111111111111
1361385846.295,201.38888888888889
1361385846.295,110.32458563535911
1361385846.359,233.66477272727275
1361385846.359,108.15972222222223
1361385846.294,232.33695652173913
1361385846.358,143.75
1361385846.357,96.35416666666667
1361385846.674,9.833916083916083
1361385846.927,2509.70577994429
1361385847.053,39.40217391304348
1361385847.053,26.438912429378533
1361385847.116,117.54807692307692
1361385847.116,77.92721518987342
1361385847.303,263.1578947368421
1361385847.175,18.19228045325779
1361385847.371,321.69117647058823
1361385847.496,124.89652317880795
1361385844.936,199.30555555555557
1361385847.56,193.25086805555554
1361385847.663,305.14705882352945
1361385847.973,118.07065217391305
1361385848.159,181.0344827586207
1361385848.158,223.18097014925374
1361385848.26,477.15212264150944
1361385848.449,33.67820945945946
1361385848.507,40.603741496598644
1361385848.573,155.20833333333334
1361385846.006,22.423377403846153
1361385846.069,47.60674931129476
1361385846.196,89.31495633187774
1361385846.388,90.09146341463415
1361385846.195,336.875
1361385846.195,310.3693181818182
1361385846.259,179.6875
1361385846.259,19.50354609929078
1361385846.514,270.625
1361385846.385,399.21875
1361385846.691,81.65922619047619
1361385846.626,88.18493150684932
1361385846.943,128.65691489361703
1361385847.069,46.875
1361385847.005,99.53703703703704
1361385847.067,266.4930555555556
1361385847.319,41.94568452380952
1361385847.195,24.466192170818506
1361385849.713,100.31512605042018
1361385849.964,165.875
1361385850.906,317.1875
1361385848.859,176.00235849056602
1361385848.922,57.112068965517246
1361385849.362,3712.6572327044023
1361385849.931,118.48958333333333
1361385849.995,174.88532110091742
1361385849.93,136.7559523809524
1361385850.102,51.25762195121951
1361385850.038,108.4735576923077
1361385850.227,64.62084487534626
1361385850.797,150.22321428571428
1361385850.986,65.34665991902834
1361385851.176,183.6376404494382
1361385851.299,160.08254716981133
1361385851.302,32.20177664974619
1361385851.967,87.10387323943662
1361385852.16,153.125
1361385852.16,174.46477900552486
1361385849.496,120.05395683453237
1361385849.686,237.86272321428572
1361385849.937,110.2695610687023
1361385850.364,146.15885416666666
1361385850.295,112.13235294117648
1361385850.295,82.72058823529412
1361385850.554,122.53289473684211
1361385850.68,41.34615384615385
1361385850.933,86.21762948207171
1361385851.124,122.91666666666666
1361385851.059,155.63484251968504
1361385851.059,100.80948795180723
1361385851.187,1404.0570175438595
1361385851.662,36.98979591836735
1361385851.789,114.14366883116884
1361385851.724,74.77678571428571
1361385851.851,72.44318181818183
1361385851.977,85.18976897689768
1361385852.04,38.56382978723404
1361385852.166,154.34027777777777
1361385852.546,74.33035714285714
1361385875.147,332.5892857142857
1361385868.295,359.375
1361385877.339,593.75
1361385877.402,625.0
1361385873.37,484.375
1361385873.56,2500.0
1361385873.748,167.11956521739128
1361385873.871,929.6875
1361385873.875,625.0
1361385873.938,1250.0
1361385877.905,1250.0
1361385874.063,2500.0
1361385874.19,1250.0
1361385878.155,416.6666666666667
1361385878.218,464.84375
1361385872.811,363.28125
1361385878.446,245.53571428571428
1361385878.509,625.0
1361385873.067,1250.0
1361385874.858,247.91666666666669
1361385873.192,726.5625
1361385870.563,167.11956521739128
1361385875.684,833.3333333333334
1361385879.139,2500.0
1361385879.202,726.5625
1361385879.313,331.25
1361385876.174,265.625
1361385879.437,1609.375
1361385876.3,609.375
1361385876.235,416.6666666666667
1361385879.625,833.3333333333334
1361385876.489,1453.125
1361385876.488,609.375
1361385871.686,363.28125
1361385876.869,500.0
1361385877.379,245.53571428571428
1361385873.723,859.375
1361385878.173,581.25
1361385872.668,415.17857142857144
1361385872.667,2500.0
1361385872.857,1250.0
1361385874.521,2437.5
1361385873.046,3218.75
1361385870.165,73.52941176470588
1361385874.772,833.3333333333334
1361385878.484,833.3333333333334
1361385874.962,150.5681818181818
1361385875.828,76.32211538461539
1361385879.283,2500.0
1361385879.282,2500.0
1361385879.661,2500.0
1361385877.1,494.7916666666667
1361385871.531,500.0
1361385855.404,318.359375
1361385855.467,136.2847222222222
1361385852.868,105.32407407407408
1361385855.427,20.27027027027027
1361385855.427,63.725490196078425
1361385855.547,306.25
1361385852.989,89.51163967611336
1361385855.676,160.4784149484536
1361385855.671,188.45486111111111
1361385855.738,43.39823298429319
1361385853.177,2756.281017369727
1361385853.429,137.62019230769232
1361385856.051,738.9705882352941
1361385853.529,162.79069767441862
1361385856.089,108.359375
1361385856.152,25.883838383838384
1361385853.591,154.1193181818182
1361385856.149,83.94031954887218
1361385856.213,74.5777027027027
1361385856.213,342.7083333333333
1361385856.337,128.52564102564102
1361385856.337,378.6057692307692
1361385853.901,79.85127478753542
1361385856.46,113.69485294117646
1361385854.256,58.333333333333336
1361385854.256,277.94471153846155
1361385854.319,170.2516233766234
1361385854.635,174.01413690476193
1361385854.634,160.26182432432432
1361385854.698,239.41532258064515
1361385855.076,224.72426470588235
1361385855.203,125.0
1361385855.266,150.24834437086093
1361385855.202,176.2152777777778
1361385855.327,106.09375
1361385853.343,22.883858267716537
1361385853.391,104.16666666666667
1361385855.375,82.8125
1361385855.437,309.6301020408163
1361385855.5,33.088235294117645
1361385855.498,99.49448529411764
1361385855.56,72.91666666666667
1361385853.766,61.29807692307692
1361385853.765,153.76030219780222
1361385855.744,177.76268115942028
1361385855.905,130.390625
1361385856.096,105.30931122448979
1361385856.159,124.44196428571429
1361385856.03,101.04695431472081
1361385856.221,398.4375
1361385856.092,32.96875
1361385854.992,338.7784090909091
1361385854.966,105.70101351351352
1361385858.233,326.244212962963
1361385858.361,13.832605985037407
1361385858.552,43.61179361179361
1361385858.679,311.1607142857143
1361385857.488,414.52205882352945
1361385858.568,3687.5
1361385859.32,206.41447368421055
1361385860.276,131.51041666666666
1361385857.007,794.6428571428571
1361385857.007,93.75
1361385857.449,40.70216049382716
1361385857.448,149.4140625
1361385857.448,90.4541015625
1361385857.701,16.42530487804878
1361385857.637,228.5989336492891
1361385857.699,73.22080291970804
1361385857.763,48.48345588235294
1361385857.762,188.67924528301887
1361385857.826,1446.4285714285713
1361385857.89,1066.40625
1361385857.953,74.70703125
1361385858.016,1455.357142857143
1361385858.08,1163.1944444444443
1361385858.08,34.883720930232556
1361385858.08,658.8541666666666
1361385858.08,1196.6911764705883
1361385858.143,571.4285714285714
1361385858.143,77.11693548387098
1361385858.314,249.0405701754386
1361385858.248,60.0
1361385859.511,24.87864077669903
1361385859.702,30.64903846153846
1361385859.636,140.625
1361385859.744,38.55846774193549
1361385859.808,138.02083333333334
1361385859.871,38.55846774193549
1361385860.059,140.625
1361385860.314,30.26107594936709
1361385860.566,74.70703125
1361385857.339,91.23883928571429
1361385857.654,170.28870558375633
1361385857.779,1807.2916666666667
1361385857.842,984.375
1361385858.096,14.007260101010102
1361385858.54,13.157894736842104
1361385858.473,9.85440340909091
1361385858.644,19.14911684782609
1361385858.703,17.40408415841584
1361385858.896,3.8461538461538463
1361385859.906,37.353515625
1361385878.804,809.8958333333334
1361385883.727,1575.0
1361385880.907,1218.75
1361385879.358,388.0208333333333
1361385885.332,625.0
1361385885.709,415.17857142857144
1361385885.771,1609.375
1361385885.834,833.3333333333334
1361385882.122,500.0
1361385882.185,2500.0
1361385882.627,416.6666666666667
1361385880.898,1226.5625
1361385882.738,833.3333333333334
1361385881.006,1609.375
1361385883.051,414.0625
1361385886.633,804.6875
1361385883.369,270.8333333333333
1361385883.559,482.14285714285717
1361385886.884,1218.75
1361385884.259,2437.5
1361385887.138,2500.0
1361385887.201,609.375
1361385884.704,828.125
1361385887.431,2500.0
1361385885.12,464.84375
1361385885.12,1250.0
1361385885.665,593.75
1361385882.715,363.28125
1361385880.921,3218.75
1361385883.095,1218.75
1361385883.471,2500.0
1361385883.729,2437.5
1361385884.338,833.3333333333334
1361385887.344,1484.375
1361385884.968,1250.0
1361385879.72,1367.1875
1361385884.84,1484.375
1361385861.767,243.2528409090909
1361385863.032,822.5446428571429
1361385864.619,154.70467032967034
1361385864.608,183.82352941176472
1361385863.403,964.84375
1361385864.874,77.11693548387098
1361385860.967,30.64903846153846
1361385863.526,70.3125
1361385864.027,32.651154891304344
1361385861.465,7.389705882352941
1361385864.189,77.11693548387098
1361385864.316,19.8943661971831
1361385864.316,55.58894230769231
1361385864.313,21.107456140350877
1361385861.749,74.70703125
1361385864.629,77.11693548387098
1361385861.811,2203.125
1361385862.062,16.997739018087856
1361385862.126,39.8936170212766
1361385862.801,77.11693548387098
1361385862.926,50.86436170212766
1361385863.116,50.86436170212766
1361385863.18,72.44318181818183
1361385863.411,19.50354609929078
1361385863.475,77.11693548387098
1361385863.538,70.3125
1361385863.536,13.103505291005291
1361385861.037,74.70703125
1361385861.098,12.697599531615925
1361385863.974,37.94642857142857
1361385864.202,24.21875
1361385861.638,77.11693548387098
1361385864.388,30.64903846153846
1361385861.634,17.286278735632184
1361385862.369,6.779100529100528
1361385862.497,14.78494623655914
1361385862.94,845.9821428571429
1361385862.619,19.642857142857142
1361385862.682,74.70703125
1361385866.997,338.09840425531917
1361385868.521,67.89232336956522
1361385865.168,5.003776435045317
1361385865.168,29.175884955752213
1361385865.357,48.37740384615385
1361385865.862,77.11693548387098
1361385865.862,12.952898550724637
1361385866.052,82.8125
1361385866.115,77.11693548387098
1361385866.111,5.016722408026756
1361385866.531,19.76864640883978
1361385866.914,21.732954545454543
1361385868.031,828.125
1361385868.349,187.5
1361385868.413,30.64903846153846
1361385868.284,6.41025641025641
1361385868.476,21.932339449541285
1361385865.011,15.852107558139535
1361385865.363,39.192708333333336
1361385865.493,19.125
1361385865.747,13.818641618497109
1361385865.936,21.53716216216216
1361385865.931,5.0
1361385866.062,159.375
1361385866.38,26.041666666666668
1361385866.251,50.86436170212766
1361385866.57,74.70703125
1361385867.307,21.932339449541285
1361385867.56,74.70703125
1361385867.431,32.64232673267327
1361385867.812,15.423387096774192
1361385867.81,35.547994269340975
1361385868.001,35.022965879265094
1361385868.064,37.94642857142857
1361385868.128,26.87324929971989
1361385868.039,978.515625
1361385868.295,24.42642405063291
1361385868.294,72.44318181818183
1361385868.294,149.4140625
1361385868.611,493.4895833333333
1361385889.113,3242.1875
1361385889.684,1581.25
1361385883.471,355.7692307692308
1361385889.737,680.5555555555555
1361385887.992,354.8177083333333
1361385888.033,859.375
1361385889.504,742.1875
1361385889.627,833.3333333333334
1361385889.693,500.0
1361385890.073,989.5833333333334
1361385894.036,833.3333333333334
1361385890.579,2500.0
1361385890.642,625.0
1361385894.52,269.8863636363636
1361385891.439,1250.0
1361385891.632,416.6666666666667
1361385891.755,312.5
1361385891.949,833.3333333333334
1361385895.399,625.0
1361385892.774,236.60714285714286
1361385892.884,287.109375
1361385893.075,482.14285714285717
1361385889.424,207.03125
1361385893.455,989.5833333333334
1361385893.58,833.3333333333334
1361385889.676,1250.0
1361385889.675,207.58928571428572
1361385888.266,833.3333333333334
1361385888.394,968.75
1361385890.184,2500.0
1361385893.895,3218.75
1361385888.582,555.1470588235294
1361385890.31,424.10714285714283
1361385894.211,3218.75
1361385890.728,562.5
1361385888.936,1250.0
1361385891.232,1250.0
1361385891.484,227.27272727272725
1361385891.548,227.27272727272725
1361385891.611,500.0
1361385894.938,277.77777777777777
1361385891.865,1140.625
1361385891.992,833.3333333333334
1361385895.368,500.0
1361385892.23,406.25
1361385892.612,854.1666666666666
1361385893.123,3218.75
1361385872.783,11.71875
1361385871.503,79.6875
1361385869.065,74.70703125
1361385869.248,99.12909836065575
1361385869.602,41.14713216957606
1361385872.29,36.77884615384615
1361385872.664,11.615044247787612
1361385869.974,16.7236328125
1361385870.164,15.027573529411764
1361385870.272,10.216346153846153
1361385870.651,12.27114898989899
1361385871.095,2390.625
1361385871.411,12.07794540229885
1361385871.509,7.8125
1361385869.012,105.5595930232558
1361385871.697,30.64903846153846
1361385869.134,13.447745901639344
1361385869.259,149.4140625
1361385869.549,13.37532722513089
1361385869.736,23.56801909307876
1361385872.675,50.86436170212766
1361385870.919,18.080357142857146
1361385876.006,247.01544943820224
1361385873.552,137.58680555555554
1361385876.276,300.34722222222223
1361385873.093,25.705645161290324
1361385873.408,79.6875
1361385873.849,74.70703125
1361385874.101,77.11693548387098
1361385874.523,695.3125
1361385874.84,77.11693548387098
1361385874.903,17.251577287066247
1361385874.902,37.94642857142857
1361385875.219,38.55846774193549
1361385875.451,49.8046875
1361385875.577,6.198347107438017
1361385875.577,74.70703125
1361385875.702,7.317073170731708
1361385875.765,7.653061224489796
1361385875.951,50.7172131147541
1361385876.209,11.458333333333332
1361385876.397,38.55846774193549
1361385876.461,750.0
1361385876.588,12.808866279069768
1361385872.937,16.85350122850123
1361385873.04,149.4140625
1361385873.292,835.9375
1361385873.67,19.4359756097561
1361385873.795,36.77884615384615
1361385874.048,23.519736842105264
1361385874.725,38.56382978723404
1361385875.165,72.44318181818183
1361385875.42,138.15104166666666
1361385875.543,7.731958762886598
1361385875.586,8.0012077294686
1361385875.903,5925.0
1361385883.531,12.436224489795919
1361385893.127,7015.625
1361385876.217,50.86436170212766
1361385876.409,38.55846774193549
1361385876.217,9.575076219512194
1361385876.217,13.68979357798165
1361385876.472,1500.0
1361385876.47,74.47916666666667
1361385897.353,1656.25
1361385897.416,1125.0
1361385897.479,331.25
1361385897.856,742.1875
1361385896.445,1718.75
1361385896.614,1218.75
1361385898.783,2968.75
1361385898.783,2968.75
1361385896.799,581.25
1361385899.224,207.58928571428572
1361385899.477,1250.0
1361385899.541,609.375
1361385899.704,833.3333333333334
1361385900.398,329.8611111111111
1361385900.717,500.0
1361385895.787,416.6666666666667
1361385897.635,87.17105263157895
1361385897.807,56.66415662650602
1361385898.184,181.640625
1361385896.456,416.6666666666667
1361385898.12,2968.75
1361385898.436,415.17857142857144
1361385898.558,833.3333333333334
1361385896.768,833.3333333333334
1361385896.768,625.0
1361385897.128,1250.0
1361385897.191,1718.75
1361385900.228,207.58928571428572
1361385879.47,208.65885416666666
1361385879.788,602.6785714285714
1361385877.221,203.72596153846155
1361385877.336,2291.6666666666665
1361385878.29,195.80078125
1361385879.999,343.75
1361385879.507,20.892857142857142
1361385877.138,4925.5952380952385
1361385877.137,55.59593023255814
1361385879.823,42.25352112676056
1361385879.882,1127.232142857143
1361385880.173,51.97010869565218
1361385880.36,379.64527027027026
1361385880.36,10.578966005665722
1361385877.795,31.25
1361385877.798,15.957446808510637
1361385878.11,22.435897435897434
1361385878.427,13.763297872340427
1361385878.851,20.19927536231884
1361385879.232,537.6838235294118
1361385879.482,25.895365168539325
1361385876.985,53.7202380952381
1361385879.584,47.8125
1361385877.088,45.8984375
1361385879.646,19.75974930362117
1361385877.273,79.6875
1361385877.588,25.705645161290324
1361385877.588,72.03947368421053
1361385880.078,13.898982558139535
1361385877.586,8.388157894736842
1361385877.713,6.232686980609419
1361385880.625,37.94642857142857
1361385878.996,27.904929577464788
1361385879.123,25.43218085106383
1361385881.028,500.0
1361385880.851,515.625
1361385881.413,1293.75
1361385881.43,77.11693548387098
1361385881.43,18.51851851851852
1361385881.43,25.705645161290324
1361385882.23,223.4375
1361385882.546,42.324420103092784
1361385882.545,77.11693548387098
1361385882.736,14.651203966005665
1361385882.799,33.56481481481482
1361385882.863,121.32352941176471
1361385882.926,58.89769452449568
1361385883.369,23.279671717171716
1361385883.791,24.193548387096772
1361385883.791,62.281468531468526
1361385883.786,39.40217391304348
1361385883.79,36.221590909090914
1361385883.854,32.678091397849464
1361385883.854,52.54536290322581
1361385883.854,43.03075396825397
1361385883.917,17.875
1361385883.917,16.905737704918035
1361385884.043,3.947368421052632
1361385884.107,9.882478632478632
1361385884.36,21.704545454545457
1361385884.36,64.23130193905817
1361385884.423,30.392530487804876
1361385884.613,36.22512437810945
1361385884.612,74.70703125
1361385880.835,71.58753709198814
1361385881.088,859.375
1361385881.574,790.625
1361385881.637,24.694683908045977
1361385881.828,34.98931623931624
1361385882.525,14.94140625
1361385882.562,1117.1875
1361385882.689,20.140895953757227
1361385882.879,25.43218085106383
1361385882.815,26.804577464788732
1361385883.069,97.57313829787235
1361385883.004,533.8541666666666
1361385883.26,38.35584170854271
1361385883.131,30.98441926345609
1361385883.64,500.0
1361385883.511,149.4140625
1361385883.703,41.64591633466135
1361385883.893,13.94927536231884
1361385883.765,30.04319105691057
1361385883.765,104.4407894736842
1361385883.764,32.3720079787234
1361385883.828,25.91226708074534
1361385883.865,29.723419540229887
1361385884.057,74.70703125
1361385884.055,77.11693548387098
1361385884.182,20.89337175792507
1361385884.56,74.70703125
1361385904.011,227.27272727272725
1361385905.608,487.5
1361385904.384,312.5
1361385910.37,161.45833333333334
1361385906.974,625.0
1361385907.354,357.14285714285717
1361385907.416,371.09375
1361385907.477,214.84375
1361385907.669,88.06818181818183
1361385903.294,225.0
1361385908.539,138.88888888888889
1361385908.857,225.44642857142858
1361385908.919,178.57142857142858
1361385908.919,192.30769230769232
1361385901.301,89.38953488372094
1361385905.585,357.14285714285717
1361385905.878,494.7916666666667
1361385904.212,357.14285714285717
1361385906.004,500.0
1361385904.273,277.77777777777777
1361385906.381,494.7916666666667
1361385904.899,236.60714285714286
1361385902.767,63.65740740740741
1361385907.754,726.5625
1361385908.389,363.28125
1361385908.705,160.9375
1361385908.831,226.10294117647058
1361385908.998,208.33333333333334
1361385887.017,124.375
1361385886.825,6.0728744939271255
1361385887.411,2437.5
1361385887.474,266.44736842105266
1361385887.602,316.90705128205127
1361385888.046,187.5
1361385887.417,187.5
1361385887.481,8.152173913043478
1361385887.417,828.125
1361385887.606,77.11693548387098
1361385887.606,321.42857142857144
1361385884.98,74.70703125
1361385885.044,314.73214285714283
1361385887.728,74.70703125
1361385887.852,27.88713910761155
1361385887.915,77.11693548387098
1361385885.415,10.142543859649123
1361385888.166,159.375
1361385885.521,22.900763358778626
1361385888.145,140.625
1361385888.143,50.86436170212766
1361385888.203,59.273598820059
1361385888.269,82.4353448275862
1361385888.518,23.18274456521739
1361385888.582,49.8046875
1361385886.245,21.185661764705884
1361385886.371,8.03117048346056
1361385886.435,9.010036496350365
1361385886.686,21.732954545454543
1361385887.066,74.70703125
1361385887.193,321.42857142857144
1361385887.192,49.8046875
1361385887.191,11.272321428571429
1361385887.507,1135.4166666666667
1361385884.988,13113.696808510638
1361385887.799,762.1527777777778
1361385885.169,28.187144886363637
1361385888.405,22.352430555555557
1361385888.592,37.760416666666664
1361385885.837,149.4140625
1361385886.345,30.64903846153846
1361385886.83,23.238314447592067
1361385886.952,88.23529411764706
1361385887.079,10.25262467191601
1361385887.143,8.333333333333334
1361385891.879,284.54861111111114
1361385888.917,77.11693548387098
1361385888.98,9.375
1361385889.105,38.55846774193549
1361385889.168,82.4353448275862
1361385889.232,31.455592105263158
1361385889.231,12.839988425925927
1361385889.295,21.441915760869563
1361385889.928,14.82273838630807
1361385890.285,16.306322674418606
1361385890.284,40.74928977272727
1361385890.347,30.612244897959183
1361385890.347,77.11693548387098
1361385890.473,46.43110795454545
1361385890.472,77.11693548387098
1361385890.789,77.11693548387098
1361385891.168,17.945544554455445
1361385891.357,306.91964285714283
1361385891.421,4.29080310880829
1361385891.421,21.129261363636363
1361385891.485,17.174586776859503
1361385891.484,77.11693548387098
1361385891.484,683.7686567164179
1361385891.548,77.11693548387098
1361385891.782,53.75
1361385891.782,30.39850136239782
1361385891.845,18.573943661971832
1361385891.971,50.86436170212766
1361385892.097,37.94642857142857
1361385892.283,17.670612813370475
1361385892.663,5914.0625
1361385892.79,10.869565217391305
1361385888.884,77.60416666666667
1361385889.051,55.59593023255814
1361385889.117,14.964788732394366
1361385889.302,19.586894586894587
1361385889.623,16.74373508353222
1361385890.612,31.162709497206702
1361385890.991,20.690247252747252
1361385891.05,25.33545197740113
1361385891.307,16.272668393782382
1361385891.687,27.31055240793201
1361385891.751,3848.9583333333335
1361385892.239,22.048104956268222
1361385892.366,53.125
1361385892.109,35.96523668639053
1361385892.619,30.1405325443787
1361385892.298,37.353515625
1361385892.617,20.045518207282914
1361385892.61,20.84772099447514
1361385913.659,285.5113636363636
1361385917.306,45.23026315789474
1361385912.368,500.0
1361385914.158,78.86904761904762
1361385914.348,143.38235294117646
1361385914.411,169.4078947368421
1361385914.644,166.66666666666666
1361385914.708,193.75
1361385902.415,21.37706043956044
1361385910.857,220.48611111111111
1361385910.792,131.57894736842104
1361385911.107,181.640625
1361385911.171,223.55769230769232
1361385916.394,250.0
1361385911.525,250.0
1361385917.093,83.33333333333333
1361385917.278,67.56756756756756
1361385913.627,86.20689655172414
1361385912.219,415.17857142857144
1361385912.282,484.375
1361385912.407,424.10714285714283
1361385912.447,357.14285714285717
1361385914.871,292.6136363636364
1361385915.679,1453.125
1361385915.679,1078.125
1361385915.738,742.1875
1361385915.806,192.30769230769232
1361385916.316,227.27272727272725
1361385911.129,208.33333333333334
1361385916.632,108.69565217391305
1361385916.822,80.64516129032258
1361385917.011,89.28571428571429
1361385893.036,3906.25
1361385895.376,91.875
1361385893.492,410.91008771929825
1361385916.951,130.7565789473684
1361385895.448,15.266833810888253
1361385893.975,3.75
1361385892.95,22.68302180685358
1361385895.698,357.6388888888889
1361385893.136,21.6783940397351
1361385893.135,31.60410764872521
1361385895.759,1390.625
1361385895.884,4.285714285714286
1361385893.448,32.13028169014084
1361385896.178,1500.0
1361385896.302,1250.0
1361385893.805,16.69642857142857
1361385893.805,33.55823863636364
1361385896.301,16.253591954022987
1361385893.868,26.91473988439306
1361385896.364,165.625
1361385896.616,14.759349030470913
1361385894.182,37.94642857142857
1361385896.677,38.46153846153847
1361385896.676,10.051169590643275
1361385894.912,61.07954545454545
1361385895.102,1222.65625
1361385895.291,165.625
1361385895.418,74.70703125
1361385895.418,42.780748663101605
1361385892.983,50.86436170212766
1361385893.274,4.373177842565598
1361385893.337,17.750596658711217
1361385893.398,18.644957983193276
1361385893.398,19.210339943342774
1361385895.957,19.642857142857142
1361385896.08,19.722622478386167
1361385893.648,27.845670391061454
1361385896.182,138.96437198067633
1361385896.307,19.630281690140848
1361385893.875,27.013644366197184
1361385893.873,22.78282122905028
1361385896.432,57.180851063829785
1361385896.492,392.1875
1361385894.735,1890.625
1361385894.606,74.70703125
1361385894.796,15.943877551020408
1361385895.11,19.027578796561606
1361385895.114,9.829260651629072
1361385895.111,20.54794520547945
1361385899.422,34.313725490196084
1361385900.457,311.7404513888889
1361385900.868,521.484375
1361385897.529,59.72222222222223
1361385897.845,24.818840579710145
1361385897.908,18.18347953216374
1361385898.202,25.900554187192117
1361385898.327,44.791666666666664
1361385898.39,4.537671232876712
1361385898.769,21.551724137931036
1361385898.833,25.610207100591715
1361385898.896,49.76851851851852
1361385899.085,17.335199004975124
1361385899.212,22.270114942528735
1361385899.276,18.45326409495549
1361385899.338,52.69607843137255
1361385899.825,37.234042553191486
1361385900.076,49.78099730458221
1361385900.582,28.481012658227847
1361385896.804,10.716623036649215
1361385896.993,77.11693548387098
1361385897.224,35.7921511627907
1361385897.351,5.661764705882353
1361385897.35,41.19318181818181
1361385897.35,35.82974137931035
1361385897.413,750.0
1361385897.662,321.42857142857144
1361385897.666,20.308123249299722
1361385898.17,74.70703125
1361385898.467,1570.3125
1361385898.593,49.76851851851852
1361385898.909,21.777620396600565
1361385899.225,2005.2083333333335
1361385899.478,23.038663663663662
1361385899.604,72.44318181818183
1361385899.795,22.727272727272727
1361385899.957,55.59593023255814
1361385900.206,14.353197674418604
1361385900.591,14.700704225352112
1361385900.334,9.5625
1361385920.918,639.5833333333333
1361385926.186,97.5
1361385922.791,201.171875
1361385926.503,208.33333333333334
1361385922.854,83.33333333333333
1361385922.98,92.59259259259258
1361385918.752,73.86363636363637
1361385926.623,296.875
1361385923.804,220.48611111111111
1361385924.545,227.27272727272725
1361385924.797,245.53571428571428
1361385921.338,125.0
1361385920.053,212.05357142857142
1361385917.684,69.44444444444444
1361385917.808,48.007246376811594
1361385909.936,20.199619771863116
1361385920.557,415.17857142857144
1361385920.914,290.625
1361385920.977,357.6388888888889
1361385922.704,126.35869565217392
1361385921.102,447.11538461538464
1361385922.956,92.59259259259258
1361385923.209,92.59259259259258
1361385918.792,59.52380952380952
1361385918.792,69.01041666666667
1361385923.399,141.74107142857142
1361385926.726,207.03125
1361385926.789,165.625
1361385923.697,131.57894736842104
1361385923.761,184.0277777777778
1361385919.023,56.81818181818181
1361385923.887,138.88888888888889
1361385919.339,106.57051282051282
1361385919.467,71.42857142857143
1361385924.522,321.875
1361385924.712,416.6666666666667
1361385924.966,416.6666666666667
1361385901.29,106.94236526946108
1361385901.012,17.801616915422887
1361385903.758,21.793948126801155
1361385903.882,150.5681818181818
1361385904.109,17.869718309859156
1361385904.233,5773.4375
1361385904.484,31.43063583815029
1361385901.921,30.64903846153846
1361385902.278,67.1875
1361385902.531,17.761752136752136
1361385902.593,15.753424657534248
1361385902.592,32.56671348314607
1361385902.656,23.773521505376344
1361385902.845,20.493090452261306
1361385903.289,57.180851063829785
1361385900.957,32.986111111111114
1361385901.08,29.864958448753463
1361385903.762,20.635190217391305
1361385901.515,77.11693548387098
1361385904.18,19.642857142857142
1361385901.867,31.713649851632045
1361385904.682,46.00694444444445
1361385901.992,16.117125984251967
1361385904.68,26.976495726495727
1361385904.68,20.32593123209169
1361385902.118,15.35637535816619
1361385902.371,18.485915492957748
1361385902.371,15.895953757225433
1361385902.435,218.52678571428572
1361385902.369,25.98505434782609
1361385903.109,433.2386363636364
1361385906.469,137.5
1361385907.283,392.4632352941176
1361385905.402,44.05737704918033
1361385905.402,116.73677884615384
1361385906.536,248.75
1361385906.407,379.4642857142857
1361385904.947,17.663043478260867
1361385905.2,22.34228971962617
1361385905.199,6.740196078431373
1361385905.389,17.535665760869563
1361385905.515,44.76472701149425
1361385905.578,604.1666666666666
1361385905.767,17.63980263157895
1361385905.766,29.661016949152543
1361385905.83,18.391927083333332
1361385906.251,22.1875
1361385906.503,16.956676136363637
1361385906.821,66.08478802992519
1361385907.009,2742.1875
1361385907.072,750.0
1361385907.264,37.1206647398844
1361385907.136,11.503623188405797
1361385907.328,317.1875
1361385907.391,6383.928571428572
1361385907.645,1168.5267857142858
1361385908.069,23.300438596491226
1361385908.196,18.903269754768395
1361385908.322,21.732954545454543
1361385908.129,201.38888888888889
1361385908.446,26.270604395604394
1361385905.34,24.639423076923077
1361385905.462,11.305588942307692
1361385905.65,932.2916666666666
1361385905.907,16.649590163934427
1361385906.284,375.0
1361385906.284,18.011527377521613
1361385906.767,47.99107142857143
1361385906.957,1500.0
1361385907.336,361.1111111111111
1361385908.512,12.653097982708934
1361385926.28,718.75
1361385931.158,744.7916666666666
1361385928.785,325.0
1361385925.264,473.9583333333333
1361385929.346,625.0
1361385927.936,625.0
1361385927.994,742.1875
1361385933.756,500.0
1361385929.787,357.14285714285717
1361385929.977,416.6666666666667
1361385930.23,487.5
1361385928.564,197.91666666666666
1361385931.031,833.3333333333334
1361385928.855,227.27272727272725
1361385926.672,95.625
1361385932.172,357.14285714285717
1361385932.345,357.14285714285717
1361385927.287,205.03048780487805
1361385932.725,277.77777777777777
1361385932.724,568.75
1361385932.915,273.4375
1361385927.411,245.53571428571428
1361385929.327,989.5833333333334
1361385927.918,804.6875
1361385927.98,72.01086956521739
1361385933.735,609.375
1361385929.935,223.30729166666666
1361385929.934,625.0
1361385929.994,581.25
1361385930.061,284.2420212765958
1361385930.187,72.65625
1361385934.151,113.63636363636363
1361385931.071,625.0
1361385931.006,1609.375
1361385931.006,833.3333333333334
1361385929.149,424.10714285714283
1361385929.192,625.0
1361385923.111,38.51744186046511
1361385931.301,292.8685897435898
1361385931.492,250.0
1361385927.386,277.77777777777777
1361385927.703,625.0
1361385912.815,18.735189573459717
1361385909.033,4.398826979472141
1361385911.591,74.65277777777777
1361385911.591,34.74162011173185
1361385911.654,6.520669291338582
1361385909.22,30.737704918032787
1361385911.839,4.398826979472141
1361385909.469,12.852112676056338
1361385909.532,19.95481927710843
1361385909.511,14.83718487394958
1361385909.575,40.625
1361385909.446,23.327464788732396
1361385909.637,85.98694620253164
1361385909.508,171.875
1361385909.571,20.703125
1361385909.633,27.568493150684933
1361385912.382,31.68523676880223
1361385912.445,4.3478260869565215
1361385909.946,25.43218085106383
1361385910.009,12.711864406779663
1361385909.88,57.291666666666664
1361385912.758,14.981112637362639
1361385912.734,6.329113924050633
1361385912.733,17.1607905982906
1361385910.425,125.0
1361385910.425,18.485915492957748
1361385910.678,277.77777777777777
1361385911.06,20.803824362606232
1361385911.185,11.6921768707483
1361385911.48,22.105823863636363
1361385911.479,11.088709677419356
1361385909.047,17.1838747099768
1361385911.54,35.60855263157895
1361385909.17,21.727839335180057
1361385909.17,598.4375
1361385911.79,74.70703125
1361385909.357,124.34895833333333
1361385909.357,69.82421875
1361385909.42,110.41666666666666
1361385909.419,14.413088642659279
1361385912.018,15.942028985507246
1361385912.018,33.8844476744186
1361385909.52,31.25
1361385912.08,517.1875
1361385912.079,19.50354609929078
1361385912.078,53.06603773584906
1361385909.644,21.50974025974026
1361385912.265,701.171875
1361385909.705,750.0
1361385912.392,58.423913043478265
1361385912.453,16.29524128686327
1361385910.081,35.90334699453552
1361385912.704,6.355932203389831
1361385912.702,6.355932203389831
1361385914.092,217.9878048780488
1361385916.613,652.34375
1361385912.904,3.740648379052369
1361385912.968,19.86162935323383
1361385913.093,21.889076576576574
1361385913.093,6.355932203389831
1361385913.156,5.956064356435643
1361385913.346,3.787878787878788
1361385913.345,2296.875
1361385913.535,10.998179611650485
1361385913.535,24.067848410757946
1361385913.726,50.86436170212766
1361385914.104,51.68269230769231
1361385914.23,4.411764705882353
1361385914.226,9.977409638554215
1361385914.776,48.86363636363637
1361385914.647,4164.772727272728
1361385914.899,9.635416666666668
1361385914.899,7.358562691131498
1361385915.346,1500.0
1361385915.346,41.732594936708864
1361385915.409,24.03846153846154
1361385915.279,15.925480769230768
1361385915.851,16.321378830083564
1361385915.595,10.638297872340425
1361385916.211,256.69642857142856
1361385916.462,107.19476744186046
1361385912.876,3.75
1361385912.876,6.302521008403361
1361385912.876,3.7593984962406015
1361385913.002,5250.0
1361385913.066,19.291201117318437
1361385913.192,4.261363636363636
1361385913.255,10.350571065989849
1361385913.231,5.610972568578553
1361385913.295,17.652671755725194
1361385913.356,18.26523545706371
1361385913.545,31.498015873015873
1361385913.608,50.86436170212766
1361385913.925,56.361607142857146
1361385913.987,750.0
1361385913.987,256.5789473684211
1361385913.982,52.23880597014925
1361385914.113,21.063535911602212
1361385914.303,7.009345794392523
1361385914.684,11.233108108108107
1361385914.684,48.86363636363637
1361385914.662,47.99107142857143
1361385914.665,25.888069705093834
1361385914.983,39.52205882352941
1361385915.236,11.74496644295302
1361385915.17,43.97506925207757
1361385915.169,11.995396600566572
1361385915.802,488.28125
1361385915.865,338.5416666666667
1361385916.12,113.20153061224491
1361385916.412,441.66666666666663
1361385916.411,63.70192307692307
1361385934.804,342.5
1361385936.652,350.2604166666667
1361385937.363,192.30769230769232
1361385935.953,187.5
1361385941.457,269.8863636363636
1361385941.521,192.30769230769232
1361385937.742,312.5
1361385936.457,250.0
1361385936.646,348.2142857142857
1361385938.246,187.5
1361385938.434,227.27272727272725
1361385942.443,494.7916666666667
1361385939.11,357.14285714285717
1361385939.301,178.57142857142858
1361385939.429,227.27272727272725
1361385934.5,73.52941176470588
1361385943.074,416.6666666666667
1361385943.2,726.5625
1361385934.944,108.69565217391305
1361385940.7,500.0
1361385932.611,183.4177927927928
1361385935.809,156.25
1361385936.123,270.8333333333333
1361385938.039,227.27272727272725
1361385941.81,416.6666666666667
1361385938.23,227.27272727272725
1361385936.628,312.5
1361385936.792,500.0
1361385942.104,459.82142857142856
1361385936.855,416.6666666666667
1361385942.293,78.125
1361385938.9,312.5
1361385942.355,552.0833333333334
1361385938.834,207.03125
1361385942.481,2437.5
1361385939.47,250.0
1361385939.47,229.91071428571428
1361385939.852,250.0
1361385942.795,414.0625
1361385943.036,833.3333333333334
1361385943.291,494.7916666666667
1361385940.155,250.0
1361385943.417,1072.9166666666667
1361385917.509,49.21290523690773
1361385917.954,116.04361370716511
1361385920.169,475.96153846153845
1361385920.296,104.98046875
1361385919.393,23.710029069767444
1361385917.151,165.625
1361385919.646,523.4375
1361385919.769,16.954787234042552
1361385917.336,58.075221238938056
1361385917.399,93.75
1361385919.957,27.54380053908356
1361385917.525,28.846153846153847
1361385917.568,89.65669014084507
1361385920.187,12.199197860962567
1361385920.249,4.914688427299703
1361385918.61,25.98596256684492
1361385918.478,21.262886597938145
1361385918.674,342.1875
1361385918.546,978.7234042553191
1361385917.833,4.658385093167702
1361385919.495,138.02083333333334
1361385919.724,4.545454545454545
1361385917.228,18.783244680851062
1361385917.163,61.07954545454545
1361385919.782,19.258720930232556
1361385919.782,268.62980769230774
1361385917.35,283.48214285714283
1361385917.476,27.156801007556677
1361385917.959,5.921052631578948
1361385920.581,4.451038575667656
1361385918.083,1656.25
1361385920.641,4.385964912280701
1361385918.524,34.60120643431635
1361385923.796,258.18452380952385
1361385924.676,93.80008012820514
1361385920.891,640.625
1361385920.955,5.415162454873646
1361385921.081,5.514705882352941
1361385921.584,389.5833333333333
1361385921.836,38.20353403141361
1361385922.09,5.859375
1361385922.194,750.0
1361385922.383,233.3984375
1361385922.509,7.460585585585585
1361385922.573,15.004960317460318
1361385922.572,4.285714285714286
1361385922.827,47.14912280701755
1361385923.078,88.92045454545453
1361385923.436,6.649925595238095
1361385923.879,140.01225490196077
1361385924.254,26.31578947368421
1361385924.321,1153.6458333333333
1361385924.32,31.425070028011206
1361385924.446,20.13888888888889
1361385924.51,115.46610169491525
1361385924.638,750.0
1361385924.636,110.41666666666666
1361385924.636,103.515625
1361385924.7,39.8936170212766
1361385920.858,4.477611940298508
1361385920.922,18.074324324324323
1361385920.985,4.322766570605188
1361385921.408,29.714595375722542
1361385921.534,750.0
1361385921.533,750.0
1361385921.597,638.3928571428571
1361385921.849,6.419573643410853
1361385921.849,21.12676056338028
1361385921.849,39.43452380952381
1361385921.912,97.82608695652175
1361385921.975,86.10232067510549
1361385922.038,4.2979942693409745
1361385922.038,185.0328947368421
1361385922.29,3.7593984962406015
1361385922.29,35.7029262086514
1361385922.29,23.099554707379134
1361385923.7,22.678805774278214
1361385923.822,750.0
1361385923.889,2390.625
1361385924.206,388.39285714285717
1361385943.308,496.09375
1361385924.204,18.856232294617563
1361385924.459,772.3214285714286
1361385924.331,4.424778761061947
1361385924.395,77.02464788732394
1361385924.458,16.614445910290236
1361385925.352,8.87398097826087
1361385945.487,357.14285714285717
1361385943.951,277.77777777777777
1361385949.892,220.48611111111111
1361385944.642,536.4583333333334
1361385944.642,156.25
1361385946.369,127.40384615384615
1361385946.369,174.10714285714286
1361385946.98,250.0
1361385947.043,406.25
1361385948.122,153.27380952380955
1361385948.352,213.54166666666666
1361385943.68,193.75
1361385948.539,166.66666666666666
1361385949.114,227.27272727272725
1361385945.463,416.6666666666667
1361385949.619,100.0
1361385945.778,277.77777777777777
1361385949.871,2500.0
1361385946.031,160.9375
1361385946.094,423.4375
1361385946.203,229.91071428571428
1361385944.538,357.14285714285717
1361385946.392,197.91666666666666
1361385930.328,52.5188127090301
1361385946.391,60.9375
1361385944.916,228.3653846153846
1361385950.418,2500.0
1361385947.566,104.16666666666667
1361385948.651,90.46052631578948
1361385949.031,277.77777777777777
1361385949.223,87.05357142857143
1361385926.571,49.645083102493075
1361385926.812,65.28716216216216
1361385928.211,8.928571428571429
1361385925.062,70.65746753246754
1361385926.584,26.841829608938546
1361385926.702,26.65441176470588
1361385926.637,79.46675900277009
1361385927.718,401.6544117647059
1361385927.425,17.702312138728324
1361385924.988,12.769255874673629
1361385925.051,14.423076923076923
1361385927.611,74.70703125
1361385927.67,19.77848101265823
1361385925.177,15.041307471264368
1361385927.799,15.625
1361385927.86,35.10918674698795
1361385927.985,89.375
1361385927.985,29.619565217391305
1361385928.048,6.284916201117319
1361385927.983,15.335648148148149
1361385925.897,4.285714285714286
1361385926.083,4.464285714285714
1361385926.127,11.986825980392158
1361385926.314,22.480413105413106
1361385926.445,750.0
1361385926.569,28.764204545454543
1361385926.568,18.33639705882353
1361385926.632,65.21739130434783
1361385926.76,6.266276041666667
1361385926.95,14.463141025641026
1361385927.393,23.3936095505618
1361385924.895,7.109004739336492
1361385927.519,26.48891966759003
1361385927.742,4.335260115606936
1361385927.931,21.792763157894736
1361385925.306,300.0
1361385927.865,223.4375
1361385925.369,16.0427807486631
1361385925.431,4.273504273504274
1361385928.18,29.259002770083104
1361385928.278,31.598189415041784
1361385925.908,3.75
1361385928.403,17.88706434316354
1361385926.283,79.04411764705883
1361385926.408,1138.888888888889
1361385926.648,16.07921511627907
1361385926.775,4.3478260869565215
1361385926.901,7.119082840236686
1361385926.901,4.491017964071856
1361385926.963,4.285714285714286
1361385930.569,4608.731617647059
1361385928.86,4.285714285714286
1361385928.923,43.546597633136095
1361385929.046,4.500679347826087
1361385929.111,16.409988038277515
1361385929.364,25.87890625
1361385929.616,750.0
1361385929.932,40.76086956521739
1361385930.609,38.05147058823529
1361385930.609,21.899606299212596
1361385930.99,187.5
1361385931.115,13.254042288557214
1361385931.622,520.3125
1361385931.846,4.385964912280701
1361385931.846,17.61968085106383
1361385932.481,585.9375
1361385928.955,4.3478260869565215
1361385929.078,86.24188311688312
1361385929.078,19.642857142857142
1361385930.136,18.367686170212764
1361385930.452,21.17871352785146
1361385930.627,19.846796657381613
1361385931.511,753.125
1361385931.575,816.9642857142857
1361385931.637,12.923869680851064
1361385931.891,25.105337078651683
1361385931.826,4.559270516717325
1361385932.851,54.276315789473685
1361385937.615,87.54512635379061
1361385938.51,112.2532894736842
1361385952.305,192.30769230769232
1361385952.432,229.91071428571428
1361385954.283,131.57894736842104
1361385954.407,164.93055555555554
1361385953.04,132.29166666666666
1361385953.101,83.33333333333333
1361385958.538,416.6666666666667
1361385955.464,203.125
1361385955.591,208.33333333333334
1361385951.109,104.16666666666667
1361385955.908,552.0833333333334
1361385958.851,2500.0
1361385951.362,119.04761904761904
1361385951.426,110.79545454545455
1361385951.616,125.0
1361385959.231,416.6666666666667
1361385957.344,1250.0
1361385957.407,1484.375
1361385957.407,1609.375
1361385951.966,229.91071428571428
1361385952.22,187.5
1361385953.755,126.00806451612902
1361385953.944,78.86904761904762
1361385953.816,100.0
1361385952.407,181.640625
1361385957.91,833.3333333333334
1361385957.885,357.14285714285717
1361385954.424,197.265625
1361385954.424,156.25
1361385954.803,269.8863636363636
1361385953.072,75.75757575757576
1361385950.703,147.05882352941177
1361385951.021,97.5
1361385951.212,110.79545454545455
1361385951.338,188.98809523809524
1361385955.673,424.10714285714283
1361385955.799,833.3333333333334
1361385956.052,1218.75
1361385956.115,500.0
1361385951.699,156.25
1361385956.178,363.28125
1361385956.624,494.7916666666667
1361385959.438,833.3333333333334
1361385933.403,10274.240654205607
1361385935.204,114.17597765363129
1361385933.261,63.691348973607035
1361385935.457,486.77884615384613
1361385935.52,431.91964285714283
1361385933.146,24.53580901856764
1361385935.769,3231.25
1361385933.333,18.29268292682927
1361385936.019,34.883720930232556
1361385936.081,16.132005899705014
1361385936.145,29.41176470588235
1361385933.563,17.61968085106383
1361385933.434,184.0277777777778
1361385936.249,18.002717391304348
1361385936.376,250.0
1361385936.558,143.3189655172414
1361385936.625,1002.2321428571428
1361385936.561,48.387096774193544
1361385936.624,138.02083333333334
1361385933.744,62.5
1361385933.934,201.7663043478261
1361385936.686,21.23397435897436
1361385934.121,61.612215909090914
1361385934.12,315.3409090909091
1361385934.673,86.80555555555556
1361385934.863,6.446991404011461
1361385935.307,20.539314516129032
1361385935.369,633.7890625
1361385932.873,36.56431686046511
1361385932.936,252.71739130434784
1361385933.062,166.66666666666666
1361385935.621,197.04861111111111
1361385935.684,201.38888888888889
1361385935.724,455.7291666666667
1361385935.723,750.0
1361385935.973,19.216417910447763
1361385933.411,417.79891304347825
1361385936.03,24.310286103542236
1361385936.223,22.295845272206304
1361385936.158,31.028053977272727
1361385936.222,750.0
1361385933.654,32.36607142857143
1361385933.889,1500.0
1361385935.202,750.0
1361385935.33,11.544585987261145
1361385940.884,176.7578125
1361385937.042,171.76418439716312
1361385937.746,31.655092592592595
1361385938.76,8.893280632411068
1361385940.719,11.544881305637983
1361385937.002,4.477611940298508
1361385937.191,8.12274368231047
1361385937.444,10.093669250645995
1361385937.444,26.168082524271842
1361385937.634,17.685012437810943
1361385937.824,13.43134236453202
1361385937.887,30.013192612137203
1361385937.887,62.23137535816619
1361385938.014,110.41666666666666
1361385938.244,796.875
1361385938.432,28.846153846153847
1361385938.495,265.625
1361385938.62,35.199175824175825
1361385938.937,217.32954545454544
1361385939.38,753.4722222222222
1361385939.804,171.3815789473684
1361385939.931,4.335260115606936
1361385939.993,22.13172804532578
1361385940.119,18.91222677595628
1361385940.373,21.875
1361385940.437,4.3478260869565215
1361385940.372,21.059782608695652
1361385940.436,21.04407514450867
1361385940.689,14.176615168539326
1361385936.973,18.3277027027027
1361385937.162,19.01496259351621
1361385937.205,16.06514084507042
1361385937.393,23.734177215189874
1361385937.521,31.77487080103359
1361385937.584,29.44884726224784
1361385937.834,29.678770949720672
1361385937.836,529.8295454545454
1361385938.344,104.99756809338521
1361385938.489,561.4583333333333
1361385938.617,17.159237726098194
1361385938.488,1575.0
1361385938.932,497.76785714285717
1361385938.993,372.0703125
1361385939.12,13.00761421319797
1361385939.436,34.23455056179775
1361385939.5,36.76470588235294
1361385939.5,20.175137362637365
1361385939.627,44.20731707317073
1361385939.753,22.684010152284262
1361385939.88,50.86436170212766
1361385941.39,13.63031914893617
1361385959.884,2500.0
1361385961.733,833.3333333333334
1361385961.732,479.1666666666667
1361385961.859,968.75
1361385960.257,2968.75
1361385960.445,552.0833333333334
1361385962.726,581.25
1361385961.12,833.3333333333334
1361385961.183,1250.0
1361385963.288,581.25
1361385963.352,2500.0
1361385963.478,593.75
1361385963.901,726.5625
1361385964.092,828.125
1361385964.664,1250.0
1361385964.919,1609.375
1361385961.459,3218.75
1361385965.617,264.2045454545455
1361385960.966,2500.0
1361385966.896,322.9166666666667
1361385963.937,312.5
1361385964.0,1609.375
1361385964.573,363.28125
1361385956.829,61.05769230769231
1361385964.444,833.3333333333334
1361385964.444,1218.75
1361385964.699,127.40384615384615
1361385941.455,99.54518779342723
1361385944.496,149.81617647058823
1361385941.421,586.5384615384615
1361385943.636,113.2373595505618
1361385940.997,19.61436170212766
1361385941.059,4.398826979472141
1361385941.242,144.44444444444443
1361385941.371,15.293435013262599
1361385944.037,4.225352112676056
1361385944.347,30.729166666666664
1361385944.347,4.178272980501393
1361385941.851,4.385964912280701
1361385944.409,78.86904761904762
1361385941.913,37.94642857142857
1361385944.409,788.3522727272727
1361385942.038,6093.75
1361385944.534,34.090909090909086
1361385942.65,130.51470588235296
1361385942.65,14.188218390804598
1361385942.965,4.322766570605188
1361385940.947,51.68269230769231
1361385941.071,845.3125
1361385941.133,4.385964912280701
1361385944.006,302.0833333333333
1361385941.381,560.4166666666666
1361385941.442,13.90438988095238
1361385941.677,15.58366402116402
1361385941.673,37.13768115942029
1361385941.861,19.217914438502675
1361385942.298,19.477739726027398
1361385942.807,365.0568181818182
1361385942.782,19.50354609929078
1361385943.395,27.34375
1361385947.196,1868.7996031746034
1361385944.933,3.95778364116095
1361385945.376,17.597087378640776
1361385945.502,206.25
1361385945.502,31.60511363636364
1361385945.692,21.600356294536816
1361385945.882,62.5
1361385945.878,18.802332535885167
1361385946.071,377.40384615384613
1361385946.198,22.654011461318053
1361385946.181,33.80102040816327
1361385946.559,6.673177083333333
1361385947.002,19.101767015706805
1361385946.937,69.22957920792079
1361385947.001,288.6513157894737
1361385947.317,750.0
1361385947.444,31.786151960784313
1361385947.762,270.3125
1361385947.8,71.42857142857143
1361385948.18,36.25351123595506
1361385948.433,6.944444444444444
1361385944.907,13.781836461126005
1361385945.159,334.9609375
1361385945.644,18.344155844155843
1361385945.707,24.97773159144893
1361385945.707,3210.9375
1361385945.706,20.703125
1361385946.653,956.8452380952382
1361385946.588,223.04975429975428
1361385946.632,1976.5625
1361385947.076,56.98529411764706
1361385947.454,194.44444444444446
1361385948.15,51.470588235294116
1361385947.96,165.57835820895522
1361385948.343,750.0
1361385948.512,421.875
1361385948.511,484.375
1361385948.575,470.1704545454545
1361385969.639,156.25
1361385969.829,1250.0
1361385968.227,2500.0
1361385968.29,1718.75
1361385970.335,1250.0
1361385970.588,484.375
1361385968.903,3218.75
1361385970.885,726.5625
1361385970.884,500.0
1361385970.948,625.0
1361385969.026,3218.75
1361385967.037,138.88888888888889
1361385971.513,625.0
1361385967.829,750.0
1361385969.491,2500.0
1361385969.719,208.33333333333334
1361385968.179,552.0833333333334
1361385968.744,110.41666666666666
1361385968.849,321.875
1361385971.02,726.5625
1361385972.033,833.3333333333334
1361385972.159,968.75
1361385972.452,625.0
1361385949.399,35.294117647058826
1361385949.654,18.29268292682927
1361385951.507,44.11525974025974
1361385951.569,352.67857142857144
1361385949.073,17.679900744416873
1361385949.07,1656.25
1361385949.197,21.23397435897436
1361385951.757,20.370370370370374
1361385949.26,39.8936170212766
1361385949.26,19.50354609929078
1361385949.257,28.42514124293785
1361385949.257,39.8936170212766
1361385949.256,57.69230769230769
1361385949.382,126.20192307692307
1361385952.171,300.0919117647059
1361385949.735,750.0
1361385949.983,18.991023936170212
1361385950.11,429.6875
1361385950.108,941.9642857142857
1361385950.294,15.953947368421053
1361385950.293,212.31617647058823
1361385950.538,61.342592592592595
1361385950.664,59.53811813186813
1361385950.79,19.075682382133994
1361385951.297,12.667838874680307
1361385951.548,30.0
1361385949.149,19.828464673913043
1361385949.148,23.94859813084112
1361385949.211,37.760416666666664
1361385951.895,119.31818181818183
1361385949.335,15.49831081081081
1361385949.811,21.22134670487106
1361385949.999,968.75
1361385950.187,18.215673575129532
1361385950.249,11.060855263157894
1361385950.376,22.124655647382923
1361385950.375,19.50354609929078
1361385950.819,16.335227272727273
1361385950.691,65.18817204301075
1361385950.755,213.28125
1361385950.813,171.05263157894737
1361385951.009,17.81728316326531
1361385952.836,59.221311475409834
1361385953.165,52.083333333333336
1361385953.418,18.494897959183675
1361385953.48,31.914893617021274
1361385956.244,28.39425587467363
1361385956.438,28.99256373937677
1361385953.924,17.341040462427745
1361385954.051,22.450657894736842
1361385954.05,18.75
1361385954.594,8.875739644970414
1361385953.291,206.67613636363635
1361385954.74,20.963216957605983
1361385955.42,11.138613861386139
1361385955.291,38.56382978723404
1361385956.03,83.33333333333333
1361385955.964,19.70108695652174
1361385956.534,28.306159420289855
1361385953.679,17.427884615384617
1361385953.742,17.65422077922078
1361385953.929,27.27272727272727
1361385954.123,19.108280254777068
1361385954.12,255.8139534883721
1361385954.376,24.943946188340806
1361385954.502,38.56382978723404
1361385954.5,18.51851851851852
1361385955.007,18.494897959183675
1361385957.778,25.027252906976745
1361385957.117,21.60326086956522
1361385955.81,1500.0
1361385956.315,36.25
1361385956.548,9.837962962962964
1361385959.676,31.25
1361385959.861,17.886513157894736
1361385959.924,39.943609022556394
1361385960.031,18.118351063829788
1361385960.03,18.621575342465754
1361385960.092,18.00496688741722
1361385957.659,26.40086206896552
1361385960.719,29.265873015873016
1361385959.964,576.0416666666666
1361385958.766,24.390243902439025
1361385959.079,11.465827338129497
1361385956.774,9.49367088607595
1361385958.528,324.13563829787233
1361385956.836,35.53921568627451
1361385960.164,30.922774869109947
1361385960.225,53.1767955801105
1361385957.727,28.846153846153847
1361385957.853,38.56382978723404
1361385960.476,18.00496688741722
1361385960.539,18.00496688741722
1361385959.265,18.125
1361385959.582,18.621575342465754
1361385959.708,35.53921568627451
1361385960.024,88.23529411764706
1361385959.894,11.544585987261145
1361385960.149,17.20727848101266
1361385963.385,42.94590643274854
1361385961.214,17.769607843137255
1361385961.466,18.125
1361385961.592,70.8092485549133
1361385961.591,75.52083333333333
1361385961.907,6.032171581769437
1361385962.16,19.108280254777068
1361385963.096,12.701303680981594
1361385963.534,18.494897959183675
1361385963.771,6.8493150684931505
1361385963.962,92.21311475409837
1361385964.215,8.720930232558139
1361385964.279,35.53921568627451
1361385964.212,38.793103448275865
1361385964.72,18.880208333333332
1361385961.004,9.49367088607595
1361385961.256,41.19318181818181
1361385961.988,158.3806818181818
1361385962.051,35.422120418848166
1361385962.303,37.58445945945946
1361385962.366,33.56481481481482
1361385962.683,19.35483870967742
1361385962.682,17.65422077922078
1361385962.741,18.75
1361385981.593,19.166666666666664
1361385962.854,18.00496688741722
1361385981.823,15.456989247311828
1361385963.424,18.00496688741722
1361385963.488,18.125
1361385963.614,18.621575342465754
1361385963.93,18.621575342465754
1361385964.309,17.886513157894736
1361385964.053,18.246644295302016
1361385964.441,17.65422077922078
1361385965.537,42.708333333333336
1361385965.537,28.441011235955056
1361385971.639,22.936698717948715
1361385981.453,19.166666666666664
1361385965.002,8.241758241758243
1361385967.746,64.95098039215686
1361385965.314,50.099206349206355
1361385967.81,39.453125
1361385965.437,11.396011396011396
1361385966.513,21.360759493670887
1361385965.666,18.125
1361385965.853,20.0
1361385968.602,35.714285714285715
1361385968.596,18.621575342465754
1361385966.524,38.56382978723404
1361385966.776,36.10197368421053
1361385967.155,14.266304347826086
1361385964.913,28.100458115183248
1361385967.344,18.633540372670808
1361385965.268,17.65422077922078
1361385965.331,70.47872340425532
1361385967.76,9.402654867256638
1361385965.455,11.920103092783505
1361385967.822,20.0
1361385965.581,42.96875
1361385965.706,7.142857142857142
1361385965.832,64.41326530612244
1361385968.427,7.537688442211055
1361385966.186,18.00496688741722
1361385966.88,32.95454545454545
1361385966.943,32.14738175675676
1361385967.006,19.14612676056338
1361385967.32,20.54794520547945
1361385970.79,17.825704225352112
1361385969.149,25.0
1361385969.47,16.544117647058822
1361385969.661,38.56382978723404
1361385970.04,38.56382978723404
1361385970.229,38.56382978723404
1361385970.396,23.84868421052632
1361385970.458,17.769607843137255
1361385970.839,9.933774834437086
1361385971.021,18.00496688741722
1361385970.483,11.538461538461538
1361385971.337,18.246644295302016
1361385971.66,18.246644295302016
1361385971.954,9.017857142857144
1361385972.647,48.96142433234421
1361385968.806,8.746355685131196
1361385972.838,16.96428571428571
1361385968.933,56.25
1361385969.059,10.135135135135135
1361385969.61,17.886513157894736
1361385969.737,18.00496688741722
1361385969.8,6.8493150684931505
1361385969.925,53.57142857142857
1361385970.496,9.803921568627452
1361385970.537,6.6371681415929205
1361385970.473,17.769607843137255
1361385970.6,3.947368421052632
1361385970.663,35.53921568627451
1361385970.915,3.937007874015748
1361385971.042,18.880208333333332
1361385971.105,48.81912442396313
1361385985.409,9.583333333333332
1361385989.824,29.545454545454543
1361385984.121,11.057692307692308
1361385971.294,6.355932203389831
1361385973.088,10.48951048951049
1361385973.214,38.26530612244898
1361385973.341,16.96428571428571
1361385973.53,47.181372549019606
1361385973.594,6.559766763848397
1361385972.893,36.35204081632653
1361385992.769,21.5625
1361385972.964,45.0
1361385973.026,17.886513157894736
1361385973.088,38.56382978723404
1361385973.088,18.00496688741722
1361385973.378,16.843971631205672
1361385973.563,18.75
1361385973.561,90.22887323943662
1361385973.81,66.3154069767442
1361385973.873,18.00496688741722
1361385973.869,61.141304347826086
1361385973.869,6.446991404011461
1361385974.353,6.332236842105263
1361385974.353,16.843971631205672
1361385974.357,19.9468085106383
1361385974.42,17.886513157894736
1361385975.115,16.96428571428571
1361385976.778,16.725352112676056
1361385975.599,17.31687898089172
1361385973.35,10.416666666666666
1361385973.286,18.00496688741722
1361385976.162,17.54032258064516
1361385976.157,23.3718487394958
1361385976.157,33.854166666666664
1361385973.512,11.971672661870503
1361385974.328,192.54032258064515
1361385974.392,16.96428571428571
1361385975.755,16.676682692307693
1361385975.755,16.07142857142857
1361385975.819,5.936675461741425
1361385975.877,17.28723404255319
1361385976.008,18.125
1361385976.881,38.56382978723404
1361385978.309,19.230769230769234
1361385979.192,6.540697674418605
1361385979.319,6.329113924050633
1361385979.932,16.843971631205672
1361385979.932,17.31687898089172
1361385979.932,15.957446808510637
1361385979.931,33.56481481481482
1361385980.184,22.524350649350648
1361385977.077,18.125
1361385977.145,5.434782608695652
1361385977.144,27.41935483870968
1361385977.522,18.246644295302016
1361385978.021,7.0754716981132075
1361385978.278,39.40217391304348
1361385978.318,16.96428571428571
1361385978.382,18.75
1361385978.699,7.894736842105264
1361385987.771,6.117021276595745
1361385979.204,19.862288135593218
1361385979.268,38.56382978723404
1361385979.268,16.843971631205672
1361385979.513,39.40217391304348
1361385979.769,16.96428571428571
1361385980.756,17.65422077922078
1361385980.882,16.843971631205672
1361385981.262,16.608391608391607
1361385981.262,17.31687898089172
1361385981.389,16.07142857142857
1361385984.548,16.725352112676056
1361385983.567,16.843971631205672
1361385983.818,15.116279069767442
1361385983.818,18.246644295302016
1361385981.129,70.55412371134021
1361385984.002,16.725352112676056
1361385981.506,3.667481662591687
1361385981.378,37.760416666666664
1361385981.609,19.012237762237763
1361385984.296,6.329113924050633
1361385984.289,16.96428571428571
1361385981.859,34.85576923076923
1361385982.044,17.769607843137255
1361385982.299,11.524086378737541
1361385983.096,20.0
1361385984.759,18.246644295302016
1361385983.475,16.843971631205672
1361385981.073,20.380434782608695
1361385983.701,16.725352112676056
1361385981.139,38.56382978723404
1361385983.889,17.65422077922078
1361385981.263,16.843971631205672
1361385984.075,7.978723404255319
1361385981.515,44.45564516129032
1361385981.515,16.843971631205672
1361385982.87,7.177033492822967
1361385983.122,7.142857142857142
1361385983.565,59.090909090909086
1361385983.565,22.26027397260274
1361385984.009,47.61904761904761
1361385983.391,8.823529411764707
1361385984.864,16.96428571428571
1361385985.622,17.886513157894736
1361385986.064,39.205848623853214
1361385986.67,22.604166666666668
1361385986.33,59.840425531914896
1361385987.049,17.65422077922078
1361385987.048,16.843971631205672
1361385987.301,41.666666666666664
1361385987.726,10.054347826086955
1361385988.231,18.00496688741722
1361385985.147,5.514705882352941
1361385985.504,16.96428571428571
1361385985.63,20.285087719298247
1361385985.694,5.30035335689046
1361385985.819,38.56382978723404
1361385986.326,16.96428571428571
1361385986.685,6.495098039215686
1361385986.815,42.151162790697676
1361385986.879,33.56481481481482
1361385991.58,14.34795673076923
1361385992.017,17.28723404255319
1361385992.016,16.843971631205672
1361385991.364,59.840425531914896
1361385989.582,11.601170568561873
1361385989.62,16.843971631205672
1361385992.43,11.398176291793312
1361385989.93,35.53921568627451
1361385989.993,16.843971631205672
1361385990.596,15.625
1361385990.912,13.486842105263158
1361385991.23,16.608391608391607
1361385991.229,38.56382978723404
1361385991.292,38.56382978723404
1361385991.647,59.840425531914896
1361385989.399,17.54032258064516
1361385989.399,16.96428571428571
1361385992.083,12.300531914893618
1361385989.522,17.886513157894736
1361385989.626,17.886513157894736
1361385989.625,36.98979591836735
1361385992.501,38.56382978723404
1361385990.875,36.98979591836735
1361385990.873,33.56481481481482
1361385992.996,16.843971631205672
1361385993.566,20.089285714285715
1361385993.691,16.843971631205672
1361385994.262,18.617021276595743
1361385994.796,16.304347826086957
1361385994.796,4.487597911227154
1361385996.037,34.57446808510638
1361385996.735,52.734375
1361385994.072,16.96428571428571
1361385994.135,12.246621621621621
1361385993.943,16.843971631205672
1361385994.132,18.125
1361385996.23,18.9873417721519
1361386001.355,7.4200913242009126
1361385997.552,16.843971631205672
1361385999.393,15.957446808510637
1361385997.101,39.40217391304348
1361385997.476,36.98979591836735
1361386000.16,17.65422077922078
1361386000.2,17.54032258064516
1361385997.764,34.198113207547166
1361385997.47,38.56382978723404
1361386000.385,16.843971631205672
1361385997.948,39.40217391304348
1361385998.439,31.914893617021274
1361385998.627,16.07142857142857
1361385998.627,27.41935483870968
1361385998.754,37.760416666666664
1361385998.817,16.843971631205672
1361385998.749,36.98979591836735
1361385999.196,17.769607843137255
1361385999.196,16.843971631205672
1361386000.308,16.96428571428571
1361385996.888,15.957446808510637
1361385999.735,27.41935483870968
1361385997.488,19.642857142857142
1361385997.488,18.125
1361386000.404,17.08743842364532
1361386000.338,36.25
1361386000.527,16.608391608391607
1361385998.471,16.07142857142857
1361385999.571,16.96428571428571
1361386000.077,16.96428571428571
1361386000.076,17.886513157894736
1361386002.449,17.427884615384617
1361386002.449,16.843971631205672
1361386001.171,18.36993243243243
1361386004.665,84.32904411764706
1361386001.613,16.843971631205672
1361386001.613,23.596938775510203
1361386001.866,6.311576354679803
1361386001.989,39.8936170212766
1361386002.538,16.843971631205672
1361386002.727,16.96428571428571
1361386003.853,39.40217391304348
1361386004.107,16.843971631205672
1361386002.977,37.760416666666664
1361386003.103,11.160714285714286
1361386003.84,27.41935483870968
1361386003.967,17.54032258064516
1361386004.222,16.843971631205672
1361386000.821,16.843971631205672
1361386000.821,35.53921568627451
1361386001.053,16.843971631205672
1361386001.368,16.725352112676056
1361386001.685,5.729166666666666
1361386003.608,23.758561643835616
1361386003.67,32.95454545454545
1361386004.174,16.843971631205672
1361386005.11,35.714285714285715
1361386007.574,5.4245283018867925
1361386005.398,16.843971631205672
1361386007.828,16.96428571428571
1361386007.039,15.957446808510637
1361386007.106,16.843971631205672
1361386005.222,27.52433090024331
1361386008.37,20.032051282051285
1361386008.429,17.427884615384617
1361386008.496,83.33333333333333
1361386005.995,16.843971631205672
1361386008.745,34.57446808510638
1361386006.481,16.843971631205672
1361386006.67,16.843971631205672
1361386006.797,16.843971631205672
1361386004.871,27.50809061488673
1361386007.462,38.56382978723404
1361386007.648,27.960526315789473
1361386007.711,17.886513157894736
1361386007.71,18.880208333333332
1361386007.125,16.96428571428571
1361386007.548,18.36993243243243
1361386008.943,34.090909090909086
1361386009.51,28.716216216216218
1361386009.244,14.900662251655628
1361386010.015,11.363636363636363
1361386010.577,16.96428571428571
1361386010.627,13.341346153846153
1361386010.944,7.649253731343284
1361386011.07,26.255122950819672
1361386012.381,15.848214285714285
1361386012.507,15.957446808510637
1361386009.4,16.725352112676056
1361386010.219,160.4420731707317
1361386010.473,19.012237762237763
1361386010.472,16.96428571428571
1361386010.761,67.86380597014926
1361386011.207,20.380434782608695
1361386011.389,18.246644295302016
1361386012.281,17.65422077922078
1361386012.277,16.96428571428571
1361386013.196,16.843971631205672
1361386013.042,16.725352112676056
1361386013.106,28.716216216216218
1361386013.167,39.24418604651163
1361386015.727,16.843971631205672
1361386013.289,33.56481481481482
1361386016.397,18.00496688741722
1361386016.458,16.725352112676056
1361386014.782,16.843971631205672
1361386013.208,18.00496688741722
1361386014.631,16.843971631205672
1361386013.779,19.50354609929078
1361386015.135,17.769607843137255
1361386015.135,16.07142857142857
1361386012.954,17.769607843137255
1361386015.764,16.843971631205672
1361386013.268,16.96428571428571
1361386013.203,15.957446808510637
1361386015.877,7.492690058479532
1361386013.689,15.957446808510637
1361386014.354,37.760416666666664
1361386014.607,18.36993243243243
1361386014.924,16.843971631205672
1361386015.113,4.1302992518703245
1361386017.004,34.57446808510638
1361386017.198,16.96428571428571
1361386017.513,16.843971631205672
1361386018.634,21.96969696969697
1361386019.352,17.54032258064516
1361386019.521,19.14612676056338
1361386019.923,16.96428571428571
1361386019.922,37.760416666666664
1361386020.112,16.96428571428571
1361386020.301,16.96428571428571
1361386020.68,39.0625
1361386017.217,8.241758241758243
1361386018.705,17.769607843137255
1361386019.775,38.56382978723404
1361386020.203,18.125
1361386020.329,16.96428571428571
1361386020.137,16.96428571428571
1361386020.834,23.28020134228188
1361386021.214,17.54032258064516
1361386021.404,33.854166666666664
1361386021.506,15.734265734265735
1361386021.372,31.25
1361386021.436,19.28191489361702
1361386023.868,16.725352112676056
1361386023.994,18.00496688741722
1361386024.286,18.246644295302016
1361386024.285,20.450367647058822
1361386022.037,16.843971631205672
1361386022.228,17.769607843137255
1361386024.722,18.621575342465754
1361386024.706,16.493055555555557
1361386024.77,38.56382978723404
1361386024.048,20.774647887323944
1361386022.59,40.364583333333336
1361386022.97,16.843971631205672
1361386020.98,17.769607843137255
1361386023.445,34.57446808510638
1361386023.756,16.843971631205672
1361386024.065,16.96428571428571
1361386021.635,34.57446808510638
1361386025.174,16.843971631205672
1361386022.738,16.96428571428571
1361386023.978,16.493055555555557
1361386023.85,6.779100529100528
1361386025.291,13.392857142857142
1361386025.543,37.760416666666664
1361386025.987,16.843971631205672
1361386026.172,16.96428571428571
1361386026.802,17.54032258064516
1361386026.661,39.40217391304348
1361386028.221,16.843971631205672
1361386028.605,12.847222222222221
1361386028.667,8.186900958466454
1361386028.793,19.93534482758621
1361386024.884,42.119565217391305
1361386025.245,16.843971631205672
1361386025.309,38.56382978723404
1361386026.507,19.14612676056338
1361386026.507,16.843971631205672
1361386028.18,16.843971631205672
1361386029.0,16.96428571428571
1361386029.194,4.665492957746479
1361386028.933,18.00496688741722
1361386031.484,59.840425531914896
1361386031.546,16.843971631205672
1361386029.111,16.96428571428571
1361386031.732,16.483516483516485
1361386028.881,28.61952861952862
1361386029.485,38.56382978723404
1361386029.421,16.96428571428571
1361386032.086,16.156462585034014
1361386032.585,16.843971631205672
1361386029.96,16.07142857142857
1361386030.967,19.844890510948904
1361386030.442,16.843971631205672
1361386030.377,17.0863309352518
1361386030.631,16.96428571428571
1361386030.694,27.597402597402596
1361386028.893,100.0
1361386031.453,18.36993243243243
1361386031.436,17.886513157894736
1361386029.184,27.50809061488673
1361386031.871,17.54032258064516
1361386031.935,39.8936170212766
1361386032.061,40.76086956521739
1361386032.06,17.945544554455445
1361386029.562,38.56382978723404
1361386030.599,36.98979591836735
1361386030.787,16.96428571428571
1361386033.662,27.331189710610932
1361386031.352,17.65422077922078
1361386031.542,17.54032258064516
1361386031.605,36.25
1361386031.477,15.957446808510637
1361386031.71,27.331189710610932
1361386031.582,16.843971631205672
1361386034.806,17.769607843137255
1361386032.997,14.333677685950414
1361386033.185,33.56481481481482
1361386033.312,9.050546448087431
1361386033.944,61.141304347826086
1361386035.124,17.769607843137255
1361386034.429,38.56382978723404
1361386034.492,17.65422077922078
1361386034.682,16.96428571428571
1361386034.804,18.125
1361386035.251,38.56382978723404
1361386035.315,38.56382978723404
1361386035.25,16.622340425531913
1361386035.314,18.880208333333332
1361386035.863,18.246644295302016
1361386036.053,18.75
1361386036.179,16.843971631205672
1361386036.749,16.843971631205672
1361386034.385,16.843971631205672
1361386035.331,16.96428571428571
1361386035.395,42.119565217391305
1361386035.755,38.56382978723404
1361386036.071,18.125
1361386036.071,19.9468085106383
1361386036.513,16.843971631205672
1361386036.575,37.760416666666664
1361386036.51,16.18705035971223
1361386036.742,16.96428571428571
1361386036.933,16.843971631205672
1361386037.129,17.769607843137255
1361386038.017,16.843971631205672
1361386038.962,16.843971631205672
1361386040.423,18.125
1361386039.338,8.319805194805195
1361386037.025,35.53921568627451
1361386037.024,42.582417582417584
1361386039.771,12.69215210355987
1361386037.273,17.769607843137255
1361386040.189,34.57446808510638
1361386037.624,16.96428571428571
1361386037.807,17.427884615384617
1361386038.297,18.00496688741722
1361386038.612,16.129032258064516
1361386039.309,11.432926829268293
1361386038.503,22.235576923076923
1361386038.503,19.50354609929078
1361386041.319,16.843971631205672
1361386038.688,35.326086956521735
1361386038.688,4.059436274509804
1361386041.569,17.592592592592595
1361386038.94,34.85576923076923
1361386039.173,16.843971631205672
1361386039.168,16.843971631205672
1361386039.743,16.843971631205672
1361386040.121,17.769607843137255
1361386044.38,18.125
1361386041.699,17.21014492753623
1361386042.625,16.843971631205672
1361386043.193,17.65422077922078
1361386043.996,35.53921568627451
1361386043.936,16.843971631205672
1361386044.253,26.417525773195877
1361386044.316,15.84507042253521
1361386042.464,20.089285714285715
1361386042.589,36.25
1361386042.778,4.25771208226221
1361386043.346,16.07142857142857
1361386043.958,38.56382978723404
1361386044.149,16.608391608391607
1361386044.716,16.96428571428571
1361386045.285,18.36993243243243
1361386048.354,17.31687898089172
1361386045.474,18.246644295302016
1361386048.031,16.07142857142857
1361386048.029,17.65422077922078
1361386045.723,28.523489932885905
1361386045.968,22.379032258064516
1361386045.972,16.843971631205672
1361386047.328,16.843971631205672
1361386047.711,18.246644295302016
1361386048.216,16.608391608391607
1361386045.907,16.07142857142857
1361386048.753,4.56267217630854
1361386046.444,16.96428571428571
1361386046.856,17.427884615384617
1361386047.049,27.41935483870968
1361386047.049,19.012237762237763
1361386046.856,16.96428571428571
1361386046.855,16.843971631205672
1361386047.231,16.843971631205672
1361386047.59,17.0863309352518
1361386049.308,16.96428571428571
1361386049.564,16.96428571428571
1361386050.181,8.541666666666666
1361386050.424,16.843971631205672
1361386050.677,15.957446808510637
1361386051.796,18.246644295302016
1361386051.922,19.28191489361702
1361386052.303,20.647321428571427
1361386051.94,16.843971631205672
1361386052.692,16.96428571428571
1361386052.823,17.0863309352518
1361386052.759,19.012237762237763
1361386053.059,18.494897959183675
1361386053.057,16.96428571428571
1361386053.502,10.873824451410657
1361386055.36,16.96428571428571
1361386055.677,18.36993243243243
1361386055.676,16.843971631205672
1361386055.675,15.957446808510637
1361386055.801,18.00496688741722
1361386055.8,16.96428571428571
1361386053.596,17.886513157894736
1361386056.469,15.957446808510637
1361386053.777,28.911564625850342
1361386054.286,38.56382978723404
1361386057.034,16.96428571428571
1361386057.092,18.246644295302016
1361386054.534,15.957446808510637
1361386057.029,16.843971631205672
1361386054.574,32.95454545454545
1361386054.638,34.198113207547166
1361386057.134,17.65422077922078
1361386055.077,18.880208333333332
1361386055.14,17.886513157894736
1361386055.33,16.843971631205672
1361386055.393,16.96428571428571
1361386055.457,38.56382978723404
1361386059.819,16.07142857142857
1361386060.201,16.843971631205672
1361386057.303,16.843971631205672
1361386059.709,16.843971631205672
1361386058.332,14.529344512195122
1361386059.064,11.081560283687944
1361386059.87,16.843971631205672
1361386058.465,18.36993243243243
1361386059.225,16.843971631205672
1361386060.209,16.843971631205672
1361386061.262,38.56382978723404
1361386061.262,16.843971631205672
1361386061.325,25.862068965517242
1361386061.325,16.843971631205672
1361386064.688,31.914893617021274
1361386061.3,16.96428571428571
1361386063.921,16.96428571428571
1361386061.464,35.326086956521735
1361386064.458,38.56382978723404
1361386064.648,16.96428571428571
1361386063.823,18.00496688741722
1361386063.822,41.666666666666664
1361386063.949,15.957446808510637
1361386064.011,16.843971631205672
1361386064.685,22.820723684210527
1361386062.377,15.734265734265735
1361386063.038,38.56382978723404
1361386063.14,18.75
1361386063.139,16.96428571428571
1361386063.832,15.625
1361386066.75,16.843971631205672
1361386067.962,38.56382978723404
1361386065.147,16.843971631205672
1361386065.147,37.760416666666664
1361386065.21,32.95454545454545
1361386065.273,38.56382978723404
1361386066.709,16.96428571428571
1361386067.533,26.984126984126984
1361386069.077,16.96428571428571
1361386069.58,16.156462585034014
1361386065.87,17.769607843137255
1361386065.87,16.608391608391607
1361386066.484,16.843971631205672
1361386066.611,19.9468085106383
1361386067.497,16.96428571428571
1361386067.872,18.125
1361386068.419,17.099056603773583
1361386070.1,16.843971631205672
1361386069.579,16.96428571428571
1361386072.201,19.14612676056338
1361386069.956,27.553763440860216
1361386072.643,17.886513157894736
1361386070.018,34.85576923076923
1361386071.372,18.75
1361386072.007,16.96428571428571
1361386072.068,27.46212121212121
1361386072.068,11.295180722891565
1361386072.674,16.843971631205672
1361386070.24,17.31687898089172
1361386073.111,17.857142857142858
1361386070.676,31.25
1361386073.272,18.125
1361386073.525,27.243589743589745
1361386070.9,16.843971631205672
1361386071.088,16.96428571428571
1361386073.202,27.597402597402596
1361386073.454,18.36993243243243
1361386073.707,18.00496688741722
1361386073.769,18.246644295302016
1361386073.769,16.96428571428571
1361386074.503,25.371287128712872
1361386076.32,17.53597122302158
1361386073.913,28.523489932885905
1361386074.213,25.64102564102564
1361386074.213,16.725352112676056
1361386074.338,16.843971631205672
1361386074.528,14.415322580645162
1361386074.528,37.760416666666664
1361386074.654,34.198113207547166
1361386076.328,16.96428571428571
1361386080.211,16.96428571428571
1361386080.211,16.379310344827587
1361386077.897,16.843971631205672
1361386079.573,16.96428571428571
1361386078.061,36.98979591836735
1361386081.122,18.880208333333332
1361386081.474,16.843971631205672
1361386078.91,16.843971631205672
1361386081.332,25.64102564102564
1361386082.03,17.0863309352518
1361386082.449,16.725352112676056
1361386082.449,18.36993243243243
1361386084.5,16.843971631205672
1361386084.751,16.96428571428571
1361386085.831,17.65422077922078
1361386082.596,35.53921568627451
1361386084.656,36.25
1361386086.56,38.56382978723404
1361386087.465,19.9468085106383
1361386088.414,16.96428571428571
1361386088.413,17.65422077922078
1361386088.537,15.957446808510637
1361386088.537,17.886513157894736
1361386088.77,8.805841924398626
1361386089.311,21.428571428571427
1361386089.941,16.843971631205672
1361386091.425,18.36993243243243
1361386091.996,16.843971631205672
1361386090.152,16.843971631205672
1361386091.329,16.843971631205672
1361386092.7,37.760416666666664
1361386092.89,17.886513157894736
1361386093.431,17.31687898089172
1361386095.005,18.246644295302016
1361386094.016,19.14612676056338
1361386097.367,18.125
1361386095.981,18.125
1361386101.488,33.56481481481482
1361386100.522,35.53921568627451
1361386100.138,19.9468085106383
1361386103.346,18.125
1361386103.561,32.95454545454545
1361386103.561,16.843971631205672
1361386105.292,17.65422077922078
1361386104.043,40.76086956521739
1361386104.169,16.608391608391607
1361386101.863,17.65422077922078
1361386102.338,39.40217391304348
1361386103.089,19.9468085106383
1361386105.626,40.27777777777778
1361386106.753,37.760416666666664
1361386106.935,36.98979591836735
1361386106.267,18.494897959183675
1361386106.267,16.843971631205672
1361386109.522,31.914893617021274
1361386105.803,34.090909090909086
1361386107.048,16.18705035971223
1361386109.394,16.843971631205672
1361386109.926,56.25
1361386112.924,17.769607843137255
1361386111.187,17.54032258064516
1361386111.76,34.198113207547166
1361386111.884,17.099056603773583
1361386112.679,18.36993243243243
1361386113.411,17.769607843137255
1361386113.415,16.96428571428571
1361386113.413,18.36993243243243
1361386110.912,18.621575342465754
1361386111.103,17.886513157894736
1361386115.719,38.56382978723404
1361386116.288,18.36993243243243
1361386116.795,18.621575342465754
1361386117.788,51.25
1361386116.751,17.54032258064516
1361386118.064,15.202702702702704
1361386120.276,18.00496688741722
1361386118.822,18.125
1361386121.38,17.769607843137255
1361386118.946,15.957446808510637
1361386119.323,17.65422077922078
1361386121.109,18.246644295302016
1361386118.736,16.96428571428571
1361386119.343,34.403669724770644
1361385813.078,69637.17830882354
1361386122.442,18.246644295302016
1361386123.877,18.36993243243243
1361386124.638,33.56481481481482
1361386124.509,17.886513157894736
1361386124.871,16.843971631205672
1361386122.715,19.9468085106383
1361386124.338,17.65422077922078
1361386129.79,39.40217391304348
1361386128.378,18.00496688741722
1361386128.504,16.725352112676056
1361386126.547,35.53921568627451
1361386126.798,39.40217391304348
1361386129.545,16.96428571428571
1361386126.921,18.125
1361386129.607,16.18705035971223
1361386127.11,16.96428571428571
1361386127.98,18.246644295302016
1361386128.357,18.494897959183675
1361386128.646,18.00496688741722
1361386129.021,17.427884615384617
1361386129.465,36.98979591836735
1361386129.336,34.85576923076923
1361386127.254,18.621575342465754
1361386127.188,18.246644295302016
1361386127.378,12.003311258278146
1361386127.634,34.85576923076923
1361386127.568,39.40217391304348
1361386130.082,34.57446808510638
1361386130.398,16.843971631205672
1361386130.968,16.07142857142857
1361386131.771,18.880208333333332
1361386133.26,16.843971631205672
1361386130.115,18.125
1361386130.789,18.00496688741722
1361386132.115,18.00496688741722
1361386131.989,17.886513157894736
1361386133.234,17.54032258064516
1361386134.328,18.36993243243243
1361386137.121,38.56382978723404
1361386135.289,18.125
1361386135.415,18.36993243243243
1361386135.54,16.96428571428571
1361386135.539,19.14612676056338
1361386133.927,18.125
1361386134.053,17.886513157894736
1361386137.029,18.246644295302016
1361386137.405,18.125
1361386135.452,18.125
1361386135.641,17.769607843137255
1361386138.248,17.886513157894736
1361386138.753,16.843971631205672
1361386139.258,16.96428571428571
1361386140.19,18.246644295302016
1361386141.371,18.125
1361386141.37,34.85576923076923
1361386138.159,16.96428571428571
1361386138.645,18.36993243243243
1361386138.769,17.769607843137255
1361386139.024,17.65422077922078
1361386140.1,16.96428571428571
1361386140.265,18.494897959183675
1361386144.495,19.012237762237763
1361386144.869,18.36993243243243
1361386142.793,18.00496688741722
1361386142.918,16.96428571428571
1361386143.968,16.843971631205672
1361386142.264,17.65422077922078
1361386145.325,19.369239631336406
1361386145.493,18.246644295302016
1361386143.627,38.56382978723404
1361386148.037,18.36993243243243
1361386148.164,17.31687898089172
1361386148.225,13.62423780487805
1361386148.607,17.31687898089172
1361386148.607,16.843971631205672
1361386148.963,17.886513157894736
1361386149.092,16.843971631205672
1361386149.664,36.25
1361386146.2,13.392857142857142
1361386147.57,18.00496688741722
1361386148.013,16.843971631205672
1361386149.636,18.125
1361386149.636,17.769607843137255
1361386152.185,16.843971631205672
1361386152.248,20.089285714285715
1361386152.433,18.880208333333332
1361386152.433,16.843971631205672
1361386153.037,14.084507042253522
1361386150.668,16.843971631205672
1361386153.66,16.622340425531913
1361386153.701,16.843971631205672
1361386152.029,38.56382978723404
1361386150.1,18.246644295302016
1361386150.163,32.95454545454545
1361386152.821,18.00496688741722
1361386152.82,19.9468085106383
1361386152.884,18.494897959183675
1361386150.77,17.886513157894736
1361386151.752,38.56382978723404
1361386153.924,16.96428571428571
1361386153.924,18.246644295302016
1361386154.808,17.28723404255319
1361386155.186,16.96428571428571
1361386155.363,16.843971631205672
1361386155.292,18.246644295302016
1361386156.113,16.843971631205672
1361386156.366,15.957446808510637
1361386156.743,16.843971631205672
1361386157.232,18.36993243243243
1361386157.231,19.012237762237763
1361386157.231,16.843971631205672
1361386157.421,18.75
1361386153.895,16.843971631205672
1361386154.211,11.420107033639145
1361386154.635,18.58974358974359
1361386155.204,16.96428571428571
1361386156.508,16.96428571428571
1361386157.141,19.642857142857142
1361386157.302,17.21014492753623
1361386160.924,33.56481481481482
1361386158.531,27.50809061488673
1361386158.53,17.886513157894736
1361386158.53,16.608391608391607
1361386158.778,16.843971631205672
1361386161.529,18.00496688741722
1361386161.656,17.410714285714285
1361386160.21,38.56382978723404
1361386158.608,16.843971631205672
1361386158.671,18.125
1361386158.671,16.96428571428571
1361386158.794,18.36993243243243
1361386159.109,34.090909090909086
1361386159.489,16.843971631205672
1361386162.177,38.56382978723404
1361386163.126,18.125
1361386163.126,16.608391608391607
1361386165.496,39.8936170212766
1361386165.495,15.957446808510637
1361386165.873,18.00496688741722
1361386161.904,19.9468085106383
1361386163.398,16.96428571428571
1361386163.525,42.349726775956285
1361386165.012,16.96428571428571
1361386167.604,16.843971631205672
1361386168.803,19.642857142857142
1361386166.078,17.0863309352518
1361386166.52,18.36993243243243
1361386167.122,39.8936170212766
1361386169.486,16.843971631205672
1361386167.25,27.331189710610932
1361386167.442,38.56382978723404
1361386166.779,16.843971631205672
1361386168.932,37.760416666666664
1361386167.761,16.96428571428571
1361386170.861,16.843971631205672
1361386171.178,16.96428571428571
1361386171.865,16.843971631205672
1361386173.697,15.84507042253521
1361386170.001,16.843971631205672
1361386170.129,16.96428571428571
1361386170.255,18.00496688741722
1361386170.255,18.36993243243243
1361386170.507,18.00496688741722
1361386170.507,16.96428571428571
1361386170.887,39.8936170212766
1361386170.946,15.957446808510637
1361386172.257,38.56382978723404
1361386172.32,16.96428571428571
1361386172.678,16.96428571428571
1361386173.754,11.693548387096774
1361386169.913,18.880208333333332
1361386170.039,17.65422077922078
1361386171.41,16.843971631205672
1361386171.959,16.843971631205672
1361386173.223,19.012237762237763
1361386175.603,17.31687898089172
1361386176.768,19.9468085106383
1361386174.398,16.843971631205672
1361386174.568,17.886513157894736
1361386174.564,16.843971631205672
1361386175.803,17.427884615384617
1361386176.118,39.40217391304348
1361386174.29,17.886513157894736
1361386174.539,17.65422077922078
1361386174.534,16.843971631205672
1361386174.601,38.56382978723404
1361386175.268,27.597402597402596
1361386175.587,16.96428571428571
1361386175.714,16.843971631205672
1361386181.267,16.96428571428571
1361386177.941,18.75
1361386179.629,17.31687898089172
1361386180.326,18.494897959183675
1361386180.871,16.843971631205672
1361386181.06,18.125
1361386181.25,21.96969696969697
1361386181.31,16.96428571428571
1361386178.335,39.40217391304348
1361386178.908,28.61952861952862
1361386178.971,16.843971631205672
1361386179.474,27.777777777777775
1361386180.091,16.843971631205672
1361386180.218,27.331189710610932
1361386180.598,16.843971631205672
1361386180.788,38.56382978723404
1361386180.915,16.96428571428571
1361386180.658,16.843971631205672
1361386180.913,17.886513157894736
1361386184.933,19.012237762237763
1361386185.017,18.125
1361386184.082,38.56382978723404
1361386184.143,16.843971631205672
1361386184.207,35.326086956521735
1361386184.202,32.608695652173914
1361386184.393,19.50354609929078
1361386184.518,34.57446808510638
1361386184.873,16.96428571428571
1361386184.936,18.36993243243243
1361386185.25,16.843971631205672
1361386185.313,15.957446808510637
1361386182.876,27.597402597402596
1361386185.628,16.96428571428571
1361386183.546,28.716216216216218
1361386184.055,18.246644295302016
1361386184.305,18.246644295302016
1361386184.718,18.00496688741722
1361386184.848,15.735815602836878
1361386184.719,16.843971631205672
1361386182.285,17.886513157894736
1361386183.342,16.843971631205672
1361386183.468,18.36993243243243
1361386186.986,16.843971631205672
1361386186.986,17.54032258064516
1361386187.05,19.9468085106383
1361386187.852,16.96428571428571
1361386188.23,18.36993243243243
1361386188.293,18.494897959183675
1361386188.483,16.843971631205672
1361386188.483,18.246644295302016
1361386188.483,18.36993243243243
1361386188.798,17.54032258064516
1361386189.117,18.36993243243243
1361386189.349,16.18705035971223
1361386185.949,16.843971631205672
1361386186.076,15.957446808510637
1361386186.943,16.96428571428571
1361386187.198,16.843971631205672
1361386187.766,18.621575342465754
1361386188.147,38.56382978723404
1361386188.146,16.725352112676056
1361386188.38,16.843971631205672
1361386188.38,16.608391608391607
1361386189.013,16.96428571428571
1361386191.217,18.246644295302016
1361386192.389,19.012237762237763
1361386192.452,30.74866310160428
1361386190.082,17.769607843137255
1361386192.577,16.96428571428571
1361386193.623,36.25
1361386191.253,17.65422077922078
1361386192.364,35.53921568627451
1361386190.353,16.622340425531913
1361386190.598,18.30808080808081
1361386193.16,15.32258064516129
1361386195.814,16.843971631205672
1361386196.692,18.246644295302016
1361386197.01,17.769607843137255
1361386197.332,18.494897959183675
1361386196.615,28.716216216216218
1361386197.568,31.25
1361386194.008,17.335766423357665
1361386194.45,34.85576923076923
1361386194.891,11.432926829268293
1361386195.506,38.56382978723404
1361386195.824,38.56382978723404
1361386195.887,18.494897959183675
1361386195.887,16.843971631205672
1361386195.949,38.56382978723404
1361386196.075,42.349726775956285
1361386196.517,16.18705035971223
1361386196.707,16.96428571428571
1361386194.111,40.27777777777778
1361386194.536,18.494897959183675
1361386195.485,17.769607843137255
1361386195.484,15.957446808510637
1361386196.661,19.06779661016949
1361386197.17,37.760416666666664
1361386200.218,17.769607843137255
1361386198.096,18.494897959183675
1361386200.071,18.36993243243243
1361386200.632,18.00496688741722
1361386200.632,16.96428571428571
1361386198.744,16.96428571428571
1361386200.92,18.880208333333332
1361386201.168,16.843971631205672
1361386201.549,17.65422077922078
1361386201.549,16.96428571428571
1361386199.539,18.36993243243243
1361386199.917,16.96428571428571
1361386200.105,15.957446808510637
1361386198.591,16.843971631205672
1361386201.315,27.50809061488673
1361386201.251,27.41935483870968
1361386199.325,27.50809061488673
1361386199.865,16.96428571428571
1361386203.46,17.65422077922078
1361386202.03,16.843971631205672
1361386202.285,16.843971631205672
1361386203.235,15.84507042253521
1361386203.401,16.07142857142857
1361386204.158,16.18705035971223
1361386204.288,16.843971631205672
1361386204.79,36.98979591836735
1361386204.983,18.36993243243243
1361386204.983,17.769607843137255
1361386202.194,17.54032258064516
1361386203.567,33.56481481481482
1361386204.201,17.54032258064516
1361386204.812,16.843971631205672
1361386204.806,16.843971631205672
1361386204.872,16.843971631205672
1361386205.064,15.957446808510637
1361386205.25,16.843971631205672
1361386207.258,17.769607843137255
1361386206.764,16.156462585034014
1361386208.089,20.089285714285715
1361386205.975,18.246644295302016
1361386206.099,16.843971631205672
1361386206.224,18.00496688741722
1361386208.336,16.843971631205672
1361386206.223,16.96428571428571
1361386208.398,36.25
1361386208.712,16.96428571428571
1361386209.25,37.760416666666664
1361386207.263,16.96428571428571
1361386207.617,17.31687898089172
1361386205.885,16.07142857142857
1361386208.351,16.843971631205672
1361386208.351,36.25
1361386206.489,16.843971631205672
1361386206.675,16.96428571428571
1361386206.675,17.65422077922078
1361386206.674,17.769607843137255
1361386206.738,17.0863309352518
1361386206.86,16.843971631205672
1361386207.155,34.198113207547166
1361386207.532,16.843971631205672
1361386209.575,19.9468085106383
1361386210.556,36.98979591836735
1361386212.018,16.843971631205672
1361386209.94,17.65422077922078
1361386210.257,35.53921568627451
1361386210.637,36.25
1361386210.635,15.957446808510637
1361386210.951,18.36993243243243
1361386211.207,18.125
1361386212.257,18.125
1361386212.829,16.96428571428571
1361386212.829,18.880208333333332
1361386212.867,19.14612676056338
1361386213.31,18.00496688741722
1361386210.162,16.96428571428571
1361386210.584,18.75
1361386211.533,16.843971631205672
1361386212.144,16.843971631205672
1361386211.949,16.843971631205672
1361386212.706,39.8936170212766
1361386212.773,16.843971631205672
1361386213.134,16.18705035971223
1361386213.134,17.886513157894736
1361386213.2,16.843971631205672
1361386215.782,38.56382978723404
1361386215.717,18.00496688741722
1361386216.155,16.843971631205672
1361386214.511,18.621575342465754
1361386214.825,18.36993243243243
1361386214.694,16.843971631205672
1361386215.112,16.843971631205672
1361386215.806,41.44385026737968
1361386213.82,16.608391608391607
1361386214.07,16.07142857142857
1361386216.543,16.725352112676056
1361386216.727,17.54032258064516
1361386214.737,27.50809061488673
1361386218.024,16.843971631205672
1361386221.186,18.494897959183675
1361386219.069,18.246644295302016
1361386219.326,17.769607843137255
1361386219.497,17.886513157894736
1361386220.194,16.843971631205672
1361386221.249,16.96428571428571
1361386218.355,28.716216216216218
1361386219.22,15.957446808510637
1361386219.41,17.335766423357665
1361386224.223,16.96428571428571
1361386221.879,16.96428571428571
1361386224.18,17.21014492753623
1361386224.179,38.56382978723404
1361386224.681,16.96428571428571
1361386222.44,18.246644295302016
1361386224.848,17.65422077922078
1361386224.972,18.125
1361386225.099,16.843971631205672
1361386222.92,17.65422077922078
1361386222.856,16.843971631205672
1361386222.167,16.18705035971223
1361386224.633,16.96428571428571
1361386224.632,18.246644295302016
1361386224.757,16.843971631205672
1361386225.136,28.523489932885905
1361386225.198,17.886513157894736
1361386225.176,15.957446808510637
1361386223.437,16.843971631205672
1361386226.38,18.36993243243243
1361386226.629,18.36993243243243
1361386227.202,18.494897959183675
1361386227.875,16.96428571428571
1361386228.32,15.625
1361386228.064,17.54032258064516
1361386228.255,16.37801204819277
1361386228.571,16.96428571428571
1361386228.826,36.98979591836735
1361386228.824,18.246644295302016
1361386228.824,16.843971631205672
1361386226.293,27.331189710610932
1361386226.78,38.56382978723404
1361386227.093,18.356643356643357
1361386227.348,16.843971631205672
1361386227.345,18.125
1361386228.209,18.75
1361385904.318,45514.51032540676
1361386230.7,15.957446808510637
1361386230.044,36.25
1361386232.6,19.012237762237763
1361386233.582,15.957446808510637
1361386232.134,16.843971631205672
1361386229.957,16.843971631205672
1361386229.955,16.843971631205672
1361386232.429,16.96428571428571
1361386232.429,18.36993243243243
1361386233.179,16.843971631205672
1361386230.809,16.96428571428571
1361386231.419,17.886513157894736
1361386231.546,16.96428571428571
1361386236.558,16.96428571428571
1361386237.465,16.843971631205672
1361386234.356,16.96428571428571
1361386234.356,17.54032258064516
1361386234.356,38.56382978723404
1361386235.664,16.96428571428571
1361386235.727,16.96428571428571
1361386237.033,16.493055555555557
1361386234.589,20.032051282051285
1361386235.762,16.725352112676056
1361386235.89,16.843971631205672
1361386235.952,16.843971631205672
1361386236.08,16.843971631205672
1361386236.952,16.96428571428571
1361386239.852,18.246644295302016
1361386238.393,16.843971631205672
1361386239.546,17.769607843137255
1361386238.059,16.96428571428571
1361386244.664,38.56382978723404
1361386245.282,18.494897959183675
1361386245.723,16.725352112676056
1361386241.945,16.843971631205672
1361386242.198,16.96428571428571
1361386242.44,16.725352112676056
1361386243.936,18.00496688741722
1361386244.44,16.843971631205672
1361386245.073,16.843971631205672
1361386245.452,16.843971631205672
1361386245.496,17.65422077922078
1361386246.994,16.843971631205672
1361386248.261,16.96428571428571
1361386248.823,26.881720430107528
1361386246.748,16.725352112676056
1361386246.748,18.75
1361386249.05,18.00496688741722
1361386248.11,16.843971631205672
1361386246.412,16.96428571428571
1361386248.962,16.843971631205672
1361386250.968,17.53597122302158
1361386251.159,31.914893617021274
1361386253.395,16.96428571428571
1361386251.05,18.246644295302016
1361386252.808,21.58273381294964
1361386257.072,16.843971631205672
1361386257.507,16.843971631205672
1361386256.066,11.241007194244604
1361386256.987,18.494897959183675
1361386259.012,17.54032258064516
1361386258.795,16.843971631205672
1361386259.242,16.843971631205672
1361386264.079,18.246644295302016
1361386263.405,8.87784090909091
1361386266.286,16.725352112676056
1361386272.729,38.56382978723404
1361386270.901,16.843971631205672
1361386272.389,16.843971631205672
1361386270.873,38.56382978723404
1361386271.358,58.59375
1361386276.097,18.00496688741722
1361386279.001,31.914893617021274
1361386281.975,17.0863309352518
1361386283.541,19.9468085106383
1361386284.045,16.96428571428571
1361386284.427,17.54032258064516
1361386281.88,18.125
1361386284.297,16.843971631205672
1361386284.359,16.843971631205672
1361386288.11,17.65422077922078
1361386288.11,16.843971631205672
1361386288.172,40.155440414507765
1361386286.308,16.843971631205672
1361386286.661,18.125
1361386287.263,31.862745098039213
1361386287.643,15.957446808510637
1361386288.148,34.57446808510638
1361386286.569,16.96428571428571
1361386290.033,31.914893617021274
1361386295.169,16.725352112676056
1361386295.71,34.403669724770644
1361386294.206,16.843971631205672
1361386295.057,17.769607843137255
1361386300.575,20.089285714285715
1361386302.865,18.75
1361386304.383,17.54032258064516
1361386315.504,11.432926829268293
1361386316.24,30.737704918032787
1361386316.302,18.00496688741722
1361386315.651,16.843971631205672
1361386315.647,18.00496688741722
1361386316.222,29.310344827586206
1361386316.706,16.843971631205672
1361386317.946,33.56481481481482
1361386317.856,16.843971631205672
1361386317.981,20.089285714285715
1361386318.042,16.96428571428571
1361386321.075,18.36993243243243
1361386325.34,18.00496688741722
1361386324.176,36.98979591836735
1361386324.176,16.843971631205672
1361386325.224,15.625
1361386325.91,16.843971631205672
1361386327.267,16.843971631205672
1361386331.262,19.419642857142858
1361386331.261,18.884892086330936
1361386332.21,18.621575342465754
1361386337.61,17.54032258064516
1361386336.607,16.96428571428571
1361386336.67,16.96428571428571
1361386336.517,37.760416666666664
1361386341.747,18.621575342465754
1361386338.978,41.44385026737968
1361386341.661,16.843971631205672
1361386338.875,17.886513157894736
1361386339.059,18.00496688741722
1361386344.491,18.36993243243243
1361386343.894,36.98979591836735
1361386349.796,33.1858407079646
1361386347.491,15.517241379310345
1361386351.236,17.31687898089172
1361386351.149,16.843971631205672
1361386354.554,18.880208333333332
1361386361.315,18.36993243243243
1361386363.257,16.96428571428571
1361386363.145,18.246644295302016
1361386368.231,19.9468085106383
1361386370.436,16.96428571428571
1361386369.842,33.56481481481482
1361386370.473,16.96428571428571
1361386370.536,39.40217391304348
1361386371.909,38.56382978723404
1361386376.724,16.843971631205672
1361386378.349,17.427884615384617
1361386379.643,18.36993243243243
1361386384.473,31.25
1361386382.373,16.843971631205672
1361386385.084,18.125
1361386385.934,16.843971631205672
1361386385.934,17.769607843137255
1361386387.864,20.032051282051285
1361386392.534,17.769607843137255
1361386393.101,16.96428571428571
1361386390.945,18.00496688741722
1361386394.733,15.306122448979592
1361386395.162,18.246644295302016
1361386395.162,16.96428571428571
1361386402.695,16.843971631205672
1361386402.694,17.886513157894736
1361386412.183,16.96428571428571
1361386412.371,17.54032258064516
1361386412.094,18.75
1361386414.597,16.843971631205672
1361386418.181,17.769607843137255
1361386420.118,15.84507042253521
1361386419.269,16.725352112676056
1361386419.268,17.65422077922078
1361386423.527,17.886513157894736
1361386424.35,16.96428571428571
1361386427.288,18.246644295302016
1361386434.101,18.00496688741722
1361386431.023,17.31687898089172
1361386438.941,16.608391608391607
1361386445.309,38.56382978723404
1361386446.846,18.36993243243243
1361386445.972,19.9468085106383
1361386446.158,19.9468085106383
1361386446.161,18.494897959183675
1361386458.587,18.621575342465754
1361386458.471,27.331189710610932
1361386459.62,16.843971631205672
1361386460.518,38.56382978723404
1361386466.682,34.198113207547166
1361386466.553,17.769607843137255
1361385924.148,1750.2850456072972
1361386466.797,45.87765957446808
1361386474.953,27.12264150943396
1361386475.943,11.25776397515528
1361386476.854,16.493055555555557
1361386481.373,16.843971631205672
1361386485.838,18.246644295302016
1361386485.443,16.304347826086957
1361386486.369,20.089285714285715
1361386488.296,34.198113207547166
1361386488.7,16.608391608391607
1361386486.839,36.98979591836735
1361386488.232,17.769607843137255
1361386490.151,36.98979591836735
1361386493.393,16.96428571428571
1361386493.273,33.56481481481482
1361386493.843,17.769607843137255
1361386495.505,37.760416666666664
1361386497.516,38.56382978723404
1361386499.273,17.21014492753623
1361386502.654,34.198113207547166
1361386499.103,16.96428571428571
1361386500.468,38.56382978723404
1361386502.218,39.40217391304348
1361386509.874,39.40217391304348
1361386510.417,18.621575342465754
1361386510.483,36.98979591836735
1361386507.4,17.886513157894736
1361386510.338,17.21014492753623
1361386513.158,18.621575342465754
1361386514.332,16.725352112676056
1361386514.246,18.00496688741722
1361386518.07,16.843971631205672
1361386518.361,34.198113207547166
1361386516.398,36.98979591836735
1361386520.1,18.36993243243243
1361386522.496,18.125
1361386522.494,34.85576923076923
1361386521.905,18.125
1361386523.384,18.125
1361386523.699,18.75
1361386523.889,18.246644295302016
1361386524.56,17.427884615384617
1361386524.813,18.125
1361386525.441,17.886513157894736
1361386525.928,18.125
1361386526.182,19.14612676056338
1361386526.433,16.843971631205672
1361386526.691,18.880208333333332
1361386526.691,19.9468085106383
1361386523.777,27.41935483870968
1361386524.029,28.911564625850342
1361386524.22,17.54032258064516
1361386524.346,17.769607843137255
1361386524.471,16.843971631205672
1361386524.661,18.880208333333332
1361386526.351,18.246644295302016
1361386527.311,17.886513157894736
1361386530.123,20.97902097902098
1361386528.261,18.36993243243243
1361386529.851,38.56382978723404
1361386531.813,16.843971631205672
1361386533.691,18.75
1361386533.817,18.246644295302016
1361386532.022,16.843971631205672
1361386534.475,17.769607843137255
1361386538.841,18.36993243243243
1361386536.759,16.96428571428571
1361386535.409,19.012237762237763
1361386537.133,17.54032258064516
1361386537.385,18.27445652173913
1361386535.848,35.326086956521735
1361386537.808,18.00496688741722
1361386536.142,18.36993243243243
1361386539.19,16.96428571428571
1361386540.392,18.246644295302016
1361386541.382,35.53921568627451
1361386542.079,16.96428571428571
1361386542.013,17.769607843137255
1361386542.248,17.65422077922078
1361386539.103,18.246644295302016
1361386539.482,18.125
1361386539.482,16.96428571428571
1361386541.042,17.65422077922078
1361386540.978,16.843971631205672
1361386542.031,16.843971631205672
1361386544.653,18.125
1361386543.54,18.246644295302016
1361386546.02,18.246644295302016
1361386544.162,18.246644295302016
1361386546.482,35.53921568627451
1361386544.303,17.427884615384617
1361386543.374,16.96428571428571
1361386545.349,44.797687861271676
1361386543.873,18.125
1361386547.159,16.843971631205672
1361386547.286,17.886513157894736
1361386550.598,16.843971631205672
1361386547.074,18.880208333333332
1361386547.201,17.0863309352518
1361386547.581,32.36607142857143
1361386548.447,18.00496688741722
1361386552.35,18.494897959183675
1361386553.035,18.246644295302016
1361386553.2,36.25
1361386552.206,16.96428571428571
1361386552.636,18.00496688741722
1361386552.925,16.843971631205672
1361386553.663,17.099056603773583
1361386553.915,16.843971631205672
1361386551.931,17.886513157894736
1361386552.119,19.14612676056338
1361386557.05,17.769607843137255
1361386557.811,16.96428571428571
1361386557.598,19.28191489361702
1361386558.359,16.843971631205672
1361386558.613,16.96428571428571
1361386558.74,17.31687898089172
1361386555.088,18.125
1361386555.151,17.886513157894736
1361386555.151,19.50354609929078
1361386557.505,16.843971631205672
1361386557.695,18.75
1361386558.524,19.012237762237763
1361386558.313,17.886513157894736
1361386560.432,17.65422077922078
1361386559.339,18.36993243243243
1361386560.331,16.843971631205672
1361386559.214,16.843971631205672
1361386561.12,38.56382978723404
1361386563.597,16.725352112676056
1361386564.712,16.96428571428571
1361386564.623,18.36993243243243
1361386565.746,19.9468085106383
1361386567.487,18.246644295302016
1361386569.984,18.36993243243243
1361386568.978,18.00496688741722
1361386567.378,16.843971631205672
1361386569.353,17.886513157894736
1361386569.351,16.843971631205672
1361386569.896,16.843971631205672
1361386569.772,16.725352112676056
1361386570.92,18.125
1361386573.49,18.36993243243243
1361386574.485,42.119565217391305
1361386570.831,16.843971631205672
1361386572.58,16.843971631205672
1361386572.711,18.12977099236641
1361386572.709,19.70108695652174
1361386573.026,17.65422077922078
1361386573.409,16.843971631205672
1361386574.521,16.843971631205672
1361386575.706,16.843971631205672
1361386575.957,17.886513157894736
1361386575.616,18.00496688741722
1361386575.872,16.07142857142857
1361386577.642,18.125
1361386577.702,16.725352112676056
1361386580.58,19.50354609929078
1361386581.279,15.957446808510637
1361386579.17,18.246644295302016
1361386579.233,15.957446808510637
1361386580.374,15.957446808510637
1361386581.114,16.843971631205672
1361386578.959,18.880208333333332
1361386580.267,16.843971631205672
1361386580.393,18.246644295302016
1361386581.029,17.886513157894736
1361386582.333,16.843971631205672
1361386584.683,19.28191489361702
1361386583.565,17.28723404255319
1361386583.75,12.674825174825173
1361386584.576,16.96428571428571
1361386585.011,33.64158163265306
1361386593.437,38.56382978723404
1361386593.945,16.96428571428571
1361386594.296,18.621575342465754
1361386592.49,18.00496688741722
1361386593.327,16.96428571428571
1361386596.524,17.886513157894736
1361386596.866,17.54032258064516
1361386597.645,17.886513157894736
1361386595.371,16.96428571428571
1361386595.37,18.246644295302016
1361386595.284,27.331189710610932
1361386595.284,17.54032258064516
1361386600.317,15.957446808510637
1361386600.499,17.54032258064516
1361386599.382,16.07142857142857
1361386599.444,17.769607843137255
1361386601.416,16.96428571428571
1361386601.968,16.843971631205672
1361386602.537,18.00496688741722
1361386600.416,16.96428571428571
1361386601.507,16.843971631205672
1361386602.454,16.96428571428571
1361386609.015,16.96428571428571
1361386609.014,16.96428571428571
1361386609.244,18.00496688741722
1361386610.32,38.56382978723404
1361386612.848,19.012237762237763
1361386614.413,18.00496688741722
1361386617.248,16.843971631205672
1361386617.072,16.843971631205672
1361386618.343,36.62420382165605
1361386618.848,45.058139534883715
1361386627.932,16.07142857142857
1361386630.064,17.65422077922078
1361386632.205,37.760416666666664
1361386631.176,16.96428571428571
1361386633.728,16.96428571428571
1361386635.767,18.125
1361386637.646,18.621575342465754
1361386635.663,16.96428571428571
1361386635.661,36.98979591836735
1361386636.044,18.36993243243243
1361386636.044,18.485915492957748
1361386637.54,16.843971631205672
1361386642.288,18.494897959183675
1361386643.534,16.129032258064516
1361386643.001,21.12676056338028
1361386644.876,16.843971631205672
1361386644.875,34.85576923076923
1361386647.923,17.335766423357665
1361386649.405,27.41935483870968
1361386647.836,39.40217391304348
1361386646.677,16.843971631205672
1361386649.295,18.75
1361386653.521,16.96428571428571
1361386654.828,16.96428571428571
1361386653.419,18.00496688741722
1361386658.639,16.843971631205672
1361386658.642,18.75
1361386654.797,17.886513157894736
1361386656.941,20.032051282051285
1361386655.595,16.843971631205672
1361386666.818,17.769607843137255
1361386665.657,18.125
1361386664.517,16.843971631205672
1361386664.516,18.246644295302016
1361386664.58,16.96428571428571
1361386664.516,19.012237762237763
1361386668.731,16.843971631205672
1361386668.649,18.246644295302016
1361385890.923,3266.3943157429617
1361386678.076,17.886513157894736
1361386678.072,16.843971631205672
1361386683.465,27.597402597402596
1361385880.737,274.11787353545117
1361386687.797,17.886513157894736
1361386689.224,16.843971631205672
1361386689.224,17.886513157894736
1361386687.663,16.07142857142857
1361386694.562,16.608391608391607
1361386695.175,17.886513157894736
1361386695.638,30.357142857142858
1361386707.619,9.110169491525424
1361386707.935,16.843971631205672
1361386708.646,17.65422077922078
1361386708.709,16.96428571428571
1361386717.623,18.00496688741722
1361386715.569,16.725352112676056
1361386718.56,37.760416666666664
1361386718.559,16.843971631205672
1361386719.846,18.246644295302016
1361386719.849,15.957446808510637
1361386726.752,40.76086956521739
1361386725.59,18.621575342465754
1361386725.59,16.843971631205672
1361386734.06,17.54032258064516
1361386733.969,16.843971631205672
1361386740.115,15.625
1361386740.002,18.75
1361386745.166,38.59060402684564
1361386753.621,16.07142857142857
1361386756.621,16.96428571428571
1361386756.621,17.427884615384617
1361386765.579,19.9468085106383
1361386778.577,20.97902097902098
1361386774.968,18.125
1361386781.39,16.96428571428571
1361386785.978,16.96428571428571
1361386785.977,18.125
1361386786.23,17.427884615384617
1361386787.055,20.833333333333332
1361386788.996,16.96428571428571
1361386791.666,16.96428571428571
1361386791.56,18.00496688741722
1361386808.542,19.9468085106383
1361386817.361,19.012237762237763
1361386819.856,16.801075268817204
1361386825.265,18.00496688741722
1361386835.698,16.843971631205672
1361386835.76,18.125
1361386838.913,37.5
1361386840.253,16.843971631205672
1361386841.676,16.725352112676056
1361386840.17,17.54032258064516
1361386841.573,18.880208333333332
1361386852.879,16.843971631205672
1361386852.943,17.769607843137255
1361386872.853,17.0863309352518
1361386873.772,39.40217391304348
1361386875.882,16.183035714285715
1361386875.798,15.127388535031848
1361386894.543,15.84507042253521
1361386894.541,17.886513157894736
1361386894.878,16.843971631205672
1361386894.878,18.246644295302016
1361386903.364,16.843971631205672
1361386903.209,29.41176470588235
1361386906.462,16.96428571428571
1361386906.525,18.00496688741722
1361386908.54,16.843971631205672
1361386912.893,17.427884615384617
1361386912.893,27.070063694267517
1361386915.305,18.36993243243243
1361386915.305,16.843971631205672
1361386931.427,18.485915492957748
1361386931.457,16.843971631205672
1361386932.346,19.14612676056338
1361386946.389,16.96428571428571
1361386946.262,36.98979591836735
1361386951.991,19.9468085106383
1361386965.506,17.54032258064516
1361386965.415,17.21014492753623
1361386973.896,18.494897959183675
1361386973.799,16.843971631205672
1361386982.552,15.957446808510637
1361386983.432,16.96428571428571
1361386984.329,19.419642857142858
1361386995.416,18.36993243243243
1361386995.328,15.957446808510637
1361387001.822,18.494897959183675
1361387001.492,16.608391608391607
1361387049.323,16.843971631205672
1361387049.139,17.886513157894736
1361387066.028,19.9468085106383
1361387074.958,18.246644295302016
1361387074.816,28.716216216216218
1361387080.268,18.125
1361387080.268,16.843971631205672
1361387089.559,15.224358974358974
1361387101.473,17.46323529411765
1361387113.064,17.65422077922078
1361387112.978,16.96428571428571
1361387112.678,19.9468085106383
1361387118.82,27.331189710610932
1361387119.644,16.96428571428571
1361387120.887,18.125
1361387124.868,16.96428571428571
1361387139.732,45.45454545454545
1361387140.875,58.59375
1361387154.09,20.089285714285715
1361387176.695,17.410714285714285
1361387176.694,16.88664596273292
1361387189.139,15.957446808510637
1361387189.139,21.96969696969697
1361387199.276,38.56382978723404
1361387210.249,20.089285714285715
1361387210.266,16.07142857142857
1361387234.042,16.843971631205672
1361387234.676,18.00496688741722
1361387233.957,17.769607843137255
1361387234.567,16.96428571428571
1361387240.244,16.44736842105263
1361387258.555,17.28723404255319
1361387258.555,17.769607843137255
1361387258.681,28.716216216216218
1361387258.744,18.125
1361387263.972,16.843971631205672
1361387290.846,18.36993243243243
1361387290.84,16.843971631205672
1361387310.124,16.843971631205672
1361387310.123,18.75
1361387310.63,18.125
1361387316.286,16.96428571428571
1361387316.286,18.246644295302016
1361387320.159,16.96428571428571
1361387320.472,18.125
1361387323.219,16.18705035971223
1361387330.175,38.56382978723404
1361387330.173,16.843971631205672
1361387336.107,19.14612676056338
1361387336.106,16.96428571428571
1361387344.702,18.246644295302016
1361387368.87,16.96428571428571
1361387376.65,16.843971631205672
1361387393.137,18.00496688741722
1361387392.981,15.957446808510637
1361387397.502,16.843971631205672
1361387433.706,45.32163742690058
1361387435.015,38.56382978723404
1361387434.92,16.96428571428571
1361387442.994,16.843971631205672
1361387449.166,16.18705035971223
1361387490.939,16.96428571428571
1361387490.897,18.494897959183675
1361387496.81,16.96428571428571
1361387497.038,18.36993243243243
1361387497.827,11.455278592375366
1361387514.718,15.957446808510637
1361387537.243,28.716216216216218
1361387537.368,18.125
1361387538.097,18.36993243243243
1361387537.99,17.28723404255319
1361387549.19,16.843971631205672
1361387549.253,18.36993243243243
1361387581.135,11.398176291793312
1361387586.886,18.494897959183675
1361387588.46,16.96428571428571
1361387613.503,16.96428571428571
1361387613.503,18.621575342465754
1361387637.611,18.494897959183675
1361387643.994,17.54032258064516
1361387694.249,38.56382978723404
1361387694.249,16.96428571428571
1361387723.109,18.880208333333332
1361387723.005,19.9468085106383
1361387736.23,18.36993243243243
1361387785.365,18.00496688741722
1361387785.097,16.96428571428571
1361387794.008,36.25
1361387794.845,15.957446808510637
1361387795.163,17.54032258064516
1361387795.139,16.07142857142857
1361387871.523,11.574074074074073
1361387872.507,18.246644295302016
1361387872.474,16.843971631205672
1361387880.04,16.96428571428571
1361387880.04,18.125
1361387891.205,16.07142857142857
1361387891.203,38.56382978723404
1361387954.051,105.26315789473684
1361387957.473,65.57377049180329
1361387996.426,15.957446808510637
1361388009.13,19.9468085106383
1361388026.39,19.012237762237763
1361388045.728,32.608695652173914
1361388069.006,16.07142857142857
1361388069.006,17.769607843137255
1361388083.139,16.07142857142857
1361388083.139,18.246644295302016
1361388129.278,61.141304347826086
1361388144.067,16.843971631205672
1361388154.982,16.96428571428571
1361388154.982,18.125
1361388173.703,15.957446808510637
1361388173.703,19.28191489361702
1361388172.118,35.53921568627451
1361388176.18,16.843971631205672
1361388175.993,18.125
1361388183.036,15.957446808510637
1361388207.067,18.246644295302016
1361388207.067,16.725352112676056
1361388228.113,33.56481481481482
1361388228.001,15.957446808510637
1361388237.864,17.886513157894736
1361388237.65,16.843971631205672
1361388252.854,17.427884615384617
1361388252.761,15.957446808510637
1361388260.143,17.65422077922078
1361388260.142,16.96428571428571
1361388259.736,18.125
1361388259.736,16.843971631205672
1361388265.993,17.886513157894736
1361388265.902,16.843971631205672
1361388320.928,17.21014492753623
1361388320.927,18.75
1361388329.024,16.843971631205672
1361388328.825,17.54032258064516
1361388342.315,18.36993243243243
1361388342.199,16.843971631205672
1361388346.241,16.493055555555557
1361388359.439,16.843971631205672
1361388359.28,18.494897959183675
1361388363.475,17.886513157894736
1361388363.392,16.07142857142857
1361388381.282,16.843971631205672
1361388393.134,18.621575342465754
1361388392.937,19.9468085106383
1361388452.723,18.00496688741722
1361388458.748,17.769607843137255
1361388459.74,15.957446808510637
1361388469.529,10.135135135135135
1361388469.406,16.843971631205672
1361388521.684,15.833333333333334
1361388534.064,16.07142857142857
1361388533.997,38.56382978723404
1361388541.57,17.769607843137255
1361388567.614,38.56382978723404
1361388567.614,16.843971631205672
1361388665.46,18.36993243243243
1361388665.462,10.638297872340425
1361388688.583,17.65422077922078
1361388688.477,16.843971631205672
1361388693.377,16.96428571428571
1361388693.282,18.125
1361388726.391,16.96428571428571
1361388726.389,17.65422077922078
1361388780.463,17.769607843137255
1361388780.352,16.843971631205672
1361388802.837,17.886513157894736
1361388802.679,16.96428571428571
1361388812.033,15.957446808510637
1361388812.032,34.85576923076923
1361388816.176,37.760416666666664
1361388822.129,541.6666666666666
1361388881.217,789.0625
1361388866.327,16.843971631205672
1361388866.299,18.246644295302016
1361388868.097,18.00496688741722
1361388869.526,18.36993243243243
1361388905.135,18.494897959183675
1361388905.023,16.843971631205672
1361388909.966,33.78378378378378
1361388941.985,36.25
1361388948.321,1069.4444444444443
1361388957.506,25.210084033613445
1361388959.974,16.96428571428571
1361388959.879,19.14612676056338
1361388966.337,19.9468085106383
1361388966.337,18.621575342465754
1361388978.112,18.621575342465754
1361389007.049,19.667832167832167
1361389059.757,18.00496688741722
1361389059.82,16.96428571428571
1361389077.912,18.494897959183675
1361389077.911,19.9468085106383
1361389097.179,18.36993243243243
1361389097.02,16.843971631205672
1361389127.549,15.517241379310345
1361389127.441,16.843971631205672
1361389140.405,34.090909090909086
1361389177.564,16.843971631205672
1361389177.564,18.75
1361389265.063,19.012237762237763
1361389313.341,16.96428571428571
1361389310.935,18.36993243243243
1361389352.713,15.957446808510637
1361389355.728,941.40625
1361389403.14,8203.125
1361389403.225,1091.1458333333333
1361389403.419,3489.5833333333335
1361389405.601,17.156862745098042
1361389409.695,2053.819444444445
1361389404.818,22.879464285714285
1361389404.813,74.77678571428571
1361389405.581,61.12132352941176
1361389405.896,83.65885416666667
1361389405.959,875.0
1361389410.535,5953.125
1361389410.977,22718.75
1361389411.863,8031.25
1361389413.219,1699.21875
1361389413.41,4505.208333333333
1361389411.353,1750.0
1361389410.447,351933.3333333333
1361389410.447,383176.0416666667
1361389410.447,445022.0588235294
1361389411.332,1750.0
1361389409.934,6039.434523809524
1361389412.127,4556.169181034483
1361389412.126,4307.650862068966
1361389412.043,49076.3739224138
1361389410.45,64732.45614035088
1361389410.502,15.486725663716815
1361389410.502,15.486725663716815
1361389403.834,4965.277777777777
1361389405.488,11246.09375
1361389440.018,1750.0
1361389440.78,3398.4375
1361389439.555,5151.041666666667
1361389440.0,1750.0
1361389439.807,8476.5625
1361389440.211,1750.0
1361389440.211,1750.0
1361389440.021,78.73774509803921
1361389439.94,1192.96875
1361389440.984,4804.6875
1361389469.629,5953.125
1361389462.876,1837.1775793650793
1361389472.551,875.0
1361389455.59,37.760416666666664
1361389460.88,38.56382978723404
1361389460.77,16.843971631205672
1361389471.326,14.957264957264957
1361389471.371,53.744612068965516
1361389470.79,4193.59756097561
1361389470.788,20.833333333333332
1361389471.17,14.957264957264957
1361389472.501,83.65885416666667
1361389471.033,14.705882352941176
1361389471.288,14703.125
1361389501.034,1750.0
1361389499.705,5958.333333333333
1361389478.712,15.306122448979592
1361389478.596,16.96428571428571
1361389484.416,18.75
1361389482.449,33.56481481481482
1361389484.306,37.760416666666664
1361389501.853,18.229166666666668
1361389501.848,82.79639175257732
1361389508.084,3884.375
1361389501.399,17.156862745098042
1361389501.38,61.12132352941176
1361389509.628,15.765765765765764
1361389510.266,25.371287128712872
1361389510.388,62.34375
1361389510.242,22.277227722772277
1361389510.558,18.229166666666668
1361389510.494,82.79639175257732
1361389501.125,779.9107142857142
1361389524.78,820.3125
1361389526.051,2914.0625
1361389557.284,16.843971631205672
1361389557.166,38.56382978723404
1361389598.629,745.5357142857143
1361389659.572,19.9468085106383
1361389681.329,406.25
1361389750.55,541.6666666666666
1361389763.854,18.246644295302016
1361389763.743,16.843971631205672
1361389805.548,2002.0833333333333
1361389809.032,3911.9318181818185
1361389843.014,31.914893617021274
1361389861.392,2713.709677419355
1361389998.437,419.0340909090909
1361390000.329,24.575242718446603
1361390136.846,24.88938053097345
1361390266.857,16.96428571428571
1361390683.689,31.914893617021274
1361390919.737,31.914893617021274
1361391127.056,39.8936170212766
1361391163.653,31.25
1361391269.839,16.843971631205672
1361391558.369,32.608695652173914
1361391696.759,52.951388888888886
1361391914.915,11.522861356932152
1361392001.455,31.914893617021274
1361392076.128,57.765151515151516
1361392641.39,51.520270270270274
1361392668.859,2082.03125
1361392669.988,8390.625
1361392669.923,348.3455882352941
1361392670.811,9720.703125
1361392669.177,609.375
1361392672.879,338.19444444444446
1361392669.658,322.59615384615387
1361392668.783,200.84635416666666
1361392668.973,2000.0
1361392672.456,66.66666666666667
1361392673.705,410.74810606060606
1361392676.258,113.42592592592592
1361392684.665,126.35869565217392
1361392668.639,256.25
1361392668.806,4265.625
1361392668.868,4.132231404958678
1361392669.115,22.296989051094894
1361392669.242,27000.0
1361392669.242,21406.25
1361392669.242,12291.666666666666
1361392669.242,15507.8125
1361392669.176,12.035472972972974
1361392669.24,2843.75
1361392667.064,3121.875
1361392669.236,11090.625
1361392669.236,10537.5
1361392669.235,2632.211538461538
1361392669.239,6609.375
1361392669.239,5084.375
1361392667.357,407.2916666666667
1361392669.661,197.71634615384613
1361392669.657,15.463917525773196
1361392667.797,290.08152173913044
1361392667.924,115.81829896907217
1361392667.987,106.11979166666667
1361392668.051,19.50354609929078
1361392668.276,78.96731805929919
1361392668.279,137.79920212765958
1361392668.34,100.31702898550725
1361392668.464,200.36764705882354
1361392666.765,147.17261904761907
1361392668.939,102.08918539325842
1361392669.127,29328.125
1361392669.127,28812.5
1361392669.126,15414.0625
1361392669.126,7484.375
1361392669.126,7321.428571428572
1361392669.126,10609.375
1361392669.126,19117.1875
1361392669.126,6968.75
1361392669.126,8692.708333333334
1361392669.126,10296.875
1361392669.125,4293.402777777777
1361392669.125,6959.375
1361392669.125,8225.0
1361392669.251,244.79166666666666
1361392667.324,9.375
1361392667.327,230.46875
1361392667.436,279.1666666666667
1361392667.566,13.773148148148149
1361392667.691,453.125
1361392669.547,19.36619718309859
1361392669.117,231843.75
1361392669.372,1746.394230769231
1361392667.808,5.88235294117647
1361392670.215,92.80563186813187
1361392671.225,33.38068181818181
1361392671.391,9459.635416666666
1361392671.772,538.0859375
1361392672.889,18.75
1361392670.79,206.0917721518987
1361392671.848,16.309306569343065
1361392671.848,98.47092245989305
1361392673.405,28.846153846153847
1361392673.212,16.483516483516485
1361392673.532,65.5048076923077
1361392670.933,74.9211356466877
1361392693.62,52.46913580246913
1361392689.648,72.44318181818183
1361392693.811,52.57936507936508
1361392691.954,66.25
1361392694.126,55.70652173913043
1361392695.18,55.20833333333333
1361392680.636,91.13656583629894
1361392688.994,54.910714285714285
1361392693.977,51.7578125
1361392692.534,66.25
1361392689.784,48.65506329113924
1361392689.719,49.27884615384615
1361392689.846,100.51305970149254
1361392674.056,47.63427109974425
1361392674.245,21.913699690402478
1361392674.496,94.0
1361392674.723,13.843201754385964
1361392674.848,19.48051948051948
1361392677.336,39.473684210526315
1361392677.504,12.186629526462395
1361392675.772,85.66810344827586
1361392675.832,136.36363636363635
1361392675.832,125.99734042553193
1361392674.197,120.9716796875
1361392674.322,47.709344660194176
1361392678.438,18.072289156626507
1361392678.562,103.35895721925134
1361392679.108,169.58512931034483
1361392679.235,63.72974537037037
1361392679.36,119.95069974554707
1361392679.419,78.43137254901961
1361392679.487,57.180851063829785
1361392679.549,59.3125
1361392679.866,34.756600660066006
1361392680.791,113.28125
1361392678.122,24.919181034482758
1361392678.501,53.2381221719457
1361392678.628,129.6875
1361392679.303,62.04044117647059
1361392679.428,85.01059322033898
1361392679.618,49.27201704545455
1361392680.288,13.134057971014492
1361392700.189,22.817460317460316
1361392677.892,35349.44002890173
1361392696.327,39.58333333333333
1361392681.904,160.08607784431138
1361392684.266,55.989583333333336
1361392682.398,69.30051813471502
1361392682.564,44.87819488817892
1361392682.813,70.61221227621483
1361392682.812,90.44620646766168
1361392683.352,19.642857142857142
1361392683.414,52.69607843137255
1361392683.896,86.59462616822431
1361392682.384,47.12067610062893
1361392682.509,94.08967391304347
1361392682.757,55.989583333333336
1361392682.882,167.13023560209425
1361392685.153,19.50354609929078
1361392684.79,59.958333333333336
1361392686.1,16.7725988700565
1361392686.414,54.86372180451128
1361392687.333,52.576013513513516
1361392687.332,157.84534534534532
1361392687.583,43.5204802259887
1361392687.901,15.820802005012531
1361392688.152,16.144501278772378
1361392688.515,127.12464589235128
1361392688.515,54.08653846153847
1361392688.764,43.97796352583586
1361392689.018,33.10502283105023
1361392689.208,79.296875
1361392689.589,60.67307692307692
1361392689.266,56.57582938388626
1361392687.211,155.82275390625
1361392687.4,50.19203910614525
1361392687.463,142.7186724565757
1361392687.949,69.94989451476793
1361392688.328,68.6399051490515
1361392689.148,81.07311320754718
1361392689.402,88.98809523809524
1361392689.249,61.47780373831776
1361392689.312,95.69636678200692
1361392689.312,54.330357142857146
1361392689.565,55.07046568627451
1361392687.056,66.67212041884817
1361392708.327,138.39285714285714
1361392698.274,31.25
1361392706.591,317.7083333333333
1361392707.072,181.640625
1361392712.311,119.04761904761904
1361392712.865,95.83333333333334
1361392712.864,89.84375
1361392712.864,93.75
1361392712.864,126.83823529411764
1361392712.928,95.83333333333334
1361392713.055,82.9326923076923
1361392712.863,95.83333333333334
1361392712.863,126.83823529411764
1361392712.862,95.83333333333334
1361392712.862,89.84375
1361392712.862,89.84375
1361392713.437,107.8125
1361392713.053,143.3189655172414
1361392713.244,93.75
1361392705.177,46.64855072463768
1361392707.861,107.421875
1361392699.667,12.948895027624308
1361392699.897,33.43531468531469
1361392713.584,119.04761904761904
1361392713.775,95.83333333333334
1361392713.774,95.83333333333334
1361392713.774,129.59558823529412
1361392713.966,95.83333333333334
1361392714.348,126.83823529411764
1361392714.156,107.8125
1361392714.347,93.75
1361392689.916,79.50530035335689
1361392689.978,58.79046762589928
1361392690.041,93.30516014234875
1361392690.04,81.3386524822695
1361392690.101,135.82848837209303
1361392690.163,96.99292452830188
1361392692.693,19.50354609929078
1361392690.452,55.14705882352941
1361392692.878,40.39351851851852
1361392690.823,78.60331632653062
1361392689.779,60.83776595744681
1361392689.841,108.09608540925267
1361392689.963,73.83362676056338
1361392692.27,80.82329317269077
1361392690.064,125.62679083094555
1361392690.063,49.423758865248224
1361392690.063,102.98295454545455
1361392690.124,114.5516717325228
1361392690.248,88.17644817073172
1361392692.672,19.642857142857142
1361392690.596,142.37132352941177
1361392693.272,93.042071197411
1361392713.099,128.28947368421055
1361392694.379,104.45205479452055
1361392695.117,12.435400516795866
1361392695.683,61.35471204188482
1361392695.876,171.26132930513597
1361392696.148,74.65277777777777
1361392696.148,53.75
1361392696.211,12.664473684210526
1361392696.21,45.733447488584474
1361392696.526,58.385970744680854
1361392696.815,21.27659574468085
1361392697.255,40.348101265822784
1361392694.525,43.75
1361392694.904,47.14912280701755
1361392695.029,49.43324937027708
1361392695.449,53.75
1361392696.016,31.093358395989974
1361392696.143,48.369193989071036
1361392696.14,71.5873430962343
1361392714.853,32.5
1361392714.917,61.170212765957444
1361392715.357,30.671296296296298
1361392715.194,26.65441176470588
1361392715.317,66.40625
1361392716.007,36.60714285714286
1361392697.946,15.073529411764707
1361392697.946,79.14317042606517
1361392698.297,96.07469512195121
1361392698.483,6.154092071611253
1361392699.41,4.132231404958678
1361392702.125,29.858299595141702
1361392704.094,80.41930379746836
1361392721.95,36.95913461538461
1361392718.805,27.652877697841728
1361392726.783,64.95098039215686
1361392727.477,134.765625
1361392727.73,42.46794871794872
1361392727.73,42.96875
1361392727.982,46.00694444444445
1361392727.982,65.78947368421052
1361392728.108,44.070512820512825
1361392728.103,46.4527027027027
1361392728.234,38.51744186046511
1361392720.203,42.998120300751886
1361392728.139,29.05701754385965
1361392720.202,26.16279069767442
1361392720.201,24.906015037593985
1361392728.646,43.58552631578947
1361392728.582,40.396341463414636
1361392728.687,45.23026315789474
1361392728.622,42.96875
1361392718.126,40.558510638297875
1361392729.003,42.46794871794872
1361392708.248,74.65277777777777
1361392706.133,18.34862385321101
1361392708.601,1822.5
1361392708.726,50.0
1361392709.379,4597.65625
1361392708.132,76.78571428571429
1361392708.13,58.333333333333336
1361392708.193,34.21052631578947
1361392708.191,16.246448863636363
1361392708.377,79.04411764705883
1361392708.542,25.905678851174933
1361392708.541,7.8125
1361392708.787,136.2597911227154
1361392709.136,38.91971279373368
1361392707.591,123.28125
1361392707.821,108.92857142857143
1361392709.925,24.16294642857143
1361392711.291,26.122104247104247
1361392711.482,78.62103174603175
1361392712.05,802.4193548387096
1361392713.041,46.23605947955391
1361392713.035,66.77350427350427
1361392713.164,343.25396825396825
1361392713.164,36.22477578475336
1361392710.0,44.375
1361392710.314,24.47411003236246
1361392712.286,43.876689189189186
1361392712.414,33.192334254143645
1361392712.414,44.85192837465564
1361392712.92,84.55882352941177
1361392712.984,108.33333333333334
1361392714.416,200.6578947368421
1361392733.917,69.44444444444444
1361392734.296,138.88888888888889
1361392736.037,726.5625
1361392728.782,40.25423728813559
1361392736.78,460.9375
1361392734.267,338.2352941176471
1361392733.704,55.23255813953489
1361392736.069,296.875
1361392734.144,78.125
1361392728.872,21.788990825688074
1361392730.204,70.47872340425532
1361392716.051,107.49080882352942
1361392714.31,29.2458432304038
1361392714.371,49.842359050445104
1361392714.495,66.23727735368956
1361392714.787,54.27115987460815
1361392714.85,43.435534591194966
1361392714.849,62.998670212765965
1361392714.912,75.81967213114754
1361392717.214,92.86971830985915
1361392715.101,39.39194277108434
1361392715.1,27.40615015974441
1361392715.134,58.59375
1361392715.132,51.223241590214066
1361392715.195,37.27456467661692
1361392715.256,51.49580792682927
1361392715.32,52.46913580246913
1361392715.445,58.703271028037385
1361392715.8,53.93518518518518
1361392713.995,52.94881305637982
1361392714.419,82.11436170212765
1361392714.606,41.56931464174455
1361392714.92,107.07104557640751
1361392714.92,112.09057486631016
1361392715.015,40.76086956521739
1361392717.066,39.8936170212766
1361392715.016,58.32006369426752
1361392717.563,131.54560810810813
1361392715.577,123.83814102564104
1361392717.161,73.57594936708861
1361392714.964,27.105564024390244
1361392718.697,893.75
1361392719.874,22.112165178571427
1361392720.126,42.06123737373738
1361392720.122,21.262886597938145
1361392720.378,77.78716216216216
1361392720.627,52.816901408450704
1361392720.631,48.701298701298704
1361392720.693,42.5531914893617
1361392720.756,34.57446808510638
1361392720.69,22.42726293103448
1361392720.754,90.1512390670554
1361392720.919,136.48715415019763
1361392721.301,56.0523343373494
1361392722.189,46.484375
1361392719.019,21.09872611464968
1361392719.081,53.521455223880594
1361392719.44,44.4078947368421
1361392719.568,128.6135993485342
1361392720.072,28.228591160220994
1361392720.007,77.5588768115942
1361392720.259,82.16594827586208
1361392720.45,21.20822622107969
1361392720.448,43.90495867768595
1361392720.511,20.88607594936709
1361392720.511,20.363408521303256
1361392720.533,38.40488215488216
1361392720.786,95.82411504424779
1361392720.849,40.09589947089947
1361392721.355,63.05066079295155
1361392721.545,57.099274406332455
1361392721.841,21.349676724137932
1361392747.031,108.69565217391305
1361392746.957,59.895833333333336
1361392744.672,73.29545454545453
1361392738.1,320.56451612903226
1361392747.468,348.2142857142857
1361392748.204,331.25
1361392748.329,1437.5
1361392724.422,18.75
1361392724.603,54.54545454545454
1361392724.775,53.03030303030303
1361392722.728,77.59602864583333
1361392725.026,3871.964928057554
1361392723.104,15.901060070671377
1361392725.182,38.91509433962264
1361392725.245,48.37328767123287
1361392723.193,97.29609929078015
1361392723.383,38.392857142857146
1361392723.442,15.901060070671377
1361392724.36,18.24935400516796
1361392724.36,76.30657327586208
1361392724.655,87.83783783783784
1361392724.997,35.53921568627451
1361392723.131,125.07548309178743
1361392723.134,48.159246575342465
1361392725.433,50.894147398843934
1361392723.51,8.875739644970414
1361392745.083,123.4375
1361392727.801,164.77272727272725
1361392727.928,369.3801089918256
1361392727.671,15.198087431693988
1361392727.799,80.78262463343108
1361392728.304,40.51367684478372
1361392728.304,61.8573264781491
1361392728.343,86.53846153846153
1361392728.533,95.88068181818183
1361392728.724,61.617231638418076
1361392728.658,99.64470284237727
1361392728.721,57.5701871657754
1361392728.785,39.0625
1361392728.976,105.26315789473684
1361392729.039,65.9090909090909
1361392729.23,74.9000726744186
1361392729.038,34.57446808510638
1361392729.611,8.02139037433155
1361392729.163,94.47674418604652
1361392729.223,39.8936170212766
1361392726.244,43.75
1361392726.37,33.467060810810814
1361392726.433,53.60457920792079
1361392726.496,79.48529411764706
1361392726.559,48.79539106145252
1361392727.616,125.0
1361392727.615,164.77272727272725
1361392728.185,191.96428571428572
1361392728.282,78.94736842105263
1361392728.282,40.900735294117645
1361392728.472,125.0
1361392728.344,70.17543859649122
1361392728.343,12.664473684210526
1361392728.531,494.69053398058253
1361392728.785,172.5
1361392728.912,58.71616809116809
1361392728.976,35.326086956521735
1361392729.581,52.32558139534884
1361392755.108,357.14285714285717
1361392751.588,371.09375
1361392749.665,187.5
1361392752.195,264.2045454545455
1361392752.257,207.03125
1361392755.71,207.03125
1361392755.71,593.75
1361392736.315,95.61567164179105
1361392750.329,833.3333333333334
1361392756.024,348.2142857142857
1361392750.392,171.875
1361392756.15,500.0
1361392756.254,357.14285714285717
1361392748.766,331.25
1361392754.201,281.25
1361392742.8,21.796218487394956
1361392750.99,416.6666666666667
1361392751.977,243.75
1361392752.651,171.875
1361392752.65,250.0
1361392748.295,552.8846153846155
1361392748.549,731.4814814814815
1361392730.14,3.937007874015748
1361392730.203,23.77521613832853
1361392730.202,75.52083333333333
1361392730.262,30.93220338983051
1361392730.578,81.52173913043478
1361392732.669,19.50354609929078
1361392732.856,32.574152542372886
1361392730.93,39.8936170212766
1361392731.471,38.91509433962264
1361392731.89,96.02360681114551
1361392731.89,100.0
1361392730.151,41.139812138728324
1361392732.325,37.234042553191486
1361392730.371,19.642857142857142
1361392730.374,44.763513513513516
1361392732.798,74.36342592592592
1361392730.621,19.50354609929078
1361392733.146,1232.0844240837696
1361392731.599,39.8936170212766
1361392731.599,57.39795918367347
1361392731.829,19.50354609929078
1361392733.916,16.74937965260546
1361392734.23,143.3189655172414
1361392734.671,75.83841463414635
1361392735.41,61.74698795180723
1361392735.722,22.189349112426033
1361392736.037,44.431584362139915
1361392736.527,70.5295138888889
1361392736.654,6.064690026954178
1361392737.031,298.47972972972974
1361392736.906,34.455128205128204
1361392737.221,34.9025974025974
1361392737.411,165.65953038674033
1361392734.239,169.33434959349594
1361392734.428,100.0
1361392735.354,5.968169761273209
1361392735.417,10.543313069908816
1361392735.541,28.66735537190083
1361392735.669,38.81578947368421
1361392735.859,25.46875
1361392735.856,54.29025423728814
1361392736.047,4.858993902439025
1361392735.982,44.224330357142854
1361392736.466,60.44823232323232
1361392736.401,53.763440860215056
1361392737.224,25.841346153846153
1361392737.54,30.051622418879056
1361392737.282,74.1120218579235
1361392737.408,59.06791907514451
1361392754.733,357.5148809523809
1361392759.944,138.39285714285714
1361392760.699,76.06132075471699
1361392756.215,160.71428571428572
1361392761.248,64.95098039215686
1361392757.2,97.5
1361392759.412,208.33333333333334
1361392760.46,67.60204081632654
1361392738.082,58.29015544041451
1361392738.375,91.12625313283208
1361392738.372,66.84233966745843
1361392738.56,12.841448931116389
1361392738.495,25.89391252955083
1361392740.923,129.05092592592592
1361392738.871,39.97613365155131
1361392739.222,18.828125
1361392741.462,86.1280487804878
1361392739.284,78.58796296296296
1361392737.775,71.53867713004485
1361392738.086,54.12296037296038
1361392738.32,80.84239130434783
1361392740.991,37.14622641509434
1361392739.982,541.015625
1361392742.47,710.5146011396012
1361392745.724,24.96301775147929
1361392742.071,2668.5899595687333
1361392742.765,35.36184210526316
1361392743.125,97.53289473684211
1361392743.25,21.58273381294964
1361392743.819,10.784005037783375
1361392743.944,14.22275641025641
1361392744.133,42.5531914893617
1361392744.365,106.97115384615384
1361392744.806,93.39887640449439
1361392745.376,87.33346394984326
1361392745.376,379.2149182561308
1361392741.829,72.5047831632653
1361392741.955,5.357142857142857
1361392742.017,389.47533444816054
1361392742.206,63.36009174311927
1361392742.459,9.097584856396868
1361392742.586,29.3775826446281
1361392743.958,74.16879795396419
1361392744.078,139.48863636363637
1361392744.272,25.56818181818182
1361392746.382,27.217741935483872
1361392743.545,46.580882352941174
1361392746.012,61.00613695090439
1361392746.012,16.96428571428571
1361392743.809,93.75
1361392745.517,141.85049019607843
1361392766.767,64.14473684210527
1361392770.859,459.82142857142856
1361392770.857,357.6388888888889
1361392770.921,233.07291666666666
1361392770.983,250.0
1361392767.334,86.20689655172414
1361392771.046,171.875
1361392767.715,158.75
1361392767.523,92.59259259259258
1361392771.234,277.77777777777777
1361392763.105,80.078125
1361392767.967,108.69565217391305
1361392771.46,363.28125
1361392768.195,108.69565217391305
1361392768.448,119.04761904761904
1361392771.71,227.27272727272725
1361392768.633,156.25
1361392769.015,208.33333333333334
1361392768.823,201.171875
1361392768.886,178.57142857142858
1361392769.205,239.58333333333334
1361392769.331,402.34375
1361392769.331,165.625
1361392769.558,494.7916666666667
1361392764.693,73.52941176470588
1361392764.693,87.05357142857143
1361392770.069,208.33333333333334
1361392770.133,208.33333333333334
1361392769.876,268.2291666666667
1361392770.388,268.2291666666667
1361392770.388,303.125
1361392770.514,247.59615384615387
1361392770.577,247.39583333333334
1361392766.737,78.5472972972973
1361392767.052,78.62903225806451
1361392765.068,172.55434782608694
1361392767.241,93.75
1361392767.303,89.28571428571429
1361392771.185,276.0416666666667
1361392767.537,96.15384615384616
1361392771.184,357.14285714285717
1361392767.664,100.2155172413793
1361392771.309,357.14285714285717
1361392765.613,166.66666666666666
1361392767.98,104.16666666666667
1361392771.436,221.5909090909091
1361392767.98,119.04761904761904
1361392765.739,178.57142857142858
1361392763.434,84.375
1361392771.687,296.875
1361392766.055,126.35869565217392
1361392771.75,304.6875
1361392771.75,357.6388888888889
1361392771.814,250.0
1361392766.285,132.54310344827584
1361392766.284,111.77884615384616
1361392772.044,227.27272727272725
1361392769.033,277.77777777777777
1361392769.288,203.125
1361392764.232,59.45121951219512
1361392764.04,102.79605263157895
1361392769.286,304.6875
1361392769.858,166.66666666666666
1361392769.537,208.33333333333334
1361392769.984,212.05357142857142
1361392769.855,250.0
1361392770.175,268.2291666666667
1361392769.983,156.25
1361392770.111,178.57142857142858
1361392770.175,192.30769230769232
1361392769.767,242.1875
1361392748.57,19.50354609929078
1361392748.569,44.04596100278552
1361392748.631,21.469465648854964
1361392746.497,1021.1657801418439
1361392746.684,2732.824427480916
1361392746.935,39.8936170212766
1361392749.236,67.83088235294117
1361392747.095,11.953125
1361392749.331,201.87043795620437
1361392747.462,266.2671232876712
1361392747.466,19.368489583333332
1361392747.656,12.228260869565219
1361392749.679,92.45391705069125
1361392748.01,44.50158227848102
1361392748.201,133.97606382978725
1361392746.078,739.9709302325581
1361392746.081,131.07638888888889
1361392746.144,94.10396440129449
1361392746.207,19.50354609929078
1361392746.378,2590.1918316831684
1361392746.44,62.541666666666664
1361392746.565,79.59905660377359
1361392748.868,7.211538461538462
1361392746.816,82.45833333333333
1361392748.991,383.1592689295039
1361392746.938,358.1730769230769
1361392748.291,19.642857142857142
1361392748.796,66.50342039800995
1361392747.074,37.80487804878049
1361392749.159,44.98851706036745
1361392770.167,528.6458333333334
1361392749.865,19.50354609929078
1361392749.928,37.30193661971831
1361392750.179,21.638406940063092
1361392750.179,110.48473011363637
1361392750.243,139.5285087719298
1361392750.367,73.82318037974683
1361392750.493,292.96875
1361392750.556,16.483516483516485
1361392750.619,376.0245901639344
1361392750.682,113.61799568965516
1361392751.039,110.68313953488372
1361392751.101,162.02445652173913
1361392751.353,59.823495370370374
1361392751.353,306.640625
1361392751.605,40.88458466453674
1361392751.669,235.3515625
1361392751.733,97.11021505376344
1361392751.668,18.567370129870127
1361392751.859,41.03458737864078
1361392751.731,17.446748878923763
1361392751.985,84.91379310344828
1361392752.215,3060.3813559322034
1361392752.274,96.35416666666667
1361392753.037,51.30313765182186
1361392753.291,8.277529761904763
1361392753.417,14.85148514851485
1361392753.417,84.0909090909091
1361392753.649,102.67857142857143
1361392749.87,1316.40625
1361392753.772,69.7408536585366
1361392750.247,121.09375
1361392750.31,88.72282608695652
1361392750.494,188.92045454545456
1361392750.866,60.685483870967744
1361392750.862,172.2184065934066
1361392751.178,69.32291666666667
1361392751.241,70.59800664451828
1361392751.241,68.39817880794702
1361392751.493,39.805133079847906
1361392751.556,131.31768953068593
1361392751.619,138.19444444444446
1361392751.746,91.75646551724138
1361392751.809,63.78865979381443
1361392751.997,168.30065359477126
1361392751.997,4.189944134078212
1361392752.188,231.77083333333334
1361392753.342,205.91517857142858
1361392753.279,371.09375
1361392753.662,18.685567010309278
1361392753.468,96.42857142857143
1361392754.105,1166.410519125683
1361392754.105,57.180851063829785
1361392754.295,240.95394736842104
1361392754.358,326.171875
1361392754.42,80.8372641509434
1361392754.484,150.29481132075472
1361392774.724,416.6666666666667
1361392778.814,80.64516129032258
1361392774.913,160.15625
1361392773.183,227.27272727272725
1361392773.559,250.0
1361392775.67,208.33333333333334
1361392776.154,59.02777777777778
1361392773.977,142.70833333333331
1361392776.342,114.78365384615384
1361392776.468,75.36764705882352
1361392776.532,63.75
1361392772.489,127.40384615384615
1361392772.551,103.515625
1361392778.669,83.33333333333333
1361392774.827,625.0
1361392775.015,277.77777777777777
1361392775.332,208.33333333333334
1361392775.819,59.151785714285715
1361392775.754,42.3728813559322
1361392776.007,63.70192307692307
1361392776.133,88.54166666666667
1361392776.259,67.60204081632654
1361392774.08,227.27272727272725
1361392776.512,91.94711538461539
1361392774.207,207.58928571428572
1361392776.702,55.55555555555555
1361392776.994,64.1025641025641
1361392772.383,174.77448453608247
1361392772.701,277.77777777777777
1361392777.373,73.52941176470588
1361392757.771,6.41025641025641
1361392756.171,15.957446808510637
1361392757.771,77.90430790960453
1361392753.927,77.72342289719626
1361392753.99,181.97513812154693
1361392756.357,97.5238347457627
1361392756.609,144.30147058823528
1361392756.692,32.478932584269664
1361392754.386,58.423913043478265
1361392754.447,45.12266355140187
1361392758.415,18.617021276595743
1361392755.982,3396.56007751938
1361392755.98,558.59375
1361392756.168,130.08887614678898
1361392756.421,29.87938596491228
1361392756.532,43.2394801980198
1361392758.637,72.23135964912281
1361392754.668,123.4375
1361392754.668,34.79456018518518
1361392757.161,36.81506849315068
1361392754.793,7.978723404255319
1361392754.856,85.15625
1361392757.379,10.50764192139738
1361392757.439,83.44139004149378
1361392755.197,31.97004608294931
1361392755.196,82.08897783251231
1361392755.195,41.64959016393443
1361392755.257,82.15065502183407
1361392755.257,3160.085740072202
1361392755.507,54.573170731707314
1361392757.975,38.235294117647065
1361392755.98,253.125
1361392757.649,135.22196261682242
1361392758.325,142.29910714285714
1361392756.464,7.922535211267605
1361392756.751,30.08298755186722
1361392758.658,81.5068493150685
1361392758.784,116.81547619047619
1361392781.644,222.76785714285717
1361392757.943,1295.503752886836
1361392758.132,12.711864406779663
1361392758.509,16.990291262135923
1361392758.508,5.17578125
1361392758.761,6.72645739910314
1361392758.929,177.67857142857144
1361392758.991,14.018691588785046
1361392759.494,17.348057644110277
1361392759.621,15.040523690773068
1361392759.493,97.4702380952381
1361392759.747,35.68097014925373
1361392759.994,45.0
1361392760.125,45.91836734693878
1361392760.357,37.94642857142857
1361392760.864,37.94642857142857
1361392760.928,25.0
1361392761.182,83.33333333333333
1361392757.945,212.23958333333334
1361392758.008,209.08973029045643
1361392758.387,18.888449367088608
1361392758.386,24.720149253731343
1361392758.322,9.146341463414634
1361392758.45,77.11693548387098
1361392758.45,14.85148514851485
1361392758.576,46.630859375
1361392758.576,8.953651685393258
1361392758.639,34.198113207547166
1361392758.615,84.77766106442577
1361392758.743,1619.3502824858756
1361392758.871,12.92892156862745
1361392758.997,30.07939739413681
1361392759.06,6.496263586956522
1361392759.247,12.716090425531915
1361392759.372,25.09469696969697
1361392759.435,54.47520380434782
1361392759.878,38.55846774193549
1361392761.749,38.94927536231884
1361392761.747,38.392857142857146
1361392762.13,39.40217391304348
1361392762.477,6.875
1361392762.28,113.91129032258064
1361392762.28,6.949491279069767
1361392762.471,48.44622905027933
1361392762.498,30.64903846153846
1361392786.736,833.3333333333334
1361392786.988,416.6666666666667
1361392787.366,312.5
1361392787.429,304.6875
1361392783.907,119.04761904761904
1361392787.614,357.14285714285717
1361392781.902,71.42857142857143
1361392784.268,220.48611111111111
1361392784.459,125.0
1361392784.648,1250.0
1361392784.711,692.0572916666666
1361392788.103,357.14285714285717
1361392784.838,484.375
1361392784.901,968.75
1361392788.229,415.17857142857144
1361392780.609,61.342592592592595
1361392785.408,581.25
1361392785.342,906.25
1361392786.274,218.75
1361392782.941,54.025423728813564
1361392786.908,593.75
1361392781.146,73.61111111111111
1361392779.097,51.861702127659576
1361392787.284,357.6388888888889
1361392775.674,3506.6731770833335
1361392784.498,2500.0
1361392784.498,1250.0
1361392782.192,56.81818181818181
1361392780.016,60.05859375
1361392780.015,71.36194029850746
1361392782.254,57.112068965517246
1361392785.133,218.00595238095238
1361392780.436,31.25
1361392785.043,833.3333333333334
1361392785.105,495.3125
1361392785.741,625.0
1361392777.739,79.6875
1361392786.313,494.7916666666667
1361392764.099,69.71153846153847
1361392761.858,38.55846774193549
1361392764.223,99.53703703703704
1361392764.469,12.143782383419689
1361392764.758,24.51508620689655
1361392764.82,3.8461538461538463
1361392762.576,286.19462025316454
1361392765.134,77.11693548387098
1361392762.638,21.932339449541285
1361392765.259,77.11693548387098
1361392765.36,37.94642857142857
1361392765.231,137.8125
1361392765.293,74.70703125
1361392765.542,25.170454545454543
1361392763.046,30.26107594936709
1361392765.603,11.119186046511627
1361392763.482,64.84375
1361392763.594,60.416666666666664
1361392761.792,1978.5714285714287
1361392764.22,8.426966292134832
1361392761.975,6.097560975609756
1361392763.022,60.9375
1361392765.635,796.875
1361392763.456,82.77027027027027
1361392763.453,194.44444444444446
1361392763.685,57.41279069767442
1361392766.053,19.50354609929078
1361392766.052,71.42857142857143
1361392766.359,118.30357142857143
1361392766.359,2390.625
1361392764.216,25.98505434782609
1361392764.657,67.12962962962963
1361392764.721,77.11693548387098
1361392764.751,36.221590909090914
1361392765.934,128.55113636363635
1361392766.574,123.30290262172285
1361392765.923,31.175595238095237
1361392765.922,50.86436170212766
1361392765.921,51.724137931034484
1361392765.985,12.441037735849058
1361392766.111,13.111076732673267
1361392766.426,50.86436170212766
1361392766.551,16.954787234042552
1361392766.805,50.86436170212766
1361392766.805,49.8046875
1361392766.868,21.732954545454543
1361392767.287,74.70703125
1361392767.539,77.11693548387098
1361392767.602,79.6875
1361392767.599,74.70703125
1361392767.791,51.97010869565218
1361392767.854,226.8186475409836
1361392767.788,21.732954545454543
1361392767.98,72.44318181818183
1361392767.85,49.8046875
1361392767.977,74.70703125
1361392768.339,86.69354838709678
1361392768.21,18.973214285714285
1361392768.399,74.70703125
1361392768.463,713.8671875
1361392768.589,38.55846774193549
1361392768.842,7.575757575757576
1361392768.777,13.574660633484163
1361392769.195,30.64903846153846
1361392765.798,145.83333333333334
1361392765.922,15.811455847255369
1361392766.239,17.53656914893617
1361392766.239,37.94642857142857
1361392766.239,74.70703125
1361392766.302,47.99107142857143
1361392766.302,17.781575520833332
1361392766.302,15.752032520325201
1361392766.491,17.862654320987655
1361392766.717,14.841688654353561
1361392766.717,2390.625
1361392766.909,13.557569974554708
1361392766.908,17.199307304785894
1361392766.908,21.732954545454543
1361392766.971,49.8046875
1361392766.97,1195.3125
1361392767.221,77.11693548387098
1361392767.602,10.953073089700997
1361392767.728,27.650983146067414
1361392767.791,15.226910828025478
1361392768.896,17.956479057591622
1361392768.895,49.8046875
1361392769.151,6.3411803713527854
1361392769.21,38.55846774193549
1361392768.958,149.4140625
1361392769.022,15.035377358490566
1361392769.466,77.11693548387098
1361392769.336,514.2045454545454
1361392769.591,19.508670520231213
1361392769.654,585.2893013100437
1361392769.524,56.45161290322581
1361392769.844,88.23529411764706
1361392769.649,7.537688442211055
1361392769.712,16.954787234042552
1361392769.821,166.66666666666666
1361392769.821,77.11693548387098
1361392769.884,92.0138888888889
1361392769.884,77.11693548387098
1361392769.947,7.653061224489796
1361392788.928,290.625
1361392788.99,402.34375
1361392794.942,223.55769230769232
1361392790.972,80.72916666666667
1361392791.35,171.875
1361392789.848,1250.0
1361392789.973,122.76785714285714
1361392796.053,214.84375
1361392792.659,250.0
1361392788.115,222.65625
1361392796.37,609.375
1361392790.225,500.0
1361392796.367,429.6875
1361392790.351,357.14285714285717
1361392793.162,166.66666666666666
1361392788.684,166.66666666666666
1361392788.748,208.33333333333334
1361392793.772,169.11764705882354
1361392789.151,406.25
1361392791.432,552.0833333333334
1361392791.621,256.5104166666667
1361392795.587,292.6136363636364
1361392791.746,552.0833333333334
1361392791.999,416.6666666666667
1361392795.836,223.55769230769232
1361392792.187,424.10714285714283
1361392796.15,416.6666666666667
1361392793.113,92.59259259259258
1361392790.422,500.0
1361392794.318,193.75
1361392769.975,47.564338235294116
1361392770.161,266.015625
1361392770.285,36.458333333333336
1361392770.332,25.56818181818182
1361392772.635,384.15948275862064
1361392770.454,14.586103723404255
1361392770.454,39.8936170212766
1361392770.579,149.203431372549
1361392770.578,14.154411764705882
1361392770.639,5.244755244755245
1361392773.062,31.994047619047617
1361392770.826,17.196229050279328
1361392770.86,462.05357142857144
1361392773.099,41.732594936708864
1361392771.11,23.09782608695652
1361392773.285,20.625
1361392773.475,77.11693548387098
1361392771.736,34.263959390862944
1361392771.841,205.56640625
1361392771.904,486.2967914438502
1361392769.788,47.75366748166259
1361392772.404,74.65277777777777
1361392773.815,50.86436170212766
1361392771.7,195.04310344827584
1361392771.762,5.897671568627451
1361392771.739,34.2391304347826
1361392771.925,14.756944444444445
1361392774.601,6.4697265625
1361392772.424,739.9945175438597
1361392772.405,341.51785714285717
1361392772.658,7.119082840236686
1361392772.658,28.659119897959183
1361392770.913,16.39524647887324
1361392771.549,16.107253086419753
1361392776.28,60.53620218579235
1361392774.177,36.317567567567565
1361392774.298,37.852112676056336
1361392774.365,1102.786144578313
1361392774.486,34.455128205128204
1361392774.615,1047.36328125
1361392777.035,21.979166666666668
1361392777.773,334.13461538461536
1361392774.118,2390.625
1361392774.182,659.7222222222222
1361392774.117,36.317567567567565
1361392774.181,7.055260047281323
1361392774.369,141.5059347181009
1361392774.369,431.4720812182741
1361392774.599,41.19318181818181
1361392774.725,54.9812030075188
1361392775.167,32.37951807228916
1361392775.231,20.647321428571427
1361392775.354,616.3194444444445
1361392775.421,206.3626126126126
1361392778.615,4.310344827586206
1361392775.066,55.744263285024154
1361392778.858,150.07267441860463
1361392777.057,97.40520565552698
1361392797.306,89.28571428571429
1361392799.672,357.14285714285717
1361392797.496,71.07843137254902
1361392779.699,5.0495426829268295
1361392797.911,160.15625
1361392800.532,290.625
1361392802.096,212.05357142857142
1361392800.195,245.35472972972974
1361392796.349,357.14285714285717
1361392801.181,236.60714285714286
1361392801.436,192.30769230769232
1361392778.104,241.77631578947367
1361392778.166,31.061746987951807
1361392778.48,19.50354609929078
1361392778.516,28.66809116809117
1361392780.628,54.8469387755102
1361392778.639,949.6256510416666
1361392778.765,24.53271028037383
1361392778.763,30.26107594936709
1361392778.826,39.8936170212766
1361392780.873,272.2039473684211
1361392780.998,2390.625
1361392779.013,25.43218085106383
1361392781.288,717.5480769230769
1361392779.368,208.0528846153846
1361392781.35,40.51906779661017
1361392781.349,46.7687074829932
1361392781.473,117.6470588235294
1361392781.472,4.0431266846361185
1361392779.787,6.487341772151899
1361392779.785,37.234042553191486
1361392780.286,36.77884615384615
1361392781.441,57.180851063829785
1361392779.391,32.64232673267327
1361392781.498,31.01023017902813
1361392781.752,33.820694087403595
1361392779.702,218.75
1361392779.765,59.26724137931035
1361392779.994,19.097222222222225
1361392782.167,47.41753472222222
1361392780.183,39.52205882352941
1361392782.293,11.344178082191782
1361392780.181,29.166666666666668
1361392780.181,11.450674019607842
1361392780.307,17.878973105134474
1361392782.354,57.44485294117647
1361392780.592,39.8936170212766
1361392782.511,95.39473684210527
1361392785.803,25.672804532577903
1361392781.834,10.989010989010989
1361392782.212,6.6214470284237725
1361392783.008,27.151639344262293
1361392783.008,85.22727272727272
1361392783.072,41.2176724137931
1361392783.072,15.344551282051281
1361392783.007,22.634711779448622
1361392783.135,45.22447183098591
1361392783.007,68.30357142857142
1361392783.135,378.75
1361392783.194,7.462686567164179
1361392783.261,83.30015923566879
1361392783.325,33.600278551532035
1361392783.196,27.277542372881356
1361392783.576,19.257703081232496
1361392783.576,223.95833333333334
1361392783.639,206.73076923076923
1361392783.955,7.978723404255319
1361392784.497,77.11693548387098
1361392784.939,37.94642857142857
1361392785.003,8.771929824561402
1361392785.129,31.697707736389685
1361392785.257,77.11693548387098
1361392785.231,77.11693548387098
1361392785.487,9.09090909090909
1361392785.548,1595.982142857143
1361392785.74,2560.749658469945
1361392781.897,259.5486111111111
1361392783.945,13.26353904282116
1361392783.944,47.906839622641506
1361392784.008,47.8125
1361392784.007,40.289256198347104
1361392784.387,40.76086956521739
1361392784.385,1903.6458333333333
1361392784.449,591.7585784313726
1361392784.639,432.5
1361392784.751,29.775943396226417
1361392785.484,90.8734309623431
1361392785.548,68.62277353689568
1361392785.067,500.0
1361392785.065,8.152173913043478
1361392785.128,15.53622159090909
1361392785.128,10.08357558139535
1361392785.255,23.58490566037736
1361392785.859,8.771929824561402
1361392786.112,17.098214285714285
1361392786.112,65.59746696035243
1361392786.238,140.625
1361392786.237,38.55846774193549
1361392786.556,22.607288828337875
1361392806.645,609.375
1361392810.74,264.2045454545455
1361392810.865,415.17857142857144
1361392810.928,322.9166666666667
1361392811.053,357.14285714285717
1361392811.179,484.375
1361392811.366,2500.0
1361392803.429,83.33333333333333
1361392808.136,250.0
1361392811.976,424.10714285714283
1361392804.037,71.69117647058823
1361392812.226,312.5
1361392809.502,322.9166666666667
1361392810.141,625.0
1361392810.204,363.28125
1361392810.395,1218.75
1361392810.395,581.25
1361392810.901,494.7916666666667
1361392803.278,89.28571428571429
1361392811.448,359.375
1361392805.43,178.57142857142858
1361392799.923,190.69602272727275
1361392806.244,859.375
1361392804.368,90.27777777777777
1361392809.42,416.6666666666667
1361392809.866,181.640625
1361392788.169,849.609375
1361392786.179,31.07734806629834
1361392786.302,73.59660574412533
1361392786.428,30.453257790368273
1361392788.475,21.721459537572255
1361392786.47,23.834745762711865
1361392788.767,77.41477272727272
1361392786.967,32.08391853932584
1361392789.237,44.763513513513516
1361392787.566,225.18382352941177
1361392787.666,20.095736994219653
1361392788.041,11.82909604519774
1361392785.927,751.958224543081
1361392788.103,21.67630057803468
1361392785.99,24.690233236151606
1361392786.178,35.95632530120482
1361392787.404,7.5146627565982405
1361392790.051,1536.4583333333333
1361392789.987,10.232300884955752
1361392788.191,19.50354609929078
1361392788.252,36.05769230769231
1361392788.362,17.893835616438356
1361392790.281,17.743644067796613
1361392790.527,34.198113207547166
1361392790.59,802.734375
1361392788.798,72.44318181818183
1361392790.726,60.9375
1361392810.861,2040.1785714285716
1361392790.291,118.30357142857143
1361392790.291,15.894396551724137
1361392790.355,6372.767857142857
1361392790.859,19.98546511627907
1361392790.858,19.911504424778762
1361392792.102,306.91964285714283
1361392792.39,42.46794871794872
1361392792.456,10.25262467191601
1361392793.212,500.0
1361392793.401,68.23979591836735
1361392793.401,18.353174603174605
1361392789.98,13.403614457831326
1361392790.102,31.161221590909093
1361392790.799,17.778716216216214
1361392790.862,25.250716332378225
1361392790.925,29.353323699421967
1361392791.158,38.56382978723404
1361392791.221,10.354477611940299
1361392792.85,31.949013157894736
1361392792.98,20.518092105263158
1361392793.233,12.248961218836564
1361392793.962,31.855955678670362
1361392794.026,248.35526315789474
1361392794.408,74.70703125
1361392794.599,668.1019176136364
1361392812.898,286.4583333333333
1361392814.947,126.35869565217392
1361392815.01,108.69565217391305
1361392815.073,110.79545454545455
1361392819.04,833.3333333333334
1361392813.278,357.14285714285717
1361392819.226,184.0277777777778
1361392815.831,156.66118421052633
1361392813.655,1250.0
1361392816.127,100.0
1361392813.885,208.33333333333334
1361392814.199,247.39583333333334
1361392814.258,192.30769230769232
1361392814.389,247.59615384615387
1361392814.324,166.66666666666666
1361392817.198,208.33333333333334
1361392820.337,363.28125
1361392812.756,312.5
1361392817.809,331.25
1361392817.808,207.58928571428572
1361392818.254,192.30769230769232
1361392815.108,89.28571428571429
1361392813.06,304.6875
1361392818.947,726.5625
1361392819.18,312.5
1361392815.529,150.5681818181818
1361392815.657,73.52941176470588
1361392819.304,207.58928571428572
1361392813.542,214.84375
1361392815.908,84.05172413793103
1361392819.552,329.8611111111111
1361392819.616,494.7916666666667
1361392813.855,277.77777777777777
1361392812.356,329.8611111111111
1361392812.482,484.375
1361392820.095,322.9166666666667
1361392814.33,207.58928571428572
1361392812.477,245.53571428571428
1361392814.46,153.75
1361392812.6,304.6875
1361392817.655,424.10714285714283
1361392817.591,228.3653846153846
1361392817.655,318.287037037037
1361392817.91,406.25
1361392796.081,39.8936170212766
1361392796.08,6.302521008403361
1361392796.079,6.302521008403361
1361392793.965,100.0
1361392794.092,6.130790190735695
1361392794.568,14.900662251655628
1361392794.75,26.610748218527313
1361392794.875,9.821428571428571
1361392796.923,750.0
1361392795.002,26.070926966292134
1361392795.065,23.566988950276244
1361392794.936,8.599806201550388
1361392797.023,220.98214285714286
1361392795.165,19.95481927710843
1361392795.037,43.0033185840708
1361392795.227,16.335227272727273
1361392797.083,185.76388888888889
1361392795.539,31.837066473988436
1361392797.139,22718.75
1361392795.027,37.046370967741936
1361392795.027,9.382301401869158
1361392795.086,4.335260115606936
1361392795.324,1192.3552259887006
1361392795.318,47.99107142857143
1361392795.32,21.345964566929133
1361392797.492,39.39828080229226
1361392797.491,177.5
1361392795.505,20.65972222222222
1361392795.695,21.04779411764706
1361392797.678,245.0
1361392797.741,179.375
1361392797.715,3062.5
1361392797.714,127.5
1361392797.84,27.4390243902439
1361392795.982,4.237288135593221
1361392796.101,10.034824046920821
1361392796.289,15.485905044510385
1361392796.416,16.643059490084983
1361392796.646,18.445558739255016
1361392796.643,393.5546875
1361392796.51,6.234015345268542
1361392798.395,10.92940414507772
1361392798.458,3.8461538461538463
1361392798.648,210.58558558558556
1361392798.584,166.66666666666666
1361392798.71,32.41921768707483
1361392798.837,24.89406779661017
1361392799.13,12.48123123123123
1361392799.197,1656.25
1361392799.197,14.264264264264265
1361392799.196,113.56431159420289
1361392799.259,4965.277777777777
1361392799.323,18.96551724137931
1361392799.386,220.98214285714286
1361392799.386,750.0
1361392799.512,37.08465189873418
1361392799.512,500.0
1361392799.576,14.34659090909091
1361392799.639,711.8055555555555
1361392799.766,4.437869822485207
1361392800.078,750.0
1361392800.145,40.71969696969697
1361392800.145,20.478920118343193
1361392800.208,6.628787878787879
1361392800.207,4.261363636363636
1361392800.239,55.73453608247423
1361392800.302,10.326086956521738
1361392800.744,23.25994318181818
1361392800.998,28.06122448979592
1361392801.25,494.41964285714283
1361392797.767,859.375
1361392798.144,500.0
1361392798.713,29.149159663865547
1361392798.712,11.696170520231215
1361392798.647,4468.75
1361392800.014,2453.125
1361392799.949,1151.0416666666667
1361392800.012,19.50354609929078
1361392800.076,369.7916666666667
1361392800.14,26.785714285714285
1361392800.328,51.02040816326531
1361392800.328,6.666666666666667
1361392800.455,750.0
1361392800.582,149.4140625
1361392800.773,184.0277777777778
1361392800.899,25.820463320463322
1361392801.064,750.0
1361392801.058,750.0
1361392801.313,59.74264705882353
1361392801.312,7562.5
1361392801.5,409.375
1361392801.627,50.86436170212766
1361392801.626,750.0
1361392802.428,532.6704545454546
1361392801.161,29.713983050847457
1361392820.961,484.375
1361392822.816,50.5514705882353
1361392821.274,484.375
1361392823.51,416.6666666666667
1361392824.017,207.58928571428572
1361392822.327,228.79464285714286
1361392822.391,205.2556818181818
1361392822.454,487.5
1361392825.074,56.14406779661017
1361392821.065,2500.0
1361392823.176,343.75
1361392821.127,1218.75
1361392823.301,250.0
1361392823.364,59.26724137931035
1361392821.483,500.0
1361392823.722,742.1875
1361392824.038,363.28125
1361392821.733,171.875
1361392824.291,625.0
1361392824.734,74.65277777777777
1361392824.797,81.03813559322035
1361392824.797,66.08606557377048
1361392819.996,181.640625
1361392822.364,212.05357142857142
1361392824.923,56.14406779661017
1361392820.473,264.2045454545455
1361392802.121,163.0859375
1361392804.359,445.65217391304344
1361392802.306,783.9912280701755
1361392804.541,19.717261904761905
1361392804.634,369.7916666666667
1361392804.637,30.64903846153846
1361392804.76,10.096153846153847
1361392802.771,968.75
1361392805.13,15.30979827089337
1361392805.197,18.75
1361392803.213,22.408963585434172
1361392805.487,541.015625
1361392805.545,392.85714285714283
1361392805.611,83.33333333333333
1361392805.61,405.33088235294116
1361392804.044,8.875739644970414
1361392804.294,690.625
1361392804.357,125.0
1361392802.244,33.806068601583114
1361392804.356,4.500679347826087
1361392804.42,10.863919667590029
1361392804.355,15.625
1361392802.307,20.47550890585242
1361392804.419,552.8846153846155
1361392804.482,103.515625
1361392805.584,31.84442934782609
1361392805.647,681.25
1361392805.706,750.0
1361392805.702,32.507183908045974
1361392805.767,279.8295454545455
1361392803.847,19.288277511961724
1361392806.019,527.34375
1361392806.082,11.224856321839079
1361392806.144,776.0416666666666
1361392804.159,12.716090425531915
1361392804.133,8.240049751243781
1361392804.82,83.93429487179486
1361392802.779,1659.4533029612758
1361392807.079,125.0
1361392807.268,17.331932773109244
1361392807.836,176.65488431876605
1361392808.215,77.11693548387098
1361392808.323,149.4140625
1361392808.447,47.55784061696658
1361392808.508,15.39656432748538
1361392808.572,750.0
1361392808.763,23.809523809523807
1361392808.887,25.43218085106383
1361392809.203,40.845788043478265
1361392809.261,53.125
1361392809.392,37.94642857142857
1361392809.562,74.70703125
1361392805.908,18.639605978260867
1361392806.098,17.20412234042553
1361392806.097,20.27027027027027
1361392806.16,750.0
1361392806.727,8.272058823529411
1361392808.59,50.86436170212766
1361392808.843,16.193977591036415
1361392808.906,61.43162393162393
1361392808.773,14.88970588235294
1361392809.033,13.840529247910863
1361392808.841,828.125
1361392809.324,19.37984496124031
1361392809.385,54.8469387755102
1361392809.512,1500.0
1361392810.444,19.642857142857142
1361392810.507,448.31730769230774
1361392810.507,24.82142857142857
1361392810.507,500.0
1361392808.793,30.249384236453203
1361392809.094,1499.3540051679586
1361392828.981,83.33333333333333
1361392826.802,59.151785714285715
1361392826.929,48.33984375
1361392834.928,181.640625
1361392831.087,484.375
1361392831.086,208.33333333333334
1361392829.29,96.15384615384616
1361392835.429,208.33333333333334
1361392835.428,247.39583333333334
1361392832.013,94.66911764705883
1361392835.663,277.77777777777777
1361392832.396,60.97560975609756
1361392827.914,115.55232558139535
1361392827.976,64.58333333333334
1361392836.037,833.3333333333334
1361392836.037,609.375
1361392832.9,55.39772727272727
1361392836.227,1250.0
1361392830.338,166.66666666666666
1361392825.535,56.14406779661017
1361392830.526,227.27272727272725
1361392833.405,67.70833333333333
1361392825.981,51.7578125
1361392828.766,78.125
1361392834.398,108.69565217391305
1361392830.809,227.27272727272725
1361392826.904,57.112068965517246
1361392831.062,152.96052631578945
1361392831.189,250.0
1361392829.269,78.62903225806451
1361392829.372,93.75
1361392835.26,227.27272727272725
1361392831.737,65.78947368421052
1361392835.447,304.6875
1361392835.509,357.14285714285717
1361392827.572,110.41666666666666
1361392824.18,216.77215189873417
1361392829.875,181.640625
1361392827.635,54.34782608695652
1361392824.369,303.4855769230769
1361392832.431,49.479166666666664
1361392835.881,416.6666666666667
1361392830.187,233.4558823529412
1361392827.923,58.13953488372093
1361392825.74,49.440298507462686
1361392826.369,40.983606557377044
1361392833.925,84.82142857142857
1361392834.053,125.0
1361392834.371,138.88888888888889
1361392834.435,131.57894736842104
1361392809.943,55.989583333333336
1361392810.005,5.98404255319149
1361392812.18,24.448529411764707
1361392812.242,236.60714285714286
1361392810.255,57.69230769230769
1361392812.367,22.916666666666664
1361392812.366,82.8125
1361392810.249,21.732954545454543
1361392810.316,51.95214105793451
1361392812.595,23.215553977272727
1361392810.485,29.8859126984127
1361392810.675,7.792207792207792
1361392810.547,4.213483146067416
1361392812.847,18.077761627906977
1361392812.909,6.320224719101123
1361392810.732,3723.9583333333335
1361392810.794,12.836402266288951
1361392811.111,77.11693548387098
1361392810.918,17.447916666666668
1361392813.094,14.25
1361392810.981,315.625
1361392811.171,18.818119891008173
1361392811.234,25.01707650273224
1361392811.297,27.151639344262293
1361392813.281,85.8936095505618
1361392811.297,12.92892156862745
1361392811.274,8.152173913043478
1361392811.587,170.75892857142858
1361392811.775,20.028054862842893
1361392811.839,4.109801488833747
1361392812.025,18.25068870523416
1361392812.073,18.924936386768447
1361392809.83,29.80769230769231
1361392809.953,30.105633802816904
1361392812.065,149.4140625
1361392809.955,2390.625
1361392812.13,74.70703125
1361392810.08,11.363636363636363
1361392812.379,33.3639705882353
1361392810.267,33.249020887728456
1361392810.395,77.11693548387098
1361392812.505,149.4140625
1361392810.583,7.93716755319149
1361392811.433,31.73701298701299
1361392811.622,989.5833333333334
1361392811.622,77.11693548387098
1361392811.681,19.347185863874348
1361392811.685,127.40384615384615
1361392813.794,574.5192307692307
1361392811.81,18.241626794258373
1361392811.808,79.48369565217392
1361392813.855,423.1770833333333
1361392811.934,115.38461538461539
1361392813.917,36.89600840336134
1361392812.06,44.86731843575419
1361392812.06,34.68586387434555
1361392812.105,16.954787234042552
1361392812.232,28.008643617021278
1361392812.168,14.488636363636363
1361392812.295,22.601174934725847
1361392812.167,14687.5
1361392812.295,34.30103550295858
1361392812.421,662.7604166666666
1361392812.356,44.49080381471389
1361392814.209,2526.0416666666665
1361392812.545,19.342845659163988
1361392812.608,26.87324929971989
1361392814.398,3.9787798408488064
1361392812.732,19.669618528610354
1361392811.543,14.383561643835616
1361392814.377,681.6704892966361
1361392811.678,8.241758241758243
1361392812.05,8.264462809917356
1361392812.94,8.9111328125
1361392813.972,388.671875
1361392813.971,6.721368715083798
1361392814.097,125.0
1361392814.223,280.625
1361392814.539,18.547661870503596
1361392814.665,26.75
1361392815.656,19.50354609929078
1361392816.71,4.424778761061947
1361392817.024,16.645029673590503
1361392817.571,23.524305555555554
1361392814.105,10.497416020671835
1361392814.299,74.70703125
1361392814.614,20.615786240786242
1361392814.74,25.987271540469973
1361392814.932,46.99803149606299
1361392815.156,4.2979942693409745
1361392815.156,26.041666666666668
1361392815.283,13.274336283185841
1361392815.663,68.18181818181817
1361392816.661,35.714285714285715
1361392817.271,37.08791208791209
1361392817.396,163.28125
1361392817.524,27.68342391304348
1361392817.963,37.852112676056336
1361392818.089,4.335260115606936
1361392818.341,13.893950437317784
1361392842.631,492.8977272727273
1361392839.165,625.0
1361392829.245,120.4608938547486
1361392843.005,116.25
1361392839.48,352.67857142857144
1361392843.256,593.75
1361392843.382,500.0
1361392843.424,1250.0
1361392843.549,321.875
1361392839.901,1250.0
1361392838.041,625.0
1361392843.8,312.5
1361392838.104,1250.0
1361392843.863,363.28125
1361392838.103,625.0
1361392838.225,1718.75
1361392838.419,277.77777777777777
1361392836.215,250.0
1361392836.469,139.94565217391306
1361392836.595,292.6136363636364
1361392842.41,416.6666666666667
1361392838.823,416.6666666666667
1361392842.727,643.75
1361392838.822,500.0
1361392842.789,625.0
1361392837.89,416.6666666666667
1361392824.257,36.16352201257862
1361392843.815,214.84375
1361392838.307,416.6666666666667
1361392838.434,208.33333333333334
1361392838.433,312.5
1361392844.192,643.75
1361392844.192,429.6875
1361392836.444,223.55769230769232
1361392836.507,221.5909090909091
1361392841.788,500.0
1361392842.106,833.3333333333334
1361392820.207,4.491017964071856
1361392818.093,1500.0
1361392818.156,4.464285714285714
1361392820.331,16.85855263157895
1361392820.395,41.666666666666664
1361392820.457,30.612244897959183
1361392818.376,20.064415041782727
1361392818.627,113.48280098280098
1361392818.75,1208.3333333333333
1361392821.052,21.459227467811157
1361392821.115,9.036144578313253
1361392821.366,14.945652173913045
1361392819.108,4.437869822485207
1361392821.599,4.322766570605188
1361392819.295,17.064846416382252
1361392817.787,4.385964912280701
1361392820.026,26.54474431818182
1361392820.024,26.165674603174605
1361392820.337,13.31890060240964
1361392820.398,33.29005934718101
1361392819.153,683.59375
1361392821.461,19.642857142857142
1361392819.407,1240.625
1361392819.387,37.94642857142857
1361392819.574,12.82051282051282
1361392822.0,12.360074626865671
1361392822.189,12.096774193548386
1361392819.949,13.581403269754768
1361392822.252,46.7436974789916
1361392822.476,38.692548746518106
1361392820.734,2163.690476190476
1361392820.797,14.254385964912279
1361392821.457,17.026154891304348
1361392821.91,14.231687898089172
1361392822.099,36.63194444444444
1361392822.287,31.25
1361392822.473,25.43218085106383
1361392822.725,33.64158163265306
1361392822.728,113.45791457286433
1361392822.977,14.077970297029703
1361392823.211,16.990291262135923
1361392824.031,39.8936170212766
1361392824.093,57.765151515151516
1361392824.961,61.05324074074074
1361392825.152,25.43218085106383
1361392821.915,3.947368421052632
1361392822.041,18.87376237623762
1361392822.101,7.853403141361256
1361392822.104,39.8936170212766
1361392822.484,300.0
1361392822.738,8.384146341463415
1361392822.738,217.01388888888889
1361392823.031,3.896103896103896
1361392823.407,28.308823529411764
1361392823.47,362.13235294117646
1361392823.47,685.0961538461538
1361392824.912,240.25537634408602
1361392824.912,15.226910828025478
1361392824.911,21.932339449541285
1361392824.975,39.8936170212766
1361392824.974,39.8936170212766
1361392825.84,108.41346153846155
1361392825.965,22.388059701492537
1361392826.092,30.64903846153846
1361392826.343,153.18627450980392
1361392826.343,31.25
1361392846.589,416.6666666666667
1361392845.237,500.0
1361392847.789,71.69117647058823
1361392840.218,252.373417721519
1361392848.278,96.09375
1361392846.166,270.8333333333333
1361392846.166,250.0
1361392848.403,44.31818181818182
1361392846.29,113.69243421052632
1361392846.352,79.47530864197532
1361392848.592,53.191489361702125
1361392844.491,581.25
1361392844.593,500.0
1361392850.218,47.32142857142857
1361392850.277,75.75757575757576
1361392845.155,487.5
1361392845.091,312.5
1361392845.154,494.7916666666667
1361392847.614,73.52941176470588
1361392845.946,270.8333333333333
1361392846.196,459.82142857142856
1361392848.308,67.56756756756756
1361392846.259,406.25
1361392848.539,82.53205128205128
1361392848.728,52.083333333333336
1361392848.982,58.13953488372093
1361392844.501,276.0416666666667
1361392849.173,62.5
1361392849.619,56.6860465116279
1361392850.257,75.75757575757576
1361392849.873,82.53205128205128
1361392850.32,75.75757575757576
1361392829.806,437.5
1361392826.081,38.55846774193549
1361392828.321,46.875
1361392828.443,6.732723577235773
1361392828.486,72.86269430051813
1361392826.501,39.8936170212766
1361392828.671,22.058823529411764
1361392826.748,15.2587890625
1361392828.986,323.6607142857143
1361392829.03,142.36111111111111
1361392829.221,5.016722408026756
1361392829.401,19.53125
1361392829.338,123.5232469512195
1361392829.402,12.516578249336868
1361392829.528,150.0
1361392828.019,15.160472972972972
1361392827.091,19.550879396984925
1361392829.488,21.428571428571427
1361392827.562,9.977409638554215
1361392827.91,17.126623376623375
1361392828.287,573.9329268292684
1361392830.524,22.3463687150838
1361392830.396,7.974777448071216
1361392830.587,750.0
1361392830.5,25.188127090301005
1361392828.386,14.563106796116505
1361392854.684,1000.0
1361392829.939,10.051169590643275
1361392830.003,17.610294117647058
1361392830.192,182.3929961089494
1361392830.191,1718.75
1361392830.316,958.8815789473684
1361392830.316,4.464285714285714
1361392830.442,687.5
1361392830.569,13.039568345323742
1361392830.569,49.8046875
1361392830.885,159.765625
1361392831.496,15.932125307125306
1361392831.622,71.42857142857143
1361392831.621,43.95032051282052
1361392831.748,19.642857142857142
1361392832.868,6.25
1361392832.995,150.0
1361392833.246,7.739485981308412
1361392833.31,21.033653846153847
1361392833.626,328.804347826087
1361392833.626,19.237465181058496
1361392829.823,15.539617486338798
1361392829.95,27.482876712328768
1361392829.949,18.973214285714285
1361392829.945,9.554856115107913
1361392830.075,13.58537296037296
1361392830.454,12.01338199513382
1361392830.513,3484.375
1361392830.707,19.784172661870503
1361392830.765,133.33333333333334
1361392830.765,150.0
1361392830.896,157.29166666666666
1361392832.126,8.152173913043478
1361392832.504,12.8917638483965
1361392833.241,34.11458333333333
1361392833.747,500.0
1361392833.81,24.356617647058822
1361392834.0,14.155982905982906
1361392834.188,22.681451612903228
1361392834.378,13.287742382271468
1361392831.326,2534.5271535580523
1361392833.605,12.620192307692308
1361392833.304,98.2780612244898
1361392858.705,227.27272727272725
1361392855.052,363.28125
1361392851.017,36.569148936170215
1361392853.32,131.57894736842104
1361392851.08,49.744897959183675
1361392859.142,290.625
1361392855.748,192.30769230769232
1361392859.395,643.75
1361392856.061,147.05882352941177
1361392853.736,75.81676136363637
1361392853.864,356.30580357142856
1361392859.623,1250.0
1361392853.861,156.25
1361392851.94,83.03571428571428
1361392856.481,2437.5
1361392854.302,968.75
1361392854.3,833.3333333333334
1361392852.437,83.33333333333333
1361392854.553,812.5
1361392860.249,357.14285714285717
1361392854.552,416.6666666666667
1361392857.729,1072.9166666666667
1361392857.856,833.3333333333334
1361392854.84,536.4583333333334
1361392858.68,208.33333333333334
1361392854.839,69.01041666666667
1361392855.091,500.0
1361392858.93,277.77777777777777
1361392851.12,99.609375
1361392851.119,54.34782608695652
1361392853.275,166.66666666666666
1361392855.451,114.58333333333333
1361392853.403,101.1029411764706
1361392853.466,166.66666666666666
1361392855.639,625.0
1361392855.83,304.6875
1361392855.829,609.375
1361392856.459,113.63636363636363
1361392859.787,227.27272727272725
1361392852.272,128.0241935483871
1361392852.589,96.15384615384616
1361392857.448,2500.0
1361392857.768,321.875
1361392858.15,363.28125
1361392850.53,67.56756756756756
1361392833.925,37.5
1361392836.35,166.66666666666666
1361392834.235,12.001811594202898
1361392834.298,720.9821428571429
1361392834.523,293.92997382198956
1361392834.581,29.575892857142858
1361392834.584,233.22233606557378
1361392834.641,30.36723163841808
1361392834.77,17.67761394101877
1361392834.77,9.629360465116278
1361392834.833,4.143646408839778
1361392834.831,51.975945017182134
1361392834.889,899.3055555555555
1361392837.26,8.90456989247312
1361392837.304,750.0
1361392837.429,165.625
1361392835.122,481.0267857142857
1361392835.245,34.505208333333336
1361392837.742,48.34905660377359
1361392835.815,59.72222222222223
1361392834.054,21.408839779005525
1361392834.115,20.58531746031746
1361392834.178,97.14673913043478
1361392834.177,103.515625
1361392834.302,13.63800578034682
1361392834.366,13.321893063583815
1361392835.281,31.914893617021274
1361392835.407,8.717105263157894
1361392835.343,20.903716216216218
1361392835.342,47.32142857142857
1361392837.71,435.26785714285717
1361392835.466,19.36619718309859
1361392835.529,12.5
1361392837.896,744.7916666666666
1361392835.591,23.28601108033241
1361392835.837,31.25
1361392836.322,55.989583333333336
1361392836.385,250.0
1361392836.445,908.4821428571429
1361392836.697,9.964330024813895
1361392838.127,17.252604166666668
1361392838.378,41.81985294117647
1361392838.44,7343.75
1361392838.503,16.72979797979798
1361392838.567,15.056818181818182
1361392838.756,37.87076271186441
1361392839.073,282.7181208053691
1361392839.073,4.310344827586206
1361392838.988,14.200367647058824
1361392839.493,150.13586956521738
1361392839.618,16.53944020356234
1361392839.681,990.625
1361392840.609,25.49342105263158
1361392841.66,4.491017964071856
1361392841.659,13.575819672131146
1361392837.943,19.199587264150946
1361392837.942,84.4551282051282
1361392838.131,6.226503759398496
1361392838.446,4.120879120879121
1361392838.446,11.225728155339805
1361392839.763,460.0694444444444
1361392839.936,22.731285310734464
1361392841.17,21.50974025974026
1361392841.426,750.0
1361392841.296,271.1397058823529
1361392841.487,10.202205882352942
1361392841.994,250.0
1361392842.41,539.0625
1361392842.598,435.26785714285717
1361392842.598,18.47826086956522
1361392842.547,119.51013513513513
1361392842.663,62.916666666666664
1361392862.824,250.0
1361392863.139,357.14285714285717
1361392863.139,242.1875
1361392863.33,192.30769230769232
1361392867.167,156.25
1361392867.292,174.10714285714286
1361392863.708,487.5
1361392861.659,625.0
1361392861.804,609.375
1361392862.053,625.0
1361392867.812,357.14285714285717
1361392867.938,500.0
1361392864.863,250.0
1361392864.99,156.25
1361392865.41,108.69565217391305
1361392860.416,357.14285714285717
1361392860.48,304.6875
1361392860.856,170.9558823529412
1361392861.147,312.5
1361392861.209,184.0277777777778
1361392863.574,500.0
1361392843.411,5.0495426829268295
1361392864.269,125.0
1361392867.962,1250.0
1361392862.135,203.125
1361392865.325,192.30769230769232
1361392860.204,60.14150943396226
1361392857.707,149.61472602739727
1361392865.998,277.77777777777777
1361392866.313,277.77777777777777
1361392865.832,243.75
1361392844.136,5.557885906040268
1361392844.072,6.721368715083798
1361392842.019,22.81891495601173
1361392844.253,427.0833333333333
1361392844.321,19.607843137254903
1361392842.077,5.770383693045563
1361392844.317,750.0
1361392842.203,93.75
1361392842.261,184.0277777777778
1361392842.327,5.98404255319149
1361392842.421,734.375
1361392842.423,77.11693548387098
1361392842.486,17.183503836317136
1361392842.549,18.617957746478872
1361392842.797,35.0
1361392845.099,1500.0
1361392845.098,207.03125
1361392843.026,32.95454545454545
1361392842.959,691.40625
1361392843.15,21.246458923512748
1361392843.463,23.4375
1361392843.396,254.19207317073173
1361392844.753,750.0
1361392844.752,4.2979942693409745
1361392843.084,3.9893617021276593
1361392842.764,4.373177842565598
1361392842.949,1071.875
1361392843.011,36.51889534883721
1361392843.075,31.433284457478006
1361392843.073,6.0
1361392843.133,48.13508064516129
1361392845.313,22.275874635568513
1361392845.483,23.61813583815029
1361392843.239,18.63456464379947
1361392845.542,16.043526785714285
1361392843.427,12.06987359550562
1361392845.727,18.160029498525073
1361392843.612,20.556913407821227
1361392843.612,32.75923295454545
1361392845.851,22.392805232558143
1361392845.851,35.90616045845272
1361392845.978,19.642857142857142
1361392843.673,21.198830409356724
1361392843.672,131.82824803149606
1361392843.909,63.20422535211267
1361392843.909,21.44691780821918
1361392844.221,694.1964285714286
1361392846.397,26.041666666666668
1361392844.373,12.483243967828418
1361392844.629,28.55902777777778
1361392844.629,15.024038461538462
1361392844.627,18.229166666666668
1361392844.817,16.05455326460481
1361392846.094,25.543811274509803
1361392846.408,16.57082324455206
1361392848.652,500.0
1361392848.587,750.0
1361392848.714,210.41666666666666
1361392848.842,39.8936170212766
1361392848.777,123.3377659574468
1361392848.84,39.8936170212766
1361392848.967,110.02604166666667
1361392849.64,16.83538732394366
1361392849.952,19.642857142857142
1361392846.908,211.9140625
1361392847.093,125.0
1361392847.522,117.6470588235294
1361392847.647,39.246632996633
1361392847.71,25.43218085106383
1361392847.836,1500.0
1361392848.088,19.50354609929078
1361392848.342,967.4202127659574
1361392848.342,47.61904761904761
1361392849.074,86.11918604651163
1361392849.074,19.50354609929078
1361392850.245,2390.625
1361392850.568,184.0277777777778
1361392874.874,193.75
1361392874.874,212.05357142857142
1361392866.746,239.04454022988506
1361392870.837,92.59259259259258
1361392869.045,416.6666666666667
1361392871.094,108.69565217391305
1361392871.345,108.69565217391305
1361392875.543,581.25
1361392875.732,166.66666666666666
1361392875.923,192.30769230769232
1361392875.923,178.57142857142858
1361392872.593,152.64423076923077
1361392872.719,108.69565217391305
1361392870.347,94.66911764705883
1361392873.16,181.640625
1361392870.448,69.44444444444444
1361392873.647,138.39285714285714
1361392873.391,193.75
1361392874.282,207.58928571428572
1361392874.279,203.125
1361392874.598,202.30263157894737
1361392869.027,494.7916666666667
1361392875.138,214.84375
1361392875.2,242.1875
1361392875.576,156.25
1361392875.64,143.22916666666666
1361392867.576,91.96428571428572
1361392872.438,160.15625
1361392872.31,138.88888888888889
1361392870.418,80.64516129032258
1361392873.486,160.71428571428572
1361392873.612,166.66666666666666
1361392853.793,12.876884422110553
1361392850.198,20.833333333333332
1361392852.497,6.446991404011461
1361392850.32,11.957908163265305
1361392852.597,127.40384615384615
1361392852.727,13.455976863753213
1361392852.847,14.375
1361392852.113,30.22411616161616
1361392852.589,32.327586206896555
1361392854.635,55.20833333333333
1361392854.635,1364.5833333333333
1361392853.009,16.198394495412845
1361392850.894,21.732954545454543
1361392851.266,23.809523809523807
1361392853.378,16.707063711911356
1361392851.372,13.980263157894736
1361392851.935,25.49793956043956
1361392851.934,2565.972222222222
1361392854.044,34.78371934604905
1361392851.995,4.398826979472141
1361392851.995,9.181701030927835
1361392854.213,9.714076246334312
1361392852.163,123.10606060606061
1361392852.351,24.811126373626372
1361392852.414,343.75
1361392854.524,19.18012640449438
1361392852.538,29.701576576576574
1361392853.95,5.8441558441558445
1361392854.014,142.43285123966942
1361392852.961,79.70727848101265
1361392854.483,20.010217983651227
1361392855.031,638.3928571428571
1361392857.527,6.164383561643835
1361392857.966,523.4375
1361392858.029,10.458669354838708
1361392858.409,89.87145390070921
1361392858.472,364.18269230769226
1361392855.806,25.77728426395939
1361392856.044,300.0
1361392856.421,7.119082840236686
1361392857.306,29.45916905444126
1361392857.661,28.990963855421686
1361392857.532,30.34942363112392
1361392857.722,16.789040114613183
1361392858.294,23.18249258160237
1361392856.049,4343.75
1361392876.957,227.27272727272725
1361392878.813,1072.9166666666667
1361392874.908,1102.796052631579
1361392882.905,166.66666666666666
1361392879.064,625.0
1361392879.504,208.33333333333334
1361392883.578,552.0833333333334
1361392878.197,55.20833333333333
1361392875.892,166.66666666666666
1361392878.321,500.0
1361392880.497,500.0
1361392880.749,1656.25
1361392884.369,357.14285714285717
1361392881.551,494.7916666666667
1361392877.058,290.625
1361392883.135,193.75
1361392879.23,312.5
1361392883.134,357.14285714285717
1361392877.482,484.375
1361392883.239,429.6875
1361392877.793,406.25
1361392880.22,357.14285714285717
1361392883.867,357.14285714285717
1361392880.347,568.75
1361392883.93,363.28125
1361392880.473,726.5625
1361392878.207,132.21153846153845
1361392880.639,940.2777777777777
1361392880.828,285.2678571428571
1361392878.395,459.82142857142856
1361392876.405,190.9722222222222
1361392876.598,250.0
1361392882.093,250.0
1361392882.157,138.88888888888889
1361392860.104,15.584935897435898
1361392858.048,12.51801152737752
1361392860.409,13.898982558139535
1361392858.235,17.840485074626866
1361392859.403,15.717182890855458
1361392859.463,14.107142857142856
1361392859.587,18.20690883190883
1361392861.954,21.78571428571429
1361392862.142,18.38497150997151
1361392862.366,27.376392757660167
1361392860.252,19.327799479166668
1361392862.49,125.0
1361392860.731,750.0
1361392862.774,4.537671232876712
1361392858.741,13.71082621082621
1361392861.167,750.0
1361392861.23,14.496527777777779
1361392861.528,31.580687830687832
1361392859.286,24.295252225519288
1361392859.286,750.0
1361392859.469,214.28571428571428
1361392859.659,77.11693548387098
1361392861.899,15.440634218289084
1361392862.091,16.581632653061227
1361392859.877,1119.7916666666667
1361392860.188,15.625
1361392860.376,475.8522727272727
1361392860.673,11.136968085106382
1361392879.343,403.2738095238095
1361392865.761,7343.75
1361392865.824,1025.0
1361392862.233,31.25
1361392862.674,500.0
1361392862.674,11.501736111111112
1361392863.726,18.530150753768844
1361392863.725,28.2033426183844
1361392865.587,19.6516106442577
1361392866.156,22.5
1361392866.603,6.684027777777778
1361392866.602,21.33498583569405
1361392866.578,34.198113207547166
1361392866.704,8.645533141210375
1361392866.767,13.287742382271468
1361392863.052,256.69642857142856
1361392863.303,6.521739130434782
1361392863.303,18.51851851851852
1361392863.365,376.2019230769231
1361392863.744,19.223760932944607
1361392863.967,100.44642857142857
1361392864.219,4.732142857142858
1361392864.219,10.48951048951049
1361392864.218,32.14285714285714
1361392864.471,6.994912790697675
1361392864.723,29.6875
1361392864.973,23.005870165745854
1361392864.912,6.217700258397933
1361392864.912,1500.0
1361392865.039,60.810810810810814
1361392865.338,97.42647058823529
1361392865.907,15.32451923076923
1361392866.35,750.0
1361392864.391,16.546581769436997
1361392866.516,14.759475218658892
1361392886.877,113.63636363636363
1361392885.21,487.5
1361392885.336,726.5625
1361392887.381,167.11956521739128
1361392885.776,357.14285714285717
1361392885.945,416.6666666666667
1361392888.055,312.5
1361392883.765,221.54605263157896
1361392886.129,181.640625
1361392886.193,165.625
1361392888.56,166.66666666666666
1361392888.937,75.75757575757576
1361392886.377,113.63636363636363
1361392888.746,78.62903225806451
1361392884.266,242.1875
1361392884.392,227.27272727272725
1361392889.423,64.14473684210527
1361392889.486,47.74305555555555
1361392889.486,67.56756756756756
1361392890.187,62.5
1361392886.853,145.3125
1361392887.104,85.9375
1361392887.231,121.875
1361392887.46,152.96052631578945
1361392885.412,1218.75
1361392877.604,8.769132653061224
1361392885.6,277.77777777777777
1361392887.711,192.30769230769232
1361392887.838,250.0
1361392888.09,290.625
1361392888.154,416.6666666666667
1361392888.153,484.375
1361392888.344,36.569148936170215
1361392888.512,26.85546875
1361392888.575,80.64516129032258
1361392886.269,247.39583333333334
1361392888.763,116.47727272727272
1361392888.762,85.4779411764706
1361392884.154,156.25
1361392888.824,50.5514705882353
1361392884.214,223.55769230769232
1361392888.95,53.7109375
1361392886.516,63.70192307692307
1361392884.531,484.375
1361392884.658,424.10714285714283
1361392889.266,53.7109375
1361392889.392,130.7565789473684
1361392889.646,53.7109375
1361392865.88,10.641486810551559
1361392868.246,17.61968085106383
1361392866.065,20.99737532808399
1361392866.19,19.097222222222225
1361392866.19,20.0
1361392866.189,750.0
1361392867.892,34.85576923076923
1361392867.955,66.04064039408867
1361392870.383,179.46428571428572
1361392868.078,10.293635170603674
1361392868.448,7.078729281767956
1361392868.452,83.33333333333333
1361392868.578,29.87938596491228
1361392868.706,12.096774193548386
1361392869.063,31.879722921914357
1361392869.25,7.965686274509803
1361392867.07,77.85790598290599
1361392867.297,18.25998520710059
1361392867.296,2643.3823529411766
1361392867.484,47.69736842105264
1361392867.608,154.21195652173913
1361392867.757,20.414806547619047
1361392867.882,13.175675675675677
1361392868.19,12.539556962025316
1361392868.249,14.705882352941176
1361392868.292,14.181385869565219
1361392869.994,118.23878627968337
1361392870.248,7.661845730027548
1361392870.246,13.36453045685279
1361392870.751,14.55965909090909
1361392871.171,12.869962216624685
1361392871.36,1230.2631578947369
1361392871.423,6.41025641025641
1361392871.55,86.45833333333333
1361392871.613,15.056818181818182
1361392871.74,962.2395833333334
1361392872.12,1734.375
1361392872.692,19.717261904761905
1361392872.692,211.71875
1361392873.904,75.0
1361392873.968,447.11538461538464
1361392874.409,16.341332378223495
1361392874.341,120.92391304347825
1361392874.341,403.4090909090909
1361392874.405,419.0340909090909
1361392874.468,251.30208333333331
1361392874.596,48.06709809264305
1361392874.659,380.2083333333333
1361392870.882,15.27605459057072
1361392872.313,641.8269230769231
1361392872.352,71.42857142857143
1361392872.42,4.2979942693409745
1361392872.864,100.0
1361392873.18,442.7083333333333
1361392873.433,9.322478991596638
1361392873.624,30.320945945945944
1361392873.787,23.93617021276596
1361392874.102,582.03125
1361392874.294,13.316761363636363
1361392874.165,19.31423611111111
1361392874.291,518.75
1361392874.354,18.546747967479675
1361392874.354,12.716090425531915
1361392874.673,8.82768361581921
1361392874.476,61.209862385321095
1361392872.353,218.45518867924528
1361392895.009,2437.5
1361392895.008,625.0
1361392890.975,59.52380952380952
1361392895.261,1609.375
1361392891.29,76.63690476190477
1361392893.527,32.47549019607843
1361392892.018,54.34782608695652
1361392896.88,833.3333333333334
1361392892.144,64.1025641025641
1361392897.133,92.0138888888889
1361392897.747,476.10294117647055
1361392898.0,2500.0
1361392897.998,1250.0
1361392890.571,54.34782608695652
1361392890.698,73.1534090909091
1361392894.919,609.375
1361392893.123,62.5
1361392891.137,64.1025641025641
1361392895.593,1218.75
1361392899.43,1052.0833333333333
1361392896.036,363.28125
1361392896.162,1250.0
1361392896.414,343.75
1361392899.994,3218.75
1361392892.12,127.40384615384615
1361392896.839,1250.0
1361392896.903,363.28125
1361392897.029,833.3333333333334
1361392897.473,415.17857142857144
1361392897.473,859.375
1361392900.476,625.0
1361392898.171,833.3333333333334
1361392873.901,37.66233766233766
1361392874.212,32.72804054054054
1361392876.508,22.079772079772077
1361392874.399,17.66859673024523
1361392876.865,11.71875
1361392874.752,1500.0
1361392874.752,16.42530487804878
1361392874.685,88.23529411764706
1361392877.052,26.62037037037037
1361392877.176,26.810584958217273
1361392876.296,187.5
1361392876.294,51.40146239554318
1361392876.038,458.70535714285717
1361392876.356,125.0
1361392878.591,77.11693548387098
1361392876.287,41.666666666666664
1361392876.35,564.453125
1361392878.653,30.35071942446043
1361392876.413,17.32673267326733
1361392876.794,24.67105263157895
1361392876.858,18.854748603351958
1361392876.601,37.94642857142857
1361392876.857,3820.3125
1361392876.601,50.86436170212766
1361392878.819,21.932339449541285
1361392877.025,247.1590909090909
1361392877.086,20.72514836795252
1361392875.035,82.8125
1361392877.147,262.2767857142857
1361392875.034,13.514514218009479
1361392875.097,58.423913043478265
1361392875.16,18.810261707988982
1361392875.159,14.126712328767123
1361392877.523,32.99557220708447
1361392877.623,27.79796511627907
1361392877.623,37.94642857142857
1361392875.572,37.326388888888886
1361392875.571,43.27876984126984
1361392875.634,127.40384615384615
1361392875.634,10.401392961876832
1361392875.697,376.5625
1361392875.697,430.14705882352945
1361392875.696,750.0
1361392878.061,36.57670454545455
1361392878.124,34.35724431818181
1361392877.996,276.0416666666667
1361392878.375,15.843226256983238
1361392876.05,1539.5833333333333
1361392876.05,9.967672413793105
1361392878.418,25.43218085106383
1361392878.542,695.3125
1361392878.286,24.408545197740114
1361392876.174,13.1284435261708
1361392876.237,35.714285714285715
1361392878.666,12.939453125
1361392877.781,78.125
1361392878.207,18.272569444444446
1361392878.333,2335.9375
1361392878.458,1075.892857142857
1361392878.521,2779.8398014440436
1361392878.71,11.658031088082902
1361392880.133,9.7436797752809
1361392880.068,6.855413105413105
1361392880.258,13.694324712643677
1361392880.637,20.91284987277354
1361392880.949,150.0
1361392880.949,150.0
1361392881.008,30.42328042328042
1361392881.062,19.230769230769234
1361392881.188,19.14787798408488
1361392881.379,17.157697547683924
1361392881.695,118.30357142857143
1361392878.771,10.82516339869281
1361392879.527,77.21977329974811
1361392879.527,750.0
1361392879.526,37.786989795918366
1361392879.633,29.13533834586466
1361392879.883,78.53084415584416
1361392880.324,27.938432835820894
1361392880.45,38.55846774193549
1361392880.703,97.42647058823529
1361392880.872,578.125
1361392881.124,270.03205128205127
1361392881.378,13.637204142011834
1361392881.439,15.807215743440233
1361392881.819,21.847747093023255
1361392881.819,40.697674418604656
1361392881.945,559.375
1361392882.071,15.757415254237287
1361392882.303,171.875
1361392882.617,39.8936170212766
1361392882.66,17.56198347107438
1361392879.568,114.97738486842105
1361392879.63,12.800655976676385
1361392880.526,80.24691358024691
1361392902.926,424.10714285714283
1361392882.891,1834.832702020202
1361392903.43,189.33823529411765
1361392901.44,358.45588235294116
1361392901.444,406.25
1361392901.444,500.0
1361392903.932,166.66666666666666
1361392903.996,166.66666666666666
1361392901.676,625.0
1361392901.989,132.10227272727275
1361392904.42,86.20689655172414
1361392904.671,130.7565789473684
1361392904.798,62.5
1361392904.861,64.1025641025641
1361392905.41,150.5681818181818
1361392903.028,138.39285714285714
1361392901.273,136.20923913043478
1361392903.447,107.6388888888889
1361392891.538,18.713662790697672
1361392901.774,174.10714285714286
1361392901.837,193.75
1361392904.455,74.85465116279069
1361392904.455,84.70394736842105
1361392902.151,192.30769230769232
1361392902.444,143.22916666666666
1361392905.008,65.78947368421052
1361392905.261,71.42857142857143
1361392898.217,182.96370967741933
1361392898.217,188.28125
1361392884.053,26.515151515151516
1361392884.177,938.2189417177914
1361392882.001,57.180851063829785
1361392882.122,7.018008474576272
1361392882.246,270.7122093023256
1361392884.675,16.721491228070175
1361392884.589,22.8015988372093
1361392883.538,37.25638440860215
1361392883.6,20.833333333333332
1361392885.836,14.839385474860336
1361392883.721,6.419573643410853
1361392883.911,5052.083333333333
1361392886.44,72.01086956521739
1361392886.44,33.21379781420765
1361392886.502,72.01086956521739
1361392886.565,11.71875
1361392884.613,11.031824146981627
1361392884.676,19.89412568306011
1361392885.18,122.86931818181817
1361392885.179,21.732954545454543
1361392885.242,12.48254189944134
1361392883.297,15.194954128440369
1361392885.535,15.532544378698224
1361392885.534,74.70703125
1361392883.543,77.11693548387098
1361392883.6,37.58445945945946
1361392885.78,23.459022038567493
1361392885.907,4.237288135593221
1361392886.008,103.515625
1361392883.954,6625.0
1361392886.066,21.805362116991645
1361392886.129,20.703125
1361392885.606,15.114985163204748
1361392885.558,19.438244047619047
1361392885.972,23.232984293193716
1361392885.971,32.04314720812182
1361392886.034,20.974864130434785
1361392886.161,18.705985915492956
1361392886.161,16.289893617021278
1361392886.477,15.438098086124402
1361392886.666,22.531702898550723
1361392886.983,263.39285714285717
1361392886.956,272.32142857142856
1361392887.405,38.33575581395349
1361392888.274,16.166460396039604
1361392888.593,687.5
1361392888.463,34.01898734177215
1361392888.719,6.934438040345822
1361392888.719,14.150943396226415
1361392888.781,18.00496688741722
1361392888.716,273.25581395348837
1361392890.594,139.23611111111111
1361392886.919,31.795511221945134
1361392886.982,32.61612021857923
1361392887.804,21.648044692737432
1361392887.803,290.86538461538464
1361392887.867,22.151898734177216
1361392887.867,713.5416666666666
1361392887.867,14.073849878934624
1361392887.838,338.5416666666667
1361392887.902,5.421686746987952
1361392888.281,136.36363636363635
1361392888.47,33.17901234567901
1361392888.532,33.55911330049261
1361392888.659,15.056818181818182
1361392888.659,97.82608695652175
1361392888.658,19.105816831683168
1361392888.721,128.8109756097561
1361392888.848,3.90625
1361392888.911,41.666666666666664
1361392888.974,33.80102040816327
1361392889.582,93.31597222222223
1361392889.836,32.96875
1361392889.963,62.91482300884955
1361392889.96,23.722627737226276
1361392911.131,52.57936507936508
1361392912.014,76.06132075471699
1361392912.014,53.125
1361392909.645,98.15140845070422
1361392912.077,69.88636363636364
1361392907.592,643.3531746031747
1361392907.659,19.75574712643678
1361392909.754,60.167910447761194
1361392907.578,808.7797619047618
1361392907.577,619.5436507936508
1361392912.249,105.11363636363637
1361392912.691,56.81818181818181
1361392910.066,47.32142857142857
1361392910.066,50.96153846153846
1361392912.876,76.63690476190477
1361392908.392,139.58333333333334
1361392908.392,61.342592592592595
1361392913.259,101.15131578947368
1361392914.184,1523.1854838709678
1361392914.055,109.82142857142857
1361392898.941,7.34508547008547
1361392909.161,46.65492957746479
1361392911.332,61.99596774193549
1361392909.347,47.32142857142857
1361392903.773,28.47782258064516
1361392901.661,159.1956967213115
1361392907.485,1321.5525793650793
1361392912.029,86.93181818181817
1361392907.485,529.4117647058823
1361392909.723,48.007246376811594
1361392901.722,232.4546089385475
1361392909.911,49.03846153846154
1361392907.924,229.91071428571428
1361392910.448,56.14406779661017
1361392910.448,101.16525423728812
1361392908.591,42.46794871794872
1361392913.326,67.56756756756756
1361392900.717,2347.16796875
1361392892.143,76.75438596491229
1361392890.09,90.75797872340425
1361392892.453,35.53921568627451
1361392890.509,104.42073170731707
1361392890.758,18.834046454767726
1361392890.945,18.963675213675213
1361392890.943,16.753008021390375
1361392893.18,10.82516339869281
1361392891.132,50.86436170212766
1361392893.306,36.05769230769231
1361392893.305,28.846153846153847
1361392892.607,17.807904411764707
1361392892.86,179.32692307692307
1361392892.922,19.68503937007874
1361392890.915,9.430239898989898
1361392891.039,147.69345238095238
1361392893.278,34.198113207547166
1361392891.29,133.33333333333334
1361392891.29,34.876543209876544
1361392893.466,38.56382978723404
1361392893.529,19.76284584980237
1361392891.412,7.597117794486215
1361392891.639,43.12865497076023
1361392891.762,20.59138141809291
1361392894.127,38.56382978723404
1361392894.188,40.54054054054054
1361392894.186,11.051829268292682
1361392892.116,17.33896683673469
1361392894.419,39.8936170212766
1361392894.542,164.9816176470588
1361392892.803,33.854166666666664
1361392892.974,77.90050287356321
1361392891.473,40.34090909090909
1361392894.527,19.642857142857142
1361392894.906,35.52827380952381
1361392895.033,27.611940298507463
1361392895.095,21.33498583569405
1361392896.893,35.475352112676056
1361392896.89,71.57776349614396
1361392897.272,16.98560393258427
1361392897.525,55.989583333333336
1361392897.525,24.5018115942029
1361392897.691,18.025606469002692
1361392894.837,27.983757062146893
1361392894.896,21.53954802259887
1361392895.026,21.280160857908847
1361392895.4,19.70108695652174
1361392896.842,21.083333333333332
1361392897.095,14.712199312714777
1361392897.441,17.521437994722955
1361392897.441,27.232142857142858
1361392897.82,10.858753315649867
1361392898.136,10453.125
1361392895.886,24.12459283387622
1361392897.469,202.00892857142858
1361392918.986,67.56756756756756
1361392917.064,282.19696969696975
1361392917.064,80.64516129032258
1361392919.175,62.5
1361392917.253,75.75757575757576
1361392919.427,60.97560975609756
1361392917.439,76.171875
1361392919.995,89.28571428571429
1361392915.642,107.16391509433961
1361392920.225,125.9469696969697
1361392920.668,108.69565217391305
1361392915.993,78.125
1361392916.248,71.69117647058823
1361392916.469,75.75757575757576
1361392916.596,75.75757575757576
1361392918.889,50.78125
1361392918.889,86.99324324324324
1361392916.969,288.99082568807336
1361392916.969,2726.1513157894738
1361392919.182,65.87837837837837
1361392917.261,69.44444444444444
1361392915.21,1131.1961206896553
1361392919.688,78.125
1361392915.398,96.875
1361392917.636,42.410714285714285
1361392915.524,146.99074074074073
1361392915.523,106.16238317757009
1361392915.523,139.75
1361392915.522,106.16238317757009
1361392920.19,123.99193548387098
1361392915.645,103.88513513513513
1361392915.684,83.03571428571428
1361392920.359,96.15384615384616
1361392909.986,23.505434782608695
1361392918.241,35.714285714285715
1361392916.001,55.55555555555555
1361392920.991,125.0
1361392921.116,348.3664772727273
1361392916.352,36.38059701492537
1361392901.843,584.375
1361392897.997,29.859050445103858
1361392898.06,12.162396121883656
1361392900.361,28273.4375
1361392898.12,81.26905487804878
1361392901.771,18.839285714285715
1361392899.529,324.38380281690144
1361392901.828,2589.72293814433
1361392899.592,29.231039325842698
1361392902.079,12.941919191919192
1361392900.193,11.787280701754387
1361392902.43,21.428571428571427
1361392902.741,332.03125
1361392900.667,1253.605769230769
1361392898.807,54.8469387755102
1361392898.931,16.765510948905106
1361392901.231,500.0
1361392899.115,35.714285714285715
1361392899.406,25.1566852367688
1361392899.406,16.40193370165746
1361392901.708,3457.744215938303
1361392901.77,12.509031791907514
1361392902.117,171.875
1361392902.304,197.265625
1361392902.303,3013.3928571428573
1361392902.551,11.267006802721088
1361392900.782,6.282637075718016
1361392900.908,39556.944444444445
1361392901.162,10756.25
1361392901.482,122.48883928571429
1361392900.859,2775.55910543131
1361392900.859,35982.7302631579
1361392900.858,2820.636980830671
1361392900.858,23459.67741935484
1361392901.372,3037.5
1361392901.684,186.60945595854923
1361392901.887,16.900510204081634
1361392904.121,213.54166666666666
1361392904.249,100.0
1361392904.375,13.693337912087912
1361392904.438,110.83984375
1361392904.689,4.246794871794871
1361392904.815,806.0344827586207
1361392905.004,2250.0
1361392905.067,9.89321608040201
1361392905.067,3039.0625
1361392905.492,12.08941605839416
1361392905.872,7.837947882736156
1361392905.872,1636.5681233933162
1361392905.871,1115.7377577319587
1361392905.742,13.333333333333334
1361392905.998,398.4375
1361392906.251,32.64232673267327
1361392906.122,53.57142857142857
1361392902.947,13.952349869451698
1361392903.009,18.155809859154928
1361392903.199,19.511421319796955
1361392904.313,215.22177419354838
1361392904.437,15.066964285714286
1361392904.691,196.18055555555554
1361392904.943,12.096774193548386
1361392905.557,96.25
1361392905.746,1187.0167525773197
1361392905.746,2420.4326923076924
1361392906.611,110.41666666666666
1361392903.306,23.739035087719298
1361392926.725,119.04761904761904
1361392926.788,183.03571428571428
1361392926.913,125.0
1361392917.056,172.00413223140495
1361392927.422,135.41666666666666
1361392927.102,131.57894736842104
1361392927.101,131.57894736842104
1361392931.197,164.0625
1361392923.131,86.93181818181817
1361392923.257,101.72872340425532
1361392919.672,12.5
1361392923.445,118.30357142857143
1361392928.723,83.33333333333333
1361392926.355,108.69565217391305
1361392924.05,64.1025641025641
1361392926.48,132.10227272727275
1361392929.483,138.88888888888889
1361392929.784,147.05882352941177
1361392921.781,29.633620689655174
1361392926.706,160.9375
1361392925.165,197.8125
1361392925.164,60.97560975609756
1361392927.21,189.33823529411765
1361392923.151,44.31818181818182
1361392923.528,60.97560975609756
1361392915.526,162.3501712328767
1361392926.083,92.59259259259258
1361392926.209,104.16666666666667
1361392928.678,108.69565217391305
1361392926.438,116.07142857142857
1361392929.12,113.63636363636363
1361392929.63,198.4375
1361392929.564,147.05882352941177
1361392929.752,69.44444444444444
1361392913.563,8.59375
1361392930.074,127.40384615384615
1361392921.433,51.948051948051955
1361392921.497,59.151785714285715
1361392921.815,60.22727272727273
1361392909.011,39.8936170212766
1361392906.897,6.0
1361392909.073,39.8936170212766
1361392906.959,18.810261707988982
1361392909.134,142.0094936708861
1361392909.32,55.55555555555555
1361392909.552,400.0
1361392909.552,60.04464285714286
1361392909.55,146.03365384615387
1361392907.437,15.068493150684931
1361392907.625,368.1640625
1361392907.687,375.0
1361392907.623,314.5833333333333
1361392907.622,2303.917253521127
1361392907.622,2132.396708683473
1361392907.622,22.579225352112676
1361392907.622,2085.0929054054054
1361392907.621,104.94791666666667
1361392907.684,375.0
1361392907.746,809.1517857142857
1361392907.938,1648.4375
1361392908.0,750.0
1361392907.847,6.816572237960339
1361392910.145,101.5625
1361392908.029,461.45833333333337
1361392908.282,4.24929178470255
1361392910.579,150.0
1361392908.633,68.2791095890411
1361392908.633,19.50354609929078
1361392908.697,92.69425675675676
1361392907.017,4.3604651162790695
1361392909.254,222.86184210526315
1361392907.142,828.125
1361392907.182,298.1991525423729
1361392907.369,963.0681818181818
1361392909.543,78.69318181818181
1361392909.671,319.19642857142856
1361392907.494,1941.3360778443114
1361392907.494,2606.9982394366198
1361392907.494,2824.1643454039
1361392907.557,375.0
1361392907.557,375.0
1361392907.557,375.0
1361392907.556,375.0
1361392907.846,129.8828125
1361392907.966,253.90625
1361392908.029,4.761904761904763
1361392908.343,41.666666666666664
1361392908.696,98.6328125
1361392908.567,44.20045045045045
1361392908.883,807.5158227848102
1361392910.206,113.6853448275862
1361392910.976,63.70192307692307
1361392910.975,23.89705882352941
1361392911.166,36.76470588235294
1361392911.291,1176.3392857142858
1361392911.354,42.5531914893617
1361392911.669,69.55645161290322
1361392911.795,22.871376811594203
1361392912.159,16.45732445520581
1361392912.412,95.66326530612244
1361392912.916,153.4090909090909
1361392913.397,16.604623824451412
1361392913.585,127.46710526315788
1361392914.155,107.5
1361392914.088,127.80448717948717
1361392914.088,17.170788770053477
1361392914.34,30.55037313432836
1361392914.658,45.45454545454545
1361392911.168,10.966842723004696
1361392911.235,19.50354609929078
1361392911.484,16.733156028368796
1361392912.287,253.125
1361392912.35,133.13802083333334
1361392912.603,83.33333333333333
1361392913.169,136.36363636363635
1361392913.399,55.55555555555555
1361392913.653,49.14647577092511
1361392913.715,67.12962962962963
1361392914.031,41.40625
1361392914.346,178.30882352941177
1361392912.758,22.664835164835164
1361392913.064,20.408163265306122
1361392913.318,60.0
1361392912.825,24.324324324324326
1361392913.65,39.297210300429185
1361392932.893,103.88513513513513
1361392938.779,250.0
1361392935.254,171.875
1361392935.633,161.15196078431373
1361392933.647,227.27272727272725
1361392939.639,138.88888888888889
1361392931.892,64.95098039215686
1361392934.003,500.0
1361392934.567,609.375
1361392937.487,207.58928571428572
1361392930.312,59.52380952380952
1361392938.119,331.25
1361392934.912,812.5
1361392935.038,363.28125
1361392935.268,484.375
1361392939.171,312.5
1361392933.34,312.5
1361392935.582,98.5576923076923
1361392935.897,146.13970588235296
1361392931.608,66.25
1361392925.911,151.21243169398906
1361392933.972,500.0
1361392931.794,62.5
1361392936.401,538.8888888888889
1361392932.034,62.5
1361392936.89,116.07142857142857
1361392937.017,125.0
1361392937.399,178.57142857142858
1361392937.778,221.5909090909091
1361392918.759,97.7470930232558
1361392917.029,102.05947837150127
1361392917.09,14.56766917293233
1361392917.213,149.90234375
1361392917.338,9.78576030927835
1361392917.337,75.65789473684211
1361392915.348,2250.0
1361392917.694,220.58823529411765
1361392917.757,4328.125
1361392917.882,104.16666666666667
1361392915.705,1500.0
1361392915.895,28.051593959731544
1361392915.895,17.09832506203474
1361392915.766,4.424778761061947
1361392915.89,1393.75
1361392916.117,195.07575757575756
1361392916.113,5.968169761273209
1361392916.368,89.84375
1361392918.669,167.48046875
1361392916.782,1377.8409090909092
1361392916.907,51.7578125
1361392916.967,446.98660714285717
1361392914.919,14.0625
1361392917.092,117.6470588235294
1361392917.155,92.81716417910448
1361392915.042,343.75
1361392915.164,6.5210027100271
1361392917.343,106.25
1361392915.229,6.721368715083798
1361392915.335,11.041666666666666
1361392915.643,151.11825980392157
1361392915.993,16.805013020833332
1361392918.353,76.68585526315789
1361392918.352,318.50961538461536
1361392918.54,19.230769230769234
1361392918.603,7093.75
1361392916.361,90.625
1361392916.406,262.6953125
1361392917.731,133.92857142857142
1361392916.726,156.79824561403507
1361392918.305,62.66891891891892
1361392941.987,73.86363636363637
1361392942.178,77.38095238095238
1361392919.106,21.28775167785235
1361392919.169,127.66768292682926
1361392919.295,46.02510460251046
1361392919.672,45.18884892086331
1361392919.993,13.786764705882353
1361392920.056,206.5677966101695
1361392920.347,40.234375
1361392920.601,11.698921319796954
1361392920.791,7.614213197969543
1361392920.852,201.82291666666666
1361392920.914,131.04838709677418
1361392921.232,257.52314814814815
1361392921.295,5.791083916083916
1361392921.23,217.32954545454544
1361392921.422,26.745854591836736
1361392921.722,120.33991228070177
1361392921.785,75.05122950819671
1361392921.848,26.31578947368421
1361392921.911,108.87096774193549
1361392922.414,44.791666666666664
1361392922.414,40.348101265822784
1361392922.478,1023.4375
1361392918.991,34.342447916666664
1361392919.054,8.595988538681949
1361392919.498,15.789473684210527
1361392919.497,109.77564102564102
1361392919.751,196.875
1361392919.814,16.666666666666668
1361392919.877,269.39655172413796
1361392920.358,5.0495426829268295
1361392920.358,128.125
1361392920.484,189.3028846153846
1361392920.674,258.18452380952385
1361392920.863,31.202651515151516
1361392921.048,319.94047619047615
1361392921.179,1255.9742647058822
1361392921.536,41.19318181818181
1361392921.662,401.7857142857143
1361392921.662,40.76086956521739
1361392921.662,60.9375
1361392921.725,134.32017543859646
1361392921.788,95.703125
1361392922.356,206.49509803921566
1361392921.838,76.72413793103448
1361392934.749,1693.080357142857
1361392947.031,833.3333333333334
1361392943.126,86.20689655172414
1361392935.19,667.2554347826087
1361392947.094,500.0
1361392947.22,625.0
1361392941.457,41.396103896103895
1361392947.471,208.33333333333334
1361392947.703,246.09375
1361392944.309,500.0
1361392944.309,363.28125
1361392944.498,110.79545454545455
1361392947.89,416.6666666666667
1361392947.948,416.6666666666667
1361392945.065,461.8055555555556
1361392945.869,242.1875
1361392940.749,65.49657534246575
1361392946.187,500.0
1361392946.314,1484.375
1361392946.314,416.6666666666667
1361392940.87,43.01948051948052
1361392942.662,67.70833333333333
1361392942.851,20.3125
1361392926.849,2765.9895833333335
1361392941.183,40.348101265822784
1361392943.42,97.5
1361392939.238,226.5625
1361392939.299,7038.727678571429
1361392947.363,833.3333333333334
1361392927.649,1801.461693548387
1361392941.728,55.55555555555555
1361392944.159,71.69117647058823
1361392947.55,250.0
1361392926.043,109.70744680851064
1361392942.171,80.46875
1361392934.296,203.73603351955308
1361392928.791,74.68857388316151
1361392942.423,38.69047619047619
1361392926.422,73.13721498371335
1361392944.944,1218.75
1361392945.261,312.5
1361392948.269,357.14285714285717
1361392945.831,416.6666666666667
1361392925.839,39.8936170212766
1361392925.249,92.82407407407408
1361392923.131,15.0
1361392925.723,133.92857142857142
1361392925.911,39.1905737704918
1361392925.909,300.0
1361392926.098,1500.0
1361392926.326,66.66666666666667
1361392924.082,151.2957317073171
1361392924.205,7.119082840236686
1361392926.634,42.72870111731844
1361392924.71,17.58954678362573
1361392926.736,156.25
1361392922.895,135.41666666666666
1361392925.385,197.1153846153846
1361392925.528,750.0
1361392925.59,149.4140625
1361392923.725,14.407467532467532
1361392926.13,66.66666666666667
1361392923.952,73.32378706199461
1361392926.188,282.5520833333333
1361392926.255,232.33695652173913
1361392923.951,137.86764705882354
1361392926.442,55.677816901408455
1361392926.503,151.04166666666666
1361392942.37,62.5
1361392942.37,20.569620253164555
1361392926.9,71.42857142857143
1361392926.9,19.289626288659793
1361392926.899,386.71875
1361392927.026,15.831679894179894
1361392927.025,14.572538860103627
1361392927.088,750.0
1361392927.214,386.5131578947368
1361392927.404,57.112068965517246
1361392927.404,15.097402597402597
1361392927.404,77.11693548387098
1361392927.53,3578.125
1361392927.529,167.60670731707316
1361392928.642,4.335260115606936
1361392928.832,19.958651399491092
1361392928.832,157.55208333333334
1361392929.022,167.5
1361392929.826,148.3274647887324
1361392929.759,265.625
1361392930.079,6.503378378378379
1361392930.138,129.03225806451613
1361392930.328,89.28571428571429
1361392930.519,237.2159090909091
1361392930.645,39.8936170212766
1361392926.976,65.21739130434783
1361392926.975,234.375
1361392927.227,20.20118733509235
1361392927.29,51.724137931034484
1361392927.354,214.84375
1361392927.353,48.986486486486484
1361392927.542,6.154092071611253
1361392927.605,223.59913793103448
1361392927.669,5078.125
1361392927.794,364.95535714285717
1361392927.858,79.6875
1361392928.083,173.07692307692307
1361392928.209,280.5059523809524
1361392928.526,20.029105392156865
1361392928.653,5.098187311178248
1361392928.906,536.3372093023255
1361392929.16,61.141304347826086
1361392929.327,111.1111111111111
1361392929.453,148.8715277777778
1361392930.017,500.0
1361392930.335,1500.0
1361392930.399,168.13858695652172
1361392942.285,56.03448275862069
1361392942.349,50.78125
1361392942.349,13.429752066115704
1361392927.013,89.6640435835351
1361392948.898,414.7727272727273
1361392954.786,459.82142857142856
1361392949.15,331.25
1361392949.401,89.28571428571429
1361392951.574,229.91071428571428
1361392951.638,144.76102941176472
1361392955.413,363.28125
1361392955.476,357.14285714285717
1361392955.475,357.14285714285717
1361392955.665,175.0
1361392955.791,250.0
1361392955.832,250.0
1361392952.246,185.546875
1361392952.814,208.33333333333334
1361392950.381,203.125
1361392948.329,143.22916666666666
1361392953.318,833.3333333333334
1361392953.444,424.10714285714283
1361392954.379,355.46875
1361392954.507,277.77777777777777
1361392950.981,223.55769230769232
1361392955.138,415.17857142857144
1361392951.297,193.75
1361392955.365,348.2142857142857
1361392935.717,12.852822580645162
1361392951.713,113.63636363636363
1361392952.158,162.5
1361392952.283,234.375
1361392950.105,312.5
1361392952.536,321.875
1361392952.596,277.77777777777777
1361392952.279,193.75
1361392950.23,363.28125
1361392950.59,161.45833333333334
1361392953.467,321.875
1361392948.41,348.2142857142857
1361392954.101,221.5909090909091
1361392954.292,292.6136363636364
1361392933.13,16.611295681063122
1361392933.192,32.14285714285714
1361392931.33,6.6386010362694305
1361392931.803,6.6386010362694305
1361392934.037,214.28571428571428
1361392934.14,22.850975975975977
1361392932.281,40.51598837209303
1361392934.513,25.27173913043478
1361392932.778,39.8936170212766
1361392933.01,39.40217391304348
1361392931.149,6.743421052631579
1361392933.486,5.928853754940711
1361392933.989,24.394586894586894
1361392934.148,34.383954154727796
1361392934.019,236.60714285714286
1361392932.157,6.520356234096692
1361392934.331,4.3478260869565215
1361392932.345,6.57051282051282
1361392932.343,29.796511627906977
1361392935.09,1209.8214285714287
1361392935.153,18.58688186813187
1361392935.216,13.888888888888888
1361392936.264,12.223247232472325
1361392936.896,115.38461538461539
1361392936.832,18.25701871657754
1361392937.275,289.7727272727273
1361392937.38,16.360803324099724
1361392937.57,19.736842105263158
1361392937.694,23.200757575757574
1361392938.01,32.75923295454545
1361392938.2,26.709401709401707
1361392938.264,29.818059299191376
1361392938.261,19.660977859778598
1361392938.388,23.84641873278237
1361392935.411,14.631723716381419
1361392935.6,401.0416666666667
1361392935.663,32.727541371158395
1361392935.663,431.4516129032258
1361392936.022,18.200549450549453
1361392936.338,20.106589147286822
1361392936.527,29.074367088607595
1361392936.906,18.465909090909093
1361392937.033,18.8953488372093
1361392937.0,18.8953488372093
1361392937.131,19.345238095238095
1361392937.129,19.345238095238095
1361392937.509,12.482782369146005
1361392937.509,14.311974789915967
1361392938.202,20.757630813953487
1361392938.559,27.386675824175825
1361392938.493,19.642857142857142
1361392937.749,497.3958333333333
1361392938.436,31.598328025477706
1361392938.692,82.73121387283237
1361392938.003,107.05862533692722
1361392958.773,44.070512820512825
1361392962.863,214.84375
1361392959.089,52.083333333333336
1361392949.232,63.6867088607595
1361392959.152,76.171875
1361392959.341,55.443548387096776
1361392957.416,255.20833333333331
1361392959.845,90.8203125
1361392955.556,96.04357798165138
1361392949.9,194.7216386554622
1361392957.836,69.01041666666667
1361392956.042,178.57142857142858
1361392956.23,143.38235294117646
1361392958.021,39.314516129032256
1361392956.355,118.75
1361392961.154,147.05882352941177
1361392958.272,72.01086956521739
1361392958.526,59.45121951219512
1361392958.526,41.313559322033896
1361392958.397,62.5
1361392961.511,174.63235294117646
1361392962.273,227.27272727272725
1361392962.465,312.5
1361392962.528,348.2142857142857
1361392956.895,93.75
1361392956.958,147.83653846153845
1361392956.957,86.20689655172414
1361392958.94,101.15131578947368
1361392963.223,156.25
1361392959.486,81.25
1361392963.577,156.25
1361392960.373,138.88888888888889
1361392960.562,174.10714285714286
1361392961.171,178.57142857142858
1361392958.351,64.1025641025641
1361392956.749,132.54310344827584
1361392961.548,131.57894736842104
1361392961.548,138.88888888888889
1361392961.993,178.57142857142858
1361392962.183,78.62903225806451
1361392962.374,357.14285714285717
1361392962.565,804.6875
1361392938.897,28.746966019417478
1361392941.068,5.7251908396946565
1361392939.083,305.20833333333337
1361392941.384,6.6214470284237725
1361392941.509,19.541343669250647
1361392941.631,38.56382978723404
1361392939.559,2096.875
1361392939.805,63.30128205128205
1361392939.868,176.33928571428572
1361392942.358,34.198113207547166
1361392940.402,3.968253968253968
1361392940.718,9.622713414634147
1361392940.781,8.522727272727272
1361392940.78,33.75
1361392940.97,13.993146214099218
1361392938.793,16.33738601823708
1361392941.128,7.890625
1361392941.255,100.0
1361392939.268,7.886904761904762
1361392939.267,138.09121621621622
1361392941.442,6.604381443298969
1361392939.33,307.2916666666667
1361392939.392,32.55890052356021
1361392939.455,216.03260869565216
1361392939.626,13.201871657754012
1361392941.927,3.9164490861618795
1361392940.001,738.9112903225806
1361392940.097,15.828981723237597
1361392940.215,31.314834024896264
1361392940.278,10.08557457212714
1361392940.774,318.9429012345679
1361392943.031,21.680216802168022
1361392943.219,12.17480964467005
1361392943.219,20.534494535519126
1361392943.282,20.703125
1361392944.104,19.741501416430598
1361392944.273,21.929824561403507
1361392944.334,74.70703125
1361392944.461,13.004032258064516
1361392944.46,17.183288409703504
1361392944.649,375.0
1361392944.712,1500.0
1361392945.891,17.16549295774648
1361392945.954,55.989583333333336
1361392946.016,26.955409356725145
1361392946.08,21.90096952908587
1361392946.079,21.495664739884393
1361392946.332,15.306122448979592
1361392946.459,20.760793871866294
1361392946.522,25.323275862068964
1361392946.522,1802.0833333333333
1361392943.166,6.743421052631579
1361392943.609,21.563342318059302
1361392944.286,12.248743718592964
1361392944.412,1500.0
1361392944.54,10.06711409395973
1361392944.848,15.161350148367951
1361392945.041,391.25
1361392945.104,168.87019230769232
1361392945.421,471.51360544217687
1361392946.531,15.23653314917127
1361392946.598,21.993885869565215
1361392944.087,28.799019607843135
1361392967.022,363.28125
1361392965.101,609.375
1361392967.148,1250.0
1361392965.226,363.28125
1361392971.238,625.0
1361392967.844,357.14285714285717
1361392959.844,8.636934673366833
1361392968.262,269.8863636363636
1361392966.018,500.0
1361392966.27,1072.9166666666667
1361392966.521,2125.0
1361392966.456,1398.4375
1361392969.016,833.3333333333334
1361392969.207,2968.75
1361392964.534,193.57638888888889
1361392964.534,78.125
1361392966.581,245.53571428571428
1361392964.642,61.342592592592595
1361392964.769,63.70192307692307
1361392964.763,59.151785714285715
1361392965.199,833.3333333333334
1361392967.543,242.1875
1361392968.049,599.3303571428571
1361392965.68,487.5
1361392968.491,232.95454545454544
1361392966.42,390.625
1361392968.977,833.3333333333334
1361392969.61,500.0
1361392950.84,510.41666666666663
1361392949.294,48.24420103092784
1361392949.544,16.283356741573034
1361392947.368,828.125
1361392949.607,70.45236572890026
1361392949.708,520.0892857142857
1361392949.708,320.83333333333337
1361392947.527,7.077205882352941
1361392949.707,9.232954545454547
1361392947.531,19.36619718309859
1361392947.53,15.894396551724137
1361392949.955,49.76851851851852
1361392949.951,50.86436170212766
1361392947.84,750.0
1361392950.316,139.7058823529412
1361392950.752,26.760057471264368
1361392948.638,192.52232142857142
1361392948.637,23.4375
1361392946.842,250.0
1361392946.876,4.398826979472141
1361392947.061,20.54732658959538
1361392947.119,5.232558139534883
1361392949.549,345.703125
1361392947.474,250.0
1361392949.713,19.411559888579387
1361392947.66,20.116707616707618
1361392949.964,19.50354609929078
1361392947.719,187.5
1361392947.787,116.88701923076923
1361392950.15,19.00337837837838
1361392947.909,34.9740932642487
1361392950.274,24.805790960451976
1361392950.69,141.27604166666666
1361392948.385,17.655835543766578
1361392948.766,50.70754716981132
1361392950.761,176.01102941176472
1361392972.198,237.5
1361392951.565,14.71977329974811
1361392951.755,22.197420634920636
1361392951.754,320.8705357142857
1361392951.753,13.782248157248157
1361392951.923,19.2578125
1361392952.615,89.98842592592592
1361392952.805,13.36236338797814
1361392953.058,14.456371191135736
1361392953.121,38.55846774193549
1361392954.499,21.97265625
1361392954.498,6.4655172413793105
1361392954.465,17.078488372093023
1361392951.19,10.205696202531646
1361392951.443,28.80586592178771
1361392952.054,381.9444444444444
1361392952.053,434.5703125
1361392952.369,423.2954545454545
1361392952.495,21.379249291784703
1361392952.558,23.012907608695652
1361392952.364,10.472520107238607
1361392952.874,22.388059701492537
1361392953.354,27.020027624309392
1361392953.48,6.355932203389831
1361392953.798,17.763157894736842
1361392953.603,54.8469387755102
1361392954.177,15.172101449275361
1361392954.469,21.89290830945559
1361392954.337,85.37946428571429
1361392953.383,18.626412429378533
1361392953.891,17.68092105263158
1361392951.184,71.26623376623377
1361392951.755,15.494246861924687
1361392954.287,13.247282608695652
1361392954.334,17.426273458445042
1361392673.548,99989.1581632653
1361392972.878,73.52941176470588
1361392974.923,169.11764705882354
1361392974.923,147.05882352941177
1361392974.923,169.11764705882354
1361392972.938,71.42857142857143
1361392974.985,591.25
1361392973.0,76.171875
1361392975.175,156.25
1361392975.171,189.33823529411765
1361392971.014,10173.585766423357
1361392971.014,11117.01388888889
1361392973.254,89.28571428571429
1361392975.301,166.66666666666666
1361392975.428,131.57894736842104
1361392975.428,156.25
1361392973.375,100.0
1361392975.487,220.48611111111111
1361392975.681,174.10714285714286
1361392975.742,192.30769230769232
1361392971.616,131.57894736842104
1361392973.92,62.5
1361392974.048,138.88888888888889
1361392974.046,147.05882352941177
1361392971.866,4647.078804347826
1361392976.665,312.5
1361392971.864,3956.33761682243
1361392971.864,5752.032520325203
1361392972.056,75.75757575757576
1361392971.927,54.34782608695652
1361392972.117,78.125
1361392972.245,81.25
1361392972.351,86.20689655172414
1361392977.085,357.14285714285717
1361392972.285,86.20689655172414
1361392977.404,221.5909090909091
1361392977.974,327.5862068965517
1361392978.228,224.4318181818182
1361392978.674,125.0
1361392978.737,131.57894736842104
1361392978.987,131.57894736842104
1361392973.388,66.10576923076923
1361392971.277,663.6679292929293
1361392975.628,208.33333333333334
1361392971.402,63.70192307692307
1361392960.389,8.814102564102564
1361392973.828,131.57894736842104
1361392971.761,3910.7768691588785
1361392971.761,2919.9766355140187
1361392971.76,14675.232438016528
1361392971.824,404.4976635514019
1361392976.556,1194.7115384615386
1361392972.074,78.125
1361392976.936,879.4642857142857
1361392976.935,3022.9166666666665
1361392976.934,956.0546875
1361392977.568,147.05882352941177
1361392977.888,316.66666666666663
1361392977.921,225.44642857142858
1361392977.985,197.91666666666666
1361392957.083,240.3846153846154
1361392954.966,87.79761904761904
1361392955.089,10.142543859649123
1361392957.391,15.042979942693409
1361392955.564,12.268518518518519
1361392957.61,11.029411764705882
1361392957.61,85.22727272727272
1361392957.61,109.375
1361392957.733,39.0625
1361392955.999,196.69117647058823
1361392958.213,80.24640992167102
1361392958.273,204.12234042553192
1361392956.605,9.09090909090909
1361392958.458,100.5859375
1361392956.963,19.339139344262293
1361392954.849,17.19122911694511
1361392955.222,17.045454545454543
1361392955.448,300.0
1361392957.494,552.0833333333334
1361392955.758,301.1363636363636
1361392957.866,273.06547619047615
1361392957.862,104.16666666666667
1361392958.28,134.52743902439025
1361392958.471,38.55846774193549
1361392956.613,91.66666666666666
1361392957.851,9.14280185758514
1361392958.857,30.595751231527093
1361392959.045,36.61380597014925
1361392959.802,17.59231234866828
1361392960.288,13.65681233933162
1361392960.603,4.16143216080402
1361392960.727,21.040013227513228
1361392961.345,21.731805929919137
1361392962.293,19.642857142857142
1361392962.164,472.0982142857143
1361392962.227,24.356617647058822
1361392962.482,257.5
1361392958.803,30.08078231292517
1361392958.992,89.34294871794872
1361392959.56,66.11689814814815
1361392959.56,11.331106870229007
1361392959.688,19.18963878326996
1361392960.005,1677.0833333333333
1361392960.106,17.647058823529413
1361392960.421,48.52843915343916
1361392961.111,26.10518292682927
1361392961.471,19.30628272251309
1361392961.599,20.5078125
1361392961.847,610.3515625
1361392961.912,125.0
1361392962.166,21.399456521739133
1361392962.351,414.7727272727273
1361392962.226,233.69565217391306
1361392962.226,150.5681818181818
1361392962.586,36.61070478723404
1361392959.431,228.86029411764704
1361392971.014,4218.9756317689535
1361392983.761,110.99137931034484
1361392979.729,189.33823529411765
1361392982.092,89.28571428571429
1361392984.137,53.191489361702125
1361392984.327,51.7578125
1361392984.516,55.55555555555555
1361392977.019,1078.125
1361392985.129,56.81818181818181
1361392985.445,118.30357142857143
1361392978.397,353.3041401273885
1361392986.589,55.28846153846153
1361392980.89,104.16666666666667
1361392986.714,146.3068181818182
1361392970.776,1206.25
1361392986.902,113.63636363636363
1361392970.901,1063.5302197802198
1361392983.292,92.59259259259258
1361392981.623,75.75757575757576
1361392987.445,152.96052631578945
1361392981.937,78.125
1361392987.696,178.57142857142858
1361392971.799,42.109073359073356
1361392979.926,125.0
1361392982.291,71.42857142857143
1361392984.592,67.60204081632654
1361392982.478,78.125
1361392980.429,90.27777777777777
1361392988.301,359.375
1361392985.036,56.6860465116279
1361392985.353,74.85465116279069
1361392986.352,125.0
1361392962.876,4.559270516717325
1361392965.052,75.1953125
1361392963.063,18.054724880382775
1361392963.062,5015.931372549019
1361392965.486,25.890261627906977
1361392965.422,9.66225626740947
1361392963.435,4.0298053527980535
1361392965.588,812.5
1361392963.539,4.335260115606936
1361392963.662,12.981965174129353
1361392963.722,84.63541666666667
1361392965.96,54.8469387755102
1361392966.085,9.996397694524497
1361392963.909,4.3478260869565215
1361392966.143,76.70454545454545
1361392964.033,20.671834625322997
1361392964.578,35.53921568627451
1361392964.763,65.25735294117648
1361392964.83,113.87310606060606
1361392964.936,173.35390946502056
1361392962.948,167.7753712871287
1361392962.948,8558.467741935485
1361392965.059,24.867957746478876
1361392963.009,83.40992647058823
1361392963.009,19.50354609929078
1361392963.196,9.094551282051283
1361392965.434,109756.25
1361392965.56,20.647321428571427
1361392965.724,16.895325203252032
1361392963.607,26.89125295508274
1361392963.732,26.957831325301203
1361392965.843,18.04748062015504
1361392964.209,240.625
1361392964.08,6.872406639004149
1361392964.143,150.0
1361392966.439,1671.2816455696202
1361392964.522,57.69230769230769
1361392964.521,42.5531914893617
1361392964.585,21.712158808933
1361392963.411,7.614213197969543
1361392964.924,73593.75
1361392965.179,23812.5
1361392965.306,782.3695482866043
1361392966.194,31690.625
1361392966.194,5367.1875
1361392965.129,54041.36029411764
1361392966.147,7320.3125
1361392966.145,13476.5625
1361392964.431,18.465909090909093
1361392966.944,4.398826979472141
1361392966.944,4.310344827586206
1361392967.26,19.693047337278106
1361392967.26,37.87076271186441
1361392967.319,18.80787037037037
1361392967.638,10215.625
1361392967.638,22.135416666666668
1361392967.638,9901.041666666666
1361392967.638,15302.083333333334
1361392967.701,11523.4375
1361392967.701,8680.80357142857
1361392967.701,25195.3125
1361392967.701,45631.69642857143
1361392968.081,98.05253623188406
1361392968.249,29.93376358695652
1361392968.373,11.11111111111111
1361392969.004,6.559766763848397
1361392969.806,243.86160714285714
1361392970.06,77.11693548387098
1361392970.312,22.194602272727273
1361392970.375,77.11693548387098
1361392970.69,5.1020408163265305
1361392966.898,14.671750663129973
1361392967.463,4.518072289156627
1361392967.527,22218.75
1361392967.59,29359.375
1361392967.59,8261.160714285714
1361392967.59,8603.515625
1361392967.526,11340.625
1361392967.59,15781.25
1361392967.526,8098.958333333334
1361392967.59,9291.666666666666
1361392967.59,3906.25
1361392967.589,16531.25
1361392967.589,16164.0625
1361392967.589,7548.828125
1361392967.589,12187.5
1361392967.589,8337.890625
1361392968.096,118.30357142857143
1361392968.159,75.0
1361392968.762,10.161042944785276
1361392969.014,30.199579831932773
1361392969.077,20.39565826330532
1361392969.457,32.981049562682216
1361392969.265,16.470797720797723
1361392970.444,854.1666666666666
1361392970.444,17.77859237536657
1361392968.78,67484.375
1361392970.418,54.05667701863354
1361392994.635,357.14285714285717
1361392990.855,290.625
1361392991.044,147.05882352941177
1361392991.234,227.27272727272725
1361392994.945,2453.125
1361392989.12,302.5173611111111
1361392989.184,708.9285714285714
1361392989.184,296.875
1361392989.183,100.2155172413793
1361392989.246,93.75
1361392991.614,152.96052631578945
1361392989.373,100.0
1361392989.606,96.15384615384616
1361392989.606,111.77884615384616
1361392995.557,304.6875
1361392989.921,131.57894736842104
1361392992.481,363.28125
1361392990.043,64.14473684210527
1361392989.982,153.27380952380955
1361392982.109,207.66843971631204
1361392992.86,500.0
1361392988.059,132.10227272727275
1361392987.991,181.640625
1361392988.185,264.2045454545455
1361392988.16,77.7439024390244
1361392993.279,181.640625
1361392993.47,247.39583333333334
1361392988.286,110.41666666666666
1361392996.283,625.0
1361392990.64,232.67045454545453
1361392988.779,104.16666666666667
1361392988.846,132.10227272727275
1361392990.956,250.0
1361392989.013,147.83653846153845
1361392970.773,277.16958598726114
1361392994.837,1398.4375
1361392991.061,229.91071428571428
1361392989.076,1742.857142857143
1361392989.012,860.7142857142858
1361392991.251,221.5909090909091
1361392991.441,228.3653846153846
1361392989.2,100.2155172413793
1361392989.2,66.10576923076923
1361392989.2,126.35869565217392
1361392989.327,100.2155172413793
1361392973.39,10.543313069908816
1361392992.2,270.8333333333333
1361392992.365,290.625
1361392990.244,197.91666666666666
1361392976.674,448.71596534653463
1361392988.001,181.640625
1361392976.673,264.1666666666667
1361392993.246,192.30769230769232
1361392993.693,250.0
1361392988.445,226.10294117647058
1361392988.375,161.45833333333334
1361392973.062,18.99671052631579
1361392973.373,13.44671581769437
1361392971.382,12.156834112149532
1361392971.42,557.2916666666666
1361392971.603,16.245347394540943
1361392974.034,307.5657894736842
1361392974.222,356.7708333333333
1361392974.279,35.1349043715847
1361392971.895,159.92647058823528
1361392972.017,233.64825581395348
1361392972.267,52.821828358208954
1361392972.206,196.2890625
1361392972.46,19.50354609929078
1361392972.739,26.713709677419356
1361392970.941,22.880936675461744
1361392973.366,142.5
1361392973.407,14.822635135135135
1361392971.292,3.778337531486146
1361392971.602,33.93817204301075
1361392974.031,322.0486111111111
1361392971.663,15.396897810218979
1361392971.835,15254.807692307691
1361392974.202,19.07894736842105
1361392974.39,222.62105855855856
1361392972.086,166.07142857142856
1361392972.209,26.122291021671828
1361392972.682,271.38157894736844
1361392970.804,11550.34722222222
1361392971.275,115.96820809248555
1361392973.804,241.07142857142858
1361392974.875,35.714285714285715
1361392974.875,39.8936170212766
1361392975.0,4.44034852546917
1361392975.127,5.859375
1361392975.251,17.034151193633953
1361392975.568,20.806135770234988
1361392975.756,312.5
1361392975.946,26.254251700680275
1361392976.01,13.073979591836736
1361392976.37,375.0
1361392976.871,750.0
1361392977.798,11.884973404255318
1361392977.859,1162.6838235294117
1361392978.177,19.050802139037433
1361392978.364,11.46941489361702
1361392978.428,657.3275862068966
1361392974.88,176.5625
1361392975.006,4.310344827586206
1361392975.069,5.294117647058823
1361392975.132,30.0
1361392975.321,11.058981233243967
1361392975.384,12566.40625
1361392975.447,63.866725768321515
1361392975.443,18.75835561497326
1361392975.637,4.424778761061947
1361392976.162,11.019283746556475
1361392976.352,67.96875
1361392976.73,74.70703125
1361392976.983,16.09729219143577
1361392977.173,24.19051204819277
1361392977.488,13.411827195467422
1361392977.804,14.269986449864499
1361392977.804,4.398826979472141
1361392977.996,16.711229946524064
1361392976.831,24157.274590163932
1361392975.331,5.319148936170213
1361392976.782,10530.048076923076
1361392978.614,1418.8344594594596
1361393002.768,208.33333333333334
1361392997.262,212.05357142857142
1361392999.18,371.09375
1361392997.514,125.0
1361392999.433,357.14285714285717
1361392999.369,207.58928571428572
1361392997.766,126.35869565217392
1361392997.766,97.5
1361392999.877,357.14285714285717
1361392997.993,181.640625
1361392998.057,193.75
1361392998.245,212.05357142857142
1361393003.621,242.1875
1361392998.243,223.55769230769232
1361393003.746,296.875
1361393000.672,131.57894736842104
1361392980.192,10.575457317073171
1361393000.671,178.81944444444446
1361393000.798,152.34375
1361393000.99,207.58928571428572
1361393001.053,227.27272727272725
1361392996.122,192.30769230769232
1361393001.626,416.6666666666667
1361393001.986,227.27272727272725
1361392998.524,243.75
1361392998.583,357.14285714285717
1361393002.616,223.55769230769232
1361393002.616,229.91071428571428
1361392998.835,193.75
1361392998.839,416.6666666666667
1361392999.028,277.77777777777777
1361392999.154,223.55769230769232
1361392999.513,484.375
1361392999.513,989.5833333333334
1361392997.718,156.25
1361393000.081,143.38235294117646
1361392998.031,170.9558823529412
1361392984.242,1034.3440594059405
1361393000.562,135.41666666666666
1361392980.081,5.0495426829268295
1361393001.197,312.5
1361393001.833,223.55769230769232
1361393001.896,207.58928571428572
1361392996.647,625.0
1361393002.149,220.48611111111111
1361392981.056,6.446991404011461
1361392981.116,194.29347826086956
1361392979.067,7804.647435897436
1361392979.065,18.73342175066313
1361392981.176,3727.594339622641
1361392979.19,300.78125
1361392981.301,104.31985294117648
1361392981.488,122.33126721763085
1361392979.537,17.87435732647815
1361392982.15,1625.0
1361392982.338,182.72569444444446
1361392982.145,190.4296875
1361392980.456,39.8936170212766
1361392982.567,93.75
1361392980.98,1453.0101102941178
1361392979.408,281.25
1361392979.339,162.29838709677418
1361392981.706,30.64903846153846
1361392979.529,19.893899204244033
1361392979.656,17.68092105263158
1361392979.654,75.0
1361392982.016,167.96875
1361392979.947,232.14285714285714
1361392980.069,22.34228971962617
1361392982.436,95.4861111111111
1361392979.11,14.580431754874652
1361392979.11,28.247330960854093
1361392981.9,108.33333333333334
1361392983.105,37.94642857142857
1361392983.292,250.0
1361392983.545,18.720167064439142
1361392983.919,234.375
1361392983.964,115.38461538461539
1361392984.027,13.331778606965173
1361392984.026,66.25
1361392984.153,4.0431266846361185
1361392984.53,687.5
1361392984.593,361.7527173913043
1361392984.845,14.879082914572864
1361392985.269,14.901992287917738
1361392985.585,13.041338582677165
1361392986.153,46.07664233576642
1361392983.235,16.109785202863964
1361392983.493,22.381756756756758
1361392983.492,15.510110294117647
1361392983.681,282.6704545454545
1361392984.157,13.052825552825553
1361392984.473,350.2038043478261
1361392984.598,26.31578947368421
1361392985.212,18.93815445026178
1361392985.4,201.38888888888889
1361392985.655,147.68145161290323
1361392984.745,54.16666666666667
1361393006.969,52.57936507936508
1361393006.969,25.87890625
1361393007.158,53.42741935483871
1361393007.222,53.42741935483871
1361393003.409,214.08582089552237
1361393005.713,36.93181818181819
1361393008.207,113.63636363636363
1361393006.026,68.63839285714286
1361393008.522,243.75
1361393006.09,61.29807692307692
1361393004.16,69.44444444444444
1361393004.268,67.56756756756756
1361393004.707,38.970588235294116
1361393004.707,48.713235294117645
1361393009.893,146.13970588235296
1361393009.893,73.86363636363637
1361393004.833,81.78191489361703
1361393006.877,26.85546875
1361393007.003,54.303278688524586
1361393007.484,78.125
1361393008.427,208.33333333333334
1361393008.98,226.10294117647058
1361393009.107,131.57894736842104
1361393009.55,80.64516129032258
1361393009.803,71.42857142857143
1361392986.888,9.693287037037036
1361392986.883,105.26315789473684
1361392989.061,78.86904761904762
1361392989.06,36.38814016172507
1361392989.184,93.18621134020619
1361392989.246,19.998301630434785
1361392989.307,338.7096774193548
1361392989.536,47.49381188118812
1361392989.536,31.169871794871796
1361392989.659,28.57257033248082
1361392987.611,24.811126373626372
1361392989.72,20.153394255874673
1361392989.846,222.65625
1361392989.781,36.5390826873385
1361392989.969,34.673002577319586
1361392989.905,139.11290322580643
1361392988.087,7.120253164556962
1361392990.394,291.40625
1361392990.391,19.675925925925927
1361392988.279,10.659246575342465
1361392988.278,10.972612359550563
1361392988.404,4.132231404958678
1361392988.466,359.375
1361392988.561,232.5
1361392986.763,20.642201834862387
1361392986.825,500.0
1361392986.888,56.441326530612244
1361392986.883,1083.3333333333333
1361392986.95,14.823717948717949
1361392986.948,22.902397260273975
1361392987.074,125.0
1361392989.478,18.785112359550563
1361392989.662,13.37532722513089
1361392989.953,28.409090909090907
1361392990.139,149.4140625
1361392990.139,36.40379581151833
1361392990.135,288.69047619047615
1361392990.265,29.6875
1361392990.39,37.90983606557377
1361392988.211,571.1805555555555
1361392988.318,103.65853658536585
1361392988.317,16.799812030075188
1361392988.44,18.261002444987774
1361392988.439,6.665512465373961
1361392988.499,5.514705882352941
1361392988.563,18.034825870646767
1361392990.832,5.827702702702703
1361392990.658,6.587837837837839
1361393008.093,429.6875
1361393004.559,82.96460176991151
1361392990.889,11.867088607594937
1361392990.953,27.916666666666664
1361392991.141,24.720149253731343
1361392991.33,25.547445255474454
1361392991.393,28.7534435261708
1361392991.52,16.011332417582416
1361392992.251,20.206151832460733
1361392992.824,181.25
1361392992.887,31.047077922077925
1361392992.95,8.413461538461538
1361392993.076,12.553418803418804
1361392993.456,129.52302631578945
1361392993.564,226.2228260869565
1361392993.691,6.6214470284237725
1361392994.447,13.541666666666668
1361392994.382,1516.6666666666665
1361392994.574,4.385964912280701
1361392994.445,461.6477272727273
1361392990.794,31.00132625994695
1361392990.904,22.594105113636363
1361392991.154,16.31752077562327
1361392991.597,4.335260115606936
1361392991.914,32.21347184986595
1361392993.087,4.385964912280701
1361392993.086,17.5046992481203
1361392993.086,16.38392857142857
1361392993.594,39.45096685082873
1361392993.721,11.740572625698324
1361392993.721,30.917553191489365
1361392993.847,18.186475409836063
1361392993.632,103.515625
1361392994.075,16.488259668508288
1361392990.952,6.081081081081082
1361392992.294,19795.731707317074
1361392992.544,384.5486111111111
1361392991.225,4722.436797752809
1361392993.95,31834.099264705885
1361393012.972,75.2840909090909
1361393018.663,1250.0
1361393010.666,67.60204081632654
1361393014.888,131.57894736842104
1361393013.221,128.28947368421055
1361393015.332,833.3333333333334
1361393011.104,67.05729166666667
1361393013.536,152.96052631578945
1361393019.583,357.6388888888889
1361393019.583,208.33333333333334
1361393013.823,296.875
1361393016.257,1250.0
1361393019.707,193.75
1361393019.774,357.14285714285717
1361393019.901,643.75
1361393020.277,245.53571428571428
1361393020.213,236.60714285714286
1361393012.149,80.72916666666667
1361393014.364,357.14285714285717
1361393010.194,93.75
1361393010.322,74.65277777777777
1361393018.764,196.02272727272725
1361393010.698,67.60204081632654
1361393010.927,60.22727272727273
1361393019.309,187.5
1361393015.915,742.1875
1361393015.915,1164.0625
1361393011.37,59.52380952380952
1361393016.104,833.3333333333334
1361393019.624,312.5
1361393019.624,312.5
1361393011.555,62.5
1361393016.294,1250.0
1361393013.901,277.77777777777777
1361393016.589,625.0
1361393016.651,312.5
1361393012.291,75.75757575757576
1361393017.471,500.0
1361393017.726,357.14285714285717
1361392995.287,106117.1875
1361392998.003,33.24558423913043
1361392998.315,17.061781609195403
1361392996.298,4.838709677419355
1361392997.701,72.44318181818183
1361392997.952,78.94736842105263
1361392998.015,22.45582460732984
1361392998.076,22.083333333333332
1361392998.201,4.322766570605188
1361392998.49,4546.875
1361392996.303,459.13461538461536
1361392996.242,9.615384615384617
1361392996.496,601.5625
1361392996.938,17.049262734584453
1361392997.444,356.84121621621625
1361392997.634,22.520539906103284
1361392998.261,19.145256916996047
1361392999.007,33.988402061855666
1361392999.262,20.33514492753623
1361392999.452,27.392947103274558
1361392999.388,20.907315340909093
1361392999.641,33.79564606741573
1361392999.893,17.863412921348317
1361393000.019,150.5681818181818
1361393000.189,24.44484240687679
1361393000.251,18.954297820823246
1361393000.377,187.5
1361393000.503,18.222070844686648
1361393000.629,107.14285714285714
1361393000.943,20.35472972972973
1361393001.07,28.178418803418804
1361393001.133,16.958333333333332
1361393002.005,15.757042253521126
1361393002.447,22.996115819209038
1361392998.956,13.767482517482518
1361392998.956,4.464285714285714
1361392999.397,15.884695290858726
1361392999.522,150.5681818181818
1361392999.649,14.621159217877095
1361392999.838,15.804083094555873
1361393000.381,15.101256983240225
1361393000.381,72.01086956521739
1361393000.445,16.43392370572207
1361393000.949,22.214854111405835
1361393001.265,13.277202072538861
1361393001.327,813.8020833333334
1361393001.56,245.06578947368422
1361393001.813,41.40625
1361393001.813,19.53125
1361393001.876,544.921875
1361393001.939,437.5
1361393002.256,375.0
1361393002.445,64.9171270718232
1361393002.444,31.116832386363637
1361392998.937,923.6584987593052
1361393023.777,833.3333333333334
1361393023.882,500.0
1361393027.715,312.5
1361393024.576,86.20689655172414
1361393027.901,459.82142857142856
1361393025.379,96.15384615384616
1361393025.761,125.0
1361393025.825,125.0
1361393026.334,178.57142857142858
1361393020.891,329.8611111111111
1361393012.89,7.282838983050847
1361393021.017,208.33333333333334
1361393021.016,250.0
1361393023.119,812.5
1361393021.583,243.75
1361393023.351,625.0
1361393021.688,329.8611111111111
1361393021.877,500.0
1361393027.882,343.75
1361393024.787,67.56756756756756
1361393028.112,572.9166666666666
1361393028.303,343.75
1361393020.683,223.55769230769232
1361393025.673,90.46052631578948
1361393026.373,193.75
1361393002.866,750.0
1361393003.051,293.2692307692308
1361393005.668,28.30188679245283
1361393003.422,396.7013888888889
1361393005.794,86.71875
1361393003.398,271.875
1361393006.018,217.1474358974359
1361393003.773,195.04310344827584
1361393006.267,200.0
1361393006.393,40.76086956521739
1361393006.435,34.198113207547166
1361393004.065,142.95212765957447
1361393004.377,10.089686098654708
1361393004.498,176.2152777777778
1361393004.628,10.569852941176471
1361393004.986,24.174528301886795
1361393005.176,24.174528301886795
1361393002.807,326.5625
1361393003.117,16.474184782608695
1361393005.612,135.19021739130434
1361393003.401,407.9861111111111
1361393003.647,35.21386430678466
1361393003.938,502.84090909090907
1361393004.0,6.428571428571429
1361393004.929,6.587403598971722
1361393004.929,24.404761904761905
1361393004.187,72.13075447570333
1361393003.12,237.66210374639772
1361393024.737,195.4627403846154
1361393031.502,2692.7083333333335
1361393010.438,12.735109717868339
1361393008.502,8.875739644970414
1361393008.881,459.6354166666667
1361393008.879,40.70216049382716
1361393009.069,30.612244897959183
1361393009.319,83.33333333333333
1361393009.55,367.5986842105263
1361393009.863,203.125
1361393010.053,212.59469696969697
1361393010.432,62.33552631578947
1361393007.201,34.198113207547166
1361393007.706,500.0
1361393007.831,34.85576923076923
1361393008.064,13.633144475920679
1361393008.761,147.65625
1361393009.013,340.25735294117646
1361393009.077,253.28947368421052
1361393009.374,83.40669014084507
1361393009.501,108.64825581395348
1361393009.813,104.98046875
1361393009.876,78.59848484848484
1361393010.129,50.0
1361393010.384,174.7159090909091
1361393010.319,26.31578947368421
1361393010.573,115.79241071428571
1361393007.398,62.70722811671088
1361393007.412,34.037863070539416
1361393028.913,487.5
1361393030.702,833.3333333333334
1361393030.954,2437.5
1361393029.161,416.6666666666667
1361393029.222,190.9722222222222
1361393034.918,277.77777777777777
1361393034.917,290.625
1361393029.285,277.77777777777777
1361393029.283,270.8333333333333
1361393029.7,108.69565217391305
1361393031.995,989.5833333333334
1361393032.25,2500.0
1361393035.833,2500.0
1361393030.072,207.03125
1361393032.375,2000.0
1361393032.375,1250.0
1361393036.084,487.5
1361393032.737,833.3333333333334
1361393028.445,190.9722222222222
1361393033.115,1250.0
1361393028.634,165.625
1361393036.506,833.3333333333334
1361393028.761,236.60714285714286
1361393033.941,625.0
1361393034.069,500.0
1361393022.484,84.89251592356688
1361393030.547,833.3333333333334
1361393018.577,24875.89285714286
1361393034.678,500.0
1361393029.043,214.84375
1361393031.277,812.5
1361393031.276,352.8645833333333
1361393035.427,192.30769230769232
1361393031.881,812.5
1361393032.133,2500.0
1361393036.03,609.375
1361393032.799,1218.75
1361393033.249,284.5982142857143
1361393033.376,833.3333333333334
1361393033.567,1718.75
1361393033.629,494.7916666666667
1361393033.821,166.66666666666666
1361393034.268,833.3333333333334
1361393010.821,15.815085158150852
1361393011.131,21.529562982005142
1361393013.624,160.71428571428572
1361393011.255,159.2167721518987
1361393011.38,3437.5
1361393011.38,66.66666666666667
1361393014.348,20.12434554973822
1361393014.635,122.47304582210243
1361393014.693,16.38308625336927
1361393013.626,9.375
1361393011.257,39.8936170212766
1361393013.75,100.0
1361393013.75,263.39285714285717
1361393011.38,31.914893617021274
1361393013.974,3043.7084717607972
1361393012.152,31.801470588235293
1361393012.464,46.875
1361393012.526,29.568385650224215
1361393014.343,10.775862068965518
1361393012.145,48.219086021505376
1361393014.93,14.270231213872831
1361393014.929,23.90988372093023
1361393014.993,12.208454810495626
1361393015.118,6.428571428571429
1361393015.18,17.80913978494624
1361393015.18,21.998937677053824
1361393015.307,12.195121951219512
1361393015.684,28.51159793814433
1361393016.36,22.340616045845273
1361393016.613,11.997767857142858
1361393017.056,37.760416666666664
1361393016.992,375.0
1361393017.055,11.71875
1361393017.119,16.0427807486631
1361393017.119,20.239637305699482
1361393018.168,13.775887573964496
1361393018.23,15.170784883720929
1361393018.613,40.90366242038217
1361393014.874,10.170118343195266
1361393015.0,10.140117994100295
1361393015.0,19.991438356164384
1361393015.0,34.756747159090914
1361393015.063,19.50354609929078
1361393015.126,15.125
1361393015.19,266.44736842105266
1361393015.125,21.121987951807228
1361393015.125,13.67694805194805
1361393015.251,14.027969613259668
1361393015.504,17.67723880597015
1361393015.567,15.335648148148149
1361393016.053,32.394366197183096
1361393016.432,21.837908011869434
1361393016.686,1885.4166666666667
1361393016.748,1044.2708333333333
1361393017.003,60.89331619537275
1361393017.191,45.572916666666664
1361393017.299,236.60714285714286
1361393016.166,56.0546875
1361393015.286,986.7788461538462
1361393016.746,114.74830316742081
1361393016.876,86.46271008403362
1361393043.148,328.125
1361393037.643,2437.5
1361393043.337,169.4078947368421
1361393039.732,968.75
1361393043.571,268.2291666666667
1361393039.921,609.375
1361393040.616,1250.0
1361393044.199,500.0
1361393040.87,2500.0
1361393041.802,56.6860465116279
1361393042.056,500.0
1361393044.615,1484.375
1361393042.684,581.25
1361393038.844,2968.75
1361393039.136,1250.0
1361393043.353,625.0
1361393037.848,500.0
1361393040.084,1250.0
1361393040.147,1218.75
1361393040.017,833.3333333333334
1361393038.352,1250.0
1361393040.08,347.65625
1361393043.894,833.3333333333334
1361393041.459,833.3333333333334
1361393041.713,416.6666666666667
1361393042.026,625.0
1361393042.028,593.75
1361393042.345,492.1875
1361393021.427,86.70343137254902
1361393021.426,15.579841040462428
1361393019.121,750.0
1361393019.245,17.420977011494255
1361393021.865,6.894699140401146
1361393021.969,348.4375
1361393022.029,1643.3823529411764
1361393022.28,18.785612535612536
1361393019.783,4.857038123167156
1361393019.907,165.625
1361393020.071,17.811588921282798
1361393020.194,20.439680232558143
1361393020.386,839.0625
1361393020.763,27.825342465753426
1361393020.953,14.332706766917292
1361393021.692,13.677285318559557
1361393021.628,21.280160857908847
1361393019.321,38.09931506849315
1361393021.816,57.180851063829785
1361393019.668,127.40384615384615
1361393022.349,6.41025641025641
1361393019.979,16.44306282722513
1361393020.271,4.310344827586206
1361393020.271,714.2857142857143
1361393020.587,12.067723342939482
1361393020.967,500.0
1361393020.013,16.927083333333332
1361393020.016,13.126586294416244
1361393021.288,567.4342105263158
1361393019.403,65.07838283828383
1361393023.377,501.73611111111114
1361393023.881,1769.53125
1361393024.237,36.04220360824742
1361393024.237,21.564327485380115
1361393024.553,250.0
1361393024.616,188.76869658119656
1361393024.869,20.587779156327546
1361393024.804,20.58217005076142
1361393024.993,13.803432642487047
1361393025.607,11.447192513368984
1361393025.731,121.97580645161291
1361393026.236,12.911184210526317
1361393026.593,20.48424932975871
1361393022.815,12832.5
1361393023.004,1500.0
1361393023.445,13.37976539589443
1361393023.572,20.271501457725947
1361393023.824,149.4140625
1361393023.824,714.2857142857143
1361393023.923,10.047468354430379
1361393024.552,812.5
1361393024.616,77.11693548387098
1361393024.674,240.625
1361393024.867,14.005829015544041
1361393024.931,17.897727272727273
1361393025.8,9.056788511749348
1361393026.179,34.64673913043478
1361393025.289,7.211538461538462
1361393025.178,18.88368983957219
1361393046.626,178.99816176470588
1361393050.656,147.05882352941177
1361393045.211,742.1875
1361393047.067,108.69565217391305
1361393047.32,139.94565217391306
1361393047.509,100.0
1361393047.634,104.16666666666667
1361393047.995,131.57894736842104
1361393043.766,108.69565217391305
1361393048.752,113.63636363636363
1361393049.07,134.765625
1361393049.07,134.765625
1361393049.07,145.38043478260872
1361393044.818,177.02414772727275
1361393049.94,179.6875
1361393044.881,414.0625
1361393044.943,625.0
1361393050.952,105.97826086956522
1361393047.974,67.85714285714285
1361393046.05,3218.75
1361393048.796,113.63636363636363
1361393049.215,138.88888888888889
1361393049.338,138.88888888888889
1361393027.049,750.0
1361393027.11,25.053116147308785
1361393027.235,15.847578347578349
1361393027.36,5.541871921182266
1361393029.6,27.873961218836566
1361393029.704,8.671465968586388
1361393029.704,6000.0
1361393029.765,4.3478260869565215
1361393027.651,125.0
1361393027.646,3.90625
1361393030.08,1425.78125
1361393028.126,26.785714285714285
1361393030.429,57.180851063829785
1361393030.613,192.4542682926829
1361393028.5,21.517857142857146
1361393029.233,59.151785714285715
1361393026.929,4.076086956521739
1361393029.294,14.233117816091955
1361393029.355,4.424778761061947
1361393029.417,38.26530612244898
1361393029.479,23.054755043227665
1361393029.538,393.75
1361393027.221,4.191080729166667
1361393029.774,207.03125
1361393027.406,59.72222222222223
1361393027.468,34.73081683168317
1361393027.468,28.23329207920792
1361393030.085,19.642857142857142
1361393030.084,24.65277777777778
1361393027.879,18.37426686217009
1361393030.241,22.03757225433526
1361393028.063,11.982092696629215
1361393028.377,14.700940860215054
1361393028.63,4.424778761061947
1361393047.079,178.41569767441862
1361393048.865,128.60576923076923
1361393054.53,3125.0
1361393034.805,72.01086956521739
1361393030.965,24.7134670487106
1361393030.9,15.581955922865014
1361393031.089,15.062326869806094
1361393031.721,18.153901734104046
1361393031.721,18.470149253731343
1361393031.848,20.321531791907514
1361393033.024,321.42857142857144
1361393033.339,26.85546875
1361393033.948,12.48254189944134
1361393034.074,21.756904069767444
1361393034.073,214.28571428571428
1361393030.842,32.62987012987013
1361393030.97,12.272923875432527
1361393031.221,18.75
1361393031.285,55.20833333333333
1361393032.533,18.89749262536873
1361393032.468,623.2638888888888
1361393032.596,20.174632352941178
1361393032.722,781.25
1361393032.594,22.38051470588235
1361393032.722,15.122441520467836
1361393032.72,15.04794034090909
1361393033.038,26.593839541547275
1361393033.291,12.15778097982709
1361393033.16,24.9725073313783
1361393033.322,23.161764705882355
1361393033.703,14.01831619537275
1361393033.893,18.44985875706215
1361393034.019,63.70192307692307
1361393034.588,20.390395894428153
1361393032.052,967.7008393285371
1361393054.519,1250.0
1361393053.358,110.19736842105263
1361393055.34,1218.75
1361393055.526,2437.5
1361393053.482,424.10714285714283
1361393055.821,609.375
1361393051.595,101.5625
1361393056.136,703.125
1361393056.264,1250.0
1361393051.784,76.171875
1361393059.778,833.3333333333334
1361393059.903,500.0
1361393059.839,1250.0
1361393059.965,625.0
1361393059.965,416.6666666666667
1361393057.02,1250.0
1361393060.092,250.0
1361393057.147,2500.0
1361393057.526,833.3333333333334
1361393057.594,859.375
1361393057.699,2500.0
1361393057.89,500.0
1361393054.493,833.3333333333334
1361393054.493,181.640625
1361393054.62,207.58928571428572
1361393054.746,1609.375
1361393054.809,2500.0
1361393055.251,304.6875
1361393055.553,625.0
1361393055.617,484.375
1361393051.328,123.79807692307693
1361393053.629,416.6666666666667
1361393051.515,104.16666666666667
1361393056.121,251.53688524590163
1361393054.008,53.42741935483871
1361393051.831,87.05357142857143
1361393051.958,83.33333333333333
1361393052.371,125.0
1361393060.112,363.28125
1361393052.559,147.05882352941177
1361393060.362,643.75
1361393037.483,54.8780487804878
1361393035.111,1101.5625
1361393037.67,207.03125
1361393037.667,21.25336021505376
1361393037.729,18.722667638483966
1361393037.793,4.545454545454545
1361393035.296,21.261867088607595
1361393035.359,20.145716292134832
1361393037.961,31.338028169014084
1361393035.401,30.26107594936709
1361393035.526,7.863562091503268
1361393038.273,14.903192934782608
1361393038.272,375.0
1361393035.839,19.46351156069364
1361393038.525,1726.9736842105262
1361393036.026,15.422077922077921
1361393036.06,4.531722054380665
1361393035.931,750.0
1361393036.059,750.0
1361393035.99,10.230654761904763
1361393038.68,7.772020725388601
1361393036.436,53.42741935483871
1361393036.366,11.282234957020057
1361393037.003,33.81728045325779
1361393037.066,24.490870786516854
1361393038.793,187.5
1361393037.166,19.394985465116278
1361393037.418,184.0277777777778
1361393037.938,22.503644314868804
1361393035.629,21.755162241887906
1361393035.629,375.0
1361393035.693,19.55331920903955
1361393035.817,20.478920118343193
1361393038.313,42.91044776119403
1361393038.503,19.178206997084548
1361393035.988,19.489247311827956
1361393036.113,1500.0
1361393036.113,18.702046035805626
1361393036.113,34.89313471502591
1361393036.112,22.594105113636363
1361393036.303,21.004865269461078
1361393036.429,3648.4375
1361393036.491,36.458333333333336
1361393036.678,17.567090395480225
1361393036.681,37.63204225352113
1361393036.87,141.7791193181818
1361393034.693,66.08252762430939
1361393036.572,898.4375
1361393038.926,29.360250737463126
1361393039.114,37.94642857142857
1361393039.303,19.63840399002494
1361393039.556,18.38235294117647
1361393039.617,22.374260355029584
1361393039.869,23.93018018018018
1361393040.251,6.578947368421052
1361393040.739,21.158854166666668
1361393040.8,74.70703125
1361393040.989,19.577205882352942
1361393041.661,250.0
1361393042.355,22.833094555873924
1361393042.474,16.875
1361393038.935,4.24929178470255
1361393039.25,14.705882352941176
1361393040.491,15.165441176470589
1361393041.606,640.625
1361393042.176,943.75
1361393042.362,20.742753623188406
1361393060.982,227.27272727272725
1361393062.581,28.645833333333332
1361393062.708,119.04761904761904
1361393062.707,141.96428571428572
1361393061.105,312.5
1361393066.863,214.84375
1361393063.022,128.28947368421055
1361393063.022,208.8815789473684
1361393066.989,184.0277777777778
1361393066.988,171.875
1361393067.051,312.5
1361393063.274,169.4078947368421
1361393063.27,145.3125
1361393063.464,131.57894736842104
1361393063.463,143.38235294117646
1361393061.796,277.77777777777777
1361393063.887,2500.0
1361393063.887,2500.0
1361393063.951,1218.75
1361393067.406,227.27272727272725
1361393064.013,322.9166666666667
1361393067.976,250.0
1361393068.103,473.9583333333333
1361393064.582,181.640625
1361393059.909,214.58333333333331
1361393065.155,1250.0
1361393065.089,625.0
1361393060.225,366.95075757575756
1361393065.536,416.6666666666667
1361393065.6,357.14285714285717
1361393060.774,421.3169642857143
1361393065.893,525.2403846153845
1361393066.403,416.6666666666667
1361393066.403,148.8715277777778
1361393066.403,232.73026315789474
1361393062.75,113.05147058823529
1361393062.812,182.9861111111111
1361393062.938,125.0
1361393066.841,277.77777777777777
1361393067.031,203.125
1361393063.382,180.39772727272725
1361393061.504,833.3333333333334
1361393063.678,152.96052631578945
1361393064.242,1250.0
1361393067.765,371.09375
1361393062.005,290.625
1361393062.258,500.0
1361393064.366,1609.375
1361393064.625,207.58928571428572
1361393068.079,500.0
1361393064.727,625.0
1361393064.79,581.25
1361393064.852,250.0
1361393064.916,726.5625
1361393060.115,259.0460526315789
1361393065.553,290.625
1361393065.615,484.375
1361393045.228,20.454545454545453
1361393045.536,12.059859154929576
1361393045.535,8.783783783783784
1361393043.459,31.47449712643678
1361393043.646,38.55846774193549
1361393043.772,13.888888888888888
1361393044.127,26.721014492753625
1361393046.62,1500.0
1361393044.252,1203.125
1361393044.504,166.66666666666666
1361393045.074,87.6937984496124
1361393043.049,15.925480769230768
1361393045.666,4.273504273504274
1361393045.669,4.178272980501393
1361393043.465,520.2205882352941
1361393045.96,50.86436170212766
1361393043.653,16.58724340175953
1361393043.776,337.2395833333333
1361393043.965,33.56481481481482
1361393046.397,8.292880258899677
1361393044.028,41.666666666666664
1361393044.091,77.11693548387098
1361393044.507,18.38497150997151
1361393044.506,23.744733146067414
1361393044.887,42.65873015873016
1361393044.964,10.416666666666666
1361393045.153,1263.9358108108108
1361393044.989,80.78457446808511
1361393045.108,7.74932614555256
1361393069.229,878.125
1361393047.086,6.23139880952381
1361393047.276,77.11693548387098
1361393047.402,59.475806451612904
1361393047.591,7.962740384615384
1361393047.718,12.839147286821706
1361393048.33,219.57236842105263
1361393046.934,619.4196428571429
1361393047.224,19.007731958762886
1361393047.792,18.04083541147132
1361393047.855,12.818567961165048
1361393048.655,554.6875
1361393049.288,174.10714285714286
1361393049.288,812.5
1361393049.414,54.81391585760518
1361393049.732,4.310344827586206
1361393050.148,150.5681818181818
1361393050.4,14.343584656084657
1361393050.333,89.15719696969697
1361393048.828,139.42307692307693
1361393070.622,207.58928571428572
1361393071.321,166.66666666666666
1361393075.032,290.625
1361393071.32,121.09375
1361393071.447,166.66666666666666
1361393075.347,277.77777777777777
1361393075.346,416.6666666666667
1361393075.575,203.125
1361393072.627,137.27678571428572
1361393076.079,331.25
1361393073.324,135.41666666666666
1361393068.588,214.84375
1361393073.574,192.30769230769232
1361393069.001,245.53571428571428
1361393070.981,250.0
1361393071.298,138.88888888888889
1361393075.137,312.5
1361393075.489,207.58928571428572
1361393071.969,135.41666666666666
1361393069.856,363.28125
1361393075.675,277.77777777777777
1361393070.234,166.66666666666666
1361393076.117,277.77777777777777
1361393068.18,206.3172043010753
1361393072.852,125.0
1361393068.372,221.5909090909091
1361393068.625,416.6666666666667
1361393076.413,500.0
1361393073.722,138.39285714285714
1361393073.718,170.9558823529412
1361393073.849,128.28947368421055
1361393073.913,178.81944444444446
1361393074.168,152.96052631578945
1361393066.359,195.3125
1361393074.231,201.171875
1361393050.968,107.14285714285714
1361393053.336,12.840757978723405
1361393050.967,4.398826979472141
1361393051.155,133.33333333333334
1361393051.217,74.36708860759494
1361393051.277,17.97084450402145
1361393051.402,63.988095238095234
1361393053.768,34.12256267409471
1361393053.744,19.021739130434785
1361393051.626,47.65625
1361393053.996,12.81081989247312
1361393053.996,108.51490825688073
1361393051.754,31.579815303430077
1361393054.058,149.4140625
1361393051.879,85.22727272727272
1361393054.183,6.332236842105263
1361393054.246,18.23654390934844
1361393051.941,155.04807692307693
1361393054.308,40.697674418604656
1361393052.004,17.691798941798943
1361393054.306,14.580431754874652
1361393054.35,33.56481481481482
1361393052.173,24.481951871657756
1361393054.413,21.22813411078717
1361393052.358,42.393410852713174
1361393052.546,29.574396782841823
1361393054.718,1500.0
1361393052.544,134.11458333333334
1361393052.794,14.97032122905028
1361393052.925,24.230647208121827
1361393052.924,57.180851063829785
1361393053.214,10.216346153846153
1361393051.032,43.009020618556704
1361393051.09,65.21739130434783
1361393051.385,46.875
1361393051.572,32.00808625336928
1361393051.572,30.745967741935484
1361393051.572,53.495065789473685
1361393051.507,22.344986807387862
1361393051.571,14.239532019704434
1361393051.57,12.843586387434556
1361393051.695,189.3939393939394
1361393053.871,328.125
1361393054.188,20.727962427745663
1361393054.054,61.07954545454545
1361393051.88,57.180851063829785
1361393051.942,134.27734375
1361393052.233,21.992554858934167
1361393052.423,21.85837765957447
1361393052.485,29.386856368563684
1361393052.675,77.11693548387098
1361393052.841,37.234042553191486
1361393052.968,51.97010869565218
1361393053.094,17.586032388663966
1361393053.339,12.988035264483628
1361393055.758,750.0
1361393055.76,17.392113095238095
1361393056.307,1645.8333333333333
1361393056.873,44.23476454293629
1361393057.484,12.445494186046512
1361393057.548,4.3604651162790695
1361393057.992,161.53846153846155
1361393057.864,14.787946428571429
1361393058.37,17.006478658536587
1361393055.698,10.322822822822822
1361393055.701,22.080838323353294
1361393056.428,19.921875
1361393056.871,19.176136363636363
1361393057.187,21.72707100591716
1361393057.291,11.845501474926253
1361393058.045,22.951977401129945
1361393058.358,18.758954154727796
1361393055.04,7.0638820638820645
1361393077.002,357.14285714285717
1361393082.886,593.75
1361393079.362,1285.4872881355932
1361393079.614,96.15384615384616
1361393079.847,143.0921052631579
1361393079.845,92.59259259259258
1361393083.557,357.14285714285717
1361393080.034,78.62903225806451
1361393078.102,833.3333333333334
1361393078.232,1250.0
1361393080.982,363.28125
1361393081.235,363.28125
1361393081.338,462.2395833333333
1361393076.41,360.32196969696975
1361393081.213,2500.0
1361393076.539,292.6136363636364
1361393076.665,625.0
1361393081.592,193.75
1361393081.719,487.5
1361393081.974,497.9166666666667
1361393082.547,269.8863636363636
1361393078.514,304.6875
1361393078.577,290.625
1361393082.673,104.16666666666667
1361393076.975,416.6666666666667
1361393077.099,312.5
1361393082.963,312.5
1361393077.262,3209.7039473684213
1361393083.022,357.14285714285717
1361393079.312,86.20689655172414
1361393083.215,357.14285714285717
1361393079.501,96.09375
1361393077.452,371.09375
1361393079.755,96.15384615384616
1361393083.467,192.1875
1361393077.89,329.8611111111111
1361393076.007,5163.541666666666
1361393084.515,625.0
1361393081.057,833.3333333333334
1361393076.512,416.6666666666667
1361393081.564,2968.75
1361393082.139,320.3125
1361393082.25,357.6388888888889
1361393061.138,85.22727272727272
1361393061.445,84.06549520766774
1361393059.266,421.875
1361393061.57,58.423913043478265
1361393061.737,24.65088555858311
1361393061.862,20.864520958083833
1361393061.987,16.767297650130548
1361393062.301,236.60714285714286
1361393062.361,12.5
1361393062.466,345.98214285714283
1361393059.97,22.695530726256983
1361393062.529,415.0
1361393060.471,207.03125
1361393061.202,6.6214470284237725
1361393058.961,1500.0
1361393061.804,19.50354609929078
1361393061.993,468.75
1361393059.623,18.60754985754986
1361393059.913,17.6727207977208
1361393059.912,406.25
1361393059.974,14.136904761904763
1361393060.037,15.32033426183844
1361393060.099,24.990862573099413
1361393060.097,22.731413994169095
1361393060.16,7.679180887372014
1361393059.532,19.456608280254777
1361393059.914,12.46279761904762
1361393061.057,83.22010869565217
1361393066.732,4.3604651162790695
1361393066.79,14.508928571428571
1361393062.95,31.25
1361393062.95,6.673177083333333
1361393063.139,6.6214470284237725
1361393063.139,57.180851063829785
1361393063.58,59.47970360824742
1361393063.941,20.320197044334975
1361393064.003,19.983308605341247
1361393064.446,75.2840909090909
1361393064.443,19.393382352941178
1361393064.699,12.78409090909091
1361393064.887,44.104916897506925
1361393064.927,20.308123249299722
1361393065.435,33.197592067988666
1361393065.435,29.369627507163322
1361393065.306,21.769662921348317
1361393065.561,29.160863509749305
1361393065.625,18.758954154727796
1361393065.815,4.559270516717325
1361393066.193,4.398826979472141
1361393066.257,414.0625
1361393066.256,13.452540106951872
1361393066.482,11.530748663101603
1361393066.549,4.385964912280701
1361393066.42,17.992424242424242
1361393062.766,78.86904761904762
1361393066.73,427.88461538461536
1361393062.892,21.367521367521366
1361393063.208,6.57051282051282
1361393063.333,255.5921052631579
1361393063.46,6.40625
1361393063.587,8.21978672985782
1361393063.758,6.487341772151899
1361393063.947,421.875
1361393063.947,20.140895953757227
1361393064.514,20.465353260869563
1361393064.452,14.07967032967033
1361393064.705,19.50354609929078
1361393065.122,22.31501436781609
1361393065.185,19.452449567723345
1361393065.247,150.5681818181818
1361393065.311,22.056398416886545
1361393065.567,13.817480719794345
1361393065.374,23.227486559139784
1361393065.563,18.575465425531913
1361393065.879,32.84438775510204
1361393090.703,221.5909090909091
1361393086.923,64.1025641025641
1361393086.986,58.13953488372093
1361393086.985,74.85465116279069
1361393091.078,264.2045454545455
1361393091.141,416.6666666666667
1361393085.507,371.09375
1361393087.617,64.14473684210527
1361393087.807,65.78947368421052
1361393091.742,192.30769230769232
1361393086.039,424.10714285714283
1361393088.533,78.125
1361393088.657,120.1171875
1361393088.782,89.28571428571429
1361393084.686,416.6666666666667
1361393084.75,833.3333333333334
1361393088.845,114.95535714285714
1361393089.335,134.11458333333334
1361393084.912,312.5
1361393090.799,277.77777777777777
1361393086.956,58.13953488372093
1361393090.986,290.625
1361393091.175,424.10714285714283
1361393085.349,489.0625
1361393091.529,212.05357142857142
1361393087.943,53.97727272727273
1361393088.131,69.44444444444444
1361393084.45,92.59259259259258
1361393088.861,108.69565217391305
1361393089.179,104.16666666666667
1361393089.369,71.42857142857143
1361393089.814,156.25
1361393089.942,156.25
1361393090.002,131.57894736842104
1361393070.784,50.86436170212766
1361393069.12,30.26107594936709
1361393069.113,320.3125
1361393069.181,74.70703125
1361393066.934,4.398826979472141
1361393067.061,24.10279805352798
1361393069.555,28.35982658959538
1361393067.248,15.936609686609687
1361393067.285,166.66666666666666
1361393067.661,12.195121951219512
1361393067.658,22.727272727272727
1361393067.782,61.76470588235294
1361393070.408,19.642857142857142
1361393067.783,4.373177842565598
1361393068.197,37.72138964577657
1361393068.577,15.804083094555873
1361393069.013,30.187677053824363
1361393069.06,1119.7916666666667
1361393066.879,19.860197368421055
1361393069.311,24.62121212121212
1361393067.066,14.066496163682864
1361393067.374,38.56382978723404
1361393067.355,24.233815426997246
1361393067.541,30.629139072847682
1361393067.604,21.27659574468085
1361393067.667,330.43981481481484
1361393070.41,828.125
1361393070.349,308.33333333333337
1361393068.043,88.23529411764706
1361393068.086,15.625
1361393068.212,21.210407239819006
1361393068.655,32.18920765027322
1361393069.276,160.7434640522876
1361393070.289,117.1875
1361393074.679,21.435950413223143
1361393070.964,750.0
1361393070.964,16.32289081885856
1361393071.47,6.1298076923076925
1361393071.723,105.26315789473684
1361393072.269,14.802631578947368
1361393072.642,72.8539156626506
1361393072.709,60.67772952853598
1361393073.404,4.411764705882353
1361393073.448,12.516361256544503
1361393073.447,396.1397058823529
1361393073.949,21.02126288659794
1361393074.518,159.64673913043478
1361393074.682,65.54878048780488
1361393071.413,17.109168865435358
1361393071.539,19.297062350119905
1361393072.087,297.9166666666667
1361393072.15,15.701970443349754
1361393072.274,25.43218085106383
1361393072.464,93.75
1361393073.032,8.836760925449871
1361393074.149,13.829960835509137
1361393074.148,280.3819444444444
1361393074.338,19.88260582010582
1361393071.083,14.618138424821002
1361393071.146,5.829015544041451
1361393093.013,61.07954545454545
1361393091.026,788.804945054945
1361393091.026,2622.7678571428573
1361393091.026,740.4094827586207
1361393095.503,44.166666666666664
1361393095.693,46.00694444444445
1361393095.819,47.32142857142857
1361393093.515,90.50324675324676
1361393095.946,59.283088235294116
1361393093.641,43.07432432432432
1361393093.622,54.47635135135135
1361393091.761,137.27678571428572
1361393085.809,53.52393617021277
1361393096.305,48.007246376811594
1361393092.265,848.4589041095891
1361393092.328,277.77777777777777
1361393092.517,208.33333333333334
1361393092.579,105.97826086956522
1361393094.371,42.46794871794872
1361393092.685,6087.109375
1361393092.749,5552.455357142857
1361393092.748,5503.3185840707965
1361393092.748,116.40625
1361393092.683,1429.9479166666667
1361393092.746,116.40625
1361393092.81,736.1534552845529
1361393086.593,916.7493386243386
1361393094.721,40.89506172839506
1361393078.654,3382.4097938144328
1361393090.94,825.5813953488372
1361393090.939,584.1346153846155
1361393095.837,24.356617647058822
1361393096.09,98.15140845070422
1361393096.215,48.713235294117645
1361393093.719,66.40625
1361393093.909,66.40625
1361393094.197,52.353896103896105
1361393094.258,64.95786516853933
1361393092.655,4953.512396694216
1361393092.527,7157.3486328125
1361393092.589,446.01004464285717
1361393077.045,9.760604113110539
1361393078.77,380.859375
1361393078.833,7.279829545454545
1361393077.167,48.84453781512605
1361393077.166,321.42857142857144
1361393074.921,77.11693548387098
1361393074.921,20.57428010471204
1361393075.049,4.054054054054054
1361393075.047,23.685515873015873
1361393075.464,14.87897877984085
1361393075.772,20.55256064690027
1361393076.313,15.424164524421593
1361393076.759,21.875
1361393076.759,18.758245382585752
1361393078.588,250.0
1361393078.648,14.893250688705233
1361393077.232,750.0
1361393075.052,12.867647058823529
1361393077.581,22.35183923705722
1361393075.533,29.41176470588235
1361393075.658,16.83311855670103
1361393075.656,22.03733766233766
1361393078.121,15.668890449438203
1361393078.188,96.875
1361393076.58,1656.25
1361393076.644,37.760416666666664
1361393076.711,607.03125
1361393078.418,447.9166666666667
1361393077.352,454.1015625
1361393077.67,18.246644295302016
1361393089.897,38.773148148148145
1361393078.901,20.53100263852243
1361393078.901,16.215635738831615
1361393079.027,17.59453781512605
1361393079.341,59.72222222222223
1361393079.405,19.5822454308094
1361393079.467,20.32593123209169
1361393079.531,1500.0
1361393079.594,6.587403598971722
1361393079.785,24.24291237113402
1361393080.137,24.4375
1361393080.647,11.74645390070922
1361393080.899,4.310344827586206
1361393081.022,4.424778761061947
1361393081.15,4.3604651162790695
1361393081.321,14.606940509915013
1361393081.955,36.221590909090914
1361393081.826,4.385964912280701
1361393082.145,15.957446808510637
1361393082.017,15.982142857142858
1361393082.208,8.344240837696335
1361393082.334,15.712047353760445
1361393082.524,651.0416666666666
1361393078.846,34.25991501416431
1361393078.842,34.466911764705884
1361393078.908,10.302615571776155
1361393078.971,17.8125
1361393079.665,6.6214470284237725
1361393079.855,28.846153846153847
1361393080.34,4.2686855670103085
1361393080.595,4.335260115606936
1361393080.784,22.03856749311295
1361393081.033,20.760793871866294
1361393081.271,4.273504273504274
1361393081.336,6.4655172413793105
1361393081.334,4.398826979472141
1361393081.393,4.398826979472141
1361393081.78,863.8392857142857
1361393081.97,17.983490566037734
1361393081.97,14.348591549295774
1361393081.777,12.806697612732094
1361393082.223,17.332650273224044
1361393082.285,28.616573033707866
1361393079.023,38.04347826086957
1361393081.046,9.280303030303031
1361393081.173,8.333333333333334
1361393098.606,64.58333333333334
1361393106.545,500.0
1361393100.91,103.88513513513513
1361393106.734,1250.0
1361393102.83,90.8203125
1361393100.973,12134.868421052632
1361393103.082,343.75
1361393103.018,247.59615384615387
1361393101.16,73.52941176470588
1361393103.393,357.14285714285717
1361393103.46,357.14285714285717
1361393101.475,78.125
1361393107.595,500.0
1361393101.641,89.28571428571429
1361393099.655,89.38953488372094
1361393104.389,487.5
1361393104.452,833.3333333333334
1361393107.971,581.25
1361393100.218,55.55555555555555
1361393105.44,241.77631578947367
1361393097.439,29.72560975609756
1361393106.141,269.8863636363636
1361393106.332,416.6666666666667
1361393102.554,213.54166666666666
1361393098.648,73.1534090909091
1361393098.648,35.326086956521735
1361393100.888,67.56756756756756
1361393102.744,94.64285714285714
1361393102.807,192.30769230769232
1361393102.933,208.33333333333334
1361393103.124,227.27272727272725
1361393103.095,290.625
1361393107.127,424.10714285714283
1361393103.287,363.28125
1361393103.413,363.28125
1361393101.237,78.125
1361393099.125,53.191489361702125
1361393099.188,51.861702127659576
1361393101.3,90.8203125
1361393103.603,500.0
1361393099.44,58.13953488372093
1361393101.551,71.42857142857143
1361393096.172,67.34154929577464
1361393104.108,478.00925925925924
1361393099.691,55.55555555555555
1361393104.171,357.14285714285717
1361393099.691,5459.8388671875
1361393096.426,47.57462686567164
1361393107.944,190.9722222222222
1361393102.222,119.04761904761904
1361393104.785,406.25
1361393108.304,1250.0
1361393102.287,46.00694444444445
1361393104.909,357.14285714285717
1361393097.165,43.692129629629626
1361393105.1,500.0
1361393092.362,7521.497483221477
1361393108.426,726.5625
1361393097.353,58.1140350877193
1361393105.609,1678.125
1361393105.609,2800.0
1361393097.542,37.64204545454545
1361393097.793,39.43452380952381
1361393098.053,78.4438775510204
1361393098.372,54.34782608695652
1361393082.982,195.06448412698413
1361393085.348,18.145161290322584
1361393083.229,14.423076923076923
1361393083.355,4.398826979472141
1361393085.821,257.63081395348837
1361393083.645,13.040123456790123
1361393083.895,16.791044776119403
1361393084.373,14.34659090909091
1361393084.435,33.71478873239436
1361393086.482,359.375
1361393084.498,726.5625
1361393084.846,21.16243131868132
1361393086.701,32.608695652173914
1361393083.148,10.216346153846153
1361393085.637,13.217659883720929
1361393083.586,19.788804945054945
1361393084.063,4.201680672268908
1361393084.188,11.082268370607029
1361393084.524,12.755102040816327
1361393086.676,37.14622641509434
1361393086.296,750.0
1361393084.247,31.79824561403509
1361393084.414,308.8235294117647
1361393084.411,12.07748724489796
1361393086.456,247.20982142857142
1361393086.455,107.29166666666666
1361393084.663,17.974934036939313
1361393084.726,43.34677419354839
1361393086.959,162.6602564102564
1361393087.086,18.145161290322584
1361393087.085,9.06344410876133
1361393087.211,145.34883720930233
1361393087.274,232.14285714285714
1361393087.779,19.11484771573604
1361393087.943,22.727272727272727
1361393088.069,19.074675324675326
1361393088.571,19.449869791666668
1361393089.125,16.3671875
1361393089.12,14.157458563535911
1361393089.498,119.48939732142857
1361393090.61,191.61184210526315
1361393088.617,28.74331550802139
1361393088.806,17.725134408602152
1361393090.051,19.0
1361393089.922,19.552139037433154
1361393090.428,12.716090425531915
1361393090.492,16.502339572192515
1361393090.364,33.057851239669425
1361393090.232,6.125710227272727
1361393089.864,77.34375
1361393110.638,1250.0
1361393108.972,833.3333333333334
1361393110.825,812.5
1361393114.856,416.6666666666667
1361393109.347,13140.29255319149
1361393109.282,243.75
1361393111.705,363.28125
1361393115.356,804.6875
1361393112.259,484.375
1361393109.761,415.17857142857144
1361393109.885,214.84375
1361393112.7,484.375
1361393112.764,1250.0
1361393113.397,500.0
1361393113.843,414.0625
1361393113.714,500.0
1361393114.52,833.3333333333334
1361393114.327,416.6666666666667
1361393109.136,270.8333333333333
1361393109.193,500.0
1361393115.057,833.3333333333334
1361393109.363,500.0
1361393111.665,536.4583333333334
1361393112.235,804.6875
1361393112.867,402.34375
1361393110.285,581.25
1361393113.291,357.14285714285717
1361393110.41,284.906914893617
1361393113.864,416.6666666666667
1361393114.179,833.3333333333334
1361393108.609,161.45833333333334
1361393093.071,105.76923076923077
1361393093.07,22.688356164383563
1361393093.07,137.86764705882354
1361393090.889,717.6339285714286
1361393093.065,45.35590277777778
1361393093.133,20.44753086419753
1361393093.132,105.9283088235294
1361393093.132,55.897887323943664
1361393093.193,23.327464788732396
1361393091.141,29632.291666666668
1361393093.379,72.51602564102565
1361393093.441,75.1201923076923
1361393091.495,400.7352941176471
1361393093.543,92.53246753246754
1361393093.601,52.63157894736842
1361393091.619,4.437869822485207
1361393091.681,36.458333333333336
1361393091.868,299.21875
1361393092.057,135.41666666666666
1361393093.956,110.29411764705883
1361393094.265,27.05223880597015
1361393094.327,27.46212121212121
1361393094.326,66.96428571428571
1361393094.325,140.22435897435898
1361393092.659,59.970238095238095
1361393094.45,65.10416666666667
1361393092.594,96.35416666666667
1361393094.45,29.41176470588235
1361393092.658,1537.7252252252251
1361393092.594,1230.5253623188405
1361393092.721,1120.9716796875
1361393092.721,1085.6854838709678
1361393092.721,1001.521017699115
1361393092.657,1572.7219626168226
1361393092.72,879.2293233082706
1361393092.656,12.360074626865671
1361393092.636,1324.4318181818182
1361393094.428,96.35416666666667
1361393092.699,944.1380718954249
1361393092.699,1187.2351694915255
1361393092.823,23.003472222222225
1361393090.896,4.464285714285714
1361393093.072,78.32278481012658
1361393091.022,3.896103896103896
1361393093.359,101.86688311688312
1361393093.359,41.53963414634146
1361393091.31,55.40143603133159
1361393093.421,4.545454545454545
1361393093.483,103.46283783783784
1361393093.482,56.16554054054054
1361393093.545,30.64903846153846
1361393091.495,13.849431818181818
1361393091.494,946.6911764705882
1361393091.553,100.0
1361393091.681,309.8958333333333
1361393093.857,107.14285714285714
1361393091.808,288.0859375
1361393091.973,301.4705882352941
1361393094.019,38.13559322033898
1361393094.018,30.612244897959183
1361393091.965,29.436383928571427
1361393092.032,156.25
1361393094.206,4.929315476190476
1361393094.205,66.81743421052632
1361393094.205,17.719072164948454
1361393094.268,27.46212121212121
1361393094.33,10.48259493670886
1361393094.327,56.640625
1361393092.47,7044.148489932886
1361393094.389,29.41176470588235
1361393092.533,1570.2097039473683
1361393092.511,1027.126736111111
1361393092.511,1197.5940265486727
1361393092.446,1690.2654867256638
1361393092.446,19.642857142857142
1361393092.574,1157.6360887096776
1361393092.574,118.80387931034484
1361393092.574,1124.3543388429753
1361393092.573,1166.9407894736844
1361393092.508,1184.9662162162163
1361393092.508,1521.875
1361393092.571,1194.3975225225224
1361393092.635,21.792763157894736
1361393094.914,30.0
1361393094.913,103.69318181818183
1361393094.977,65.77932098765432
1361393095.039,29.377880184331797
1361393095.418,76.36443661971832
1361393095.67,96.25
1361393095.67,115.58219178082192
1361393095.986,60.49107142857143
1361393096.112,77.89522058823529
1361393096.175,6.495098039215686
1361393096.238,39.40217391304348
1361393096.282,65.21739130434783
1361393096.282,33.333333333333336
1361393096.28,40.27777777777778
1361393096.534,138.88888888888889
1361393096.787,31.25
1361393096.722,40.90909090909091
1361393097.291,123.66071428571429
1361393097.482,29.862924281984334
1361393097.481,51.78571428571429
1361393097.608,20.671834625322997
1361393097.839,32.43563685636856
1361393097.965,76.70454545454545
1361393098.092,187.5
1361393098.153,198.86363636363635
1361393098.279,75.25510204081633
1361393098.66,106.5625
1361393098.594,30.26107594936709
1361393095.494,90.27777777777777
1361393095.553,117.1875
1361393095.557,117.1875
1361393096.125,40.27777777777778
1361393096.188,8.02139037433155
1361393096.188,40.27777777777778
1361393096.313,7.653061224489796
1361393096.546,144.23076923076923
1361393096.925,121.337890625
1361393097.177,53.30882352941176
1361393097.304,40.76086956521739
1361393097.367,187.5
1361393097.367,187.5
1361393097.367,187.5
1361393097.557,30.379641909814325
1361393098.107,83.2720588235294
1361393098.356,32.71028037383177
1361393098.546,54.054054054054056
1361393095.859,6.428571428571429
1361393119.028,58.94886363636364
1361393122.931,524.0384615384615
1361393117.613,192.1875
1361393119.533,95.4861111111111
1361393119.723,95.4861111111111
1361393119.83,105.97826086956522
1361393119.83,122.76785714285714
1361393117.781,162.5
1361393117.845,162.5
1361393120.02,114.58333333333333
1361393120.145,223.55769230769232
1361393123.6,348.2142857142857
1361393116.042,75.75757575757576
1361393120.903,424.10714285714283
1361393124.097,357.6388888888889
1361393116.228,138.70389344262296
1361393121.284,397.0170454545455
1361393121.284,333.5597826086957
1361393121.323,269.61436170212767
1361393122.023,304.6875
1361393118.564,625.0
1361393116.896,102.67857142857143
1361393122.719,625.0
1361393117.149,101.5625
1361393098.844,10.543313069908816
1361393119.066,242.1875
1361393120.248,214.84375
1361393120.119,223.55769230769232
1361393120.308,312.5
1361393116.058,107.29166666666666
1361393105.048,54.17640186915887
1361393113.749,164.0625
1361393121.301,294.53125
1361393121.492,424.10714285714283
1361393124.179,536.4583333333334
1361393121.554,609.375
1361393121.807,625.0
1361393122.062,581.25
1361393122.126,593.75
1361393122.062,406.25
1361393098.826,105.26315789473684
1361393101.065,119.79166666666667
1361393098.949,321.42857142857144
1361393099.012,156.60511363636365
1361393099.073,19.50354609929078
1361393099.198,40.66154970760233
1361393099.431,21.220159151193634
1361393101.668,4250.0
1361393099.491,153.76420454545456
1361393099.555,750.0
1361393099.802,4.559270516717325
1361393099.865,138.39285714285714
1361393101.912,191.40625
1361393101.911,14.85148514851485
1361393100.093,22.277227722772277
1361393100.461,15.584096858638745
1361393100.756,15.296916010498688
1361393098.831,23.809523809523807
1361393098.83,15.220207253886011
1361393099.015,750.0
1361393099.015,30.234375
1361393099.14,78.48011363636363
1361393099.432,129.41576086956522
1361393101.543,16.852094240837694
1361393101.606,6.521739130434782
1361393101.606,45.45454545454545
1361393101.606,22.210743801652892
1361393101.668,44.29133858267716
1361393099.555,20.210597826086957
1361393099.617,859.375
1361393099.681,135.90116279069767
1361393102.079,152.17391304347828
1361393099.177,7.1271929824561395
1361393101.132,264.6276595744681
1361393099.059,18.20436507936508
1361393100.446,16.843971631205672
1361393101.458,7.8125
1361393102.959,3875.0
1361393103.463,31.42409470752089
1361393103.844,14.229106628242075
1361393103.842,14.344985875706215
1361393104.513,149.4140625
1361393104.64,38.56382978723404
1361393104.766,22.87638121546961
1361393104.764,10.232300884955752
1361393105.144,34.69488188976378
1361393106.455,57.180851063829785
1361393103.661,11.257204610951009
1361393103.914,17.276422764227643
1361393104.333,45.498934659090914
1361393104.332,1500.0
1361393104.459,13.960040983606557
1361393104.585,20.153985507246375
1361393105.278,19.841269841269842
1361393105.892,4203.125
1361393104.057,9739.346590909092
1361393104.242,970.9821428571429
1361393107.206,21.160714285714285
1361393126.66,208.33333333333334
1361393126.723,192.30769230769232
1361393125.053,118.30357142857143
1361393125.182,208.33333333333334
1361393127.482,183.03571428571428
1361393127.418,146.3068181818182
1361393127.545,113.63636363636363
1361393131.257,500.0
1361393127.608,188.98809523809524
1361393127.736,105.97826086956522
1361393127.672,101.5625
1361393131.574,494.7916666666667
1361393128.153,214.58333333333331
1361393128.216,229.91071428571428
1361393131.799,325.5208333333333
1361393128.279,156.25
1361393128.468,156.25
1361393129.228,416.6666666666667
1361393129.482,193.75
1361393124.599,357.14285714285717
1361393130.293,245.53571428571428
1361393124.914,52.57936507936508
1361393125.167,193.75
1361393126.958,172.55434782608694
1361393127.021,108.69565217391305
1361393127.021,110.79545454545455
1361393130.925,371.09375
1361393131.175,193.75
1361393131.301,245.53571428571428
1361393131.404,536.4583333333334
1361393127.819,114.95535714285714
1361393131.589,340.27777777777777
1361393132.032,593.75
1361393128.766,322.9166666666667
1361393128.956,322.9166666666667
1361393126.522,178.57142857142858
1361393129.205,380.2083333333333
1361393129.568,277.77777777777777
1361393124.32,312.5
1361393129.631,178.57142857142858
1361393129.694,156.25
1361393129.758,229.91071428571428
1361393124.637,304.6875
1361393130.012,312.5
1361393109.192,24.479166666666668
1361393106.887,58.423913043478265
1361393109.252,15.404307909604519
1361393109.438,28.66809116809117
1361393107.511,22.391381766381766
1361393109.602,15.072879858657243
1361393107.617,3210.9375
1361393108.408,51.71342329545455
1361393110.71,15.895953757225433
1361393106.77,165.625
1361393109.073,19.61143695014663
1361393106.894,59.72222222222223
1361393106.955,13.688016528925619
1361393109.38,23.302801724137932
1361393107.394,77.11693548387098
1361393109.501,238.45108695652172
1361393109.671,81.81352459016394
1361393109.734,9.046052631578947
1361393107.749,33.26330532212885
1361393108.062,2933.59375
1361393107.968,4.545454545454545
1361393108.467,500.0
1361393110.64,23.737094395280234
1361393108.635,20.59294871794872
1361393112.109,21.911443148688047
1361393112.236,12.244152046783626
1361393112.425,15.350877192982455
1361393112.552,450.0
1361393112.994,14.832089552238806
1361393112.993,13.199626865671641
1361393113.539,4.411764705882353
1361393113.603,16.826923076923077
1361393114.486,592.0138888888888
1361393111.379,20.922364672364672
1361393111.883,19.28848870056497
1361393112.073,4.373177842565598
1361393112.181,7.26963746223565
1361393114.307,22.694524495677232
1361393114.177,750.0
1361393114.494,267.42788461538464
1361393132.972,371.09375
1361393135.016,185.546875
1361393133.536,416.6666666666667
1361393135.647,227.27272727272725
1361393136.064,742.1875
1361393136.256,258.18452380952385
1361393131.966,130.859375
1361393136.637,312.5
1361393136.696,240.7852564102564
1361393132.771,833.3333333333334
1361393130.46,83.30078125
1361393134.743,804.6875
1361393133.015,625.0
1361393135.124,181.640625
1361393133.331,416.6666666666667
1361393135.378,264.2045454545455
1361393133.553,593.75
1361393136.171,415.17857142857144
1361393136.171,299.8670212765958
1361393136.527,1072.9166666666667
1361393132.172,207.58928571428572
1361393129.035,2532.786885245902
1361393132.361,415.17857142857144
1361393132.615,726.5625
1361393137.475,227.27272727272725
1361393124.61,40.07177033492823
1361393137.857,156.25
1361393137.921,166.66666666666666
1361393115.251,971.3541666666666
1361393117.788,88.54166666666667
1361393115.796,54.79002624671916
1361393118.223,43.850806451612904
1361393116.107,10.82516339869281
1361393118.382,39.8936170212766
1361393116.773,18.717018469656992
1361393114.947,17.059948979591837
1361393117.562,9.826487252124647
1361393117.562,20.02583979328165
1361393115.36,22.840073529411764
1361393117.914,14.283240997229917
1361393115.982,220.53571428571428
1361393116.086,12.242268041237113
1361393118.513,23.22048611111111
1361393118.21,30.54662379421222
1361393119.133,33.033288043478265
1361393119.448,82.8125
1361393119.764,16.871882793017456
1361393120.058,220.39473684210526
1361393120.438,14.793417366946779
1361393120.88,6328.125
1361393121.068,1550.0
1361393121.132,107.14285714285714
1361393121.241,4.464285714285714
1361393121.433,23.92578125
1361393121.496,64.73214285714286
1361393121.495,21.745178041543028
1361393121.811,22.970085470085472
1361393121.875,818.75
1361393121.938,6.7975830815709966
1361393122.065,6.914511494252873
1361393122.129,28.735632183908045
1361393122.569,414.0625
1361393122.7,16.594827586206897
1361393119.077,3.8970588235294117
1361393119.394,20.833333333333332
1361393119.521,19.831730769230766
1361393119.521,69.07090464547677
1361393119.648,9.17514534883721
1361393119.751,16.0
1361393119.812,7.462686567164179
1361393120.253,19.862288135593218
1361393120.507,17.60848445595855
1361393121.623,4.3478260869565215
1361393121.814,33.91544117647059
1361393121.941,8.771929824561402
1361393122.005,247.1590909090909
1361393122.001,21.123533724340174
1361393122.004,50.66787598944591
1361393122.357,6.3657407407407405
1361393122.551,8.823529411764707
1361393122.586,1368.75
1361393120.706,2035.5009191176473
1361393121.216,13.521634615384617
1361393142.816,68.75
1361393142.815,89.28571428571429
1361393143.068,101.5625
1361393143.131,81.8452380952381
1361393146.971,484.375
1361393141.338,61.83510638297873
1361393141.464,69.44444444444444
1361393139.224,55.55555555555555
1361393143.51,131.57894736842104
1361393143.637,174.10714285714286
1361393147.412,1472.355769230769
1361393131.412,45.82834928229665
1361393143.763,166.66666666666666
1361393144.44,223.55769230769232
1361393144.819,989.5833333333334
1361393148.205,2146.875
1361393148.209,2246.527777777778
1361393140.4,39.314516129032256
1361393148.207,2218.75
1361393148.335,1511.1607142857142
1361393148.271,5367.1875
1361393145.325,1484.375
1361393145.325,1218.75
1361393145.579,1187.5
1361393145.579,1357.142857142857
1361393145.642,833.3333333333334
1361393145.814,277.77777777777777
1361393145.942,357.14285714285717
1361393146.324,2098.214285714286
1361393146.324,487.5
1361393146.387,484.375
1361393146.451,625.0
1361393146.577,2921.875
1361393140.88,40.92261904761905
1361393146.704,1879.4642857142858
1361393146.766,1294.2708333333333
1361393146.829,416.6666666666667
1361393142.925,113.63636363636363
1361393147.08,1187.5
1361393139.206,65.05102040816327
1361393147.27,1100.2604166666667
1361393147.27,996.09375
1361393147.27,950.5208333333334
1361393141.571,42.76315789473684
1361393141.612,78.125
1361393141.674,69.44444444444444
1361393139.814,56.81818181818181
1361393147.876,2119.7916666666665
1361393147.938,742.1875
1361393144.416,424.10714285714283
1361393148.0,1416.6666666666667
1361393140.19,85.77127659574468
1361393148.125,2364.5833333333335
1361393144.797,1250.0
1361393140.38,54.16666666666667
1361393145.473,1583.3333333333333
1361393146.364,424.10714285714283
1361393125.186,150.0
1361393125.312,5.798969072164948
1361393123.005,19.50354609929078
1361393125.369,18.156424581005588
1361393123.068,17.527173913043477
1361393123.131,18.16860465116279
1361393125.721,365.4513888888889
1361393123.419,49.61302570093458
1361393123.355,451.2867647058824
1361393123.417,587.890625
1361393123.543,21.517857142857146
1361393123.729,16.70258620689655
1361393123.853,35.59782608695652
1361393123.789,27.74931693989071
1361393123.852,7.660800970873787
1361393123.832,88.43085106382979
1361393123.96,34.6875
1361393126.327,6.6371681415929205
1361393126.263,35.0
1361393123.894,627.9296875
1361393124.021,186.74879807692307
1361393123.956,49.479166666666664
1361393126.576,27.416666666666664
1361393124.329,31.418918918918916
1361393124.329,19.50354609929078
1361393124.392,20.951704545454543
1361393124.883,16.066384180790962
1361393124.883,33.033288043478265
1361393122.767,30.985915492957748
1361393125.07,500.0
1361393122.83,750.0
1361393123.05,181.8181818181818
1361393123.299,97.42647058823529
1361393123.361,1020.8333333333333
1361393125.663,20.861950549450547
1361393123.357,38.31521739130435
1361393125.786,232.63888888888889
1361393123.584,18.30357142857143
1361393123.899,19.314868804664723
1361393123.96,4.385964912280701
1361393126.327,107.14285714285714
1361393126.452,8.841036414565826
1361393126.515,246.09375
1361393124.182,28.090846994535518
1361393124.243,3348.9295580110497
1361393124.243,7.930276381909548
1361393124.306,750.0
1361393124.622,49.76851851851852
1361393124.748,8.720930232558139
1361393122.731,6.41025641025641
1361393124.811,36.41528925619834
1361393124.746,6.540697674418605
1361393123.078,17.365506329113924
1361393123.269,235.67708333333334
1361393127.319,14.222256857855362
1361393127.635,150.0
1361393127.698,11.680825242718447
1361393127.697,17.94969512195122
1361393128.182,133.33333333333334
1361393128.182,19.50354609929078
1361393128.307,13.291139240506329
1361393128.496,19.106432360742705
1361393128.558,441.40625
1361393128.938,18.822046109510087
1361393129.192,21.7183147632312
1361393129.19,24.193548387096772
1361393129.353,511.1607142857143
1361393129.859,115.38461538461539
1361393129.921,64.56367924528301
1361393130.299,708.984375
1361393127.067,375.0
1361393127.445,12.444338422391857
1361393127.571,299.0056818181818
1361393127.741,17.990074441687344
1361393127.993,151.22767857142858
1361393128.56,97.42647058823529
1361393128.56,19.732142857142858
1361393128.686,16.618956743002546
1361393129.167,214.28571428571428
1361393129.293,18.192896935933145
1361393129.42,62.5
1361393129.545,21.367521367521366
1361393129.733,26.56700288184438
1361393129.986,166.66666666666666
1361393130.538,742.1875
1361393130.664,110.41666666666666
1361393130.377,16.276041666666668
1361393130.25,193.0017605633803
1361393154.656,357.14285714285717
1361393150.687,178.57142857142858
1361393155.094,804.6875
1361393149.27,593.75
1361393151.506,207.58928571428572
1361393151.824,71.52777777777777
1361393151.887,250.0
1361393147.47,188.94974226804123
1361393147.405,179.41810344827584
1361393149.997,357.14285714285717
1361393147.951,2539.434523809524
1361393150.188,536.4583333333334
1361393153.194,227.27272727272725
1361393150.248,342.3295454545455
1361393150.44,500.0
1361393150.311,148.11197916666666
1361393145.553,96.00360576923077
1361393145.555,611.1469072164949
1361393145.555,3043.402777777778
1361393145.554,3209.620786516854
1361393145.554,5943.923611111111
1361393145.618,259.4313063063063
1361393145.618,63.48270440251573
1361393154.509,290.625
1361393154.697,494.7916666666667
1361393151.174,192.30769230769232
1361393151.297,197.91666666666666
1361393155.14,500.0
1361393155.266,416.6666666666667
1361393147.24,237.53511235955054
1361393149.281,176.0670731707317
1361393152.096,329.8611111111111
1361393149.723,477.2727272727273
1361393152.601,494.7916666666667
1361393144.408,1415.844298245614
1361393150.101,340.4017857142857
1361393150.097,451.0063559322034
1361393153.044,218.75
1361393153.153,190.9722222222222
1361393145.467,295.8984375
1361393150.395,242.1875
1361393153.467,33.125
1361393148.666,290.625
1361393145.466,251.64473684210526
1361393145.466,15068.923611111111
1361393145.466,5202.773876404494
1361393153.91,357.14285714285717
1361393154.42,92.59259259259258
1361393154.356,500.0
1361393154.42,424.10714285714283
1361393133.079,18.582274011299436
1361393130.838,17.037429378531073
1361393130.901,19.30628272251309
1361393133.517,55.77064896755162
1361393131.337,31.897668393782386
1361393131.336,13.488247863247864
1361393133.64,23.937136627906977
1361393131.504,51.7578125
1361393131.627,36.07954545454545
1361393131.754,36.17478510028653
1361393131.69,24.56597222222222
1361393131.752,4.504504504504505
1361393134.054,57.180851063829785
1361393134.243,304.16666666666663
1361393132.293,16.009221311475407
1361393132.36,5.985696517412935
1361393134.599,14.229106628242075
1361393132.486,4.652387640449438
1361393130.971,17.223011363636363
1361393131.22,100.69962686567165
1361393131.345,16.615634005763688
1361393131.408,9.803921568627452
1361393133.753,1027.34375
1361393131.513,29.609806629834253
1361393131.575,18.76876876876877
1361393131.639,62.79114906832298
1361393133.877,16.432370820668694
1361393131.699,17.876440922190202
1361393131.762,22.692438692098094
1361393133.938,15.478971962616823
1361393131.825,15.2551775147929
1361393131.887,19.50354609929078
1361393132.183,21.087724935732645
1361393132.246,750.0
1361393134.358,57.180851063829785
1361393132.308,1500.0
1361393132.496,770.0892857142857
1361393134.031,37.234042553191486
1361393131.261,7.627118644067797
1361393131.26,6.912442396313365
1361393131.96,24.102393617021278
1361393133.475,750.0
1361393134.869,1145.8333333333333
1361393134.995,12.637273901808785
1361393135.184,19.642857142857142
1361393135.436,92.98780487804878
1361393135.562,22.058823529411764
1361393135.689,23.719394329896907
1361393136.423,1246.09375
1361393137.306,13.595779220779221
1361393137.493,4.335260115606936
1361393138.131,155.22540983606558
1361393138.257,46.712239583333336
1361393138.129,76.53601694915254
1361393138.605,172.39583333333334
1361393135.519,5.831866197183099
1361393136.584,17.99738219895288
1361393138.134,2828.125
1361393137.879,30.26107594936709
1361393138.386,246.875
1361393135.867,59.62469733656174
1361393158.75,90.27777777777777
1361393157.268,78.62903225806451
1361393155.345,224.07670454545456
1361393163.408,643.75
1361393157.519,65.78947368421052
1361393155.701,146.9634433962264
1361393163.888,264.2045454545455
1361393160.174,92.59259259259258
1361393152.681,133.17307692307693
1361393160.427,111.77884615384616
1361393156.2,167.92582417582418
1361393158.184,123.99193548387098
1361393158.373,83.33333333333333
1361393160.867,147.72727272727275
1361393158.434,160.5769230769231
1361393161.482,131.57894736842104
1361393161.546,192.30769230769232
1361393162.182,227.27272727272725
1361393154.691,314.3601190476191
1361393162.817,250.0
1361393154.816,231.57051282051282
1361393162.88,484.375
1361393157.242,78.125
1361393147.241,78.48668981481481
1361393163.431,304.6875
1361393157.414,71.42857142857143
1361393159.525,65.87837837837837
1361393163.871,243.75
1361393160.22,92.59259259259258
1361393164.06,250.0
1361393156.03,131.97115384615384
1361393144.637,42.59595435684648
1361393160.632,104.16666666666667
1361393161.137,189.33823529411765
1361393161.137,131.57894736842104
1361393161.965,312.5
1361393161.709,221.5909090909091
1361393161.964,363.28125
1361393138.866,1806.25
1361393141.168,142.85714285714286
1361393141.354,1500.0
1361393141.413,18.75
1361393139.109,14.940693430656935
1361393141.478,111.1111111111111
1361393141.539,93.75
1361393139.425,57.180851063829785
1361393139.425,15.701593137254902
1361393139.424,14.447236180904524
1361393141.767,14.900128865979383
1361393141.956,34.69827586206897
1361393139.841,120.83333333333333
1361393139.901,2664.0625
1361393142.144,155.20833333333334
1361393142.142,14.679276315789474
1361393142.332,128.00480769230768
1361393142.331,150.0
1361393140.198,9.800295857988166
1361393140.323,18.93939393939394
1361393140.385,17.214640198511166
1361393140.571,165.29605263157896
1361393140.988,19.53125
1361393138.996,32.09459459459459
1361393141.421,750.0
1361393141.42,111.1111111111111
1361393141.65,12.627877237851663
1361393139.473,133.68055555555554
1361393141.775,14.920424403183024
1361393139.723,138.59577922077924
1361393139.85,65.21739130434783
1361393139.786,110.29411764705883
1361393139.975,17.241379310344826
1361393142.182,12.775455927051672
1361393140.258,78.125
1361393140.256,19.50354609929078
1361393142.618,35.9375
1361393140.695,117.6470588235294
1361393141.057,117.1875
1361393143.062,10.61698717948718
1361393143.184,15.043218085106382
1361393143.252,19.836272040302266
1361393143.315,30.877976190476193
1361393143.567,32.26990861618799
1361393143.502,78.94736842105263
1361393143.624,18.541086350974933
1361393144.177,16.237745098039216
1361393144.113,16.501913265306122
1361393144.112,4.464285714285714
1361393144.809,957.03125
1361393144.745,118.30357142857143
1361393145.063,16.688239644970416
1361393144.999,6.761213720316623
1361393145.126,19.554640718562872
1361393145.443,3.937007874015748
1361393145.378,5.7251908396946565
1361393145.73,13.339428191489361
1361393145.794,2937.5
1361393145.857,1511.3636363636365
1361393145.856,20.10135135135135
1361393146.045,284.375
1361393146.679,21.994134897360706
1361393143.194,18.922362110311752
1361393143.634,18.8372461928934
1361393143.933,197.4431818181818
1361393144.312,102.61015325670499
1361393144.501,3.968253968253968
1361393144.565,24.615921787709496
1361393144.755,10.416666666666666
1361393145.676,520.8333333333334
1361393145.738,1883.5227272727273
1361393145.738,862.215909090909
1361393145.673,19.054878048780488
1361393145.673,4203.125
1361393145.735,1798.2954545454545
1361393146.055,41.44965277777778
1361393146.051,13.928571428571429
1361393146.368,178.09959349593495
1361393143.669,464.6990740740741
1361393146.522,49.65277777777777
1361393166.669,312.5
1361393166.796,500.0
1361393166.859,357.14285714285717
1361393170.762,192.30769230769232
1361393170.82,321.875
1361393166.984,321.875
1361393170.949,227.27272727272725
1361393165.503,656.25
1361393167.423,431.25
1361393167.422,431.25
1361393167.422,312.5
1361393165.818,1453.125
1361393163.557,70.87053571428571
1361393167.908,312.5
1361393168.22,416.6666666666667
1361393171.743,156.25
1361393168.223,296.875
1361393166.301,459.82142857142856
1361393168.6,269.8863636363636
1361393168.604,223.55769230769232
1361393166.298,312.5
1361393168.793,208.33333333333334
1361393169.238,256.3920454545455
1361393169.342,166.66666666666666
1361393169.976,500.0
1361393170.611,221.5909090909091
1361393164.915,416.6666666666667
1361393166.897,357.14285714285717
1361393165.103,416.6666666666667
1361393165.103,357.14285714285717
1361393170.97,207.58928571428572
1361393167.32,357.14285714285717
1361393171.158,221.5909090909091
1361393165.651,322.9166666666667
1361393165.65,219.07552083333334
1361393168.072,322.9166666666667
1361393168.329,247.39583333333334
1361393168.559,269.8863636363636
1361393168.431,128.28947368421055
1361393164.205,229.91071428571428
1361393168.684,227.27272727272725
1361393166.506,264.2045454545455
1361393168.874,101.5625
1361393164.33,189.58333333333331
1361393168.997,96.15384615384616
1361393169.191,166.66666666666666
1361393168.999,108.69565217391305
1361393169.126,138.88888888888889
1361393169.508,242.1875
1361393145.442,32319.664831606216
1361393169.697,192.30769230769232
1361393170.312,363.28125
1361393149.107,34.090909090909086
1361393149.294,250.0
1361393147.054,640.625
1361393149.476,4.437869822485207
1361393149.665,17.44715743440233
1361393150.016,55.28846153846153
1361393148.342,6791.666666666667
1361393148.466,4.451038575667656
1361393148.88,406.25
1361393146.702,3770.8333333333335
1361393149.104,130.9840425531915
1361393147.117,6.578947368421052
1361393149.227,18.37047803617571
1361393147.425,15.167885638297872
1361393147.844,22666.666666666668
1361393149.825,91.27824858757063
1361393149.761,14.728483606557377
1361393150.198,16.053082191780824
1361393147.443,494.39102564102564
1361393150.229,6.268168604651162
1361393147.138,745.0759925558312
1361393147.073,3913.897833723653
1361393148.317,4581.25
1361393148.507,25.285618279569892
1361393150.178,7.758620689655173
1361393151.04,23.075613079019075
1361393151.107,6.446991404011461
1361393151.17,9.798728813559322
1361393151.297,15.046296296296296
1361393151.358,11.554621848739496
1361393151.485,17.693661971830988
1361393151.611,35.602367688022284
1361393151.675,27.441135734072024
1361393151.61,17.053324099722992
1361393151.801,39.8936170212766
1361393151.925,49.715909090909086
1361393152.181,9.910714285714285
1361393152.032,15.0
1361393152.158,8.474576271186441
1361393152.28,22.80527456647399
1361393152.474,18.006350267379677
1361393152.789,4.3478260869565215
1361393152.853,4.385964912280701
1361393153.357,15.842013888888888
1361393153.421,18.557422969187677
1361393153.591,32.30246113989637
1361393153.591,4.3604651162790695
1361393153.908,750.0
1361393153.903,30.0
1361393150.804,595.703125
1361393151.307,23.22168508287293
1361393152.295,25.191326530612244
1361393152.358,58.305921052631575
1361393152.357,46.01151315789473
1361393152.547,255.51470588235293
1361393152.798,528.5395408163265
1361393152.926,19.77848101265823
1361393152.861,69.22532362459546
1361393152.924,13.518808777429467
1361393153.304,13.274721448467968
1361393153.366,12.52618715083799
1361393153.661,66.46825396825396
1361393153.469,4.437869822485207
1361393153.723,23.4375
1361393153.595,37.760416666666664
1361393153.721,57.69230769230769
1361393153.785,22.435897435897434
1361393153.78,39.40217391304348
1361393154.166,15.169098143236075
1361393154.655,98.69318181818181
1361393155.155,21.88400576368876
1361393172.877,132.21153846153845
1361393174.858,92.59259259259258
1361393173.254,250.0
1361393175.42,37.17672413793104
1361393175.42,37.17672413793104
1361393175.42,43.125
1361393175.424,37.17672413793104
1361393175.424,35.9375
1361393175.424,36.54661016949152
1361393173.82,52.766393442622956
1361393175.739,49.91883116883117
1361393174.177,277.77777777777777
1361393172.346,192.30769230769232
1361393172.346,192.30769230769232
1361393174.832,86.20689655172414
1361393173.166,459.82142857142856
1361393175.311,62.5
1361393175.311,37.17672413793104
1361393175.311,36.54661016949152
1361393175.311,59.895833333333336
1361393175.31,34.22619047619048
1361393175.31,37.17672413793104
1361393175.31,35.9375
1361393173.576,312.5
1361393175.5,44.166666666666664
1361393173.706,141.36904761904762
1361393172.386,229.91071428571428
1361393154.854,37.5
1361393155.106,300.0
1361393155.294,4.3604651162790695
1361393157.528,157.48355263157896
1361393157.737,38.56382978723404
1361393157.798,145.69256756756758
1361393155.875,95.07415254237287
1361393155.937,63.70192307692307
1361393157.984,90.50807823129252
1361393156.096,12.243470149253731
1361393156.598,509.11458333333337
1361393156.852,19.642857142857142
1361393156.724,15.21164021164021
1361393157.081,47.932330827067666
1361393155.153,15.03452034883721
1361393157.492,109.375
1361393155.507,12.833333333333334
1361393157.551,24.895833333333332
1361393155.694,4.120879120879121
1361393157.742,6.0
1361393155.755,6.4841498559077815
1361393155.881,19.642857142857142
1361393155.88,20.384097035040433
1361393156.007,5.979241877256317
1361393157.963,207.88043478260872
1361393158.44,125.0
1361393158.568,224.7596153846154
1361393157.653,115.76704545454545
1361393159.644,17.638530927835053
1361393160.254,11.438992042440319
1361393160.633,37.94642857142857
1361393160.761,19.419060052219322
1361393160.888,20.26236631016043
1361393161.077,49.8046875
1361393160.948,15.702736318407961
1361393161.435,16.147172236503856
1361393161.43,17.810880829015545
1361393161.622,8.791782729805014
1361393161.748,39.1905737704918
1361393161.556,25.43218085106383
1361393161.999,93.05555555555556
1361393162.316,14.322916666666666
1361393162.633,32.563025210084035
1361393162.611,36.65014164305949
1361393159.333,25.49968274111675
1361393159.95,386.71875
1361393160.202,187.5
1361393160.202,9.771986970684038
1361393160.454,193.86574074074073
1361393160.642,51.724137931034484
1361393161.056,344.7265625
1361393161.187,73.73595505617978
1361393161.313,142.85714285714286
1361393161.566,23.274739583333332
1361393161.689,29.88556338028169
1361393161.943,95.98214285714286
1361393162.262,16.725352112676056
1361393162.426,30.64903846153846
1361393159.022,8.623887240356083
1361393160.169,5.689313984168866
1361393159.842,6.431398416886543
1361393159.031,12.857142857142858
1361393162.375,15.933968926553673
1361393180.882,138.88888888888889
1361393186.893,131.57894736842104
1361393183.114,643.75
1361393181.257,207.58928571428572
1361393183.24,270.8333333333333
1361393181.255,297.65625
1361393179.142,49.107142857142854
1361393183.366,2500.0
1361393181.382,178.57142857142858
1361393183.429,8390.625
1361393183.872,1218.75
1361393183.979,833.3333333333334
1361393183.979,363.28125
1361393181.864,56.25
1361393179.687,83.33333333333333
1361393182.053,416.6666666666667
1361393176.355,46.00694444444445
1361393182.114,484.375
1361393176.476,46.65492957746479
1361393176.608,46.65492957746479
1361393184.862,500.0
1361393184.862,833.3333333333334
1361393176.797,48.007246376811594
1361393185.114,2437.5
1361393185.303,1218.75
1361393185.623,207.58928571428572
1361393172.674,8.859536082474227
1361393177.793,61.342592592592595
1361393177.857,62.5
1361393185.92,166.66666666666666
1361393182.717,169.4078947368421
1361393180.987,185.546875
1361393181.05,156.25
1361393179.062,60.97560975609756
1361393187.164,174.63235294117646
1361393179.162,64.1025641025641
1361393187.35,416.6666666666667
1361393175.573,36.005434782608695
1361393183.829,4828.125
1361393179.474,80.64516129032258
1361393187.537,500.0
1361393184.079,1250.0
1361393184.268,833.3333333333334
1361393176.754,48.007246376811594
1361393176.69,64.61148648648648
1361393182.511,125.0
1361393185.198,1072.9166666666667
1361393177.324,52.25409836065574
1361393177.387,99.47916666666666
1361393185.323,223.55769230769232
1361393180.648,170.9558823529412
1361393178.213,69.01041666666667
1361393162.933,19.948630136986303
1361393162.992,20.082853025936597
1361393163.497,32.74647887323943
1361393165.718,109.94897959183673
1361393163.541,18.01378446115288
1361393163.6,16.901408450704224
1361393165.903,6.25
1361393163.725,17.46323529411765
1361393166.28,17.252604166666668
1361393166.28,17.395538243626063
1361393163.974,750.0
1361393166.342,19.04585798816568
1361393164.101,37.94642857142857
1361393166.56,20.429362880886426
1361393166.56,187.5
1361393164.451,87.17105263157895
1361393164.514,19.642857142857142
1361393164.514,5.831866197183099
1361393164.955,28.49002849002849
1361393164.955,149.4140625
1361393165.125,13.849431818181818
1361393165.125,10.948905109489052
1361393162.885,18.186475409836063
1361393163.073,187.5
1361393165.308,18.599195710455763
1361393163.072,28.91522988505747
1361393163.259,21.042713567839197
1361393163.322,14.087433510638297
1361393165.687,35.47643442622951
1361393163.51,15.079941860465118
1361393165.75,35.53921568627451
1361393165.72,13.086484593837536
1361393165.785,57.180851063829785
1361393166.034,21.08433734939759
1361393163.919,18.01470588235294
1361393164.044,150.0
1361393166.386,22.62636612021858
1361393164.208,21.073487031700285
1361393166.511,13.512323943661972
1361393164.397,39.1905737704918
1361393166.696,14.391447368421053
1361393164.773,74.70703125
1361393167.113,22.505326704545457
1361393167.303,20.940721649484534
1361393167.935,25.423728813559325
1361393168.038,16.6015625
1361393168.414,20.510563380281692
1361393168.667,15.190972222222221
1361393168.539,290.17857142857144
1361393168.795,201.38888888888889
1361393168.857,20.480225988700564
1361393168.98,13.644366197183098
1361393168.856,24.310405027932962
1361393168.919,101.806640625
1361393169.046,50.53191489361702
1361393169.11,64.21875
1361393169.532,15.363857938718663
1361393169.595,62.5
1361393169.275,281.929347826087
1361393169.339,401.4945652173913
1361393170.286,542.96875
1361393170.349,700.8928571428571
1361393170.579,650.390625
1361393170.643,1066.7613636363635
1361393167.051,24.720149253731343
1361393167.3,70.04702669902912
1361393167.474,27.464788732394368
1361393167.724,32.927028795811516
1361393168.612,19.58446866485014
1361393168.646,80.93163538873995
1361393168.838,15.450418994413408
1361393169.276,20.982142857142854
1361393170.198,916.015625
1361393170.452,23.65451388888889
1361393167.995,328.57142857142856
1361393167.225,298.36309523809524
1361393168.437,7.762738853503185
1361393168.435,6.317385444743936
1361393170.462,156.5332326283988
1361393190.982,277.77777777777777
1361393195.013,370.7386363636364
1361393191.104,277.77777777777777
1361393195.202,781.9293478260869
1361393195.265,221.5909090909091
1361393191.55,277.77777777777777
1361393195.704,519.0972222222222
1361393192.035,242.1875
1361393192.539,416.6666666666667
1361393190.167,833.3333333333334
1361393193.045,357.14285714285717
1361393192.788,363.28125
1361393190.483,214.84375
1361393190.483,1484.375
1361393188.623,59.72222222222223
1361393194.866,2500.0
1361393194.993,484.375
1361393191.277,277.77777777777777
1361393189.293,357.14285714285717
1361393191.277,65.49657534246575
1361393195.414,600.0
1361393191.572,416.6666666666667
1361393191.889,833.3333333333334
1361393195.729,1218.75
1361393192.015,536.4583333333334
1361393192.264,625.0
1361393192.585,833.3333333333334
1361393196.295,1250.0
1361393196.358,833.3333333333334
1361393182.405,184.43341121495328
1361393188.517,193.75
1361393194.017,223.55769230769232
1361393174.854,1500.0
1361393173.374,4.424778761061947
1361393173.498,31.33585164835165
1361393173.972,91.95696721311475
1361393171.472,6.521739130434782
1361393171.538,18.042127071823206
1361393174.097,60.0
1361393171.598,13.41759002770083
1361393171.957,13.855317679558011
1361393174.572,47.31889204545455
1361393172.454,38.81448412698413
1361393172.453,967.0138888888888
1361393172.875,4.3604651162790695
1361393172.873,87.5
1361393171.007,20.963216957605983
1361393173.374,19.151785714285715
1361393173.604,14197.916666666666
1361393173.603,27.573529411764707
1361393173.791,19.48418674698795
1361393174.207,11.642156862745098
1361393174.206,3148.4375
1361393171.773,6.362757731958763
1361393171.772,18.32191780821918
1361393171.835,19.166666666666664
1361393174.33,124.6189024390244
1361393172.27,410.15625
1361393172.27,12.5968992248062
1361393172.691,11.001275510204081
1361393172.691,500.0
1361393172.818,77.11693548387098
1361393174.838,3471.1927223719676
1361393173.561,90.46782544378698
1361393175.029,8.856951871657754
1361393175.029,127.69396551724138
1361393175.092,22.395833333333332
1361393175.278,65.14423076923077
1361393175.594,40.76086956521739
1361393175.593,42.025862068965516
1361393175.593,40.625
1361393175.593,40.625
1361393175.652,34.82142857142857
1361393175.763,10.968543046357617
1361393175.762,12.582632211538462
1361393175.761,91.54647435897435
1361393175.884,103.20723684210527
1361393176.014,149.63942307692307
1361393176.518,74.0017361111111
1361393177.003,104.61956521739131
1361393177.002,19.125
1361393177.129,39.40217391304348
1361393178.136,37.94642857142857
1361393178.011,93.16037735849056
1361393178.433,112.3046875
1361393178.558,60.96651193633952
1361393174.967,3.896103896103896
1361393175.457,12.71628878281623
1361393176.466,26.600609756097562
1361393176.622,37.760416666666664
1361393177.569,77.11693548387098
1361393177.675,124.7438524590164
1361393178.055,42.689732142857146
1361393178.042,1750.0
1361393178.3,10.845588235294118
1361393198.749,292.6136363636364
1361393198.749,165.8653846153846
1361393199.063,128.28947368421055
1361393199.127,202.30263157894737
1361393199.127,113.63636363636363
1361393197.205,1609.375
1361393197.332,340.4017857142857
1361393199.379,123.79807692307693
1361393197.457,223.55769230769232
1361393199.632,113.63636363636363
1361393197.584,150.5681818181818
1361393197.71,208.33333333333334
1361393195.765,176.4171511627907
1361393200.048,127.40384615384615
1361393200.305,54.910714285714285
1361393198.439,223.55769230769232
1361393196.773,234.375
1361393188.449,11761.23046875
1361393201.485,49.744897959183675
1361393202.06,64.1025641025641
1361393202.251,84.70394736842105
1361393202.25,65.87837837837837
1361393198.726,207.58928571428572
1361393191.228,133.53737113402062
1361393189.474,25.941506410256412
1361393197.6,268.2291666666667
1361393195.741,293.40277777777777
1361393197.916,250.0
1361393197.851,178.57142857142858
1361393200.765,60.22727272727273
1361393201.081,64.95098039215686
1361393201.973,89.38953488372094
1361393202.101,58.035714285714285
1361393202.164,62.5
1361393181.043,15.457887700534759
1361393181.168,4.451038575667656
1361393179.174,10.351070528967254
1361393181.538,88.23529411764706
1361393181.602,16.041666666666664
1361393179.424,16.5625
1361393181.644,27.048319327731093
1361393181.644,8.976964769647697
1361393181.64,115.38461538461539
1361393181.643,261.9485294117647
1361393179.591,97.81461148648648
1361393181.828,16.93435754189944
1361393179.713,89.0625
1361393181.953,556.8181818181818
1361393179.839,13.039568345323742
1361393182.078,123.08673469387756
1361393182.236,11.7734593837535
1361393180.063,15.58377308707124
1361393182.363,740.625
1361393180.244,1361.4164572864322
1361393182.552,22.82016348773842
1361393182.552,26.02665706051873
1361393182.713,62.5
1361393182.776,111.1111111111111
1361393180.984,4.373177842565598
1361393181.231,4.322766570605188
1361393181.352,391.8269230769231
1361393181.355,31.788793103448274
1361393181.583,363.54166666666663
1361393179.406,38.55846774193549
1361393179.467,9.907581453634085
1361393179.531,16.39851485148515
1361393181.77,23.121630727762803
1361393181.769,17.478099730458222
1361393181.833,535.15625
1361393179.717,57.399611398963735
1361393179.761,11.906645569620252
1361393180.138,13.513513513513514
1361393182.56,33.56481481481482
1361393180.801,263.0208333333333
1361393179.61,23.578265765765764
1361393179.928,4602.746212121212
1361393180.182,144.23076923076923
1361393182.906,16.355994152046783
1361393182.964,6.6386010362694305
1361393183.031,300.0
1361393183.283,1473.9583333333333
1361393183.408,12.615435356200527
1361393183.471,24.49792243767313
1361393183.534,29.088616714697405
1361393183.534,77.11693548387098
1361393183.972,17.178622159090907
1361393183.975,440.97222222222223
1361393184.083,375.0
1361393184.146,16.98369565217391
1361393184.461,28.328611898016998
1361393184.461,750.0
1361393184.586,17.655835543766578
1361393185.344,33.92094017094017
1361393185.451,22.549715909090907
1361393185.956,266.6666666666667
1361393185.955,100.0
1361393186.589,30.90277777777778
1361393182.852,79.1903409090909
1361393183.102,16.544117647058822
1361393183.292,21.735335195530723
1361393183.356,70.55457746478874
1361393183.355,34.455128205128204
1361393183.418,37.984913793103445
1361393183.923,326812.5
1361393184.152,25066.964285714286
1361393184.219,19.486860795454543
1361393184.408,9.39306358381503
1361393184.914,214.28571428571428
1361393184.977,19.28191489361702
1361393185.292,33.192334254143645
1361393185.226,168.82267441860466
1361393185.847,327.0833333333333
1361393186.037,21.32660167130919
1361393185.969,21.833333333333332
1361393186.286,25.114528795811516
1361393184.42,77.83653846153845
1361393183.997,58.87144549763033
1361393184.06,7.254464285714286
1361393206.942,555.5555555555555
1361393211.099,1484.375
1361393211.414,833.3333333333334
1361393205.525,459.82142857142856
1361393203.793,128.28947368421055
1361393205.948,726.5625
1361393204.092,178.57142857142858
1361393204.027,121.09375
1361393211.956,625.0
1361393212.023,833.3333333333334
1361393212.212,1072.9166666666667
1361393204.464,192.30769230769232
1361393204.531,192.30769230769232
1361393212.27,494.7916666666667
1361393206.638,609.375
1361393209.58,363.28125
1361393210.515,1250.0
1361393204.881,264.2045454545455
1361393206.673,250.0
1361393204.876,277.77777777777777
1361393206.799,203.125
1361393210.956,1250.0
1361393202.956,83.33333333333333
1361393205.131,484.375
1361393203.273,128.75
1361393207.495,63.80208333333333
1361393203.462,180.39772727272725
1361393207.813,833.3333333333334
1361393205.738,416.6666666666667
1361393205.61,223.55769230769232
1361393211.562,2500.0
1361393208.228,236.60714285714286
1361393205.924,423.36309523809524
1361393208.291,625.0
1361393211.81,833.3333333333334
1361393211.809,500.0
1361393211.935,833.3333333333334
1361393204.191,192.30769230769232
1361393206.174,362.0923913043478
1361393204.317,174.10714285714286
1361393204.507,247.59615384615387
1361393209.114,415.17857142857144
1361393209.114,416.6666666666667
1361393204.569,103.26086956521739
1361393209.596,833.3333333333334
1361393209.663,484.375
1361393210.108,1072.9166666666667
1361393210.555,500.0
1361393186.925,22.574362606232295
1361393189.164,12.352195945945946
1361393189.164,17.004985754985753
1361393186.988,24.20886075949367
1361393186.987,36.11366421568627
1361393187.111,21.069405099150142
1361393189.412,68.25657894736842
1361393187.298,22.74816176470588
1361393189.599,206.43335459183672
1361393189.887,19.049657534246574
1361393190.071,38.56382978723404
1361393188.023,6.503378378378379
1361393190.134,26.662427325581394
1361393190.112,34.44809941520468
1361393188.498,21.610014619883042
1361393188.788,17.805232558139537
1361393186.862,4.132231404958678
1361393186.923,92.0138888888889
1361393187.046,16.391348773841962
1361393189.349,74.70703125
1361393187.151,20.848607038123166
1361393187.816,36.499343832021
1361393189.992,6.761213720316623
1361393189.995,6.6386010362694305
1361393190.057,24.829382183908045
1361393190.118,22.09051724137931
1361393190.117,276.0416666666667
1361393190.399,150.5681818181818
1361393190.525,1002.6041666666667
1361393188.726,70.33527696793003
1361393187.593,67.5998263888889
1361393188.294,55.26620370370371
1361393189.948,281.62202380952385
1361393190.449,245.23305084745763
1361393190.891,14.460403726708075
1361393191.526,799.3191340782123
1361393189.331,18.607365145228215
1361393190.097,72.66566265060241
1361393190.284,1492.1875
1361393194.859,4.518072289156627
1361393190.952,30.67620056497175
1361393191.14,21.07142857142857
1361393191.204,125.0
1361393191.204,304.16666666666663
1361393191.456,27.332746478873236
1361393191.582,32.38161559888579
1361393192.311,18.377590673575128
1361393192.627,48.45328282828283
1361393192.752,24.174528301886795
1361393193.133,18.817204301075268
1361393193.172,4.3478260869565215
1361393193.043,58.423913043478265
1361393193.36,708.7053571428571
1361393193.423,10.172872340425533
1361393193.613,23.61306179775281
1361393193.866,31.766528925619834
1361393193.992,26.737967914438503
1361393194.118,18.37713068181818
1361393194.603,27.08923512747875
1361393190.889,19.004452926208653
1361393190.887,457.5892857142857
1361393191.014,498.046875
1361393191.136,13.826726342710998
1361393191.329,128.4722222222222
1361393191.582,20.936614730878187
1361393191.623,19.137596899224807
1361393191.686,19.831730769230766
1361393191.748,33.30357142857142
1361393191.808,37.26983002832861
1361393191.874,14.925373134328359
1361393192.064,4.437869822485207
1361393192.253,20.47264542936288
1361393192.378,54.8469387755102
1361393192.441,37.03703703703704
1361393193.182,54.52127659574468
1361393193.75,26.02715877437326
1361393193.813,3.926701570680628
1361393194.486,57.180851063829785
1361393194.356,4.3478260869565215
1361393194.938,153.8955479452055
1361393195.828,25.692654639175256
1361393193.824,91.28289473684211
1361393214.71,424.10714285714283
1361393214.832,625.0
1361393218.866,424.10714285714283
1361393215.152,312.5
1361393215.406,959.8214285714286
1361393219.433,833.3333333333334
1361393215.977,833.3333333333334
1361393216.039,625.0
1361393213.798,228.3653846153846
1361393213.837,593.75
1361393219.661,312.5
1361393219.656,250.0
1361393216.329,536.4583333333334
1361393214.087,625.0
1361393219.975,406.25
1361393214.213,488.9705882352941
1361393214.402,833.3333333333334
1361393220.289,625.0
1361393217.214,181.640625
1361393209.469,26.108870967741936
1361393212.669,312.5
1361393217.703,357.14285714285717
1361393210.087,56.03966346153847
1361393218.21,298.36309523809524
1361393218.401,363.28125
1361393218.656,625.0
1361393214.688,487.5
1361393213.02,181.640625
1361393213.332,363.28125
1361393213.392,593.75
1361393215.568,581.25
1361393215.62,625.0
1361393215.809,643.75
1361393215.809,1250.0
1361393215.935,357.14285714285717
1361393216.439,1250.0
1361393220.022,968.75
1361393214.134,484.375
1361393219.957,609.375
1361393214.197,494.7916666666667
1361393220.02,581.25
1361393216.978,416.6666666666667
1361393197.083,1353.125
1361393195.219,25.83092485549133
1361393195.281,1500.0
1361393195.345,67.76147959183673
1361393195.406,9.868421052631579
1361393197.517,19.429347826086957
1361393195.515,24.08297720797721
1361393195.515,1500.0
1361393195.765,17.037172011661806
1361393195.829,17.857142857142858
1361393196.078,5.798969072164948
1361393196.078,81.07383578431372
1361393196.235,17.1398891966759
1361393198.593,8.823529411764707
1361393196.798,77.11693548387098
1361393196.903,40.76086956521739
1361393194.915,1526.0416666666667
1361393194.913,367.1875
1361393195.039,22.58064516129032
1361393197.339,74.70703125
1361393195.227,38.51744186046511
1361393195.413,86.69354838709678
1361393197.397,924.1071428571429
1361393195.413,375.0
1361393195.58,50.3125
1361393197.691,549.4791666666666
1361393195.642,28.846153846153847
1361393195.704,411.83035714285717
1361393195.768,7.851562499999999
1361393197.876,115.38461538461539
1361393198.13,4.411764705882353
1361393195.989,1087.5
1361393196.426,15.164312039312039
1361393199.343,94.42543227665706
1361393199.614,3865.3273809523807
1361393199.945,4.814680232558139
1361393200.008,1500.0
1361393200.26,4.431540342298288
1361393200.703,37.94642857142857
1361393201.147,41.666666666666664
1361393201.249,38.56382978723404
1361393201.248,29.05701754385965
1361393201.312,21.367521367521366
1361393202.385,152.44932432432432
1361393202.38,187.5
1361393202.741,240.3846153846154
1361393199.086,33.333333333333336
1361393199.086,179.5774647887324
1361393199.149,36.044034090909086
1361393199.213,48.788265306122454
1361393199.211,204.13306451612902
1361393199.275,20.92551622418879
1361393199.274,1656.25
1361393199.396,12.226654846335698
1361393199.59,156.86274509803923
1361393199.652,65.59065934065934
1361393199.651,16.59058988764045
1361393199.823,72.58064516129033
1361393199.822,120.47697368421052
1361393200.833,19.53125
1361393201.317,19.37984496124031
1361393201.379,59.6875
1361393202.011,219.41489361702128
1361393202.075,181.89102564102564
1361393202.264,214.33423913043478
1361393202.264,284.0909090909091
1361393202.926,253.3783783783784
1361393226.647,83.33333333333333
1361393221.262,286.4583333333333
1361393227.149,500.0
1361393221.325,500.0
1361393227.213,416.6666666666667
1361393227.212,484.375
1361393227.276,609.375
1361393227.274,742.1875
1361393221.575,609.375
1361393223.877,113.05147058823529
1361393221.763,430.38194444444446
1361393227.82,1250.0
1361393224.364,75.75757575757576
1361393216.807,216.43518518518516
1361393228.452,2500.0
1361393217.607,186.12132352941177
1361393220.551,184.0277777777778
1361393226.115,69.44444444444444
1361393226.178,101.15131578947368
1361393226.623,143.0921052631579
1361393222.655,90.8203125
1361393220.926,833.3333333333334
1361393226.748,80.64516129032258
1361393227.001,348.2142857142857
1361393223.478,73.52941176470588
1361393223.837,69.44444444444444
1361393221.595,500.0
1361393224.716,88.06818181818183
1361393222.158,78.79464285714286
1361393222.158,180.39772727272725
1361393228.11,1609.375
1361393228.466,718.75
1361393228.594,2906.25
1361393218.222,158.3806818181818
1361393226.347,83.33333333333333
1361393205.021,246.875
1361393205.083,19.50354609929078
1361393205.083,31.202651515151516
1361393205.146,38.932291666666664
1361393205.145,16.546474358974358
1361393205.145,19.50354609929078
1361393203.157,26.875
1361393203.156,176.5625
1361393203.219,54.065265486725664
1361393203.219,14.10237819025522
1361393205.33,19.178082191780824
1361393205.328,18.154373368146214
1361393203.469,153.75
1361393205.517,11.215753424657535
1361393205.49,1351.5625
1361393203.505,19.721283783783782
1361393205.616,1791.6666666666667
1361393203.629,5.88235294117647
1361393205.677,22.27209944751381
1361393205.613,12.923869680851064
1361393205.801,31.338028169014084
1361393205.737,21.73913043478261
1361393203.877,18.742487980769234
1361393206.147,600.4464285714286
1361393204.291,66.17647058823529
1361393204.351,361.71875
1361393204.477,37.44904891304348
1361393206.332,1683.59375
1361393206.519,750.0
1361393204.79,4.285714285714286
1361393204.79,9.249281609195402
1361393204.889,6.617647058823529
1361393204.825,6.559766763848397
1361393205.011,29.76190476190476
1361393204.946,10.24666172106825
1361393202.833,300.0
1361393205.134,18.93939393939394
1361393205.07,6500.0
1361393205.196,15.787337662337663
1361393205.195,39.8936170212766
1361393203.143,12.860576923076923
1361393203.207,13.912671232876713
1361393203.269,16.638513513513512
1361393205.546,14.09076227390181
1361393205.609,36.662011173184354
1361393205.604,853.515625
1361393203.996,12.852822580645162
1361393204.028,187.5
1361393204.03,13.94774011299435
1361393206.073,252.23214285714286
1361393204.217,67.44791666666666
1361393206.39,21.04970326409496
1361393204.405,292.70833333333337
1361393204.405,352.67857142857144
1361393204.404,13.39909217877095
1361393204.404,20.93321917808219
1361393204.466,22.414693593314766
1361393204.594,22.048611111111114
1361393204.7,20.27027027027027
1361393204.766,51.54789719626168
1361393205.187,9.974211165048544
1361393206.448,69.13363171355499
1361393205.827,16.38392857142857
1361393206.903,1354.1666666666667
1361393207.09,16.954787234042552
1361393207.343,11.776477832512315
1361393207.342,22.432742782152232
1361393207.846,23.809523809523807
1361393207.91,29.291310541310544
1361393207.973,19.36619718309859
1361393207.973,931.25
1361393208.016,39.8936170212766
1361393208.208,24.954490291262136
1361393208.271,20.77562326869806
1361393208.523,23.75361271676301
1361393208.587,25.890261627906977
1361393208.65,10.728276353276353
1361393208.713,823.6607142857143
1361393208.903,6.6558441558441555
1361393208.965,10.08357558139535
1361393209.092,36.14672364672364
1361393209.324,22.25654069767442
1361393209.956,29.8828125
1361393210.21,1500.0
1361393210.21,375.0
1361393207.353,23.990271226415096
1361393207.416,812.5
1361393207.416,511.1607142857143
1361393207.541,17.67418032786885
1361393207.732,23.076923076923077
1361393207.858,8.671465968586388
1361393207.921,6.198347107438017
1361393208.657,30.486709770114942
1361393209.036,559.8958333333334
1361393209.099,43.817934782608695
1361393209.162,5.813953488372093
1361393209.226,176.18534482758622
1361393209.838,48.5149416909621
1361393210.091,4.559270516717325
1361393209.707,10.1318359375
1361393209.897,19.927536231884055
1361393210.404,300.0
1361393210.535,921.875
1361393210.599,1993.184840425532
1361393209.153,929.6875
1361393208.728,746.3942307692307
1361393234.691,312.5
1361393234.942,247.39583333333334
1361393234.94,203.125
1361393227.318,90.8203125
1361393235.312,128.28947368421055
1361393231.73,312.5
1361393229.552,416.6666666666667
1361393229.68,2500.0
1361393232.087,357.14285714285717
1361393232.465,74.88207547169812
1361393232.59,250.0
1361393232.653,143.38235294117646
1361393235.981,329.8611111111111
1361393232.776,178.57142857142858
1361393232.907,166.66666666666666
1361393224.97,46.65492957746479
1361393225.096,46.00694444444445
1361393233.159,459.82142857142856
1361393230.343,236.60714285714286
1361393230.514,500.0
1361393225.521,47.57462686567164
1361393233.901,500.0
1361393234.028,312.5
1361393234.028,459.82142857142856
1361393234.155,500.0
1361393234.283,71.42857142857143
1361393230.634,166.66666666666666
1361393231.37,414.0625
1361393235.145,176.13636363636365
1361393235.144,134.765625
1361393229.256,833.3333333333334
1361393231.491,363.28125
1361393232.063,357.14285714285717
1361393232.063,292.6136363636364
1361393232.062,312.5
1361393235.645,174.10714285714286
1361393232.189,415.17857142857144
1361393232.189,406.25
1361393232.505,321.875
1361393232.632,277.77777777777777
1361393224.676,46.00694444444445
1361393224.739,46.00694444444445
1361393232.675,178.57142857142858
1361393228.066,41.666666666666664
1361393232.674,415.17857142857144
1361393230.236,312.5
1361393230.237,357.14285714285717
1361393233.117,178.57142857142858
1361393236.316,424.10714285714283
1361393233.238,312.5
1361393233.557,269.8863636363636
1361393233.875,357.14285714285717
1361393210.831,1303.125
1361393210.893,18.010496183206108
1361393213.133,4.385964912280701
1361393210.957,5.661764705882353
1361393211.458,16.96560650887574
1361393213.553,23.20460704607046
1361393211.504,1697.9166666666667
1361393213.615,18.304869186046513
1361393213.678,1500.0
1361393211.628,15.011329305135952
1361393211.628,13.91882183908046
1361393211.753,15.531156156156156
1361393213.926,946.4285714285714
1361393214.047,38.61256544502618
1361393214.047,16.88718662952646
1361393214.051,49.58169291338583
1361393211.937,18.84710451977401
1361393214.239,13.373940677966102
1361393212.126,20.05730659025788
1361393214.401,27.388139204545457
1361393212.16,6.7730686695278965
1361393212.409,1500.0
1361393214.713,41.68097527472527
1361393212.598,4.310344827586206
1361393212.469,16.7710880195599
1361393212.469,4.398826979472141
1361393212.661,434.02777777777777
1361393212.702,36.58536585365854
1361393212.955,16.642252604166668
1361393212.955,21.620639534883722
1361393210.777,1125.0
1361393213.079,18.258928571428573
1361393210.966,159.375
1361393213.204,37.353515625
1361393211.023,19.41703216374269
1361393213.453,4.310344827586206
1361393211.443,33.49300486618005
1361393211.564,7.2477409638554215
1361393211.567,22.820723684210527
1361393213.864,44.08640226628895
1361393213.926,1020.0892857142858
1361393211.874,22.41119302949062
1361393211.873,45.211834733893554
1361393212.041,125.0
1361393214.344,19.642857142857142
1361393214.344,184.0277777777778
1361393214.339,77.11693548387098
1361393214.469,45.76210826210826
1361393212.289,4.398826979472141
1361393212.479,298.20478723404256
1361393215.87,39.77272727272727
1361393215.017,19.426804812834227
1361393215.08,22.178819444444446
1361393215.08,8.675508720930232
1361393215.206,123.03046218487394
1361393215.264,4.335260115606936
1361393215.457,13.960798816568047
1361393215.579,17.56198347107438
1361393215.71,1500.0
1361393215.773,17.408033033033036
1361393215.959,20.84772099447514
1361393216.09,15.701781326781326
1361393216.123,947.265625
1361393216.253,22.469380403458214
1361393216.504,19.741501416430598
1361393216.695,21.057830459770113
1361393217.007,16.625
1361393217.495,750.0
1361393214.83,17.622514204545457
1361393214.83,750.0
1361393214.893,828.125
1361393214.893,18.53197674418605
1361393214.893,250.0
1361393214.892,58.72844827586207
1361393215.082,1500.0
1361393215.524,61.07954545454545
1361393215.651,50.258190883190885
1361393215.754,20.848087818696882
1361393215.944,19.5203081232493
1361393215.94,29.233870967741932
1361393216.007,19.04296875
1361393216.7,50.86436170212766
1361393217.435,14.692826704545453
1361393217.434,25.15961021505376
1361393217.748,187.5
1361393218.041,23.250374251497004
1361393218.231,9.31047197640118
1361393219.368,44.94047619047619
1361393219.484,1615.4353562005276
1361393219.484,6.845238095238095
1361393238.873,104.16666666666667
1361393242.841,223.55769230769232
1361393239.19,131.7471590909091
1361393239.315,113.63636363636363
1361393239.441,118.48958333333333
1361393243.469,174.10714285714286
1361393240.242,113.63636363636363
1361393237.936,500.0
1361393240.364,119.04761904761904
1361393229.935,148.18948412698413
1361393241.061,93.75
1361393241.188,160.71428571428572
1361393236.447,357.14285714285717
1361393241.247,214.58333333333331
1361393236.387,250.0
1361393236.451,312.5
1361393236.45,357.14285714285717
1361393236.746,227.27272727272725
1361393241.673,277.77777777777777
1361393242.627,250.0
1361393236.993,156.25
1361393238.721,100.0
1361393242.752,312.5
1361393238.91,152.64423076923077
1361393242.936,357.14285714285717
1361393239.353,73.52941176470588
1361393243.193,312.5
1361393243.176,207.03125
1361393239.718,233.4558823529412
1361393239.78,131.57894736842104
1361393240.223,139.94565217391306
1361393240.725,147.05882352941177
1361393241.02,162.5
1361393240.954,156.25
1361393238.458,125.0
1361393236.344,357.14285714285717
1361393241.272,250.0
1361393241.526,329.8611111111111
1361393241.334,312.5
1361393236.597,270.8333333333333
1361393241.716,208.33333333333334
1361393241.844,329.8611111111111
1361393241.967,363.28125
1361393220.815,14.981617647058824
1361393220.812,25.165929203539825
1361393220.872,28.998559077809798
1361393221.121,27.787642045454543
1361393218.945,4.285714285714286
1361393221.226,377.8409090909091
1361393219.293,12.795608108108107
1361393219.355,19.850352112676056
1361393221.643,1777.34375
1361393221.703,826.171875
1361393221.954,41.487068965517246
1361393219.84,4.518072289156627
1361393222.08,111.1111111111111
1361393220.055,21.928267045454543
1361393220.185,418.75
1361393218.452,7.738095238095238
1361393218.572,18.51517341040462
1361393220.854,6.540697674418605
1361393221.101,17.578125
1361393222.223,552.0833333333334
1361393222.285,19.860692771084338
1361393220.148,341.5948275862069
1361393222.448,13.918067226890757
1361393222.384,377.0833333333333
1361393222.448,748.046875
1361393220.394,4.914688427299703
1361393223.05,311.38392857142856
1361393220.937,165.625
1361393220.936,4.665492957746479
1361393221.0,11.449353448275861
1361393221.386,7.065217391304348
1361393221.572,18.740968208092486
1361393221.399,7.044797687861272
1361393221.78,6.341911764705882
1361393222.852,50.29069767441861
1361393238.719,80.99489795918367
1361393226.762,32.11805555555555
1361393226.762,85.22727272727272
1361393226.761,36.98979591836735
1361393222.982,221.98275862068968
1361393223.612,4.958832335329341
1361393224.095,34.70982142857143
1361393224.094,22.232142857142858
1361393225.213,39.8936170212766
1361393225.275,31.779661016949152
1361393225.588,39.8936170212766
1361393226.584,32.21224340175953
1361393226.584,19.50354609929078
1361393226.584,2637.5
1361393226.647,39.8936170212766
1361393226.647,39.8936170212766
1361393226.647,37.760416666666664
1361393223.372,206.91287878787878
1361393224.166,179.45075757575756
1361393224.355,4.0298053527980535
1361393224.482,41.40625
1361393224.841,9.803921568627452
1361393225.094,32.95454545454545
1361393225.347,100.0
1361393225.6,34.090909090909086
1361393225.851,37.760416666666664
1361393225.915,36.25
1361393226.039,20.77205882352941
1361393227.209,36.25
1361393227.337,34.85576923076923
1361393225.046,3751.9311797752807
1361393243.625,54.34782608695652
1361393243.811,69.29347826086956
1361393243.811,21.99074074074074
1361393244.189,27.836134453781515
1361393244.505,24.709302325581394
1361393243.54,19.258720930232556
1361393243.726,60.22727272727273
1361393244.143,45.83333333333333
1361393244.206,107.28346456692914
1361393230.622,11.088709677419356
1361393228.829,500.0
1361393230.747,9.392076502732241
1361393226.902,15.36643026004728
1361393226.9,13.10722748815166
1361393227.565,77.11693548387098
1361393227.815,19.654605263157894
1361393229.843,750.0
1361393227.922,20.47748447204969
1361393230.218,13.412610619469026
1361393230.275,1500.0
1361393230.381,20.971485411140584
1361393230.693,6.696428571428571
1361393226.784,20.0
1361393226.783,15.439869668246446
1361393226.846,20.352193995381064
1361393227.012,20.720923261390887
1361393229.118,19.407894736842106
1361393229.308,19.488324175824175
1361393227.259,15.700849514563107
1361393227.321,666.6666666666666
1361393227.315,9.915865384615383
1361393227.57,20.960365853658537
1361393227.57,127.40384615384615
1361393230.594,13.5498046875
1361393228.672,30.09915014164306
1361393228.671,38.04347826086957
1361393230.718,13.358160621761659
1361393229.11,35.35780098280098
1361393231.092,23.206360946745562
1361393229.525,57.180851063829785
1361393228.743,1045.4545454545455
1361393230.019,92.44130710659898
1361393234.566,17.922794117647058
1361393234.628,630.859375
1361393234.815,4.385964912280701
1361393234.814,26.988636363636363
1361393231.289,13.14484126984127
1361393231.606,69.79166666666667
1361393231.644,19.040515075376884
1361393231.897,1656.25
1361393231.96,70.3125
1361393232.084,843.75
1361393232.21,1381.9444444444443
1361393232.274,300.0
1361393232.526,17.495324189526187
1361393232.589,20.980878186968837
1361393232.652,16.229059278350515
1361393232.652,5.539297658862876
1361393233.136,17.92669971671388
1361393233.262,60.77755905511811
1361393233.262,15.128968253968255
1361393233.829,19.059986595174262
1361393233.828,331.25
1361393233.887,15.828981723237597
1361393234.06,1656.25
1361393234.567,77.11693548387098
1361393234.567,1656.25
1361393234.631,656.25
1361393234.757,4.3478260869565215
1361393230.853,375.0
1361393234.756,12.254901960784313
1361393230.852,7.894736842105264
1361393234.819,750.0
1361393231.042,8.06924882629108
1361393231.525,13.980263157894736
1361393231.524,10.912698412698411
1361393231.902,810.2678571428571
1361393231.838,21.98304521276596
1361393231.901,1656.25
1361393231.965,369.3181818181818
1361393232.281,104.95283018867924
1361393232.406,47.61904761904761
1361393232.406,19.644028871391075
1361393232.511,4.3019480519480515
1361393232.574,14.985613810741688
1361393232.7,19.2578125
1361393232.7,19.328034682080922
1361393233.016,10.75436408977556
1361393232.951,20.533376963350786
1361393233.079,63.70192307692307
1361393233.079,149.4140625
1361393233.204,381.9444444444444
1361393234.811,14.04936974789916
1361393234.874,671.875
1361393235.188,19.87892670157068
1361393232.645,4794.759501187648
1361393255.053,82.53205128205128
1361393253.005,163.19444444444446
1361393259.083,178.57142857142858
1361393253.13,106.77083333333333
1361393253.129,279.4642857142857
1361393253.129,331.7307692307692
1361393247.432,31.55940594059406
1361393247.432,33.45959595959596
1361393253.191,69.44444444444444
1361393247.557,41.13520408163265
1361393245.316,26.713709677419356
1361393247.62,34.505208333333336
1361393245.378,26.5
1361393245.441,26.930894308943092
1361393251.456,68.63839285714286
1361393245.376,26.930894308943092
1361393247.936,35.23936170212766
1361393253.44,120.1171875
1361393253.567,78.125
1361393243.326,3851.349708171206
1361393256.102,73.52941176470588
1361393251.814,54.34782608695652
1361393256.164,75.75757575757576
1361393243.554,5356.528585271318
1361393243.554,5547.426470588236
1361393243.554,5005.9814453125
1361393253.922,84.70394736842105
1361393243.554,5200.379184100419
1361393243.554,3852.9680962343095
1361393248.545,15.056818181818182
1361393252.127,59.52380952380952
1361393256.351,83.33333333333333
1361393252.191,58.13953488372093
1361393260.063,208.33333333333334
1361393245.98,28.311965811965813
1361393245.916,28.311965811965813
1361393253.975,73.52941176470588
1361393256.791,76.171875
1361393246.229,51.520270270270274
1361393246.229,35.36184210526316
1361393252.627,66.05113636363637
1361393246.291,29.05701754385965
1361393244.221,1798.876549586777
1361393246.397,30.113636363636363
1361393254.461,90.8203125
1361393254.46,51.7578125
1361393246.459,30.957943925233646
1361393244.665,25.48076923076923
1361393246.775,31.25
1361393250.038,44.166666666666664
1361393242.102,949.5192307692307
1361393257.654,86.20689655172414
1361393250.804,79.6875
1361393258.548,131.57894736842104
1361393254.962,115.55232558139535
1361393244.85,11.688931297709924
1361393254.962,59.45121951219512
1361393252.913,75.75757575757576
1361393255.025,60.9375
1361393247.216,27.686403508771928
1361393253.039,271.5669014084507
1361393255.215,62.5
1361393253.038,272.32142857142856
1361393251.155,104.71491228070177
1361393247.635,39.2219387755102
1361393255.569,70.8841463414634
1361393259.598,250.0
1361393259.787,192.30769230769232
1361393243.464,8102.783203125
1361393243.464,8036.015926640926
1361393248.643,37.0639534883721
1361393256.326,86.20689655172414
1361393256.492,78.125
1361393256.555,73.86363636363637
1361393256.803,83.33333333333333
1361393249.319,83.75
1361393240.615,53.69178921568627
1361393254.687,67.56756756756756
1361393257.246,83.33333333333333
1361393257.501,621.3942307692307
1361393257.565,773.0263157894736
1361393257.501,760.0160256410256
1361393257.628,100.0
1361393246.679,26.084710743801654
1361393249.815,46.65492957746479
1361393250.135,48.29545454545455
1361393257.818,108.69565217391305
1361393258.182,113.63636363636363
1361393258.565,143.4659090909091
1361393258.436,220.48611111111111
1361393258.564,143.4659090909091
1361393258.716,110.79545454545455
1361393238.681,49.8046875
1361393238.681,74.70703125
1361393238.743,402.5735294117647
1361393238.742,168.22916666666669
1361393234.835,12.854609929078014
1361393237.322,37.94642857142857
1361393235.122,46.875
1361393237.486,256.8359375
1361393235.371,35.345873786407765
1361393235.621,21.218039772727273
1361393235.556,15.418865435356201
1361393235.904,23.719394329896907
1361393235.966,10.531767955801106
1361393238.206,26.713709677419356
1361393238.491,6.8440082644628095
1361393238.553,30.1513671875
1361393236.824,20.777479892761395
1361393234.942,21.3855421686747
1361393234.94,21.494289340101524
1361393235.002,143.75
1361393237.306,20.23850974930362
1361393235.128,1110.1017441860465
1361393235.059,286.9318181818182
1361393235.188,18.684725848563968
1361393235.188,40.07791777188329
1361393235.247,12.577266483516484
1361393235.25,20.271381578947366
1361393236.66,21.066952506596305
1361393238.896,74.70703125
1361393239.021,19.259692513368986
1361393238.956,196.73295454545456
1361393236.844,500.0
1361393239.146,275.13586956521743
1361393237.136,19.50354609929078
1361393239.248,17.26541994750656
1361393237.134,19.563356164383563
1361393237.449,19.47831978319783
1361393237.242,162.6953125
1361393242.605,11.772260273972602
1361393239.266,250.67934782608697
1361393239.329,26.199494949494948
1361393239.329,4.25771208226221
1361393239.709,14.110110803324101
1361393239.772,6.6558441558441555
1361393240.254,21.18844696969697
1361393240.632,20.32520325203252
1361393240.759,36.58536585365854
1361393240.947,12.046755725190838
1361393240.994,13.411458333333332
1361393240.993,72.44318181818183
1361393241.434,119.07327586206897
1361393241.875,44.017857142857146
1361393242.002,16.191709844559583
1361393241.937,61.78682572614108
1361393242.356,88.23529411764706
1361393242.483,413.46153846153845
1361393242.546,395.8333333333333
1361393242.609,607.421875
1361393242.667,406.25
1361393238.83,32.281839622641506
1361393242.734,41.732594936708864
1361393238.957,18.926597051597053
1361393239.336,353.6931818181818
1361393239.272,10.262345679012345
1361393239.445,21.254895561357703
1361393239.571,20.99920382165605
1361393241.741,25.55717054263566
1361393241.803,64.75515463917526
1361393242.184,468.75
1361393242.372,18.670550847457626
1361393242.435,15.713526912181305
1361393242.435,70.72368421052632
1361393242.37,19.970154494382022
1361393242.497,127.40384615384615
1361393242.497,125.0
1361393242.748,11.022286821705427
1361393242.811,14.172535211267606
1361393243.236,18.633261494252874
1361393243.106,63.70192307692307
1361393242.67,71.74295774647888
1361393243.624,8.55654761904762
1361393260.967,440.7894736842105
1361393261.097,277.77777777777777
1361393261.159,357.14285714285717
1361393259.238,67.84539473684211
1361393261.284,296.05263157894734
1361393263.901,500.0
1361393267.739,2500.0
1361393264.513,112.61792452830188
1361393268.156,833.3333333333334
1361393262.582,363.28125
1361393265.205,59.151785714285715
1361393260.703,250.0
1361393254.62,1696.5042372881355
1361393263.056,233.4558823529412
1361393263.055,1250.0
1361393261.132,357.14285714285717
1361393263.411,357.14285714285717
1361393263.599,459.82142857142856
1361393263.729,459.82142857142856
1361393261.611,357.14285714285717
1361393264.423,78.4438775510204
1361393261.798,494.7916666666667
1361393260.066,192.30769230769232
1361393267.981,833.3333333333334
1361393260.234,264.2045454545455
1361393260.55,250.0
1361393265.603,127.40384615384615
1361393262.72,92.59259259259258
1361393257.787,51.02040816326531
1361393244.996,15.32451923076923
1361393245.183,5.798969072164948
1361393245.245,48.63911290322581
1361393245.307,52.71849593495935
1361393243.063,19.136235955056183
1361393243.13,1583.806818181818
1361393243.13,7.264254385964913
1361393245.304,36.98979591836735
1361393243.187,750.0
1361393243.255,3413.839285714286
1361393243.255,2524.7201492537315
1361393243.255,1759.733606557377
1361393243.255,1995.3497023809523
1361393243.254,2320.1530612244896
1361393243.254,2358.984375
1361393243.254,97.42647058823529
1361393243.254,2658.1101190476193
1361393243.418,16.959798994974875
1361393243.479,220.98214285714286
1361393243.479,256.885593220339
1361393243.475,1357.0478723404256
1361393243.478,854.0426587301587
1361393243.726,29.97159090909091
1361393244.018,14.423076923076923
1361393244.08,12.195121951219512
1361393244.08,44.01881720430108
1361393244.143,23.726851851851855
1361393244.143,66.02112676056338
1361393246.318,8.90456989247312
1361393246.317,39.7093949044586
1361393244.267,28.10077519379845
1361393244.707,36.005434782608695
1361393244.875,30.612244897959183
1361393244.938,107.40291262135922
1361393242.949,53.30882352941176
1361393243.138,1334.1346153846155
1361393243.137,2450.6340579710145
1361393243.137,2342.8125
1361393243.136,2098.2954545454545
1361393243.136,2136.029411764706
1361393243.136,1438.5146103896104
1361393243.3,8.28125
1361393243.361,273.14814814814815
1361393243.361,263.39285714285717
1361393243.361,910.4764344262295
1361393243.36,270.64732142857144
1361393243.36,235.2941176470588
1361393245.725,58.72844827586207
1361393245.846,82.97413793103449
1361393245.909,47.00741525423729
1361393246.082,51.2609649122807
1361393244.03,64.2123287671233
1361393244.154,34.090909090909086
1361393246.325,78.125
1361393244.265,1900.0890736342042
1361393244.653,52.623456790123456
1361393247.331,46.875
1361393247.33,74.56683168316832
1361393247.33,15.151515151515152
1361393247.33,72.91666666666667
1361393247.581,39.8936170212766
1361393247.94,35.53921568627451
1361393248.319,16.129032258064516
1361393248.445,72.80219780219781
1361393248.635,77.05479452054794
1361393248.569,27.777777777777775
1361393249.142,52.94117647058823
1361393249.687,60.329861111111114
1361393249.818,75.70422535211267
1361393250.196,28.846153846153847
1361393250.635,107.14285714285714
1361393250.701,30.113636363636363
1361393247.659,17.647058823529413
1361393247.53,57.71683673469388
1361393248.012,80.35714285714286
1361393248.2,123.02631578947368
1361393248.896,7.962740384615384
1361393248.959,24.493243243243242
1361393249.086,27.27272727272727
1361393249.15,54.08653846153847
1361393249.26,71.75164473684211
1361393250.83,44.20731707317073
1361393250.893,25.43218085106383
1361393250.957,104.01119402985074
1361393250.957,35.714285714285715
1361393251.011,63.41911764705882
1361393251.078,141.07789855072463
1361393251.497,17.074742268041234
1361393249.074,39.31962025316456
1361393250.84,33.435880829015545
1361393251.541,96.80451127819549
1361393248.135,51.07179752066116
1361393250.857,28.070175438596493
1361393275.18,500.0
1361393275.175,500.0
1361393269.098,113.63636363636363
1361393267.366,42.23901098901099
1361393275.556,363.28125
1361393269.348,138.88888888888889
1361393271.648,114.95535714285714
1361393275.868,1250.0
1361393275.996,363.28125
1361393269.763,66.25
1361393276.038,804.6875
1361393276.165,416.6666666666667
1361393267.972,181.40625
1361393270.143,55.55555555555555
1361393272.574,125.0
1361393272.636,152.34375
1361393276.603,833.3333333333334
1361393265.336,58.1140350877193
1361393273.27,190.50480769230768
1361393265.634,56.14406779661017
1361393265.57,55.20833333333333
1361393265.824,49.03846153846154
1361393274.08,625.0
1361393274.015,363.0514705882353
1361393266.014,48.007246376811594
1361393274.206,406.25
1361393266.141,48.29545454545455
1361393266.46,53.42741935483871
1361393274.588,804.6875
1361393268.826,138.88888888888889
1361393269.075,169.4078947368421
1361393269.138,178.81944444444446
1361393271.121,67.56756756756756
1361393271.249,78.125
1361393267.382,36.637931034482754
1361393269.423,147.05882352941177
1361393269.489,125.0
1361393271.664,114.95535714285714
1361393267.695,363.7354651162791
1361393264.175,9.341032608695652
1361393264.364,27.26510067114094
1361393264.361,21.52317880794702
1361393270.054,49.744897959183675
1361393254.161,5.0495426829268295
1361393265.29,61.342592592592595
1361393268.49,178.57142857142858
1361393273.16,227.27272727272725
1361393273.35,277.77777777777777
1361393273.796,609.375
1361393273.924,421.875
1361393273.924,368.0555555555556
1361393274.179,490.625
1361393273.987,1453.125
1361393265.986,49.440298507462686
1361393274.305,625.0
1361393266.723,32.86082474226804
1361393250.905,37.94642857142857
1361393253.138,1519.53125
1361393251.154,78.94736842105263
1361393253.199,888.3928571428571
1361393253.609,7.41859243697479
1361393253.67,223.21428571428572
1361393253.791,95.10869565217392
1361393253.602,30.79044117647059
1361393253.666,15.625
1361393253.665,19.258720930232556
1361393253.664,223.21428571428572
1361393253.919,23.076923076923077
1361393252.063,36.19953416149068
1361393252.125,71.1436170212766
1361393253.768,208.33333333333334
1361393254.021,647.3214285714286
1361393253.829,150.73529411764704
1361393254.082,72.5
1361393254.016,234.375
1361393254.016,234.375
1361393252.479,73.58870967741936
1361393254.333,312.5
1361393254.333,312.5
1361393254.14,27.777777777777775
1361393254.199,24.193548387096772
1361393254.329,312.5
1361393254.619,239.10361842105263
1361393254.555,1989.0391791044776
1361393254.682,129.1920731707317
1361393252.761,117.36111111111111
1361393252.948,42.857142857142854
1361393252.948,22.018970189701896
1361393251.207,30.64903846153846
1361393253.297,67.3076923076923
1361393251.566,98.16576086956522
1361393253.672,208.33333333333334
1361393253.544,223.21428571428572
1361393253.544,114.43014705882352
1361393251.879,136.53273809523807
1361393254.734,11.563876651982378
1361393254.668,208.33333333333334
1361393254.644,11.115771812080537
1361393254.645,98.6842105263158
1361393254.837,40.76086956521739
1361393254.771,4303.640965732086
1361393254.898,23.809523809523807
1361393255.019,75.52083333333333
1361393254.894,234.375
1361393255.082,50.86436170212766
1361393255.273,4.718660968660969
1361393253.481,750.0
1361393255.336,6.736526946107785
1361393255.207,58.467741935483865
1361393255.316,19.642857142857142
1361393255.378,64.73214285714286
1361393255.568,25.8061835106383
1361393252.541,4350.356294536817
1361393254.502,9.847005208333334
1361393252.75,91.19897959183673
1361393254.869,750.0
1361393254.995,8.998925501432664
1361393255.31,30.036027568922304
1361393255.688,106.90789473684211
1361393255.941,136.36363636363635
1361393255.978,126.83823529411764
1361393256.102,29.375
1361393256.48,155.01644736842104
1361393256.669,14.318561872909697
1361393256.858,136.2179487179487
1361393256.858,74.70703125
1361393257.217,18.758245382585752
1361393257.535,208.33333333333334
1361393257.598,264.4675925925926
1361393257.788,58.423913043478265
1361393257.595,42.5
1361393258.04,133.92857142857142
1361393258.104,31.455592105263158
1361393258.104,117.1875
1361393258.327,145.08928571428572
1361393258.39,360.2430555555556
1361393258.582,20.99920382165605
1361393258.516,166.66666666666666
1361393254.927,14.230643044619422
1361393255.18,114.70170454545455
1361393255.306,144.8170731707317
1361393255.433,145.83333333333334
1361393255.665,19.50354609929078
1361393255.728,179.11585365853657
1361393256.042,192.3828125
1361393255.978,269.39655172413796
1361393256.104,16.61104368932039
1361393257.231,35.53921568627451
1361393257.355,23.123324396782845
1361393257.418,134.9431818181818
1361393257.52,111.26893939393939
1361393257.643,262.2466216216216
1361393258.153,137.1527777777778
1361393258.024,2390.625
1361393258.404,208.33333333333334
1361393258.659,143.81377551020407
1361393258.706,288.3522727272727
1361393259.015,51.97010869565218
1361393259.017,14.481707317073171
1361393259.208,31.292808219178085
1361393259.525,234.375
1361393259.268,87.02531645569621
1361393259.586,266.74107142857144
1361393257.315,8.731617647058824
1361393258.769,108.87096774193549
1361393256.126,71.58088235294117
1361393257.013,38.39451672862453
1361393257.576,29.63060224089636
1361393276.908,625.0
1361393283.051,833.3333333333334
1361393283.176,416.6666666666667
1361393269.094,8.636934673366833
1361393279.205,416.6666666666667
1361393279.394,494.7916666666667
1361393277.28,166.66666666666666
1361393277.342,290.625
1361393283.8,357.14285714285717
1361393269.656,8.59375
1361393283.968,484.375
1361393280.506,243.75
1361393280.569,494.7916666666667
1361393284.281,500.0
1361393280.822,221.5909090909091
1361393281.012,483.6309523809524
1361393278.69,329.8611111111111
1361393278.754,400.8152173913043
1361393281.376,266.74107142857144
1361393281.883,989.5833333333334
1361393282.587,463.94230769230774
1361393282.587,1609.375
1361393282.775,343.75
1361393276.953,833.3333333333334
1361393261.015,339.375
1361393279.063,416.6666666666667
1361393279.126,343.75
1361393277.014,269.8863636363636
1361393277.17,227.27272727272725
1361393283.314,208.33333333333334
1361393279.598,348.2142857142857
1361393279.724,357.6388888888889
1361393277.611,357.14285714285717
1361393283.69,312.5
1361393283.88,218.75
1361393280.04,343.75
1361393284.069,415.17857142857144
1361393280.392,71.42857142857143
1361393280.516,357.14285714285717
1361393284.291,625.0
1361393281.271,296.875
1361393278.523,250.0
1361393278.65,244.79166666666666
1361393281.4,312.5
1361393281.335,363.28125
1361393281.335,312.5
1361393282.076,357.14285714285717
1361393281.884,290.625
1361393282.649,244.79166666666666
1361393260.81,3703.125
1361393258.888,20.452949438202246
1361393258.887,147.72727272727275
1361393258.95,221.6796875
1361393260.997,19.0625
1361393259.012,31.94252077562327
1361393261.059,598.2142857142857
1361393259.071,15.118453865336658
1361393259.074,40.54054054054054
1361393259.199,6.355932203389831
1361393261.246,427.0833333333333
1361393259.261,38.37985436893204
1361393259.325,15.23653314917127
1361393259.324,19.087357954545457
1361393261.244,37.5
1361393259.279,35.35353535353535
1361393261.265,193.57638888888889
1361393259.345,15.716911764705882
1361393259.281,16.78082191780822
1361393259.344,129.05092592592592
1361393261.452,16.67580409356725
1361393259.468,14.645655270655272
1361393259.466,51.094585561497325
1361393259.53,21.839488636363637
1361393259.529,6.164383561643835
1361393259.529,31.97463768115942
1361393261.637,28.08887283236994
1361393259.653,12.931034482758621
1361393259.652,14.759036144578312
1361393261.7,19.5
1361393259.714,750.0
1361393261.867,8.450255102040817
1361393259.882,15.292553191489361
1361393259.946,181.25
1361393259.944,17.253521126760564
1361393262.99,32.96875
1361393261.069,19.51844262295082
1361393263.302,20.96518987341772
1361393263.426,17.08156779661017
1361393259.689,147.72727272727275
1361393261.672,13.344594594594595
1361393259.752,19.50354609929078
1361393259.751,57.69230769230769
1361393259.813,18.633990719257543
1361393261.86,17.623546511627907
1361393262.048,21.932339449541285
1361393260.0,83.33333333333333
1361393260.223,69.71153846153847
1361393260.412,63.70192307692307
1361393260.284,403.3203125
1361393260.284,16.14295580110497
1361393260.408,22.183098591549296
1361393260.344,4.322766570605188
1361393262.39,11.89365671641791
1361393262.513,29.222972972972972
1361393260.656,20.80431754874652
1361393260.656,1589.5833333333333
1361393262.575,77.11693548387098
1361393260.704,18.139367816091955
1361393262.686,29.055477528089888
1361393260.892,79.96961805555556
1361393262.809,18.160994764397905
1361393262.994,6.7164179104477615
1361393261.201,38.26530612244898
1361393261.262,8.674377224199288
1361393261.36,808.59375
1361393261.365,99.47916666666666
1361393263.402,138.02083333333334
1361393262.891,31.314834024896264
1361393263.398,214.28571428571428
1361393263.397,2852.6785714285716
1361393263.587,1140.3494962216625
1361393263.835,745.5357142857143
1361393264.518,8.781934306569342
1361393264.581,375.0
1361393264.768,19.642857142857142
1361393264.894,26.159147869674182
1361393265.021,39.8936170212766
1361393265.084,60.57464454976303
1361393265.212,102.84514925373134
1361393265.692,97.01492537313433
1361393266.322,67.09558823529412
1361393266.386,51.980198019801975
1361393266.512,77.66089108910892
1361393266.683,19.50354609929078
1361393263.093,21.223262032085564
1361393263.282,15.940656565656564
1361393263.345,97.03947368421052
1361393263.535,18.934316353887397
1361393263.534,750.0
1361393263.655,26.571085164835164
1361393263.766,16.484375
1361393263.827,31.071428571428573
1361393263.89,815.1041666666666
1361393263.825,381.25
1361393264.016,11.728491271820449
1361393264.268,23.557079081632654
1361393264.203,8.079268292682928
1361393264.457,20.57549504950495
1361393264.329,19.642857142857142
1361393264.645,16.24015748031496
1361393265.192,372.00168918918916
1361393266.442,61.02195945945946
1361393266.759,62.05357142857143
1361393266.949,101.9847972972973
1361393267.011,5.03419452887538
1361393267.555,40.76086956521739
1361393266.101,155.77651515151513
1361393291.056,494.7916666666667
1361393287.149,41.666666666666664
1361393287.592,190.9722222222222
1361393287.718,416.6666666666667
1361393287.908,625.0
1361393291.682,312.5
1361393288.159,609.375
1361393291.871,329.8611111111111
1361393277.827,117.48231132075472
1361393288.833,625.0
1361393289.087,348.2142857142857
1361393289.277,459.82142857142856
1361393286.522,214.84375
1361393284.665,609.375
1361393281.144,18.356643356643357
1361393289.825,536.4583333333334
1361393289.887,833.3333333333334
1361393290.333,500.0
1361393284.887,175.78125
1361393284.95,304.6875
1361393287.187,227.27272727272725
1361393287.314,304.6875
1361393287.378,357.14285714285717
1361393291.281,264.2045454545455
1361393287.504,250.0
1361393291.28,416.6666666666667
1361393287.801,500.0
1361393288.116,250.0
1361393291.698,312.5
1361393279.983,219.140625
1361393285.742,484.375
1361393285.805,312.5
1361393291.949,500.0
1361393288.492,416.6666666666667
1361393285.867,371.09375
1361393292.137,487.5
1361393292.136,312.5
1361393284.686,357.14285714285717
1361393278.734,165.85286458333334
1361393289.739,625.0
1361393290.185,207.58928571428572
1361393290.312,181.640625
1361393270.823,35.714285714285715
1361393268.842,277.9605263157895
1361393266.983,117.6470588235294
1361393267.233,71.80851063829788
1361393269.151,260.4166666666667
1361393269.275,259.0460526315789
1361393267.482,14.036016949152543
1361393269.499,37.760416666666664
1361393269.688,11.224160206718347
1361393267.89,3265.625
1361393269.936,10.958333333333334
1361393270.044,104.16666666666667
1361393267.991,24.64561855670103
1361393270.169,375.0
1361393268.185,50.86436170212766
1361393268.309,553.3854166666666
1361393268.371,18.028846153846153
1361393270.713,18.708333333333332
1361393266.992,21.187060889929743
1361393269.1,357.6388888888889
1361393267.525,20.68014705882353
1361393267.648,24.4343471810089
1361393267.71,15.474397590361447
1361393270.926,77.77777777777779
1361393268.941,16.576086956521742
1361393268.877,13.569078947368421
1361393268.94,1500.0
1361393271.237,93.38662790697674
1361393278.24,15.402843601895734
1361393271.031,38.56382978723404
1361393271.22,10.97972972972973
1361393271.473,750.0
1361393271.659,29.18388429752066
1361393272.59,18.229166666666668
1361393272.652,59.484649122807014
1361393272.905,36.662011173184354
1361393272.841,22.9255698005698
1361393272.968,16.55982905982906
1361393273.094,16.34877384196185
1361393273.157,261.5970254957507
1361393273.157,118.30357142857143
1361393273.412,24.305555555555557
1361393273.515,4.437869822485207
1361393273.515,42.39206128133704
1361393273.578,186.42241379310346
1361393273.704,14.14756446991404
1361393273.639,79.54545454545455
1361393274.017,335.9375
1361393274.268,20.277387640449437
1361393274.457,34.8458904109589
1361393274.562,20.00541907514451
1361393274.625,24.76585014409222
1361393274.688,22.58064516129032
1361393271.226,207.51953125
1361393272.959,4.545454545454545
1361393273.142,175.0
1361393273.146,15.005311614730878
1361393273.4,16.506410256410255
1361393273.775,15.901199494949497
1361393273.778,750.0
1361393273.905,15.370244565217392
1361393274.032,18.24421965317919
1361393274.071,24.375
1361393274.2,24.000360230547553
1361393274.263,38.083090379008745
1361393274.39,25.36231884057971
1361393274.833,15.714285714285715
1361393275.084,18.436578171091444
1361393275.147,375.0
1361393275.488,44.31573275862069
1361393272.259,1646.965579710145
1361393273.615,7.317073170731708
1361393273.933,76.08695652173914
1361393294.976,250.0
1361393295.417,192.30769230769232
1361393293.365,243.75
1361393293.427,250.0
1361393295.795,229.91071428571428
1361393295.73,250.0
1361393295.73,181.640625
1361393295.856,90.8203125
1361393295.919,250.0
1361393296.274,113.63636363636363
1361393296.404,86.20689655172414
1361393296.529,56.81818181818181
1361393296.781,64.1025641025641
1361393296.781,60.97560975609756
1361393296.844,64.58333333333334
1361393297.16,134.29054054054055
1361393297.519,77.38095238095238
1361393297.581,58.13953488372093
1361393297.581,56.81818181818181
1361393298.216,73.52941176470588
1361393291.105,131.4484126984127
1361393293.089,268.2291666666667
1361393293.087,96.875
1361393295.326,270.8333333333333
1361393295.367,190.9722222222222
1361393287.879,215.4513888888889
1361393293.572,312.5
1361393293.571,312.5
1361393295.873,51.861702127659576
1361393295.873,150.5681818181818
1361393296.0,113.63636363636363
1361393293.943,593.75
1361393296.441,105.71808510638297
1361393294.235,162.32638888888889
1361393294.235,459.82142857142856
1361393294.234,208.33333333333334
1361393294.361,416.6666666666667
1361393300.121,625.0
1361393292.568,227.27272727272725
1361393297.365,46.00694444444445
1361393294.484,250.0
1361393294.739,250.0
1361393294.607,312.5
1361393297.553,58.13953488372093
1361393297.808,62.5
1361393298.112,80.46875
1361393298.304,91.96428571428572
1361393274.996,23.863636363636363
1361393274.995,26.39523498694517
1361393275.057,21.579512893982805
1361393275.182,17.583333333333332
1361393275.118,18.571428571428573
1361393276.974,421.875
1361393275.244,32.64664804469274
1361393275.37,11.005784061696657
1361393275.37,21.385941644562333
1361393275.37,6.6371681415929205
1361393275.432,42.32804232804233
1361393277.16,11.764171511627907
1361393277.387,17.138416230366495
1361393275.659,28.529023746701846
1361393275.783,90.9090909090909
1361393275.785,90.9090909090909
1361393277.697,45.45454545454545
1361393276.16,115.57539682539684
1361393276.264,73.52941176470588
1361393276.328,33.64748677248677
1361393276.454,20.426637279596978
1361393278.657,1820.3125
1361393276.732,2140.625
1361393276.856,18.485915492957748
1361393275.125,63.32236842105263
1361393276.228,169.94507125890738
1361393276.228,6.540697674418605
1361393276.227,270.8333333333333
1361393278.018,19.989089775561094
1361393276.29,17.34601449275362
1361393278.082,6.907008086253369
1361393276.6,6.578947368421052
1361393276.6,22.213319088319086
1361393278.454,24.589477211796247
1361393276.787,39.794921875
1361393278.387,20.26909722222222
1361393276.849,28.672680412371133
1361393276.947,80.22388059701493
1361393278.67,19.71024258760108
1361393277.136,23.56283422459893
1361393277.134,19.234154929577464
1361393277.322,14.775815217391305
1361393279.089,18.200549450549453
1361393279.278,103.515625
1361393279.467,512.5
1361393275.996,35.64967105263158
1361392927.116,1221.8552586648455
1361393279.383,9.866490610328638
1361393279.762,30.0
1361393279.762,19.121201657458563
1361393279.825,16.111898016997166
1361393279.825,98.51190476190476
1361393280.179,1587.5
1361393280.305,16.427261613691932
1361393280.555,7.047872340425531
1361393280.98,25.356699751861044
1361393281.106,750.0
1361393281.294,48.79868090452261
1361393281.421,12.132879656160458
1361393281.357,32.92871900826446
1361393281.482,250.0
1361393281.482,32.46866295264624
1361393281.674,214.28571428571428
1361393281.927,31.512605042016805
1361393282.538,19.642857142857142
1361393282.478,21.57079646017699
1361393282.669,25.65365329512894
1361393282.731,14.738805970149253
1361393278.826,18.973214285714285
1361393278.89,4.261363636363636
1361393279.016,12.5
1361393279.553,31.161971830985916
1361393279.553,10.586319218241043
1361393279.742,22.03647416413374
1361393280.183,19.258720930232556
1361393280.243,19.841269841269842
1361393281.979,1088.068181818182
1361393282.298,12.373096446700508
1361393282.546,20.970394736842106
1361393283.285,34.20487106017192
1361393283.346,14.47415014164306
1361393283.537,22.94360632183908
1361393281.021,396.7013888888889
1361393280.669,7.223618090452262
1361393281.736,12.36817617866005
1361393303.023,125.0
1361393303.276,153.27380952380955
1361393303.464,114.78365384615384
1361393307.304,357.6388888888889
1361393303.528,269.8863636363636
1361393307.429,250.0
1361393307.554,304.6875
1361393303.905,424.10714285714283
1361393304.096,363.28125
1361393304.349,416.6666666666667
1361393301.704,304.6875
1361393307.911,270.8333333333333
1361393307.974,459.82142857142856
1361393302.017,44.921875
1361393302.017,44.921875
1361393302.016,44.921875
1361393302.016,44.921875
1361393302.08,113.05147058823529
1361393302.143,66.08606557377048
1361393305.213,492.1875
1361393305.402,609.375
1361393300.746,208.33333333333334
1361393305.742,86.20689655172414
1361393305.996,245.53571428571428
1361393306.124,221.5909090909091
1361393306.694,192.30769230769232
1361393300.866,227.27272727272725
1361393303.233,116.07142857142857
1361393303.424,85.9375
1361393299.006,89.40972222222223
1361393301.155,494.7916666666667
1361393303.653,989.5833333333334
1361393301.908,44.921875
1361393301.907,44.921875
1361393301.907,44.921875
1361393301.971,44.921875
1361393301.95,44.921875
1361393305.085,416.6666666666667
1361393302.139,108.69565217391305
1361393305.4,833.3333333333334
1361393289.91,78.41301843317973
1361393305.907,192.30769230769232
1361393306.288,416.6666666666667
1361393306.502,371.09375
1361393298.31,15.486725663716815
1361393284.777,53.75
1361393282.856,15.448943661971832
1361393284.838,8.537371134020617
1361393285.313,23.074127906976745
1361393283.456,6.164383561643835
1361393285.375,8.426966292134832
1361393283.58,29.445538057742784
1361393283.58,19.258720930232556
1361393283.638,23.369169096209912
1361393283.89,4.310344827586206
1361393285.745,578.125
1361393285.808,16.4539124668435
1361393284.053,16.731948228882832
1361393284.11,13.349089635854341
1361393286.032,21.6812015503876
1361393284.176,18.56763925729443
1361393286.156,84.51417004048584
1361393284.425,31.60112359550562
1361393286.408,750.0
1361393284.488,17.182917888563047
1361393285.528,13.87987012987013
1361393283.86,15.535714285714286
1361393285.839,331.25
1361393285.941,250.0
1361393284.148,214.28571428571428
1361393284.644,28.782894736842106
1361393284.75,375.0
1361393286.603,18.571428571428573
1361393284.873,50.20680147058824
1361393284.935,214.28571428571428
1361393286.723,4.373177842565598
1361393286.722,14.270231213872831
1361393284.997,187.5
1361393285.182,32.41404011461318
1361393284.024,69.89902506963789
1361393284.849,432.6508620689655
1361393285.356,8.165829145728644
1361393285.983,24.992226368159205
1361393285.405,18.192744755244757
1361393285.489,6.143162393162393
1361393286.125,15.157185628742514
1361393287.232,16.94606413994169
1361393287.296,13.781601123595506
1361393287.296,63.70192307692307
1361393287.549,18.069401840490798
1361393287.547,8.77568493150685
1361393287.671,4.732142857142858
1361393287.863,13.211025280898877
1361393287.926,229.77941176470588
1361393288.472,21.260245901639344
1361393288.536,11.752915451895044
1361393288.725,7.211538461538462
1361393288.978,750.0
1361393289.231,42.46794871794872
1361393289.295,4.639355742296919
1361393289.779,18.568840579710145
1361393289.903,19.50354609929078
1361393290.092,17.241379310344826
1361393290.156,20.3125
1361393286.921,8.670520231213873
1361393286.921,8.196721311475411
1361393287.046,750.0
1361393287.173,17.437645011600928
1361393287.235,24.13974719101124
1361393287.679,14.908667621776504
1361393287.487,16.41725352112676
1361393287.487,796.875
1361393287.676,38.080601092896174
1361393288.97,14.505853994490359
1361393289.352,20.365168539325843
1361393289.476,34.85892388451443
1361393289.666,4.828717201166181
1361393289.666,4.705255681818182
1361393289.792,14.797794117647058
1361393289.978,4.3478260869565215
1361393290.046,16.794786096256686
1361393290.173,4.732142857142858
1361393290.428,58.92857142857143
1361393290.469,581.5972222222222
1361393290.852,11.64940828402367
1361393290.783,18.966763005780347
1361393291.158,2792.96875
1361393291.479,12.640449438202246
1361393290.665,420.0
1361393289.227,8.03072625698324
1361393315.039,230.46875
1361393311.262,312.5
1361393309.208,199.77678571428572
1361393311.767,625.0
1361393311.828,833.3333333333334
1361393311.954,625.0
1361393315.792,357.14285714285717
1361393309.711,201.171875
1361393312.142,247.59615384615387
1361393312.381,223.55769230769232
1361393309.756,192.30769230769232
1361393304.57,4770.606884057971
1361393316.089,312.5
1361393310.007,242.1875
1361393312.758,500.0
1361393310.069,111.328125
1361393313.198,357.14285714285717
1361393300.5,42095.387554585155
1361393313.747,227.27272727272725
1361393310.61,147.05882352941177
1361393310.673,126.35869565217392
1361393308.686,114.58333333333333
1361393310.861,247.59615384615387
1361393313.805,227.27272727272725
1361393313.868,357.14285714285717
1361393314.06,227.27272727272725
1361393314.124,317.3828125
1361393314.315,312.5
1361393314.314,277.77777777777777
1361393314.95,166.66666666666666
1361393311.046,357.6388888888889
1361393315.139,143.22916666666666
1361393311.334,357.14285714285717
1361393309.159,132.21153846153845
1361393315.55,250.0
1361393309.346,44.763513513513516
1361393312.158,208.33333333333334
1361393309.718,247.39583333333334
1361393309.849,269.8863636363636
1361393309.954,178.57142857142858
1361393305.214,197.97207446808508
1361393313.082,312.5
1361393310.453,156.25
1361393313.626,250.0
1361393314.137,250.0
1361393314.327,416.6666666666667
1361393292.872,42.9783950617284
1361393290.896,2098.9583333333335
1361393290.957,21.65798611111111
1361393293.063,21.866270949720672
1361393291.386,15.108142493638677
1361393291.39,63.70192307692307
1361393291.747,15.544871794871796
1361393291.87,8.118872549019608
1361393293.602,562.5
1361393291.937,15.046296296296296
1361393292.06,444.57928802589
1361393292.094,31.459450402144768
1361393292.284,74.70703125
1361393294.007,542.96875
1361393292.532,544.034090909091
1361393292.404,20.43896866840731
1361393292.527,10.29265873015873
1361393294.676,21.797306629834253
1361393294.803,97.57653061224491
1361393290.896,43.20848375451264
1361393292.876,4.6329941860465125
1361393291.494,173.07692307692307
1361393291.494,19.475920679886684
1361393292.494,77.11693548387098
1361393294.477,320.3125
1361393292.557,18.29509493670886
1361393292.685,750.0
1361393294.412,12.516149870801035
1361393294.474,673.828125
1361393294.538,1500.0
1361393292.681,588.5416666666666
1361393292.784,750.0
1361393292.97,50.30487804878049
1361393294.762,4.322766570605188
1361393295.073,6.559766763848397
1361393293.513,573.4375
1361393295.302,17.218484419263458
1361393293.028,365.84051724137936
1361393294.806,23.459631728045327
1361393295.12,32.64232673267327
1361393295.624,19.125
1361393295.813,10.575457317073171
1361393296.003,125.0
1361393296.002,37.94642857142857
1361393296.063,188.1868131868132
1361393296.19,63.541666666666664
1361393297.97,10.172872340425533
1361393298.164,19.125
1361393298.162,20.003213367609256
1361393299.236,36.25
1361393298.958,88.47402597402596
1361393299.278,39.8936170212766
1361393299.146,39.8936170212766
1361393295.748,73.75
1361393295.811,13.341346153846153
1361393295.874,107.14285714285714
1361393296.669,816.8859649122808
1361393297.224,79.99517374517374
1361393297.288,18.05644132653061
1361393297.414,19.483024691358025
1361393297.729,11.850649350649352
1361393297.978,392.5
1361393298.109,84.55882352941177
1361393298.299,38.56382978723404
1361393298.358,40.27777777777778
1361393298.379,39.8936170212766
1361393298.441,6.708115183246074
1361393298.629,21.438953488372093
1361393322.97,212.05357142857142
1361393319.126,178.57142857142858
1361393317.014,156.25
1361393319.315,156.25
1361393319.315,250.0
1361393323.533,322.9166666666667
1361393323.469,312.5
1361393323.659,304.6875
1361393323.59,262.5
1361393319.946,277.77777777777777
1361393323.72,494.7916666666667
1361393323.952,1218.75
1361393320.809,121.875
1361393320.873,196.02272727272725
1361393318.12,143.38235294117646
1361393321.123,268.2291666666667
1361393321.419,208.33333333333334
1361393321.544,223.55769230769232
1361393322.051,494.7916666666667
1361393305.794,8.99869109947644
1361393316.796,125.0
1361393319.16,119.04761904761904
1361393317.047,125.0
1361393323.189,147.05882352941177
1361393319.39,221.5909090909091
1361393319.895,290.625
1361393320.336,193.75
1361393320.463,156.25
1361393324.212,277.77777777777777
1361393320.947,192.30769230769232
1361393321.135,178.57142857142858
1361393318.318,152.34375
1361393318.254,212.05357142857142
1361393318.38,96.15384615384616
1361393318.38,192.1875
1361393318.629,156.25
1361393321.764,208.33333333333334
1361393322.446,312.5
1361393302.814,31.914893617021274
1361393298.844,79.04411764705883
1361393298.843,4.285714285714286
1361393298.907,46.875
1361393298.906,55.10752688172043
1361393299.09,24.639423076923077
1361393301.262,11.194029850746269
1361393299.381,24.87864077669903
1361393299.566,19.16189111747851
1361393299.75,35.23936170212766
1361393302.096,36.25
1361393302.283,10.416666666666666
1361393300.297,354.7794117647059
1361393300.232,24.031432748538013
1361393301.638,176.68269230769232
1361393301.766,19.252232142857142
1361393299.905,68.45238095238096
1361393299.969,18.617021276595743
1361393301.953,101.16525423728812
1361393299.968,24.174528301886795
1361393300.133,1500.0
1361393300.133,33.760387811634345
1361393302.244,136.62790697674419
1361393300.195,25.122549019607845
1361393300.259,13.392857142857142
1361393300.321,30.0
1361393300.321,117.11014851485149
1361393300.321,26.692708333333332
1361393302.431,16.913659793814432
1361393300.447,22.154287439613526
1361393302.557,57.69230769230769
1361393302.713,34.198113207547166
1361393300.791,19.107404692082113
1361393302.837,32.95454545454545
1361393303.022,32.608695652173914
1361393300.909,28.350069252077564
1361393303.085,34.85576923076923
1361393301.1,18.40277777777778
1361393301.098,4.032258064516129
1361393303.337,51.171875
1361393303.38,49.27884615384615
1361393301.329,27.07941729323308
1361393303.568,70.77702702702703
1361393300.241,1618.3035714285713
1361393321.694,45.774647887323944
1361393302.961,4.0
1361393302.96,12.931034482758621
1361393303.149,15.225638977635782
1361393303.716,4812.5
1361393304.391,750.0
1361393304.39,16.513847305389223
1361393305.083,20.518092105263158
1361393305.142,22.246447028423773
1361393305.273,19.04560810810811
1361393305.272,41.09416890080429
1361393306.134,166.66666666666666
1361393306.682,554.6875
1361393303.091,5.98404255319149
1361393303.66,19.99470338983051
1361393305.081,19.647696476964768
1361393305.522,34.44311989100817
1361393305.456,591.3461538461538
1361393305.766,207.03125
1361393306.064,19.078038674033152
1361393306.188,16.073994252873565
1361393306.695,451.3888888888889
1361393306.88,18.641085790884716
1361393307.238,18.302317415730336
1361393324.896,473.9583333333333
1361393324.959,357.14285714285717
1361393327.133,92.59259259259258
1361393325.083,593.75
1361393325.083,364.3465909090909
1361393327.385,146.13970588235296
1361393325.335,203.125
1361393309.459,4.888803680981596
1361393326.063,416.6666666666667
1361393326.191,406.25
1361393326.255,322.9166666666667
1361393324.333,162.5
1361393328.557,69.50431034482759
1361393324.87,304.6875
1361393324.932,804.6875
1361393327.102,78.125
1361393327.674,81.25
1361393325.498,575.1953125
1361393327.716,86.20689655172414
1361393323.492,90.27777777777777
1361393327.907,141.74107142857142
1361393320.287,27.652877697841728
1361393325.979,357.14285714285717
1361393328.282,66.25
1361393324.178,208.33333333333334
1361393324.499,250.0
1361393326.522,250.0
1361393326.652,104.16666666666667
1361393326.842,96.15384615384616
1361393322.547,41.460396039603964
1361393308.902,12.734584450402144
1361393307.169,31.211797066014668
1361393307.168,15.335648148148149
1361393309.088,37.94642857142857
1361393307.355,3.8560411311053984
1361393307.353,19.019846796657383
1361393307.519,48.28717201166181
1361393307.643,15.220207253886011
1361393309.561,23.873730964467004
1361393307.641,21.652448071216618
1361393309.685,22.795092838196286
1361393309.871,21.057951482479783
1361393307.95,36.54534606205251
1361393309.915,18.75
1361393310.1,133.33333333333334
1361393310.226,29.460877862595417
1361393310.411,11.483948087431695
1361393310.575,11.817226890756302
1361393306.857,15.335648148148149
1361393306.857,12.760416666666666
1361393308.777,21.11037234042553
1361393306.919,6.1342592592592595
1361393307.979,25.43218085106383
1361393309.962,11.581873315363882
1361393308.104,18.446180555555557
1361393308.207,6.0
1361393310.127,6.373937677053824
1361393308.266,2910.714285714286
1361393308.394,15.625
1361393308.393,15.827396373056995
1361393310.313,6.299083769633508
1361393308.705,2093.75
1361393310.666,21.330040871934607
1361393310.917,6.570080862533692
1361393311.044,17.31418918918919
1361393309.122,18.931878306878307
1361393311.038,47.42005813953489
1361393311.038,81.08108108108108
1361393311.105,6.4655172413793105
1361393311.323,340.99264705882354
1361393311.577,18.758704735376046
1361393311.51,49.8046875
1361393309.233,13.302896725440807
1361393309.372,11.216939546599496
1361393310.952,7.770270270270271
1361393311.338,21.625
1361393311.904,26.956106870229007
1361393312.203,486.77884615384613
1361393312.074,9.003552971576227
1361393313.082,158.75
1361393313.759,4.285714285714286
1361393314.137,331.25
1361393314.2,14.763779527559056
1361393314.326,2296.875
1361393311.21,13.874299719887954
1361393311.209,36.875
1361393311.272,3.934085510688836
1361393312.525,19.642857142857142
1361393312.777,18.790064102564102
1361393312.84,13.6969794344473
1361393312.887,10.789641943734015
1361393313.204,4.273504273504274
1361393313.897,25.857997481108313
1361393313.897,1500.0
1361393314.441,245.53571428571428
1361393314.5,371.875
1361393315.259,4.3604651162790695
1361393315.555,1132.8125
1361393314.808,383.06451612903226
1361393338.946,113.63636363636363
1361393334.978,46.19565217391304
1361393332.996,73.52941176470588
1361393339.263,119.04761904761904
1361393331.39,67.56756756756756
1361393333.302,41.33064516129032
1361393335.8,49.440298507462686
1361393331.829,71.42857142857143
1361393336.291,65.78947368421052
1361393332.634,130.7565789473684
1361393337.114,132.35294117647058
1361393334.297,42.410714285714285
1361393329.112,54.956896551724135
1361393329.426,77.11693548387098
1361393334.676,52.57936507936508
1361393329.94,45.50438596491228
1361393337.525,162.5
1361393337.525,118.42105263157895
1361393338.67,90.27777777777777
1361393338.797,138.88888888888889
1361393330.925,66.05113636363637
1361393331.11,65.78947368421052
1361393335.014,48.713235294117645
1361393335.145,57.58928571428571
1361393333.09,78.125
1361393333.155,78.125
1361393331.427,80.72916666666667
1361393333.447,85.41666666666667
1361393336.322,67.56756756756756
1361393339.903,812.5
1361393336.446,86.93181818181817
1361393336.509,62.5
1361393333.884,74.85465116279069
1361393334.008,59.52380952380952
1361393329.373,53.125
1361393337.561,147.05882352941177
1361393337.689,138.88888888888889
1361393330.52,67.60204081632654
1361393330.582,53.191489361702125
1361393338.326,100.0
1361393318.82,15.887605042016805
1361393314.913,8.645533141210375
1361393314.97,253.125
1361393315.036,21.239554317548745
1361393315.223,22.47191011235955
1361393317.434,14.268207282913165
1361393315.576,74.4357638888889
1361393317.743,22.058823529411764
1361393317.74,59.74264705882353
1361393317.966,52.619485294117645
1361393318.218,6.5982404692082115
1361393318.217,16.58519553072626
1361393318.343,19.170168067226893
1361393316.487,23.753369272237197
1361393318.342,74.70703125
1361393316.612,305.28846153846155
1361393318.532,11.683558558558559
1361393318.595,300.0
1361393314.792,20.644430051813472
1361393316.776,21.676061007957557
1361393315.85,13.956705729166666
1361393315.979,21.09375
1361393318.084,39.77272727272727
1361393316.227,21.45989974937343
1361393318.628,19.59599447513812
1361393318.627,21.322513812154696
1361393316.895,32.2887811634349
1361393316.934,11.13013698630137
1361393317.12,21.60424187725632
1361393319.103,17.96457219251337
1361393319.227,6.574453551912569
1361393319.354,16.178474114441418
1361393319.478,6.446991404011461
1361393319.139,95.61713836477988
1361393319.522,15.764094955489615
1361393319.392,15.717455621301776
1361393319.729,17.18277945619335
1361393319.135,13.524159663865547
1361393341.023,458.984375
1361393319.217,10.21039603960396
1361393319.406,12.38425925925926
1361393319.533,4.437869822485207
1361393319.66,17.153532608695652
1361393320.039,34.197351421188635
1361393320.588,14.635554089709762
1361393321.093,38.87091280653951
1361393321.345,10.174418604651164
1361393321.577,1500.0
1361393321.64,21.160714285714285
1361393321.64,16.596502590673577
1361393321.826,295.8984375
1361393321.829,62.58245382585752
1361393321.893,15.056818181818182
1361393318.806,8.404645476772616
1361393318.912,19.03735632183908
1361393319.479,12.148337595907927
1361393319.607,20.38817663817664
1361393319.67,25.03188775510204
1361393319.733,21.848516949152543
1361393319.733,15.625
1361393321.473,2127.976190476191
1361393321.6,82.8125
1361393321.915,19.029329608938546
1361393321.978,124.67447916666667
1361393322.167,8.797653958944283
1361393322.229,17.37106017191977
1361393322.229,74.70703125
1361393322.523,11.251698369565219
1361393322.839,18.473525469168898
1361393323.024,13.761467889908257
1361393321.725,305.9895833333333
1361393339.322,108.69565217391305
1361393341.114,150.5681818181818
1361393343.922,327.6209677419355
1361393340.269,223.55769230769232
1361393342.058,357.14285714285717
1361393344.81,625.0
1361393342.121,536.4583333333334
1361393340.648,277.77777777777777
1361393340.326,178.57142857142858
1361393345.379,227.27272727272725
1361393345.543,120.1171875
1361393338.693,180.6066176470588
1361393340.862,250.0
1361393343.291,312.5
1361393341.177,357.14285714285717
1361393343.59,572.9166666666666
1361393341.352,357.14285714285717
1361393343.719,1250.0
1361393341.415,277.77777777777777
1361393341.478,500.0
1361393343.782,609.375
1361393342.598,223.95833333333334
1361393345.16,416.6666666666667
1361393345.16,416.6666666666667
1361393341.0,207.58928571428572
1361393342.856,304.6875
1361393345.224,343.75
1361393345.604,371.09375
1361393343.105,415.17857142857144
1361393341.15,68.42672413793103
1361393345.95,402.34375
1361393343.197,416.6666666666667
1361393343.452,402.34375
1361393346.706,75.2840909090909
1361393324.834,22.80618686868687
1361393324.899,19.99505277044855
1361393325.145,265.8005617977528
1361393325.208,16.65178571428571
1361393325.27,41.34615384615385
1361393323.349,22.17741935483871
1361393323.516,17.825704225352112
1361393324.014,20.752583979328165
1361393324.18,21.310888252148995
1361393326.225,401.3671875
1361393326.288,59.59699453551912
1361393324.302,47.14912280701755
1361393324.428,21.865889212827987
1361393324.428,3.95778364116095
1361393324.553,17.1398891966759
1361393326.471,4.213483146067416
1361393324.782,17.46323529411765
1361393322.861,266.6015625
1361393326.029,18.46955128205128
1361393326.154,16.7507204610951
1361393326.09,18.40185676392573
1361393324.233,13.814546599496222
1361393324.341,22.279312668463614
1361393326.322,21.41497461928934
1361393326.636,17.68543956043956
1361393324.775,1441.40625
1361393326.822,4.166666666666667
1361393326.856,20.08310249307479
1361393326.983,13.682665745856355
1361393325.057,21.001344086021504
1361393325.182,20.33450704225352
1361393327.102,389.3229166666667
1361393327.481,171.09375
1361393327.481,34.505208333333336
1361393325.535,13.862179487179487
1361393327.516,80.0857843137255
1361393350.407,523.4375
1361393327.118,6.180037313432836
1361393327.118,16.853932584269664
1361393327.118,5.7397959183673475
1361393327.181,46.068274456521735
1361393327.244,36.885245901639344
1361393327.371,16.143364928909953
1361393327.685,227.3706896551724
1361393328.035,5.784254807692308
1361393328.351,8.240049751243781
1361393328.412,33.56481481481482
1361393328.476,115.57112068965516
1361393328.918,39.8936170212766
1361393328.918,125.26041666666669
1361393329.296,29.71311475409836
1361393329.656,6.5982404692082115
1361393329.72,18.031984334203656
1361393329.909,31.850961538461537
1361393329.972,96.02272727272728
1361393329.971,9.858630952380953
1361393330.034,37.5
1361393330.478,145.61170212765958
1361393327.745,12.157310704960835
1361393327.807,101.5625
1361393328.06,28.560126582278482
1361393328.817,27.397260273972602
1361393328.879,20.010217983651227
1361393329.359,82.78508771929823
1361393329.739,4.477611940298508
1361393329.864,62.5
1361393330.156,83.33333333333333
1361393330.346,47.45370370370371
1361393330.915,357.4766355140187
1361393331.357,115.75255102040816
1361393331.548,116.74528301886792
1361393331.42,145.94414893617022
1361393328.084,1574.9133949191685
1361393328.202,51.32180156657964
1361393350.992,250.0
1361393351.055,312.5
1361393355.021,100.0
1361393343.116,142.66826923076923
1361393349.068,83.33333333333333
1361393351.368,312.5
1361393351.81,277.77777777777777
1361393349.569,101.5625
1361393352.128,484.375
1361393351.999,609.375
1361393352.063,500.0
1361393347.775,55.55555555555555
1361393347.774,83.55978260869564
1361393349.671,76.171875
1361393352.356,500.0
1361393352.419,329.8611111111111
1361393352.355,625.0
1361393355.998,227.27272727272725
1361393355.996,321.875
1361393332.438,10.194359756097562
1361393353.177,190.9722222222222
1361393348.244,101.15131578947368
1361393353.728,406.25
1361393348.731,75.75757575757576
1361393346.359,62.5
1361393346.677,83.55978260869564
1361393346.74,62.5
1361393346.992,60.04901960784314
1361393355.117,128.28947368421055
1361393355.117,167.11956521739128
1361393351.255,416.6666666666667
1361393347.223,63.70192307692307
1361393349.142,92.59259259259258
1361393351.381,625.0
1361393351.57,484.375
1361393349.262,92.59259259259258
1361393347.472,63.80208333333333
1361393355.471,138.88888888888889
1361393349.517,132.29166666666666
1361393349.517,126.35869565217392
1361393355.596,292.6136363636364
1361393347.596,51.861702127659576
1361393352.265,270.8333333333333
1361393348.074,44.53125
1361393348.136,59.52380952380952
1361393354.38,593.75
1361393351.307,250.0
1361393351.433,193.75
1361393351.557,290.625
1361393354.819,348.2142857142857
1361393346.93,51.861702127659576
1361393355.378,84.05172413793103
1361393355.377,833.3333333333334
1361393355.44,1250.0
1361393332.73,129.36827956989248
1361393330.875,3.7688442211055273
1361393331.062,18.88368983957219
1361393331.187,104.85197368421052
1361393331.248,149.91554054054055
1361393331.435,71.875
1361393331.853,5.754475703324808
1361393333.58,114.02925531914894
1361393333.769,15.625
1361393332.039,89.84375
1361393333.213,7.916114058355437
1361393333.461,5.681818181818182
1361393333.62,163.6284722222222
1361393332.244,26.14795918367347
1361393332.426,8.51393188854489
1361393332.492,41.62690839694656
1361393332.674,211.73469387755102
1361393332.845,3.947368421052632
1361393332.843,500.0
1361393333.109,51.47506082725061
1361393333.028,5.597014925373134
1361393333.091,18.821022727272727
1361393333.405,40.6998502994012
1361393335.067,38.56382978723404
1361393354.253,375.0
1361393334.995,32.95454545454545
1361393334.994,36.98979591836735
1361393335.184,9.933774834437086
1361393335.247,281.25
1361393335.373,79.1170634920635
1361393335.371,8.849557522123893
1361393335.435,18.9873417721519
1361393335.497,50.036127167630056
1361393335.496,31.25
1361393335.559,13.761467889908257
1361393335.813,79.31385869565217
1361393336.045,357.70089285714283
1361393336.173,38.56382978723404
1361393336.551,39.40217391304348
1361393336.55,1500.0
1361393336.677,37.760416666666664
1361393336.866,11.60585260115607
1361393337.117,281.25
1361393337.412,18.079682779456192
1361393337.539,27.32843137254902
1361393337.665,351.5625
1361393338.043,60.0
1361393338.422,171.22395833333334
1361393339.659,4.537671232876712
1361393335.88,34.198113207547166
1361393335.943,9.338235294117647
1361393336.005,12.901029055690072
1361393336.068,3.90625
1361393336.195,15.699940047961631
1361393336.57,35.53921568627451
1361393336.509,89.28571428571429
1361393336.637,29.00179856115108
1361393336.509,750.0
1361393336.827,36.98979591836735
1361393336.826,36.98979591836735
1361393336.975,15.43491484184915
1361393337.038,37.760416666666664
1361393337.29,81.80147058823529
1361393337.416,85.22727272727272
1361393337.541,292.6136363636364
1361393337.54,750.0
1361393338.172,185.26785714285714
1361393338.401,4.3019480519480515
1361393338.528,19.715314136125652
1361393339.16,19.96764305177112
1361393339.41,217.59259259259258
1361393339.41,1323.1534090909092
1361393339.518,19.28374655647383
1361393338.242,187.01171875
1361393359.038,93.75
1361393356.988,134.11458333333334
1361393359.227,62.5
1361393359.607,76.171875
1361393359.797,80.72916666666667
1361393357.492,192.1875
1361393357.871,127.40384615384615
1361393358.038,65.78947368421052
1361393360.404,108.69565217391305
1361393360.467,100.0
1361393360.657,188.98809523809524
1361393361.035,119.04761904761904
1361393361.226,105.97826086956522
1361393356.658,147.05882352941177
1361393356.722,174.7159090909091
1361393356.722,79.16666666666666
1361393361.775,101.15131578947368
1361393359.078,65.78947368421052
1361393359.582,80.64516129032258
1361393357.38,131.57894736842104
1361393359.811,67.56756756756756
1361393357.631,104.16666666666667
1361393360.25,104.16666666666667
1361393358.135,32.14285714285714
1361393358.134,55.55555555555555
1361393360.502,116.25
1361393361.914,128.28947368421055
1361393359.484,32.534246575342465
1361393362.044,108.69565217391305
1361393357.242,57.112068965517246
1361393362.232,146.99074074074073
1361393357.368,116.07142857142857
1361393357.431,119.04761904761904
1361393357.622,147.05882352941177
1361393357.685,131.57894736842104
1361393362.612,165.36458333333334
1361393349.684,8.466748768472906
1361393338.888,68.18181818181817
1361393340.806,54.04166666666667
1361393338.95,10.404497663551401
1361393338.949,17.857142857142858
1361393340.93,24.541884816753928
1361393339.197,65.21739130434783
1361393341.408,18.041666666666668
1361393339.798,12.454156479217604
1361393340.029,125.0
1361393342.068,17.697281167108752
1361393342.258,23.265796703296704
1361393342.445,16.51907356948229
1361393341.871,59.72222222222223
1361393340.248,18.87376237623762
1361393342.416,307.7445652173913
1361393342.478,671.875
1361393340.811,4.140625
1361393342.725,5.813953488372093
1361393341.037,7.523148148148148
1361393341.037,20.035282258064516
1361393340.78,75.87624069478909
1361393340.78,1125.0
1361393341.347,10.88308457711443
1361393341.152,15.824808184143224
1361393341.161,7.461072664359861
1361393342.165,70.61887254901961
1361393342.693,644.7368421052631
1361393342.82,342.5480769230769
1361393342.983,19.85858938547486
1361393343.486,15.534942363112393
1361393343.867,22.2436327077748
1361393344.225,500.0
1361393344.224,22.62190934065934
1361393344.476,19.72811671087533
1361393344.604,32.52226463104326
1361393344.667,33.76192098092643
1361393344.666,4.424778761061947
1361393344.98,19.699367088607595
1361393345.044,127.40384615384615
1361393345.274,16.43730886850153
1361393345.277,8.379888268156424
1361393345.276,22.727272727272727
1361393345.721,56.94444444444444
1361393343.925,22.775423728813557
1361393344.24,13.884391191709845
1361393344.555,19.333333333333336
1361393345.776,35.256410256410255
1361393345.773,20.14358108108108
1361393346.026,74.70703125
1361393346.215,8.771929824561402
1361393346.594,100.44642857142857
1361393346.658,82.1875
1361393347.102,35.53921568627451
1361393347.166,96.875
1361393347.07,8.04289544235925
1361393347.52,32.33333333333333
1361393347.52,93.75
1361393345.63,11.50282663316583
1361393345.613,23.02631578947368
1361393346.748,5.87467362924282
1361393367.204,53.191489361702125
1361393363.108,39.0625
1361393363.107,76.63690476190477
1361393367.521,112.92613636363637
1361393367.585,74.85465116279069
1361393367.584,54.34782608695652
1361393367.584,52.98913043478261
1361393371.36,166.66666666666666
1361393367.519,56.81818181818181
1361393365.215,100.0
1361393363.485,69.97282608695653
1361393367.835,59.52380952380952
1361393368.089,142.578125
1361393363.84,64.1025641025641
1361393365.816,141.96428571428572
1361393364.63,83.33333333333333
1361393369.62,119.04761904761904
1361393369.812,126.35869565217392
1361393364.691,73.52941176470588
1361393369.747,125.0
1361393364.755,128.0241935483871
1361393362.257,67.60204081632654
1361393366.673,69.01041666666667
1361393362.001,55.20833333333333
1361393370.063,143.38235294117646
1361393370.063,178.81944444444446
1361393370.19,162.5
1361393370.569,166.66666666666666
1361393362.635,67.60204081632654
1361393371.077,178.57142857142858
1361393367.236,72.01086956521739
1361393365.039,92.59259259259258
1361393363.117,67.60204081632654
1361393367.469,55.55555555555555
1361393371.433,197.91666666666666
1361393363.433,32.986111111111114
1361393363.305,69.01041666666667
1361393371.495,131.57894736842104
1361393371.558,162.5
1361393372.557,178.81944444444446
1361393369.099,72.65625
1361393364.746,130.7565789473684
1361393366.726,73.52941176470588
1361393364.868,101.15131578947368
1361393365.097,69.44444444444444
1361393370.153,100.0
1361393365.351,69.44444444444444
1361393370.406,104.16666666666667
1361393367.458,81.78191489361703
1361393365.663,73.52941176470588
1361393363.038,62.5
1361393363.165,78.4438775510204
1361393363.332,55.55555555555555
1361393363.395,35.807291666666664
1361393371.52,152.96052631578945
1361393349.047,18.621575342465754
1361393349.109,23.643695014662757
1361393349.295,162.03703703703704
1361393347.667,158.33333333333331
1361393349.942,17.65536723163842
1361393349.941,196.69117647058823
1361393350.128,13.884052924791087
1361393350.191,99.53703703703704
1361393348.078,12.862796833773086
1361393350.378,410.9375
1361393350.378,15.275837988826815
1361393347.88,15.475835322195705
1361393349.924,203.125
1361393348.066,102.76442307692307
1361393350.215,11.166897506925206
1361393350.151,20.47264542936288
1361393348.293,35.16689373297003
1361393350.464,239.13043478260872
1361393348.537,94.42934782608695
1361393350.68,99.53703703703704
1361393350.929,36.71875
1361393351.149,13.932291666666668
1361393351.211,17.094017094017097
1361393351.273,1125.0
1361393349.352,18.649193548387096
1361393351.336,2150.5681818181815
1361393351.105,709.8214285714286
1361393351.485,6.823575949367089
1361393369.546,74.35344827586208
1361393350.891,10.885663507109005
1361393350.941,882.8125
1361393351.005,12.702338129496404
1361393351.256,8.952702702702704
1361393351.319,15.039625360230549
1361393351.319,18.704710144927535
1361393352.432,19.258720930232556
1361393352.875,8.671465968586388
1361393353.383,21.056149732620323
1361393353.382,49.8046875
1361393353.317,1492.1875
1361393354.693,160.0
1361393354.37,2307.2916666666665
1361393354.497,598.2142857142857
1361393352.268,149.4140625
1361393352.331,125.0
1361393352.458,169.64285714285714
1361393352.584,3723.9583333333335
1361393352.647,21.2085734870317
1361393352.773,13.386194029850746
1361393352.773,15.893075980392156
1361393352.836,12.86514945652174
1361393352.898,24.28024781341108
1361393353.025,13.751827485380117
1361393353.51,19.782913165266105
1361393354.079,21.526834239130437
1361393354.141,4.385964912280701
1361393354.331,20.26435574229692
1361393354.458,750.0
1361393355.32,141.96428571428572
1361393352.813,23.416212534059945
1361393352.939,10.795454545454545
1361393354.897,92.63029315960912
1361393375.079,74.51923076923077
1361393359.396,78.5377358490566
1361393375.649,55.55555555555555
1361393379.489,277.77777777777777
1361393373.408,500.0
1361393375.902,121.1890243902439
1361393375.902,58.035714285714285
1361393371.803,73.52941176470588
1361393376.154,56.6860465116279
1361393371.903,78.125
1361393373.947,500.0
1361393376.884,80.64516129032258
1361393372.528,357.6388888888889
1361393374.766,83.33333333333333
1361393378.007,247.39583333333334
1361393378.006,227.27272727272725
1361393378.198,227.27272727272725
1361393374.865,83.33333333333333
1361393375.118,62.5
1361393379.021,178.57142857142858
1361393372.941,331.25
1361393375.433,53.191489361702125
1361393375.559,58.13953488372093
1361393371.815,89.40972222222223
1361393371.941,96.875
1361393373.192,130.7565789473684
1361393377.735,86.20689655172414
1361393377.862,86.20689655172414
1361393377.861,152.64423076923077
1361393375.404,100.0
1361393375.403,55.39772727272727
1361393378.411,126.35869565217392
1361393378.473,138.88888888888889
1361393378.853,227.27272727272725
1361393379.428,92.59259259259258
1361393354.802,155.625
1361393354.927,17.970737913486005
1361393354.926,15.184294871794872
1361393355.114,8.158866995073891
1361393355.113,337.99342105263156
1361393355.404,20.51326815642458
1361393355.403,77.11693548387098
1361393355.467,17.023026315789476
1361393357.639,159.50520833333334
1361393357.953,50.86436170212766
1361393359.493,136.5625
1361393357.499,36.885245901639344
1361393357.669,130.20833333333334
1361393355.872,4.476127320954907
1361393357.856,74.65277777777777
1361393355.872,17.775229357798167
1361393355.996,207.39795918367346
1361393356.058,133.33333333333334
1361393358.23,197.91666666666666
1361393356.243,21.887159533073927
1361393358.352,19.520429362880886
1361393358.652,142.73648648648648
1361393358.84,10.947145061728396
1361393356.791,187.5
1361393358.903,166.55585106382978
1361393356.791,428.9772727272727
1361393359.028,110.70478723404254
1361393356.851,37.64204545454545
1361393359.12,141.71511627906978
1361393359.306,32.95454545454545
1361393359.365,250.0
1361393357.061,8.695652173913043
1361393359.367,83.55978260869564
1361393359.618,25.705645161290324
1361393357.377,15.267175572519083
1361393357.44,20.15224358974359
1361393356.84,1541.4138349514562
1361393358.933,133.33333333333334
1361393359.063,14.85148514851485
1361393359.504,313.41911764705884
1361393359.631,40.55059523809524
1361393360.174,55.55555555555555
1361393360.362,10.060975609756097
1361393360.614,340.625
1361393360.803,14.077970297029703
1361393360.991,222.00520833333334
1361393360.99,186.71875
1361393361.054,10.169887780548628
1361393361.67,19.72811671087533
1361393361.858,128.75
1361393361.858,67.09558823529412
1361393361.602,225.0
1361393362.552,750.0
1361393362.616,450.0
1361393360.066,20.732445520581116
1361393360.255,37.94642857142857
1361393361.114,15.099158653846153
1361393361.114,42.8125
1361393361.618,75.0
1361393361.745,11.853448275862068
1361393361.997,247.5
1361393362.298,54.873511904761905
1361393362.866,115.625
1361393362.992,14.6570796460177
1361393362.992,12.748756218905472
1361393363.119,143.81377551020407
1361393363.308,123.61111111111111
1361393363.499,104.91071428571429
1361393363.562,140.95744680851064
1361393359.989,98.54714912280701
1361393383.093,71.42857142857143
1361393381.045,156.25
1361393383.155,69.44444444444444
1361393387.312,192.30769230769232
1361393383.787,81.25
1361393383.85,89.28571428571429
1361393383.85,84.05172413793103
1361393381.733,63.70192307692307
1361393384.167,108.69565217391305
1361393380.071,125.0
1361393384.586,110.79545454545455
1361393380.548,147.05882352941177
1361393384.963,229.91071428571428
1361393382.654,60.97560975609756
1361393382.78,60.9375
1361393385.704,96.15384615384616
1361393385.64,172.55434782608694
1361393385.895,104.16666666666667
1361393378.145,33.528645833333336
1361393382.879,88.88888888888889
1361393380.894,169.4078947368421
1361393383.194,69.64285714285714
1361393383.194,69.44444444444444
1361393383.446,100.5859375
1361393383.573,64.18918918918918
1361393383.805,92.59259259259258
1361393381.628,104.71491228070177
1361393384.248,119.04761904761904
1361393381.878,64.95098039215686
1361393382.004,66.40625
1361393384.627,138.88888888888889
1361393380.211,166.66666666666666
1361393385.985,228.3653846153846
1361393383.296,58.13953488372093
1361393381.564,156.25
1361393386.17,188.98809523809524
1361393387.376,113.63636363636363
1361393387.376,178.81944444444446
1361393387.503,213.54166666666666
1361393364.822,49.19137466307277
1361393362.961,12.3606220657277
1361393362.961,22.854477611940297
1361393364.944,200.82720588235296
1361393365.065,321.42857142857144
1361393363.211,133.60969387755102
1361393363.335,15.747389033942557
1361393363.397,141.95478723404256
1361393363.458,6.6214470284237725
1361393365.48,152.72177419354838
1361393363.749,102.51524390243902
1361393363.813,161.85897435897436
1361393363.811,19.301470588235293
1361393365.98,12.549212598425196
1361393365.832,28.919198895027623
1361393366.399,19.642857142857142
1361393364.414,104.72972972972973
1361393366.398,137.56793478260872
1361393366.327,60.0
1361393364.663,99.26470588235294
1361393364.639,227.31854838709677
1361393365.697,115.9274193548387
1361393365.886,39.40217391304348
1361393365.886,197.75390625
1361393363.964,25.390625
1361393364.025,23.73875321336761
1361393364.151,50.0
1361393364.149,147.75815217391306
1361393366.067,133.33333333333334
1361393366.194,22.083333333333332
1361393364.438,8.450255102040817
1361393364.437,250.0
1361393366.355,18.546747967479675
1361393366.415,21.713215258855588
1361393366.477,109.77564102564102
1361393366.538,16.418147208121827
1361393365.035,174.91319444444446
1361393365.03,167.578125
1361393367.012,87.23958333333333
1361393367.261,117.6470588235294
1361393365.404,142.5189393939394
1361393365.443,119.79166666666667
1361393367.363,73.56770833333333
1361393367.487,77.79947916666667
1361393367.487,5.968169761273209
1361393367.613,84.18367346938776
1361393366.553,15.06514657980456
1361393366.959,10.230179028132993
1361393367.017,14.479905437352246
1361393367.21,16.821172248803826
1361393367.528,87.91089965397923
1361393367.653,14.719202898550725
1361393368.263,18.84664948453608
1361393368.327,38.46153846153847
1361393368.516,40.396341463414636
1361393369.149,9.33837890625
1361393369.274,15.582191780821917
1361393369.4,42.81426553672316
1361393369.591,48.92113095238095
1361393368.031,16.486810551558754
1361393368.157,39.93055555555555
1361393368.409,6.045854271356784
1361393368.407,9.606758373205743
1361393368.47,26.041666666666668
1361393368.852,39.473684210526315
1361393368.914,17.263719512195124
1361393369.104,10.591172680412372
1361393369.167,15.22640306122449
1361393369.464,14.923628428927682
1361393369.463,68.91025641025641
1361393369.526,49.76851851851852
1361393369.837,18.86867088607595
1361393370.346,20.118199481865283
1361393370.597,11.149088541666666
1361393370.728,15.032181571815718
1361393370.727,64.81481481481481
1361393370.772,22.193211488250654
1361393370.897,17.798556430446194
1361393370.897,19.028871391076116
1361393371.654,25.541795665634673
1361393371.461,151.04166666666666
1361393388.889,75.75757575757576
1361393389.143,124.0234375
1361393389.143,103.88513513513513
1361393389.142,69.44444444444444
1361393395.222,247.39583333333334
1361393381.205,40.0
1361393391.508,56.81818181818181
1361393389.331,97.29166666666667
1361393391.951,74.51923076923077
1361393389.582,86.99324324324324
1361393389.641,141.96428571428572
1361393387.789,113.63636363636363
1361393395.761,178.57142857142858
1361393396.014,192.30769230769232
1361393396.013,228.3653846153846
1361393393.002,61.422413793103445
1361393390.375,71.42857142857143
1361393396.453,500.0
1361393388.643,114.95535714285714
1361393393.927,161.45833333333334
1361393394.054,147.05882352941177
1361393390.85,89.84375
1361393390.85,112.3046875
1361393390.913,78.125
1361393395.007,243.75
1361393388.99,75.75757575757576
1361393389.052,87.05357142857143
1361393387.428,167.11956521739128
1361393387.491,58.52272727272727
1361393395.426,208.33333333333334
1361393389.346,73.52941176470588
1361393391.968,67.56756756756756
1361393395.552,192.30769230769232
1361393391.968,62.5
1361393392.094,60.9375
1361393388.932,123.79807692307693
1361393393.348,69.44444444444444
1361393389.033,150.5681818181818
1361393390.952,80.64516129032258
1361393393.698,73.86363636363637
1361393391.326,75.75757575757576
1361393394.14,158.95432692307693
1361393391.451,73.52941176470588
1361393386.456,81.31377551020408
1361393391.703,71.69117647058823
1361393394.552,96.15384615384616
1361393395.254,178.57142857142858
1361393394.846,227.27272727272725
1361393371.094,14.812352245862884
1361393373.012,4518.75
1361393371.217,750.0
1361393373.262,16.59058988764045
1361393371.451,36.666666666666664
1361393371.636,6.219660194174757
1361393373.743,10.56338028169014
1361393371.823,53.790983606557376
1361393373.996,13.05379746835443
1361393372.011,90.84302325581395
1361393373.174,133.33333333333334
1361393375.158,18.134715025906733
1361393375.156,194.44444444444446
1361393373.425,17.543859649122805
1361393375.47,4.310344827586206
1361393375.659,33.798758865248224
1361393371.852,4.264705882352941
1361393374.147,15.043218085106382
1361393372.163,17.329545454545457
1361393372.162,87.17105263157895
1361393374.21,15.365304709141276
1361393374.209,9.573699421965319
1361393374.208,50.70754716981132
1361393372.415,6.38262599469496
1361393374.437,11.796652421652421
1361393372.579,40.76086956521739
1361393372.579,39.0625
1361393372.767,6.204600484261501
1361393374.871,15.668523676880222
1361393374.911,112.51745810055866
1361393374.911,52.69607843137255
1361393373.049,21.004098360655735
1361393375.039,111.1111111111111
1361393375.165,10.285804020100501
1361393375.165,33.77329192546584
1361393375.291,16.571969696969695
1361393375.607,104.28779069767442
1361393375.669,35.714285714285715
1361393375.797,19.36619718309859
1361393375.796,750.0
1361393375.86,22.103658536585364
1361393376.048,341.88432835820896
1361393377.354,45.45454545454545
1361393377.733,134.765625
1361393377.731,136.875
1361393377.922,16.100888324873097
1361393378.344,23.809523809523807
1361393376.753,65.91796875
1361393378.66,634.9431818181818
1361393378.85,22.890406162464984
1361393379.165,69.3359375
1361393377.511,165.54054054054055
1361393379.293,25.862068965517242
1361393379.227,19.95759587020649
1361393379.482,16.63578167115903
1361393375.513,16.927083333333332
1361393375.874,114.27696078431372
1361393376.501,32.04719387755102
1361393376.947,19.389572538860104
1361393377.425,11.92434210526316
1361393377.741,15.335648148148149
1361393378.057,32.74773316062176
1361393378.12,19.50354609929078
1361393378.373,198.95833333333331
1361393378.373,250.9765625
1361393378.564,19.444444444444446
1361393379.334,30.612244897959183
1361393399.152,416.6666666666667
1361393399.593,192.30769230769232
1361393399.847,193.75
1361393399.909,227.27272727272725
1361393397.833,243.75
1361393395.91,147.05882352941177
1361393400.517,227.27272727272725
1361393398.148,402.34375
1361393400.829,138.88888888888889
1361393400.833,207.58928571428572
1361393398.713,208.33333333333334
1361393398.648,223.55769230769232
1361393398.692,208.33333333333334
1361393396.452,277.77777777777777
1361393396.578,290.625
1361393396.705,277.77777777777777
1361393401.95,208.33333333333334
1361393402.077,174.10714285714286
1361393402.205,135.41666666666666
1361393402.779,83.33333333333333
1361393402.779,83.33333333333333
1361393402.459,207.58928571428572
1361393399.253,223.55769230769232
1361393398.35,193.75
1361393400.967,250.0
1361393398.852,348.2142857142857
1361393401.473,227.27272727272725
1361393401.522,207.58928571428572
1361393401.776,277.77777777777777
1361393397.103,221.5909090909091
1361393401.839,126.35869565217392
1361393401.711,71.42857142857143
1361393399.404,192.30769230769232
1361393399.531,192.30769230769232
1361393402.09,162.5
1361393402.021,229.91071428571428
1361393397.481,357.14285714285717
1361393402.598,138.39285714285714
1361393403.012,166.66666666666666
1361393403.139,90.46052631578948
1361393382.814,118.58974358974359
1361393381.015,134.22131147540983
1361393381.077,237.61792452830187
1361393379.092,125.0
1361393381.201,42.65873015873016
1361393381.137,37.5
1361393381.2,125.0
1361393379.406,113.89802631578948
1361393381.365,23.660714285714285
1361393381.431,124.1554054054054
1361393381.43,11.75860969387755
1361393381.493,25.815217391304348
1361393381.555,137.62019230769232
1361393379.76,1500.0
1361393379.888,164.80152027027026
1361393379.951,344.53125
1361393379.95,29.976222826086957
1361393381.806,277.5621118012422
1361393380.013,429.6875
1361393381.867,43.47826086956522
1361393380.074,262.6953125
1361393380.2,422.8515625
1361393382.055,97.25765306122449
1361393381.234,8.760838150289016
1361393381.359,132.35294117647058
1361393381.422,57.112068965517246
1361393381.484,153.64583333333334
1361393381.544,492.1875
1361393383.525,88.41463414634146
1361393383.779,144.32565789473685
1361393379.81,32.4017199017199
1361393381.967,20.0
1361393379.983,161.83035714285714
1361393382.029,26.785714285714285
1361393382.028,40.11194029850746
1361393380.172,4.600694444444445
1361393382.092,29.05701754385965
1361393382.091,22.030026109660575
1361393382.091,23.375984251968504
1361393382.154,14.423076923076923
1361393382.218,16.900510204081634
1361393380.611,13.51950354609929
1361393382.498,30.85342639593909
1361393382.624,119.59134615384616
1361393380.895,87.17105263157895
1361393381.208,12.094155844155845
1361393383.124,17.28723404255319
1361393381.332,213.70967741935485
1361393381.437,350.5859375
1361393381.401,19.4725975975976
1361393383.608,191.40625
1361393381.862,39.78825136612022
1361393381.989,18.880208333333332
1361393383.696,109.17721518987342
1361393382.891,112.84722222222223
1361393383.207,117.41071428571429
1361393384.261,17.131024096385545
1361393384.451,90.0
1361393384.892,10.968543046357617
1361393385.019,208.0965909090909
1361393385.145,100.69444444444444
1361393385.145,8.76010781671159
1361393385.272,88.23529411764706
1361393385.208,6.578947368421052
1361393386.816,162.109375
1361393387.321,406.25
1361393387.384,234.375
1361393387.826,389.7569444444444
1361393383.921,12.212643678160921
1361393384.285,8.90456989247312
1361393384.538,71.42857142857143
1361393385.105,19.717261904761905
1361393385.362,56.387629533678755
1361393385.489,20.20404884318766
1361393385.778,15.880449591280655
1361393385.841,36.005434782608695
1361393385.904,11.74645390070922
1361393386.03,25.390625
1361393386.285,218.75
1361393386.412,25.423728813559325
1361393386.283,234.375
1361393386.539,19.642857142857142
1361393384.23,1697.40675990676
1361393385.247,22.97794117647059
1361393386.825,234.375
1361393386.6,182.22402597402598
1361393386.845,103.84114583333333
1361393387.607,135.97470238095238
1361393405.278,78.125
1361393405.404,108.01630434782608
1361393403.419,111.77884615384616
1361393403.481,103.79464285714286
1361393403.732,96.15384615384616
1361393403.796,104.16666666666667
1361393405.884,59.151785714285715
1361393404.213,138.88888888888889
1361393406.639,56.14406779661017
1361393406.639,51.7578125
1361393407.178,53.42741935483871
1361393399.113,123.77232142857143
1361393405.192,87.05357142857143
1361393405.192,107.6388888888889
1361393403.271,92.59259259259258
1361393407.425,56.14406779661017
1361393405.443,110.41666666666666
1361393407.683,61.99596774193549
1361393407.787,52.57936507936508
1361393407.913,54.025423728813564
1361393407.973,68.32627118644068
1361393408.102,67.1875
1361393403.875,41.77989130434782
1361393405.252,169.4078947368421
1361393405.249,156.25
1361393405.359,166.66666666666666
1361393403.81,80.64516129032258
1361393388.831,122.63257575757576
1361393386.97,14.86766581632653
1361393389.014,117.6470588235294
1361393387.157,136.36363636363635
1361393389.076,123.66071428571429
1361393387.218,16.237745098039216
1361393389.138,28.846153846153847
1361393387.344,267.85714285714283
1361393389.263,17.31418918918919
1361393387.405,166.66666666666666
1361393389.367,209.55882352941177
1361393387.636,105.80357142857143
1361393387.699,35.92451523545706
1361393387.759,221.19140625
1361393387.821,205.56640625
1361393389.93,34.090909090909086
1361393390.054,159.92647058823528
1361393391.102,74.72826086956522
1361393391.227,19.736842105263158
1361393391.29,49.95598591549296
1361393391.29,62.74801587301587
1361393391.352,133.04924242424244
1361393389.494,149.55357142857142
1361393391.603,150.33783783783784
1361393388.106,19.754768392370572
1361393390.023,18.29268292682927
1361393390.147,150.5681818181818
1361393388.416,268.02884615384613
1361393388.585,28.596698113207548
1361393388.645,214.28571428571428
1361393388.584,17.771291208791208
1361393390.504,184.375
1361393388.773,750.0
1361393388.962,153.2939189189189
1361393391.226,147.89244186046514
1361393391.352,148.4375
1361393389.555,23.612081005586592
1361393389.555,37.94642857142857
1361393391.602,202.66544117647058
1361393390.089,151.9097222222222
1361393391.161,84.02777777777779
1361393391.223,80.45212765957446
1361393391.35,117.1875
1361393391.414,91.93313953488372
1361393391.413,68.18181818181817
1361393391.473,20.0487012987013
1361393391.539,31.914893617021274
1361393391.665,750.0
1361393391.792,53.57142857142857
1361393391.792,1255.2083333333333
1361393391.918,20.84725935828877
1361393391.79,19.50354609929078
1361393392.045,19.642857142857142
1361393392.108,68.18181818181817
1361393392.108,111.1111111111111
1361393392.171,27.665211970074814
1361393391.979,20.1001213592233
1361393391.979,44.11764705882353
1361393392.298,26.265337423312886
1361393393.09,25.065104166666668
1361393393.595,150.31702898550725
1361393393.914,40.671526054590565
1361393393.973,41.26496010638298
1361393393.841,5.653266331658291
1361393394.034,87.54208754208754
1361393394.581,155.04807692307693
1361393394.644,18.75
1361393394.832,116.75347222222223
1361393394.957,30.633223684210527
1361393395.209,319.79166666666663
1361393395.247,527.6442307692307
1361393392.164,120.38352272727272
1361393392.289,28.06818181818182
1361393392.352,110.29411764705883
1361393392.351,117.1875
1361393392.479,187.5
1361393392.478,300.0
1361393392.541,65.21739130434783
1361393392.668,19.559352517985612
1361393392.705,68.18181818181817
1361393392.771,37.109375
1361393392.771,112.2532894736842
1361393392.898,68.18181818181817
1361393393.024,48.387096774193544
1361393393.402,8.032915360501567
1361393393.654,18.533909574468087
1361393393.779,123.99193548387098
1361393393.842,167.76315789473685
1361393393.906,375.0
1361393394.071,687.5
1361393394.387,117.6470588235294
1361393394.381,98.6842105263158
1361393394.703,16.07849604221636
1361393394.766,19.736842105263158
1361393394.7,27.27272727272727
1361393394.891,90.27777777777777
1361393394.865,328.125
1361393395.559,19.609598853868192
1361393392.218,5.39568345323741
1361393392.167,5.344418052256532
1361393392.294,5.097517730496454
1361393406.999,30.965909090909093
1361393411.093,55.55555555555555
1361393419.155,147.05882352941177
1361393419.217,156.25
1361393415.568,312.5
1361393415.758,277.77777777777777
1361393413.516,119.04761904761904
1361393411.532,89.40972222222223
1361393415.82,242.1875
1361393415.883,223.55769230769232
1361393415.947,416.6666666666667
1361393413.744,227.27272727272725
1361393408.622,27.376033057851238
1361393411.948,107.29166666666666
1361393412.01,107.29166666666666
1361393412.073,93.75
1361393416.553,459.82142857142856
1361393414.185,348.2142857142857
1361393412.136,73.52941176470588
1361393412.199,91.96428571428572
1361393412.262,75.75757575757576
1361393417.094,146.99074074074073
1361393412.55,625.0
1361393414.531,371.09375
1361393409.601,42.46794871794872
1361393409.792,51.97010869565218
1361393417.343,156.25
1361393417.726,192.30769230769232
1361393417.853,242.1875
1361393417.721,250.0
1361393410.683,92.91666666666666
1361393410.682,73.52941176470588
1361393410.746,86.61684782608695
1361393415.092,214.84375
1361393413.042,208.33333333333334
1361393413.021,208.33333333333334
1361393412.163,62.5
1361393412.163,48.007246376811594
1361393412.352,64.1025641025641
1361393414.46,187.5
1361393420.661,212.05357142857142
1361393420.661,187.5
1361393412.727,75.75757575757576
1361393414.839,290.625
1361393412.79,80.72916666666667
1361393414.902,52.734375
1361393417.269,193.75
1361393412.825,107.29166666666666
1361393420.822,236.97916666666666
1361393412.949,103.79464285714286
1361393415.122,406.25
1361393420.945,402.34375
1361393417.808,125.0
1361393421.071,487.5
1361393415.246,609.375
1361393418.123,184.0625
1361393413.573,500.0
1361393410.549,52.54120879120879
1361393418.615,208.33333333333334
1361393418.932,226.10294117647058
1361393396.807,1500.0
1361393396.806,10.756019830028329
1361393397.179,18.963675213675213
1361393397.179,7.056451612903226
1361393397.24,20.95272206303725
1361393396.42,16.806402439024392
1361393396.482,23.35117403314917
1361393398.527,2000.0
1361393396.732,380.2083333333333
1361393398.966,590.2777777777778
1361393399.009,689.453125
1361393399.132,17.057291666666664
1361393399.447,15.753777472527473
1361393399.381,9.146341463414634
1361393399.57,17.802254098360656
1361393399.57,300.0
1361393395.894,34.090909090909086
1361393397.939,33.1224173553719
1361393396.018,3.5460992907801416
1361393396.079,3.5629453681710217
1361393396.204,3.981370192307692
1361393396.302,500.0
1361393398.347,149.14772727272725
1361393396.425,110.41666666666666
1361393398.599,22.015056022408967
1361393398.593,47.89402173913043
1361393396.798,22.651885474860336
1361393399.073,26.785714285714285
1361393399.45,480.7692307692308
1361393397.146,4.261363636363636
1361393397.209,23.8628223495702
1361393399.449,11.019283746556475
1361393399.575,156.63819875776397
1361393397.459,15.125363372093025
1361393399.252,17.068614130434785
1361393399.689,12.237466124661248
1361393399.944,4.335260115606936
1361393400.113,51.61372950819672
1361393400.173,159.375
1361393400.554,6.8181818181818175
1361393400.554,16.260162601626018
1361393400.681,19.943019943019944
1361393400.744,78.94736842105263
1361393400.743,205.72916666666666
1361393400.806,33.64071038251367
1361393400.933,20.12434554973822
1361393400.869,310.9375
1361393402.228,36.211699164345404
1361393402.355,13.898247978436657
1361393402.415,23.93250688705234
1361393402.985,392.578125
1361393402.983,422.8515625
1361393403.11,268.38235294117646
1361393403.363,35.36184210526316
1361393403.427,190.21739130434784
1361393403.788,115.42338709677419
1361393400.008,5.936675461741425
1361393400.385,18.817204301075268
1361393400.637,33.890845070422536
1361393401.313,16.047297297297295
1361393401.625,18.871191135734072
1361393401.692,82.8125
1361393401.754,12.5
1361393401.817,14.132724719101123
1361393401.977,13.01392572944297
1361393402.103,19.791666666666664
1361393402.167,93.75
1361393402.166,31.25
1361393402.735,329.4270833333333
1361393402.927,14.926675977653632
1361393402.862,92.0138888888889
1361393402.862,284.1796875
1361393403.116,125.0
1361393403.115,120.08698453608248
1361393403.179,32.461911357340725
1361393403.179,69.91185897435898
1361393403.537,40.396341463414636
1361393403.327,84.11268248175183
1361393423.006,192.30769230769232
1361393423.259,247.39583333333334
1361393427.349,178.57142857142858
1361393427.663,193.75
1361393424.438,500.0
1361393424.63,371.09375
1361393424.818,304.6875
1361393428.145,190.9722222222222
1361393425.071,85.9375
1361393420.139,76.63690476190477
1361393425.578,50.5514705882353
1361393420.56,111.77884615384616
1361393426.127,86.20689655172414
1361393425.999,80.64516129032258
1361393425.998,60.9375
1361393426.636,105.97826086956522
1361393426.95,125.0
1361393423.046,203.125
1361393413.123,89.59651898734178
1361393423.553,227.27272727272725
1361393407.552,15.479876160990711
1361393427.617,312.5
1361393424.097,208.33333333333334
1361393424.287,277.77777777777777
1361393424.351,290.625
1361393423.296,138.88888888888889
1361393423.294,125.0
1361393426.173,83.33333333333333
1361393426.045,131.57894736842104
1361393429.18,363.28125
1361393423.591,174.7159090909091
1361393426.342,67.70833333333333
1361393421.345,277.77777777777777
1361393426.847,116.47727272727272
1361393421.471,108.69565217391305
1361393426.91,78.62903225806451
1361393421.661,97.5
1361393427.419,73.86363636363637
1361393427.354,73.86363636363637
1361393419.414,42512.41987179487
1361393404.939,124.52651515151516
1361393405.002,6.373937677053824
1361393403.012,15.056818181818182
1361393405.317,59.21052631578947
1361393405.317,19.757231404958677
1361393403.204,27.4234693877551
1361393403.268,150.0
1361393405.379,4.678672316384181
1361393403.266,142.36111111111111
1361393405.505,19.50354609929078
1361393403.558,212.38425925925927
1361393403.43,152.7777777777778
1361393405.541,39.8936170212766
1361393403.557,135.7421875
1361393405.726,120.0657894736842
1361393407.166,23.809523809523807
1361393405.159,169.12220843672458
1361393405.22,18.878631961259078
1361393405.279,187.5
1361393405.343,291.6666666666667
1361393405.591,262.0192307692308
1361393406.009,115.54276315789473
1361393406.005,202.65151515151513
1361393404.15,125.0
1361393404.149,27.70618556701031
1361393406.26,76.13636363636364
1361393406.322,36.69724770642202
1361393406.446,83.80681818181817
1361393406.446,39.8936170212766
1361393404.461,12.001811594202898
1361393404.46,346.06481481481484
1361393404.46,10.071090047393366
1361393404.627,364.0046296296297
1361393404.687,77.11693548387098
1361393407.279,81.90524193548387
1361393405.231,2203.125
1361393405.23,444.4444444444444
1361393405.604,252.23214285714286
1361393405.604,104.16666666666667
1361393422.407,334.2013888888889
1361393406.975,19.50354609929078
1361393407.038,65.21739130434783
1361393407.037,32.77439024390244
1361393407.101,10.262573964497042
1361393407.16,118.69959677419355
1361393407.29,121.92622950819671
1361393407.417,17.61968085106383
1361393407.543,13.365963855421686
1361393407.856,115.57539682539684
1361393407.795,32.37951807228916
1361393408.157,17.778822055137844
1361393409.534,8.875739644970414
1361393409.465,38.46153846153847
1361393409.911,9.21474358974359
1361393410.099,25.122549019607845
1361393410.396,28.846153846153847
1361393410.581,15.0
1361393410.959,19.50354609929078
1361393411.144,33.56481481481482
1361393411.211,36.98979591836735
1361393411.338,33.56481481481482
1361393411.508,14.705882352941176
1361393411.631,35.53921568627451
1361393411.758,10.416666666666666
1361393407.789,39.8936170212766
1361393408.423,97.97297297297297
1361393408.675,123.4375
1361393409.099,107.14285714285714
1361393409.506,32.608695652173914
1361393409.505,9.358723958333334
1361393409.633,7.098765432098766
1361393409.54,19.287109375
1361393410.066,43.89880952380952
1361393410.572,7.537688442211055
1361393410.442,35.53921568627451
1361393410.82,4.844224924012158
1361393410.989,162.41776315789474
1361393411.368,31.74107142857143
1361393431.041,192.30769230769232
1361393429.053,416.6666666666667
1361393431.357,178.57142857142858
1361393429.051,643.75
1361393429.178,833.3333333333334
1361393435.384,138.88888888888889
1361393429.365,625.0
1361393429.664,218.75
1361393429.913,214.84375
1361393432.473,312.5
1361393430.227,277.77777777777777
1361393428.686,223.55769230769232
1361393430.324,171.875
1361393433.455,304.6875
1361393430.767,247.59615384615387
1361393433.006,221.5909090909091
1361393433.579,227.27272727272725
1361393434.346,152.96052631578945
1361393434.474,250.0
1361393430.888,185.546875
1361393430.952,208.33333333333334
1361393436.145,208.33333333333334
1361393430.187,812.5
1361393430.249,194.66743119266056
1361393432.998,459.82142857142856
1361393432.997,247.59615384615387
1361393430.792,277.77777777777777
1361393433.861,181.640625
1361393433.86,208.33333333333334
1361393429.315,459.82142857142856
1361393429.632,487.5
1361393433.984,193.75
1361393429.503,245.53571428571428
1361393431.484,122.76785714285714
1361393434.655,357.14285714285717
1361393419.293,20.795863309352516
1361393410.859,9.109311740890687
1361393410.922,25.423728813559325
1361393412.964,15.032798833819243
1361393410.983,39.8936170212766
1361393412.967,412.94642857142856
1361393413.092,534.8557692307693
1361393411.17,6.438442211055277
1361393411.234,7.772020725388601
1361393413.154,11.763649425287356
1361393411.292,27.777777777777775
1361393413.215,5.520833333333333
1361393411.357,6.390274314214464
1361393411.421,6.743421052631579
1361393412.416,97.40691489361703
1361393412.419,11.029411764705882
1361393412.587,7.462686567164179
1361393412.712,16.94595410628019
1361393412.712,30.2757793764988
1361393414.82,19.642857142857142
1361393414.882,6.6470994475138125
1361393412.961,6.6371681415929205
1361393412.961,77.00892857142857
1361393415.136,16.91176470588235
1361393415.136,27.51068376068376
1361393413.059,35.714285714285715
1361393415.292,165.625
1361393413.371,4.411764705882353
1361393415.29,375.0
1361393413.497,35.91954022988506
1361393413.56,13.733789625360231
1361393411.764,55.55555555555555
1361393411.807,8.720930232558139
1361393413.79,103.515625
1361393413.977,444.0104166666667
1361393414.102,27.52770083102493
1361393412.182,18.521769662921347
1361393412.182,17.241379310344826
1361393412.307,12.5
1361393412.306,19.32010135135135
1361393412.369,15.77596618357488
1361393414.352,23.961243016759777
1361393414.394,173.2336956521739
1361393412.474,41.666666666666664
1361393412.537,19.50354609929078
1361393412.536,17.75568181818182
1361393414.771,45.742753623188406
1361393412.722,6.520356234096692
1361393414.894,15.411543715846994
1361393414.952,26.28968253968254
1361393414.992,80.05208333333333
1361393415.428,9.815140845070424
1361393415.428,51.724137931034484
1361393413.57,22.30852601156069
1361393413.826,8.522727272727272
1361393412.388,1543.8673708920187
1361393415.353,257.1022727272727
1361393415.155,20.572229551451187
1361393415.344,421.875
1361393415.407,6.914511494252873
1361393415.534,23.4375
1361393415.659,45.45454545454545
1361393415.848,20.333904109589042
1361393415.911,21.159741144414166
1361393417.58,927.0833333333334
1361393417.708,125.0
1361393417.771,18.134715025906733
1361393417.833,11.816896984924623
1361393417.892,27.78716216216216
1361393417.896,20.89041095890411
1361393417.96,10.527188328912466
1361393418.023,88.23529411764706
1361393418.023,556.25
1361393418.086,6.934438040345822
1361393418.022,88.23529411764706
1361393418.25,24.595687331536386
1361393418.757,17.483108108108105
1361393418.691,79.19127296587926
1361393418.812,18.23654390934844
1361393419.488,259.25925925925924
1361393415.774,17.20100864553314
1361393415.837,104.77941176470588
1361393415.899,115.38461538461539
1361393416.025,336.6477272727273
1361393416.152,11.767456359102244
1361393416.277,11.329976303317537
1361393416.466,687.5
1361393416.637,34.9002849002849
1361393416.637,13.146841397849462
1361393416.7,36.589635854341736
1361393416.7,40.54054054054054
1361393416.7,17.45810055865922
1361393416.763,334.375
1361393416.826,381.00961538461536
1361393416.825,410.8455882352941
1361393416.888,24.4921875
1361393416.884,44.11764705882353
1361393417.015,12.749697336561743
1361393417.581,19.233923884514436
1361393417.644,60.0
1361393417.631,7.3138297872340425
1361393417.693,78.94736842105263
1361393418.384,7.16991341991342
1361393418.511,20.389766483516485
1361393418.739,30.281690140845072
1361393418.798,100.0
1361393418.797,125.0
1361393418.861,77.11693548387098
1361393419.561,750.0
1361393419.624,15.982142857142858
1361393419.239,19.48051948051948
1361393419.366,61.07954545454545
1361393419.705,31.82234432234432
1361393416.424,38.88888888888889
1361393419.149,28.22265625
1361393439.197,156.25
1361393439.197,227.27272727272725
1361393439.638,250.0
1361393435.858,104.16666666666667
1361393438.065,156.25
1361393438.127,95.4861111111111
1361393438.19,152.34375
1361393440.75,89.28571428571429
1361393438.317,166.66666666666666
1361393436.588,81.8452380952381
1361393436.776,105.97826086956522
1361393441.364,92.59259259259258
1361393436.999,147.05882352941177
1361393439.362,181.640625
1361393439.532,131.57894736842104
1361393437.546,122.76785714285714
1361393435.561,92.59259259259258
1361393435.811,107.6388888888889
1361393436.0,71.61458333333333
1361393438.045,156.25
1361393440.349,87.05357142857143
1361393439.147,156.25
1361393437.348,83.33333333333333
1361393441.764,51.861702127659576
1361393437.542,116.07142857142857
1361393439.27,220.48611111111111
1361393437.729,113.63636363636363
1361393439.585,198.4375
1361393439.708,156.25
1361393442.846,75.75757575757576
1361393420.775,391.55982905982904
1361393420.833,35.0
1361393418.852,9.554140127388534
1361393419.101,25.866996951219512
1361393420.391,3.8970588235294117
1361393420.575,434.8958333333333
1361393420.632,4.464285714285714
1361393420.632,338.94230769230774
1361393420.826,588.5416666666666
1361393420.826,193.47426470588235
1361393423.001,83.33333333333333
1361393420.756,14.358108108108109
1361393423.168,1250.0
1361393423.229,276.4945652173913
1361393423.48,38.46153846153847
1361393423.543,8.36489898989899
1361393421.363,16.088274932614553
1361393421.426,206.38020833333334
1361393421.269,696.1805555555555
1361393421.71,14.074131513647641
1361393419.975,35.714285714285715
1361393421.895,19.867549668874172
1361393422.124,273.4375
1361393420.201,212.61160714285714
1361393422.308,180.88942307692307
1361393420.384,448.6607142857143
1361393420.445,385.9375
1361393422.844,4.310344827586206
1361393423.098,352.7960526315789
1361393420.912,18.41114457831325
1361393420.916,1906.25
1361393421.1,14.25638686131387
1361393421.036,21.919642857142858
1361393421.267,11.599170918367346
1361393420.125,18.505586592178773
1361393421.077,13.871173469387754
1361393423.696,114.58333333333333
1361393427.744,226.97368421052633
1361393427.806,17.949380165289256
1361393424.091,18.7109375
1361393424.091,87.17105263157895
1361393424.217,2309.375
1361393424.951,19.923941798941797
1361393425.206,20.667989417989418
1361393425.202,19.058098591549296
1361393425.704,515.625
1361393425.835,53.401898734177216
1361393425.834,55.39772727272727
1361393426.153,500.0
1361393426.762,52.25
1361393427.493,41.61184210526316
1361393424.488,406.74603174603175
1361393424.154,22.839506172839506
1361393424.154,26.73611111111111
1361393424.217,92.67241379310346
1361393424.212,21.97128851540616
1361393425.572,71.95060483870967
1361393424.343,36.19350282485876
1361393424.77,136.36363636363635
1361393425.022,7.035818713450292
1361393425.085,15.379581151832461
1361393426.978,291.40625
1361393425.592,356.61764705882354
1361393425.654,14.973958333333334
1361393425.69,15.465561224489795
1361393426.197,60.810810810810814
1361393426.194,48.713235294117645
1361393426.575,19.747691292875988
1361393426.444,130.68910256410257
1361393426.763,189.65517241379308
1361393426.634,172.36328125
1361393426.697,18.229166666666668
1361393426.8,35.714285714285715
1361393427.182,19.036388140161723
1361393427.182,21.732954545454543
1361393443.341,48.007246376811594
1361393447.501,87.05357142857143
1361393451.533,190.9722222222222
1361393445.26,63.70192307692307
1361393445.386,69.01041666666667
1361393443.653,58.35843373493976
1361393443.78,55.20833333333333
1361393448.195,104.16666666666667
1361393448.301,119.04761904761904
1361393444.132,57.21153846153846
1361393448.739,87.05357142857143
1361393448.739,129.16666666666669
1361393444.383,570.7720588235294
1361393449.309,833.3333333333334
1361393449.368,415.17857142857144
1361393444.508,63.988095238095234
1361393449.243,363.28125
1361393444.507,96.27016129032258
1361393444.672,49.440298507462686
1361393446.659,73.52941176470588
1361393446.659,91.96428571428572
1361393444.802,66.08606557377048
1361393446.785,73.52941176470588
1361393450.175,101.1029411764706
1361393450.175,220.48611111111111
1361393442.238,62.5
1361393447.033,89.28571428571429
1361393451.256,269.8863636363636
1361393447.223,50.881410256410255
1361393448.83,110.41666666666666
1361393446.937,61.29807692307692
1361393445.27,53.42741935483871
1361393450.07,416.6666666666667
1361393450.069,500.0
1361393447.378,91.96428571428572
1361393450.574,833.3333333333334
1361393450.574,416.6666666666667
1361393450.948,193.75
1361393451.012,156.25
1361393451.076,138.88888888888889
1361393451.639,192.30769230769232
1361393451.639,174.10714285714286
1361393431.844,4.3478260869565215
1361393431.778,22.244236311239195
1361393431.841,388.0208333333333
1361393429.792,15.302002583979329
1361393428.052,6.959033613445379
1361393428.055,19.455922865013772
1361393428.785,18.16860465116279
1361393428.847,14.972014925373134
1361393430.611,14.348591549295774
1361393430.861,284.72222222222223
1361393431.046,166.66666666666666
1361393431.081,537.5
1361393431.335,710.9375
1361393431.456,19.61436170212766
1361393431.395,561.0795454545454
1361393431.521,288.46153846153845
1361393431.647,14.83718487394958
1361393431.71,34.673455056179776
1361393427.802,287.037037037037
1361393429.76,396.484375
1361393429.827,17.427884615384617
1361393429.887,50.38060897435898
1361393430.197,10.584677419354838
1361393431.497,51.291666666666664
1361393430.537,13.849431818181818
1361393430.892,26.31578947368421
1361393429.353,14.024595687331535
1361393431.394,387.6953125
1361393449.169,834.6354166666666
1361393430.893,414.66346153846155
1361393431.868,4.3478260869565215
1361393432.057,16.64481351981352
1361393432.057,29.435722748815166
1361393432.18,14.208123425692696
1361393432.431,15.714285714285715
1361393432.559,195.6845238095238
1361393432.621,28.401474530831102
1361393432.849,692.7083333333334
1361393433.041,20.542279411764707
1361393432.912,15.172101449275361
1361393433.294,690.9722222222222
1361393433.293,15.423387096774192
1361393433.77,21.512039660056658
1361393434.281,27.12956919060052
1361393434.724,635.7421875
1361393434.851,28.232473544973548
1361393434.463,300.0
1361393434.717,31.79034582132565
1361393435.288,306.49038461538464
1361393435.267,447.265625
1361393435.584,25.584795321637426
1361393431.804,19.661458333333332
1361393432.119,13.028047091412743
1361393433.04,59.72222222222223
1361393433.609,12.71489971346705
1361393433.609,230.69852941176472
1361393433.673,16.27967877094972
1361393433.711,20.33450704225352
1361393432.623,193.68489583333334
1361393434.092,360.6770833333333
1361393434.09,4.279715762273902
1361393434.407,5.7034220532319395
1361393434.47,20.833333333333332
1361393434.596,19.33876811594203
1361393434.594,23.171164772727273
1361393434.594,448.8636363636364
1361393433.947,20.206151832460733
1361393434.705,21.935933147632312
1361393434.829,23.4375
1361393435.532,24.003623188405797
1361393434.927,325.2840909090909
1361393455.397,119.04761904761904
1361393459.296,138.88888888888889
1361393455.649,119.04761904761904
1361393455.712,172.55434782608694
1361393453.215,113.63636363636363
1361393455.902,128.75
1361393456.76,172.55434782608694
1361393453.572,138.88888888888889
1361393453.697,100.0
1361393455.55,131.57894736842104
1361393458.493,119.04761904761904
1361393455.865,139.7058823529412
1361393459.064,119.04761904761904
1361393459.891,550.925925925926
1361393453.808,92.59259259259258
1361393460.121,125.0
1361393460.185,192.1875
1361393453.974,96.15384615384616
1361393456.406,143.38235294117646
1361393460.496,192.30769230769232
1361393454.286,104.16666666666667
1361393460.557,187.5
1361393454.709,92.59259259259258
1361393454.77,104.16666666666667
1361393457.774,113.63636363636363
1361393453.355,147.05882352941177
1361393455.083,60.9375
1361393455.209,65.78947368421052
1361393453.67,104.16666666666667
1361393455.547,119.04761904761904
1361393455.483,85.9375
1361393455.674,104.16666666666667
1361393458.934,101.5625
1361393459.699,335.625
1361393439.806,2160.15625
1361393436.619,11.123614958448753
1361393438.765,12.748756218905472
1361393438.89,36.458333333333336
1361393438.89,12.258976063829786
1361393439.078,159.5744680851064
1361393439.077,106.77083333333333
1361393439.328,750.0
1361393435.841,19.61297071129707
1361393435.903,21.11260053619303
1361393436.026,13.418079096045197
1361393436.063,15.625
1361393436.063,16.40439429928741
1361393436.126,15.306122448979592
1361393438.359,348.9583333333333
1361393436.435,29.256184895833332
1361393438.833,78.94736842105263
1361393437.288,20.79295865633075
1361393439.015,12.166341145833334
1361393437.35,19.396551724137932
1361393439.245,12.120712401055409
1361393439.928,150.0
1361393440.562,16.83859223300971
1361393440.561,12.605676328502415
1361393440.624,24.56597222222222
1361393440.624,16.469594594594593
1361393440.62,7.653061224489796
1361393440.813,22.35576923076923
1361393440.808,12.73296915167095
1361393441.106,14.278017241379311
1361393441.169,14.118020304568528
1361393441.228,15.350877192982455
1361393441.422,132.57575757575756
1361393441.611,16.644021739130437
1361393441.611,253.90625
1361393441.864,209.67741935483872
1361393442.157,238.28125
1361393442.283,123.10606060606061
1361393442.471,187.5
1361393442.534,41.666666666666664
1361393442.976,29.41176470588235
1361393443.038,137.97169811320757
1361393443.229,94.57236842105263
1361393443.165,79.08653846153845
1361393443.337,34.198113207547166
1361393440.06,50.29585798816568
1361393440.438,62.5
1361393440.501,58.423913043478265
1361393440.724,1707.7027845036318
1361393440.465,19.73280098280098
1361393441.367,19.2578125
1361393441.367,15.197450248756219
1361393441.62,32.03125
1361393442.807,45.67307692307692
1361393441.683,30.873493975903614
1361393441.845,4.587950138504156
1361393441.845,10.288592896174862
1361393440.549,24.650621118012424
1361393442.539,42.46794871794872
1361393443.046,34.72222222222222
1361393442.895,19.642857142857142
1361393442.958,40.76086956521739
1361393443.022,8.863636363636363
1361393461.695,66.40625
1361393463.998,55.20833333333333
1361393464.187,57.112068965517246
1361393464.25,55.20833333333333
1361393462.323,67.34154929577464
1361393462.385,42.5
1361393465.007,61.342592592592595
1361393462.742,97.84836065573771
1361393462.742,52.57936507936508
1361393457.299,38.970588235294116
1361393461.008,290.625
1361393465.869,54.34782608695652
1361393465.932,67.60204081632654
1361393461.322,162.32638888888889
1361393466.501,66.25
1361393466.372,64.95098039215686
1361393463.666,49.8046875
1361393459.692,148.8095238095238
1361393461.8,48.713235294117645
1361393461.864,48.713235294117645
1361393462.053,49.440298507462686
1361393464.42,50.18939393939394
1361393462.115,49.440298507462686
1361393464.483,101.16525423728812
1361393465.591,55.55555555555555
1361393461.045,229.91071428571428
1361393465.949,67.60204081632654
1361393461.34,58.1140350877193
1361393466.139,103.515625
1361393466.201,78.4438775510204
1361393461.4,50.96153846153846
1361393447.774,95.98214285714286
1361393443.924,51.13636363636364
1361393444.115,38.01305970149254
1361393446.094,60.83776595744681
1361393444.396,85.205078125
1361393446.381,12.230039267015707
1361393444.524,76.5625
1361393446.564,87.42559523809523
1361393446.63,36.09154929577465
1361393444.897,30.208333333333332
1361393444.997,61.783256880733944
1361393445.248,16.209476309226932
1361393447.229,116.07142857142857
1361393447.415,18.575465425531913
1361393447.527,17.74434840425532
1361393447.653,375.0
1361393443.747,5.661764705882353
1361393443.746,39.8936170212766
1361393444.067,68.97865853658537
1361393445.914,90.14423076923077
1361393444.183,5.514705882352941
1361393444.182,41.666666666666664
1361393444.283,30.612244897959183
1361393445.098,24.343297101449277
1361393444.408,26.785714285714285
1361393444.596,80.35714285714286
1361393446.452,2250.0
1361393444.595,50.223214285714285
1361393444.72,37.234042553191486
1361393444.783,68.75
1361393446.725,5.890052356020942
1361393444.801,113.28125
1361393446.78,48.913043478260875
1361393444.927,92.74193548387098
1361393445.052,20.09483830845771
1361393445.052,117.30072463768116
1361393445.238,22.66398514851485
1361393447.281,12.716090425531915
1361393447.386,135.41666666666666
1361393447.899,110.41666666666666
1361393448.341,16.304347826086957
1361393448.655,12.826492537313433
1361393448.781,8.670520231213873
1361393448.905,36.29032258064517
1361393449.075,6.487341772151899
1361393449.202,39.8936170212766
1361393449.641,12.656662269129287
1361393449.704,4.201680672268908
1361393449.767,19.290689149560116
1361393450.086,4.75933908045977
1361393450.082,375.0
1361393450.445,828.125
1361393450.444,692.7083333333334
1361393450.251,12.451799485861182
1361393450.378,12.408088235294118
1361393450.441,6.678427419354839
1361393451.432,257.47282608695656
1361393448.034,94.74734042553192
1361393448.16,34.198113207547166
1361393448.223,24.4639598540146
1361393448.348,18.125
1361393448.348,107.45614035087719
1361393448.411,30.612244897959183
1361393448.6,6.604381443298969
1361393448.663,17.028216019417478
1361393448.727,1125.0
1361393448.726,10.9375
1361393448.831,38.56382978723404
1361393448.83,8.720930232558139
1361393450.756,7.071865443425076
1361393449.083,37.234042553191486
1361393449.083,60.117302052785924
1361393449.082,10.194359756097562
1361393449.461,26.785714285714285
1361393449.397,17.96875
1361393449.964,13.28566384180791
1361393450.007,375.0
1361393450.709,5.915637860082304
1361393450.956,4.310344827586206
1361393451.209,118.30357142857143
1361393470.156,139.94565217391306
1361393472.335,131.57894736842104
1361393476.237,247.59615384615387
1361393470.476,104.16666666666667
1361393472.524,125.0
1361393472.65,119.04761904761904
1361393472.839,85.9375
1361393472.967,138.88888888888889
1361393472.88,121.875
1361393472.88,145.3125
1361393465.263,38.970588235294116
1361393473.322,208.8815789473684
1361393473.38,138.88888888888889
1361393473.573,156.25
1361393473.636,162.5
1361393473.762,212.05357142857142
1361393466.4,62.5
1361393471.647,198.4375
1361393471.711,126.35869565217392
1361393467.338,55.39772727272727
1361393474.953,223.55769230769232
1361393467.143,155.78358208955223
1361393467.143,51.861702127659576
1361393475.271,221.5909090909091
1361393475.334,227.27272727272725
1361393467.84,64.1025641025641
1361393467.903,58.035714285714285
1361393476.093,178.57142857142858
1361393470.33,111.77884615384616
1361393468.282,67.56756756756756
1361393468.217,64.1025641025641
1361393476.383,193.75
1361393470.494,100.0
1361393472.542,104.16666666666667
1361393470.685,13461.295871559632
1361393468.508,62.5
1361393468.508,67.56756756756756
1361393468.571,78.5060975609756
1361393472.73,113.63636363636363
1361393465.177,38.403614457831324
1361393472.92,131.57894736842104
1361393468.76,109.82142857142857
1361393465.303,37.94642857142857
1361393473.236,95.4861111111111
1361393471.248,138.88888888888889
1361393473.426,147.05882352941177
1361393473.489,128.28947368421055
1361393469.072,80.64516129032258
1361393473.59,79.16666666666666
1361393473.843,265.625
1361393469.551,128.75
1361393474.221,107.421875
1361393466.733,52.083333333333336
1361393466.732,69.01041666666667
1361393466.796,69.01041666666667
1361393474.731,122.76785714285714
1361393474.602,264.5833333333333
1361393474.922,229.91071428571428
1361393475.176,178.57142857142858
1361393467.428,78.5060975609756
1361393452.077,19.227851941747574
1361393452.14,102.5179856115108
1361393453.927,62.5
1361393453.926,11.677631578947368
1361393454.088,14.710771276595745
1361393452.488,90.27777777777777
1361393454.151,133.33333333333334
1361393454.527,191.51785714285717
1361393452.859,13.345490716180372
1361393454.651,13.594632768361581
1361393454.651,245.37037037037038
1361393454.714,186.84895833333334
1361393454.751,262.9076086956522
1361393453.213,19.784172661870503
1361393453.339,13.157894736842104
1361393455.0,65.21739130434783
1361393453.524,188.03418803418802
1361393455.672,24.324324324324326
1361393451.955,66.08606557377048
1361393452.079,23.09409340659341
1361393453.743,70.83045580110497
1361393452.079,1500.0
1361393453.927,10.983090185676392
1361393453.966,17.342032967032967
1361393452.366,83.90273311897106
1361393452.49,22.245762711864405
1361393452.909,4.80072463768116
1361393453.159,17.583224543080938
1361393453.222,4.7868497109826595
1361393453.28,50.86436170212766
1361393455.545,137.62019230769232
1361393455.545,234.375
1361393455.839,13.142523364485982
1361393456.028,35.31678082191781
1361393456.47,27.777777777777775
1361393456.47,4.398826979472141
1361393456.469,13.020833333333334
1361393456.533,15.210843373493976
1361393456.528,315.0
1361393457.149,10.63421375921376
1361393457.208,36.05769230769231
1361393457.402,11.627906976744185
1361393457.463,9.532493368700266
1361393457.653,68.18181818181817
1361393457.717,31.25
1361393459.143,307.03125
1361393459.328,389.80263157894734
1361393456.35,52.98295454545455
1361393458.697,2399.0752551020405
1361393456.349,75.0
1361393456.349,1380.3317535545023
1361393456.731,28.360705596107056
1361393456.666,170.25862068965517
1361393457.148,274.03846153846155
1361393457.337,14.988867684478372
1361393457.78,173.828125
1361393457.706,229.06839622641508
1361393458.586,5.921052631578948
1361393457.84,62.5
1361393458.384,13.820538057742782
1361393458.699,98.40425531914894
1361393459.203,273.4375
1361393459.566,19.230769230769234
1361393459.374,75.0
1361393479.775,124.21875
1361393483.867,114.58333333333333
1361393480.404,101.15131578947368
1361393484.309,270.8333333333333
1361393484.372,171.875
1361393484.563,312.5
1361393484.689,228.3653846153846
1361393476.852,181.640625
1361393476.917,197.91666666666666
1361393481.713,113.63636363636363
1361393479.216,56.81818181818181
1361393481.966,113.63636363636363
1361393479.468,118.30357142857143
1361393466.28,383.9470954356847
1361393482.155,86.20689655172414
1361393482.663,201.171875
1361393482.919,223.55769230769232
1361393477.775,58.13953488372093
1361393482.895,268.2291666666667
1361393483.022,166.66666666666666
1361393483.276,208.33333333333334
1361393483.467,724.21875
1361393483.786,268.2291666666667
1361393477.959,67.4342105263158
1361393480.007,74.51923076923077
1361393480.259,73.52941176470588
1361393480.511,124.0234375
1361393478.335,61.29807692307692
1361393484.408,312.5
1361393484.579,277.77777777777777
1361393481.185,101.5625
1361393478.88,69.01041666666667
1361393481.563,153.27380952380955
1361393477.208,156.25
1361393477.649,80.46875
1361393482.365,198.4375
1361393482.746,132.21153846153845
1361393483.127,192.30769230769232
1361393483.19,156.25
1361393483.381,419.53125
1361393459.858,15.98419540229885
1361393461.776,10.751856435643564
1361393461.836,20.366915422885572
1361393461.839,114.73880597014926
1361393461.901,19.642857142857142
1361393462.026,19.560768261964732
1361393460.293,288.125
1361393462.148,7.957559681697613
1361393462.211,85.58768656716417
1361393460.711,5.344418052256532
1361393460.773,375.0
1361393460.836,131.0369318181818
1361393460.836,3369.1964285714284
1361393460.772,7.074004975124378
1361393460.772,410.06944444444446
1361393460.836,500.9089335180056
1361393460.836,422.69736842105266
1361393462.947,112.55296610169492
1361393460.961,2655.868902439024
1361393460.961,399.9037114845939
1361393460.96,2705.7291666666665
1361393460.96,2341.666666666667
1361393463.23,18.505586592178773
1361393461.179,27.259036144578314
1361393461.241,35.035438144329895
1361393461.305,40.27777777777778
1361393463.416,119.140625
1361393463.288,84.228515625
1361393461.49,58.8235294117647
1361393463.665,76.416015625
1361393461.552,30.720338983050848
1361393461.722,6.546442687747036
1361393461.721,14.624384236453201
1361393461.721,39.8936170212766
1361393459.926,293.75
1361393459.989,36.44550492610838
1361393461.845,40.76086956521739
1361393460.052,4859.375
1361393461.907,81.67613636363637
1361393460.114,6.198347107438017
1361393461.531,96.625
1361393462.031,58.25892857142857
1361393462.157,22.727272727272727
1361393460.299,526.0416666666666
1361393460.298,4.373177842565598
1361393460.467,11554.6875
1361393460.591,27.91765402843602
1361393462.637,92.83088235294117
1361393462.637,186.19791666666666
1361393460.717,2389.2463235294117
1361393460.717,3282.6286764705883
1361393460.716,2610.5182926829266
1361393460.715,3392.4632352941176
1361393460.715,2693.677325581395
1361393460.714,19.50354609929078
1361393462.826,84.57341269841271
1361393460.841,2057.2916666666665
1361393460.841,2072.0338983050847
1361393460.841,2817.7083333333335
1361393462.889,76.53061224489797
1361393460.84,631.9731404958677
1361393460.84,2579.6493902439024
1361393460.84,2159.375
1361393460.902,124.61419753086419
1361393460.965,29.121046228710462
1361393463.3,15.32451923076923
1361393461.124,142.01388888888889
1361393463.361,39.40217391304348
1361393463.356,11.344178082191782
1361393464.185,31.914893617021274
1361393464.31,86.0655737704918
1361393464.373,44.11764705882353
1361393464.625,70.97457627118645
1361393464.75,115.72265625
1361393464.877,3.943452380952381
1361393465.067,19.279233870967744
1361393465.066,36.76470588235294
1361393465.177,15.371621621621623
1361393465.745,96.12771739130436
1361393465.936,36.93181818181819
1361393466.507,86.5625
1361393466.379,71.94010416666667
1361393466.57,112.24489795918367
1361393466.442,85.9375
1361393466.92,109.375
1361393467.239,122.56944444444444
1361393467.551,14.036016949152543
1361393467.677,165.77743902439025
1361393463.96,105.51948051948051
1361393463.944,27.777777777777775
1361393463.943,15.190972222222221
1361393464.195,12.254124365482234
1361393464.258,52.083333333333336
1361393464.444,4.285714285714286
1361393464.444,27.777777777777775
1361393464.51,90.42008196721311
1361393464.953,207.03125
1361393464.951,133.68055555555554
1361393465.141,103.87731481481481
1361393465.204,59.659090909090914
1361393465.879,9.063320209973753
1361393465.814,133.49184782608694
1361393466.384,102.4639423076923
1361393466.807,76.4627659574468
1361393466.806,107.5
1361393466.806,132.48697916666666
1361393467.12,36.25
1361393467.499,92.22560975609755
1361393466.187,41.796875
1361393487.975,141.74107142857142
1361393488.102,71.42857142857143
1361393486.305,227.27272727272725
1361393488.67,109.82142857142857
1361393489.72,101.15131578947368
1361393486.779,203.125
1361393487.033,192.1875
1361393489.913,69.44444444444444
1361393484.985,89.28571428571429
1361393487.097,128.28947368421055
1361393485.047,86.20689655172414
1361393485.239,86.20689655172414
1361393487.031,103.26086956521739
1361393485.302,86.20689655172414
1361393487.156,119.04761904761904
1361393490.415,60.97560975609756
1361393490.61,55.55555555555555
1361393487.514,108.69565217391305
1361393485.657,357.14285714285717
1361393490.775,69.19642857142857
1361393487.952,89.28571428571429
1361393488.269,78.125
1361393486.221,277.77777777777777
1361393488.586,78.125
1361393488.713,80.64516129032258
1361393488.84,80.078125
1361393488.752,100.5859375
1361393489.198,67.70833333333333
1361393489.261,73.52941176470588
1361393486.636,229.91071428571428
1361393486.888,204.64939024390245
1361393489.831,65.78947368421052
1361393489.829,64.14473684210527
1361393490.019,60.97560975609756
1361393490.208,83.55978260869564
1361393487.304,97.5
1361393490.439,64.1025641025641
1361393485.762,247.59615384615387
1361393490.753,78.5060975609756
1361393491.199,42.279411764705884
1361393469.855,12.780343007915567
1361393467.87,19.014550264550266
1361393469.917,12.682360742705571
1361393467.994,36.331917475728154
1361393468.057,13.862781954887216
1361393468.052,27.22255369928401
1361393468.18,117.1875
1361393470.29,4.488482384823849
1361393470.353,138.02083333333334
1361393470.415,18.32313144329897
1361393470.415,24.95026525198939
1361393470.541,30.31168407310705
1361393468.655,4.973723723723723
1361393468.655,18.89993686868687
1361393468.721,18.43354430379747
1361393471.271,150.29761904761904
1361393469.157,18.9873417721519
1361393471.333,10.99537037037037
1361393471.375,28.79820478723404
1361393471.374,17.98740053050398
1361393471.437,13.256316489361703
1361393467.841,35.23936170212766
1361393467.943,4.559270516717325
1361393467.878,14.84375
1361393467.829,1902.2804054054054
1361393470.051,23.416327913279133
1361393470.177,10.884831460674159
1361393470.239,74.96675531914894
1361393468.312,28.69245524296675
1361393468.311,38.079470198675494
1361393468.541,37.94642857142857
1361393470.842,13.068181818181817
1361393468.664,104.6875
1361393470.462,68.4659090909091
1361393471.092,20.984498680738785
1361393468.788,119.48529411764706
1361393471.152,16.691272965879264
1361393471.799,11.561662198391423
1361393468.264,14.250814332247556
1361393471.634,188.15104166666666
1361393471.57,3.9893617021276593
1361393471.633,276.7857142857143
1361393469.709,125.0
1361393471.559,7.43140243902439
1361393485.416,114.0625
1361393482.004,10.316985645933014
1361393471.949,8.485639686684074
1361393472.262,46.08812949640288
1361393472.389,12.843586387434556
1361393472.387,14.01417525773196
1361393472.703,14.349489795918368
1361393472.954,207.03125
1361393473.119,19.011406844106464
1361393473.435,23.003472222222225
1361393473.628,9.868421052631579
1361393473.818,18.18576388888889
1361393473.818,9.017857142857144
1361393473.945,232.29166666666669
1361393474.18,1296.875
1361393474.561,103.515625
1361393474.812,11.501736111111112
1361393474.748,21.6064453125
1361393474.874,85.07604562737643
1361393475.381,15.667808219178085
1361393471.889,74.70703125
1361393471.889,9.174311926605505
1361393471.952,8.55654761904762
1361393472.329,19.261508951406647
1361393472.518,16.41187050359712
1361393472.58,588.28125
1361393472.707,100.0
1361393472.77,20.806760204081634
1361393473.44,12.685244845360824
1361393473.506,21.858153638814017
1361393473.948,46.875
1361393474.138,16.954787234042552
1361393474.264,18.28736033519553
1361393474.497,16.785477453580903
1361393474.812,22.466216216216214
1361393475.193,348.125
1361393475.383,17.79513888888889
1361393475.573,197.5
1361393475.636,15.41327913279133
1361393494.02,62.5
1361393496.191,69.50431034482759
1361393494.27,60.97560975609756
1361393496.694,58.1140350877193
1361393492.766,67.56756756756756
1361393494.937,55.55555555555555
1361393495.191,39.959016393442624
1361393493.455,67.70833333333333
1361393495.629,80.078125
1361393493.516,62.5
1361393493.623,60.97560975609756
1361393490.8,69.01041666666667
1361393491.568,82.53205128205128
1361393491.567,62.5
1361393493.992,62.5
1361393492.196,60.97560975609756
1361393496.645,56.14406779661017
1361393492.543,47.181372549019606
1361393496.771,56.14406779661017
1361393496.962,79.6875
1361393492.926,69.44444444444444
1361393493.088,67.56756756756756
1361393493.215,103.88513513513513
1361393493.34,80.46875
1361393493.403,76.48026315789473
1361393493.338,75.75757575757576
1361393490.393,33.223684210526315
1361393493.653,121.1890243902439
1361393491.217,59.52380952380952
1361393491.281,59.52380952380952
1361393491.281,59.52380952380952
1361393477.958,14.965880893300248
1361393478.022,10.685483870967742
1361393478.146,75.89285714285714
1361393476.031,10.367298578199051
1361393478.267,139.46759259259258
1361393478.392,7.035818713450292
1361393478.559,4.691926345609065
1361393476.51,246.875
1361393478.618,6.869973190348525
1361393476.57,18.628345498783457
1361393478.681,140.0
1361393478.68,75.2840909090909
1361393476.691,45.550847457627114
1361393478.994,159.43287037037038
1361393476.945,390.625
1361393477.234,249.28977272727275
1361393477.421,755.2083333333334
1361393477.483,7.078729281767956
1361393477.733,128.125
1361393477.796,750.0
1361393477.907,81.41447368421052
1361393475.855,149.4140625
1361393475.978,41.96198453608247
1361393476.166,17.413843457943923
1361393476.289,115.38461538461539
1361393476.289,16.682942708333332
1361393476.289,25.456460674157302
1361393477.966,12.398942786069652
1361393476.329,16.493055555555557
1361393476.392,17.910671462829736
1361393478.859,105.46875
1361393476.454,13.58695652173913
1361393476.518,40.278596698113205
1361393476.641,12.082122093023257
1361393476.767,264.70588235294116
1361393479.004,125.0
1361393479.003,38.55846774193549
1361393476.99,71.42857142857143
1361393477.177,85.44921875
1361393477.364,4.5752762430939224
1361393477.615,7.774014778325123
1361393477.741,38.793103448275865
1361393479.798,54.31547619047619
1361393477.048,24.21418128654971
1361393477.112,4.398826979472141
1361393480.121,13.594164456233422
1361393480.247,31.024639423076923
1361393480.684,45.45454545454545
1361393481.296,68.18181818181817
1361393481.485,6.373937677053824
1361393481.737,18.24935400516796
1361393481.673,17.21533078880407
1361393482.159,331.6761363636364
1361393482.348,62.5
1361393481.628,19.758597883597886
1361393482.599,21.809036939313984
1361393482.917,17.21763085399449
1361393482.851,91.71195652173914
1361393482.978,17.27678571428571
1361393482.977,13.086484593837536
1361393483.296,16.89425770308123
1361393483.168,9.906340057636887
1361393482.139,72.04166666666667
1361393480.128,437.5
1361393480.318,42.857142857142854
1361393481.048,21.19348404255319
1361393481.174,138.671875
1361393481.974,6.428571428571429
1361393482.1,4.370052770448549
1361393482.227,65.21739130434783
1361393482.607,25.82821038251366
1361393483.114,149.4140625
1361393483.337,934.375
1361393503.875,82.23684210526316
1361393500.472,46.65492957746479
1361393502.711,61.29807692307692
1361393496.801,68.33022388059702
1361393505.059,130.7565789473684
1361393500.642,44.763513513513516
1361393500.769,46.65492957746479
1361393502.944,63.75
1361393505.31,46.875
1361393503.069,69.01041666666667
1361393505.373,141.96428571428572
1361393505.625,67.56756756756756
1361393503.385,37.13235294117647
1361393501.206,46.19565217391304
1361393501.205,69.29347826086956
1361393506.067,80.64516129032258
1361393506.193,113.05147058823529
1361393506.321,75.75757575757576
1361393506.321,72.65625
1361393498.192,37.64204545454545
1361393506.553,50.78125
1361393498.36,42.74425287356322
1361393498.487,36.637931034482754
1361393498.423,46.31024096385542
1361393507.439,81.25
1361393499.185,49.27884615384615
1361393503.791,106.77083333333333
1361393491.822,4875.295928030303
1361393504.484,78.125
1361393500.174,83.96084337349397
1361393504.715,70.3125
1361393505.029,65.78947368421052
1361393500.677,56.778169014084504
1361393505.409,71.42857142857143
1361393505.344,62.5
1361393497.211,91.69407894736842
1361393500.925,47.57462686567164
1361393497.468,45.37671232876713
1361393503.228,41.666666666666664
1361393500.983,49.440298507462686
1361393497.594,41.33064516129032
1361393501.158,50.96153846153846
1361393506.02,78.125
1361393497.954,35.027472527472526
1361393501.41,60.05859375
1361393506.209,67.70833333333333
1361393501.6,30.06329113924051
1361393506.845,146.99074074074073
1361393506.653,83.33333333333333
1361393498.332,35.027472527472526
1361393507.036,92.59259259259258
1361393485.916,15.082196029776675
1361393485.916,1008.6805555555555
1361393484.469,34.077017114914426
1361393484.656,29.296875
1361393486.636,84.8721590909091
1361393484.715,4.373177842565598
1361393486.755,363.0514705882353
1361393486.995,201.7663043478261
1361393487.115,38.04347826086957
1361393487.102,37.234042553191486
1361393487.367,240.98557692307693
1361393487.306,150.625
1361393485.385,20.817598187311177
1361393484.013,3846.420323325635
1361393487.558,750.0
1361393485.791,151.08173076923077
1361393487.715,32.07009668508287
1361393483.745,20.75696480938416
1361393483.87,35.714285714285715
1361393485.982,29.43901617250674
1361393486.105,11.494252873563218
1361393486.169,18.641930835734872
1361393486.169,11.494252873563218
1361393486.105,764.0625
1361393486.292,149.4140625
1361393484.535,15.544041450777202
1361393484.908,6.296068796068796
1361393486.867,96.78819444444444
1361393486.996,161.00543478260872
1361393487.059,236.1778846153846
1361393485.135,34.85576923076923
1361393485.385,16.963052486187845
1361393485.486,16.57321899736148
1361393495.45,70.74468085106383
1361393487.885,8.982035928143713
1361393488.074,25.862068965517242
1361393488.074,33.482142857142854
1361393488.074,15.428211586901764
1361393488.327,7.537688442211055
1361393488.327,4984.375
1361393488.454,10.698891625615765
1361393488.897,39.94565217391304
1361393488.896,17.835365853658534
1361393488.959,38.46153846153847
1361393489.086,136.10197368421055
1361393489.149,30.418882978723406
1361393489.149,47.5
1361393489.316,134.98263888888889
1361393489.443,20.936724565756823
1361393489.442,16.80194805194805
1361393489.569,183.69932432432432
1361393489.949,131.99013157894737
1361393490.327,95.23809523809523
1361393490.516,166.66666666666666
1361393490.58,37.760416666666664
1361393490.58,134.6153846153846
1361393491.321,138.54166666666669
1361393491.321,6.559766763848397
1361393490.998,113.11141304347825
1361393491.44,146.20535714285714
1361393487.916,126.07758620689654
1361393487.301,141.44123134328356
1361393488.464,11.897590361445783
1361393488.844,12.46279761904762
1361393489.224,11.928763440860214
1361393488.051,120.80439814814815
1361393489.477,58.52004716981132
1361393489.521,38.68140243902439
1361393489.836,161.05769230769232
1361393489.836,11.202830188679245
1361393490.026,127.66768292682926
1361393490.089,70.81117021276596
1361393490.279,71.47606382978724
1361393490.342,122.33231707317073
1361393490.71,25.844594594594593
1361393490.595,1500.0
1361393490.658,13.147378516624041
1361393490.656,1500.0
1361393491.269,163.6904761904762
1361393491.458,9.191176470588236
1361393491.202,750.0
1361393491.201,6.6371681415929205
1361393491.265,430.11143410852713
1361393491.391,15.207219251336898
1361393491.977,39.473684210526315
1361393507.953,56.6860465116279
1361393508.08,115.55232558139535
1361393512.111,75.75757575757576
1361393508.204,70.47872340425532
1361393512.488,86.99324324324324
1361393510.629,63.17934782608696
1361393513.286,83.33333333333333
1361393513.539,76.171875
1361393513.791,86.20689655172414
1361393514.039,73.52941176470588
1361393511.609,121.1890243902439
1361393514.359,100.0
1361393515.17,95.83333333333334
1361393515.17,95.83333333333334
1361393515.17,89.84375
1361393515.17,89.84375
1361393515.17,89.84375
1361393515.17,89.84375
1361393515.17,89.84375
1361393515.234,160.28225806451613
1361393515.169,95.83333333333334
1361393515.425,80.64516129032258
1361393515.168,89.84375
1361393515.168,71.875
1361393515.232,93.75
1361393515.232,95.83333333333334
1361393515.232,95.83333333333334
1361393515.232,74.35344827586208
1361393515.486,86.20689655172414
1361393511.834,69.44444444444444
1361393509.974,63.70192307692307
1361393512.339,75.75757575757576
1361393512.695,80.64516129032258
1361393512.821,78.125
1361393508.596,99.47916666666666
1361393510.831,69.01041666666667
1361393510.957,83.984375
1361393513.58,80.64516129032258
1361393511.084,108.01630434782608
1361393509.164,68.63839285714286
1361393509.202,60.22727272727273
1361393514.0,86.20689655172414
1361393511.497,64.1025641025641
1361393515.078,89.84375
1361393515.078,89.84375
1361393515.141,95.83333333333334
1361393515.141,95.83333333333334
1361393515.076,89.84375
1361393515.076,79.8611111111111
1361393515.139,78.125
1361393491.875,12.605676328502415
1361393493.923,46.875
1361393493.923,17.171223958333332
1361393493.985,80.72916666666667
1361393491.936,52.313311688311686
1361393494.108,127.00320512820512
1361393494.171,15.83614864864865
1361393492.309,1500.0
1361393492.309,167.6829268292683
1361393492.372,12.598365617433414
1361393492.597,16.80352798053528
1361393492.724,18.345976253298154
1361393494.708,7.317073170731708
1361393492.786,26.667668269230766
1361393492.786,750.0
1361393492.784,15.306122448979592
1361393492.847,68.18181818181817
1361393492.91,32.608695652173914
1361393492.973,15.151515151515152
1361393493.444,17.11128048780488
1361393495.678,38.56382978723404
1361393493.566,111.37820512820514
1361393493.692,148.6037234042553
1361393493.691,91.25
1361393493.755,115.47256097560977
1361393491.749,11.31161971830986
1361393493.922,166.5296052631579
1361393493.922,20.018115942028984
1361393494.17,33.53658536585366
1361393494.17,84.60365853658537
1361393494.169,750.0
1361393492.199,37.97868497109826
1361393492.246,31.25
1361393492.371,28.30188679245283
1361393492.371,84.55882352941177
1361393494.141,35.0
1361393495.16,66.9798951048951
1361393492.479,12.43279569892473
1361393492.731,15.789473684210527
1361393492.73,750.0
1361393492.73,15.789473684210527
1361393494.841,7.6923076923076925
1361393495.127,127.37771739130436
1361393492.433,1535.4770531400966
1361393493.262,187.9340277777778
1361393493.325,4.983388704318936
1361393495.437,136.96808510638297
1361393495.436,139.6484375
1361393493.511,12.540584415584416
1361393495.498,121.41927083333333
1361393493.448,26.785714285714285
1361393496.349,65.3409090909091
1361393496.475,45.697236180904525
1361393496.728,127.74122807017544
1361393497.149,3.926701570680628
1361393497.277,3.95778364116095
1361393497.276,78.81433823529412
1361393497.592,90.75342465753425
1361393498.33,80.10057471264368
1361393498.456,72.67441860465117
1361393498.639,24.166666666666668
1361393499.15,85.24525316455696
1361393499.34,375.0
1361393499.404,69.7463768115942
1361393499.527,100.94246031746032
1361393495.856,166.66666666666666
1361393496.103,18.59504132231405
1361393496.107,119.34267241379311
1361393496.232,27.26063829787234
1361393496.296,39.8936170212766
1361393496.42,150.0
1361393496.548,4.0983606557377055
1361393496.672,8.18639798488665
1361393496.735,80.64516129032258
1361393496.926,120.42025862068965
1361393497.1,81.73076923076923
1361393497.1,30.821917808219176
1361393497.477,48.28265765765766
1361393498.109,98.0603448275862
1361393497.981,4.545454545454545
1361393498.039,61.242816091954026
1361393498.298,84.94971264367817
1361393498.401,56.61764705882353
1361393498.653,24.493243243243242
1361393499.031,49.479166666666664
1361393516.047,113.05147058823529
1361393516.113,72.65625
1361393516.363,103.515625
1361393516.679,59.151785714285715
1361393517.091,55.20833333333333
1361393517.091,54.303278688524586
1361393517.344,46.19565217391304
1361393515.832,69.44444444444444
1361393515.958,83.03571428571428
1361393500.022,1045.8900429799428
1361393516.878,114.78365384615384
1361393501.965,8.03117048346056
1361393501.965,98.87295081967214
1361393500.04,78.62103174603175
1361393500.101,7.712082262210797
1361393500.289,37.234042553191486
1361393500.35,39.8936170212766
1361393500.412,32.95454545454545
1361393500.456,32.95454545454545
1361393502.632,31.25
1361393500.517,170.38690476190476
1361393503.069,82.35677083333333
1361393500.765,36.98979591836735
1361393500.893,21.53716216216216
1361393500.828,35.714285714285715
1361393501.299,22.386919315403425
1361393501.492,96.61458333333334
1361393501.682,116.6158536585366
1361393503.792,8.781934306569342
1361393503.791,64.30288461538461
1361393503.023,76.58811475409837
1361393503.531,24.396929824561404
1361393503.659,69.55645161290322
1361393502.106,241.25
1361393502.169,87.12121212121212
1361393500.118,19.736842105263158
1361393500.244,39.8936170212766
1361393502.539,19.50354609929078
1361393502.605,130.10817307692307
1361393500.364,34.090909090909086
1361393500.592,31.25
1361393503.678,6.341911764705882
1361393503.082,88.21614583333333
1361393501.095,23.968446601941746
1361393503.459,19.50354609929078
1361393503.521,65.8203125
1361393501.221,13.513513513513514
1361393501.41,31.795511221945134
1361393501.472,24.379071661237784
1361393503.886,71.42857142857143
1361393503.949,12.26097733711048
1361393504.075,21.603954081632654
1361393504.138,37.64204545454545
1361393504.326,300.78125
1361393504.516,17.78423366834171
1361393504.643,112.75337837837837
1361393504.895,514.0625
1361393505.085,16.67183622828784
1361393505.149,25.737530413625304
1361393505.382,59.72222222222223
1361393505.444,160.15625
1361393505.696,4.424778761061947
1361393505.947,44.763513513513516
1361393506.259,175.48076923076923
1361393506.935,181.71296296296296
1361393506.996,135.77586206896552
1361393507.06,15.45516304347826
1361393503.765,6.061083123425693
1361393503.828,16.788151364764268
1361393503.828,11.25464108910891
1361393503.828,286.4583333333333
1361393503.887,61.07954545454545
1361393503.891,34.090909090909086
1361393503.891,18.51019184652278
1361393504.08,5.769230769230769
1361393504.206,750.0
1361393504.206,87.58223684210527
1361393504.65,4.3478260869565215
1361393504.835,30.17241379310345
1361393504.903,25.40650406504065
1361393505.64,10.223765432098766
1361393505.894,35.08631713554987
1361393506.02,169.921875
1361393505.955,171.37096774193546
1361393506.081,750.0
1361393506.239,53.75
1361393506.621,196.02272727272725
1361393507.318,57.98037190082644
1361393507.507,105.26315789473684
1361393507.486,139.28571428571428
1361393507.486,100.0
1361393507.549,750.0
1361393527.838,123.99193548387098
1361393517.98,22.07880434782609
1361393527.964,120.1171875
1361393523.995,44.8943661971831
1361393528.091,78.125
1361393528.281,78.62903225806451
1361393520.407,21.792763157894736
1361393526.294,59.52380952380952
1361393518.42,22.19945355191257
1361393528.596,98.5576923076923
1361393528.532,38.671875
1361393520.659,29.3141592920354
1361393526.483,60.97560975609756
1361393528.658,78.125
1361393520.784,29.3141592920354
1361393518.606,17.342931937172775
1361393524.685,51.7578125
1361393528.972,73.1534090909091
1361393529.098,55.55555555555555
1361393521.456,32.7970297029703
1361393519.024,17.015706806282722
1361393518.896,21.724598930481285
1361393525.165,71.98660714285714
1361393527.213,75.75757575757576
1361393521.832,33.673128342245995
1361393517.48,25.43218085106383
1361393522.024,34.505208333333336
1361393529.958,91.94711538461539
1361393527.717,132.54310344827584
1361393525.732,67.60204081632654
1361393530.079,97.57653061224491
1361393519.711,17.212566844919785
1361393530.147,70.47872340425532
1361393530.146,70.47872340425532
1361393522.316,36.401098901098905
1361393517.707,21.841397849462368
1361393517.771,51.57103825136612
1361393522.699,38.51744186046511
1361393522.826,39.43452380952381
1361393522.826,37.94642857142857
1361393522.89,81.98529411764706
1361393527.876,53.191489361702125
1361393524.033,48.007246376811594
1361393528.251,78.125
1361393520.251,64.0625
1361393528.382,83.33333333333333
1361393524.221,48.713235294117645
1361393518.396,20.940721649484534
1361393524.411,27.445652173913043
1361393528.678,70.47872340425532
1361393526.623,45.138888888888886
1361393526.815,46.568627450980394
1361393524.767,55.20833333333333
1361393518.878,21.841397849462368
1361393529.117,59.52380952380952
1361393526.877,47.5
1361393529.244,52.083333333333336
1361393526.94,65.78947368421052
1361393527.003,71.42857142857143
1361393527.065,75.75757575757576
1361393529.496,78.5060975609756
1361393529.559,60.97560975609756
1361393529.558,93.75
1361393527.254,80.64516129032258
1361393527.317,116.47727272727272
1361393529.619,90.2122641509434
1361393521.661,33.80102040816327
1361393525.437,59.151785714285715
1361393529.976,72.52358490566039
1361393522.613,93.75
1361393523.059,51.028481012658226
1361393523.186,42.46794871794872
1361393508.094,117.36918604651163
1361393508.155,1125.0
1361393510.259,6.546442687747036
1361393508.34,19.292840375586856
1361393510.387,40.76086956521739
1361393508.882,40.76086956521739
1361393509.239,108.49056603773585
1361393511.095,106.77083333333333
1361393511.22,132.13315217391306
1361393509.171,93.43434343434343
1361393509.17,37.234042553191486
1361393509.233,39.8936170212766
1361393509.611,39.8936170212766
1361393511.656,146.79276315789474
1361393511.757,126.6025641025641
1361393510.018,71.0495283018868
1361393510.075,12.5
1361393510.075,108.45588235294117
1361393508.283,30.141469594594593
1361393510.684,17.151349614395887
1361393508.947,10.103383458646617
1361393508.994,85.65848214285714
1361393509.12,108.52272727272727
1361393509.637,59.38331117021277
1361393509.625,104.36698717948718
1361393511.29,156.61337209302326
1361393509.242,113.56026785714286
1361393511.541,118.83223684210527
1361393509.655,40.76086956521739
1361393512.338,102.59433962264151
1361393512.654,4.559270516717325
1361393512.653,10875.0
1361393512.717,16.08231707317073
1361393512.78,16.483516483516485
1361393512.843,150.0
1361393512.906,106.35080645161291
1361393512.906,15.789473684210527
1361393512.969,59.985632183908045
1361393513.708,36.58536585365854
1361393514.335,48.387096774193544
1361393514.633,170.36290322580643
1361393514.819,45.45454545454545
1361393515.075,439.3382352941176
1361393515.263,100.0
1361393512.095,215.9090909090909
1361393512.221,69.71153846153847
1361393512.41,84.26535087719299
1361393512.847,42.45283018867924
1361393513.546,56.4108455882353
1361393514.296,5.404135338345864
1361393512.474,5.854622871046229
1361393512.663,1125.0
1361393515.764,59.93852459016393
1361393515.06,50.68493150684932
1361393512.726,300.0
1361393512.916,206.25
1361393512.915,12.191358024691358
1361393512.494,2411.8733933161957
1361393513.424,13.27366504854369
1361393513.701,12.567934782608695
1361393513.765,160.9375
1361393513.764,14.074131513647641
1361393513.827,25.903514588859416
1361393514.692,14.223845108695652
1361393514.818,65.94967532467533
1361393515.201,3.95778364116095
1361393515.389,103.57862903225806
1361393515.261,100.0
1361393515.45,105.6547619047619
1361393515.996,82.9326923076923
1361393534.375,69.01041666666667
1361393532.326,62.5
1361393534.501,44.270833333333336
1361393534.794,44.166666666666664
1361393532.932,58.13953488372093
1361393529.788,43.817934782608695
1361393533.179,59.45121951219512
1361393533.661,67.56756756756756
1361393530.331,84.19117647058825
1361393531.029,72.52358490566039
1361393531.603,65.05102040816327
1361393531.602,72.01086956521739
1361393517.84,10.607798165137615
1361393533.84,69.44444444444444
1361393531.772,75.89285714285714
1361393533.882,58.13953488372093
1361393532.209,67.60204081632654
1361393534.257,61.29807692307692
1361393534.319,102.9094827586207
1361393534.319,61.342592592592595
1361393534.572,52.353896103896105
1361393534.572,53.75
1361393532.94,62.5
1361393533.611,69.44444444444444
1361393530.852,61.342592592592595
1361393531.107,50.78125
1361393517.89,13.558201058201057
1361393515.84,73.98897058823529
1361393515.965,59.18560606060606
1361393518.262,32.608695652173914
1361393516.275,145.27925531914892
1361393516.51,44.11764705882353
1361393516.572,51.724137931034484
1361393516.635,93.75
1361393518.802,500.0
1361393517.071,34.090909090909086
1361393519.055,32.546082949308754
1361393518.927,34.198113207547166
1361393517.231,77.87298387096773
1361393519.214,12.003311258278146
1361393519.271,6.578947368421052
1361393517.226,61.88725490196079
1361393517.29,97.33606557377048
1361393517.289,111.63949275362319
1361393519.524,50.29965753424658
1361393517.538,6.901041666666666
1361393517.595,13.486842105263158
1361393517.834,13.486842105263158
1361393517.895,32.95454545454545
1361393515.971,8.079268292682928
1361393518.018,29.17144495412844
1361393516.096,13.929834905660377
1361393518.143,19.50354609929078
1361393516.155,78.75
1361393518.327,31.25
1361393516.386,45.45454545454545
1361393516.321,240.625
1361393518.43,33.56481481481482
1361393518.554,14.898255813953488
1361393518.739,29.36046511627907
1361393516.758,1820.4819277108434
1361393518.742,38.56382978723404
1361393518.742,2250.0
1361393516.883,10.676156583629894
1361393518.867,136.36363636363635
1361393516.818,39.8936170212766
1361393516.881,39.8936170212766
1361393516.881,37.234042553191486
1361393516.986,45.45454545454545
1361393519.094,48.233695652173914
1361393517.173,50.84745762711865
1361393519.155,38.56382978723404
1361393519.217,536.036036036036
1361393517.36,13.346354166666666
1361393517.293,13.346354166666666
1361393540.004,34.22619047619048
1361393520.062,31.914893617021274
1361393520.061,4.201680672268908
1361393520.378,32.855308219178085
1361393520.314,20.833333333333332
1361393520.694,36.4963503649635
1361393521.176,30.405405405405407
1361393521.175,15.994094488188976
1361393521.175,10.901162790697676
1361393521.175,57.25740131578947
1361393521.302,10.714285714285714
1361393521.301,36.03603603603604
1361393521.364,42.857142857142854
1361393521.363,31.914893617021274
1361393521.742,62.3389175257732
1361393522.122,71.84103260869564
1361393522.249,73.70923913043478
1361393522.16,48.45328282828283
1361393522.222,31.914893617021274
1361393523.423,38.29225352112676
1361393523.427,54.390822784810126
1361393523.68,19.279233870967744
1361393523.035,56.25
1361393519.954,1476.7628205128206
1361393520.189,21.438953488372093
1361393520.188,25.786713286713287
1361393520.315,19.379058441558442
1361393521.226,132.8833081570997
1361393520.505,38.56382978723404
1361393520.504,44.11764705882353
1361393520.566,34.198113207547166
1361393520.737,29.796511627906977
1361393520.736,38.56382978723404
1361393521.052,11.391625615763546
1361393521.115,42.68036912751678
1361393521.242,14.92117117117117
1361393519.969,18.92857142857143
1361393521.306,994.2050137362637
1361393521.623,72.54464285714286
1361393521.304,39.473684210526315
1361393521.304,42.857142857142854
1361393521.304,26.918316831683168
1361393521.367,102.1341463414634
1361393521.493,58.472938144329895
1361393521.92,76.4627659574468
1361393522.171,61.64148351648352
1361393522.55,48.510174418604656
1361393539.922,69.5251937984496
1361393535.954,19.363496932515336
1361393542.158,33.87605042016806
1361393544.393,119.79166666666667
1361393536.584,29.211956521739133
1361393536.646,29.425182481751822
1361393536.835,32.03125
1361393537.152,27.925531914893615
1361393545.023,61.170212765957444
1361393537.151,28.609154929577464
1361393537.197,28.211805555555557
1361393537.64,63.60815602836879
1361393545.574,62.5
1361393537.955,25.09469696969697
1361393538.018,42.998120300751886
1361393535.33,28.017241379310345
1361393541.089,26.5
1361393535.392,17.376681614349778
1361393541.632,45.75
1361393539.005,24.356617647058822
1361393539.005,28.056569343065693
1361393539.132,14.937106918238994
1361393539.323,25.286259541984734
1361393539.705,25.678294573643413
1361393535.927,23.49290780141844
1361393540.022,24.17883211678832
1361393536.054,23.83093525179856
1361393540.021,26.08267716535433
1361393542.132,27.012711864406782
1361393537.039,28.609154929577464
1361393540.622,27.376033057851238
1361393545.352,75.65789473684211
1361393535.086,24.51923076923077
1361393541.225,30.029296875
1361393538.467,27.652877697841728
1361393541.475,74.73958333333333
1361393541.665,33.59375
1361393541.344,27.151639344262293
1361393538.844,24.17883211678832
1361393538.588,24.17883211678832
1361393538.887,27.26510067114094
1361393539.267,31.021897810218977
1361393523.899,37.94642857142857
1361393524.084,103.71376811594203
1361393524.27,96.46739130434783
1361393526.381,135.41666666666666
1361393524.332,33.771393643031786
1361393526.484,114.32926829268293
1361393524.497,34.61538461538462
1361393524.873,71.46516393442623
1361393526.919,20.471256684491976
1361393525.158,86.36363636363636
1361393527.331,17.857142857142858
1361393527.455,4.44034852546917
1361393527.703,74.70703125
1361393523.841,62.059859154929576
1361393525.949,10.051448170731707
1361393526.135,107.88690476190477
1361393524.462,83.48214285714285
1361393524.503,122.802734375
1361393524.693,120.83333333333333
1361393524.815,24.59016393442623
1361393526.927,132.58928571428572
1361393525.003,108.81696428571429
1361393527.115,188.00403225806454
1361393527.339,115.38461538461539
1361393527.399,191.66666666666669
1361393525.415,113.05147058823529
1361393534.007,76.67824074074075
1361393536.164,27.21291866028708
1361393541.151,31.25
1361393527.889,136.71875
1361393528.079,27.604166666666664
1361393528.075,148.4375
1361393528.268,219.75806451612902
1361393528.457,77.11693548387098
1361393528.775,750.0
1361393528.771,122.34042553191489
1361393528.771,38.46153846153847
1361393528.707,60.671542553191486
1361393528.897,35.714285714285715
1361393529.319,92.0877659574468
1361393529.315,8.743917274939172
1361393529.379,28.31266318537859
1361393529.572,153.58231707317074
1361393529.762,6.348944591029024
1361393529.824,125.0
1361393529.824,8.219401041666666
1361393530.015,20.21585051546392
1361393530.077,39.8936170212766
1361393530.307,134.72222222222223
1361393530.622,85.1063829787234
1361393530.748,98.6842105263158
1361393530.619,67.3828125
1361393530.681,63.41911764705882
1361393530.806,6.540697674418605
1361393531.25,33.854166666666664
1361393531.25,55.14705882352941
1361393531.44,39.8936170212766
1361393531.546,67.60204081632654
1361393531.416,25.959645669291337
1361393531.736,111.1111111111111
1361393531.479,20.118025751072963
1361393527.952,21.31453804347826
1361393528.078,191.53225806451613
1361393528.266,35.97911622276029
1361393528.392,138.02083333333334
1361393529.0,13.416230366492147
1361393529.189,16.129032258064516
1361393529.252,67.578125
1361393529.737,50.0
1361393529.736,7.910401002506266
1361393529.926,22.27618243243243
1361393529.926,21.73913043478261
1361393529.989,98.40425531914894
1361393529.534,75.80061983471074
1361393529.533,58.394451530612244
1361393530.305,104.16666666666667
1361393530.432,6.869973190348525
1361393530.491,31.914893617021274
1361393530.683,35.326086956521735
1361393530.683,96.12771739130436
1361393530.746,82.91330645161291
1361393530.81,39.8936170212766
1361393530.682,125.0
1361393530.874,88.14858490566039
1361393531.102,39.8936170212766
1361393531.102,58.59375
1361393531.166,40.76086956521739
1361393531.102,43.47826086956522
1361393531.186,7.305194805194805
1361393531.229,62.04044117647059
1361393549.903,45.29494382022472
1361393547.855,30.957943925233646
1361393543.949,18.525449101796408
1361393544.075,32.16019417475728
1361393552.139,56.525735294117645
1361393544.134,49.76851851851852
1361393552.266,49.03846153846154
1361393552.265,45.708955223880594
1361393548.233,32.47549019607843
1361393542.216,30.745967741935484
1361393548.36,32.47549019607843
1361393550.406,38.8719512195122
1361393548.548,33.125
1361393544.644,31.850961538461537
1361393550.532,47.99107142857143
1361393552.77,78.3811475409836
1361393552.769,52.25409836065574
1361393542.593,25.888480392156865
1361393548.673,33.125
1361393550.657,39.90963855421686
1361393548.737,78.125
1361393552.959,26.041666666666668
1361393548.799,33.80102040816327
1361393542.759,31.25
1361393548.969,43.41603053435115
1361393550.952,49.27884615384615
1361393549.095,86.85661764705883
1361393551.079,24.375
1361393553.509,60.22727272727273
1361393551.205,39.90963855421686
1361393551.33,40.833333333333336
1361393551.393,43.66438356164384
1361393545.76,31.55940594059406
1361393545.632,39.913366336633665
1361393535.264,19.429347826086957
1361393549.47,33.55263157894737
1361393551.581,44.166666666666664
1361393546.013,77.36650485436893
1361393551.708,21.756329113924053
1361393554.138,66.40625
1361393554.683,215.625
1361393547.131,30.357142857142858
1361393547.257,31.547619047619047
1361393547.321,21.76724137931034
1361393547.507,28.804347826086957
1361393555.446,47.74305555555555
1361393551.859,47.32142857142857
1361393551.922,43.58552631578947
1361393547.952,83.82009345794393
1361393550.064,33.17307692307692
1361393540.186,67.55169172932331
1361393552.345,24.553571428571427
1361393552.408,48.29545454545455
1361393542.296,27.151639344262293
1361393552.469,67.34154929577464
1361393542.481,22.256097560975608
1361393550.735,45.220588235294116
1361393552.847,57.112068965517246
1361393550.735,46.31024096385542
1361393550.859,42.46794871794872
1361393553.031,33.854166666666664
1361393542.727,22.586633663366335
1361393542.793,28.556034482758623
1361393542.792,28.311965811965813
1361393542.856,20.15625
1361393545.287,19.85062893081761
1361393553.265,53.125
1361393542.96,28.804347826086957
1361393549.168,36.401098901098905
1361393553.451,113.48684210526316
1361393551.275,45.37671232876713
1361393545.834,39.2219387755102
1361393543.4,30.389908256880737
1361393551.656,89.34294871794872
1361393551.719,479.1666666666667
1361393546.214,27.243589743589745
1361393549.542,35.61827956989248
1361393551.589,44.166666666666664
1361393551.653,41.95205479452055
1361393543.653,30.671296296296298
1361393543.652,30.07075471698113
1361393546.467,43.86467889908257
1361393546.912,30.957943925233646
1361393546.976,30.957943925233646
1361393554.887,55.55555555555555
1361393547.463,32.47549019607843
1361393547.653,34.62837837837838
1361393547.652,37.326388888888886
1361393533.996,45.239825581395344
1361393532.259,100.49019607843138
1361393532.322,84.18367346938776
1361393532.432,39.8936170212766
1361393534.666,19.736842105263158
1361393534.786,94.375
1361393534.853,64.00602409638554
1361393534.852,63.32236842105263
1361393532.74,54.8469387755102
1361393532.866,11.71875
1361393535.039,375.0
1361393533.031,1500.0
1361393533.031,49.609375
1361393533.03,4.099628712871287
1361393533.092,1500.0
1361393535.267,16.80743243243243
1361393535.454,20.596590909090907
1361393533.274,750.0
1361393533.404,68.18181818181817
1361393533.403,78.41614906832298
1361393533.466,125.3434065934066
1361393535.514,60.0
1361393533.716,11.796875
1361393535.677,26.092233009708735
1361393535.677,100.0
1361393534.069,60.0
1361393534.129,43.494152046783626
1361393532.144,29.320071258907365
1361393532.143,76.28676470588236
1361393534.253,250.0
1361393532.397,72.1875
1361393534.316,150.12254901960785
1361393534.355,42.857142857142854
1361393531.986,110.50671728971963
1361393532.684,79.6875
1361393532.617,17.44378306878307
1361393532.744,15.462239583333334
1361393532.866,29.436383928571427
1361393535.042,48.358938547486034
1361393535.041,13.53882833787466
1361393535.147,35.326086956521735
1361393533.095,111.1111111111111
1361393533.156,179.51388888888889
1361393533.41,61.02195945945946
1361393533.281,60.0
1361393533.281,16.93059299191375
1361393533.28,500.0
1361393535.391,750.0
1361393535.452,19.70108695652174
1361393535.575,44.514388489208635
1361393533.53,65.21739130434783
1361393535.642,45.91836734693878
1361393535.872,16.183035714285715
1361393535.87,20.833333333333332
1361393537.108,39.61267605633803
1361393537.36,55.642985611510795
1361393538.244,31.914893617021274
1361393538.308,45.125
1361393538.243,44.19642857142858
1361393538.302,9.445843828715367
1361393538.542,38.781474820143885
1361393538.666,57.59580291970803
1361393539.298,45.085877862595424
1361393536.007,25.841346153846153
1361393536.066,35.4420731707317
1361393536.577,34.69669117647059
1361393537.02,29.159330985915492
1361393538.001,9.706439393939394
1361393538.065,6.7164179104477615
1361393538.68,33.59375
1361393538.806,32.01426630434782
1361393538.87,23.53896103896104
1361393538.864,46.30055147058824
1361393538.864,36.80788590604027
1361393539.247,85.52631578947368
1361393539.18,39.71851145038168
1361393539.307,357.5367647058824
1361393539.562,34.53947368421053
1361393539.625,48.2177734375
1361393539.56,60.80426356589147
1361393560.05,228.3653846153846
1361393558.128,53.42741935483871
1361393556.144,74.51923076923077
1361393558.254,100.5859375
1361393560.493,220.2482876712329
1361393558.38,107.29166666666666
1361393558.379,153.53260869565216
1361393558.506,83.33333333333333
1361393558.802,134.29054054054055
1361393556.875,71.42857142857143
1361393559.428,138.39285714285714
1361393559.295,138.39285714285714
1361393559.554,161.45833333333334
1361393559.425,131.57894736842104
1361393562.212,62.5
1361393562.338,134.29054054054055
1361393562.719,69.44444444444444
1361393554.843,61.83510638297873
1361393562.839,141.96428571428572
1361393562.906,73.52941176470588
1361393555.733,73.86363636363637
1361393559.952,166.66666666666666
1361393558.14,78.125
1361393558.14,33.423913043478265
1361393558.203,80.64516129032258
1361393556.531,71.42857142857143
1361393556.53,69.64285714285714
1361393558.64,100.2155172413793
1361393556.718,76.48026315789473
1361393556.718,80.72916666666667
1361393561.005,208.33333333333334
1361393556.781,64.14473684210527
1361393556.78,67.56756756756756
1361393561.234,178.57142857142858
1361393561.233,47.79411764705882
1361393561.233,166.66666666666666
1361393559.245,125.0
1361393561.607,100.0
1361393559.369,132.10227272727275
1361393557.193,76.171875
1361393561.864,73.52941176470588
1361393561.927,42.76315789473684
1361393557.382,96.09375
1361393562.18,71.42857142857143
1361393562.344,67.56756756756756
1361393557.541,75.75757575757576
1361393562.852,71.42857142857143
1361393555.551,69.44444444444444
1361393541.861,78.125
1361393539.938,7.751937984496124
1361393542.049,18.84191176470588
1361393540.061,58.00189393939394
1361393540.125,46.00694444444445
1361393542.173,126.86011904761904
1361393540.124,40.76086956521739
1361393542.424,64.125
1361393540.467,214.28571428571428
1361393542.514,80.25
1361393542.514,360.5647208121827
1361393542.64,63.875
1361393542.818,38.56382978723404
1361393540.83,375.0
1361393540.898,50.28886554621849
1361393543.115,87.1975806451613
1361393540.938,750.0
1361393543.552,47.10545722713864
1361393543.677,40.094339622641506
1361393541.673,37.63020833333333
1361393543.72,321.81490384615387
1361393539.814,150.0
1361393539.876,41.19318181818181
1361393541.86,38.54166666666667
1361393540.233,19.021739130434785
1361393541.918,1125.0
1361393542.049,42.73504273504273
1361393542.106,48.75
1361393540.125,49.25
1361393542.173,52.375
1361393542.173,38.56382978723404
1361393542.519,45.95588235294118
1361393540.471,14.660493827160494
1361393540.595,1500.0
1361393541.747,45.08196721311476
1361393543.018,37.25961538461539
1361393542.83,101.76282051282051
1361393540.845,26.923076923076923
1361393540.885,80.52007299270072
1361393543.245,56.16554054054054
1361393543.307,38.56382978723404
1361393541.063,166.66666666666666
1361393541.444,44.71544715447155
1361393541.187,53.57142857142857
1361393541.762,1938.9634986225894
1361393541.312,68.75
1361393543.843,42.708333333333336
1361393544.031,63.40144230769231
1361393544.598,74.1822429906542
1361393544.913,24.404761904761905
1361393544.976,39.8936170212766
1361393545.271,6.578947368421052
1361393545.334,195.6521739130435
1361393545.588,20.833333333333332
1361393545.71,40.30373831775701
1361393546.157,81.42201834862385
1361393546.283,66.69560185185185
1361393546.389,38.56382978723404
1361393546.643,13.888888888888888
1361393546.77,42.5531914893617
1361393547.464,75.18564356435644
1361393547.336,62.35397196261682
1361393547.717,40.47619047619048
1361393547.716,92.88990825688073
1361393543.811,59.02777777777778
1361393543.857,31.655844155844154
1361393543.983,77.82160194174757
1361393544.298,13.739224137931034
1361393544.234,117.6470588235294
1361393544.297,38.13559322033898
1361393544.423,20.944148936170212
1361393544.549,10.15417771883289
1361393544.675,60.0
1361393544.737,72.5
1361393544.863,42.279411764705884
1361393544.927,26.417525773195877
1361393544.922,500.0
1361393545.159,19.081439393939394
1361393545.223,160.95966312056737
1361393547.754,43.78434065934066
1361393545.221,687.8810975609756
1361393545.284,23.660714285714285
1361393545.411,4.069410319410319
1361393545.411,19.50354609929078
1361393545.474,71.45700636942675
1361393545.728,27.05223880597015
1361393545.727,66.1300505050505
1361393545.727,96.90366972477064
1361393545.726,11.582167832167832
1361393546.107,62.220982142857146
1361393546.043,19.230769230769234
1361393546.042,61.89903846153847
1361393546.106,29.00390625
1361393546.169,46.47435897435898
1361393546.265,7.098082595870207
1361393546.454,50.84745762711865
1361393546.834,39.0625
1361393547.083,55.50595238095238
1361393544.084,22.420058139534884
1361393547.276,40.582579185520366
1361393547.339,36.98979591836735
1361393547.403,248.84259259259258
1361393547.466,103.58796296296296
1361393547.593,22.593490304709142
1361393565.888,290.625
1361393565.951,304.6875
1361393566.138,181.640625
1361393568.185,89.28571428571429
1361393566.2,312.5
1361393564.279,76.9589552238806
1361393568.311,378.1960227272727
1361393568.311,100.2155172413793
1361393564.279,94.22348484848484
1361393566.514,248.046875
1361393566.513,197.91666666666666
1361393566.512,192.1875
1361393566.74,125.0
1361393564.754,118.30357142857143
1361393561.106,7265.625
1361393561.106,7898.129111842105
1361393561.105,6471.706081081081
1361393561.105,1912.0145631067962
1361393569.233,192.1875
1361393569.55,750.244140625
1361393553.485,696.3848039215686
1361393567.245,100.2155172413793
1361393565.193,138.39285714285714
1361393567.497,119.04761904761904
1361393567.497,116.07142857142857
1361393565.338,56.81818181818181
1361393570.642,73.52941176470588
1361393565.648,292.6136363636364
1361393567.857,464.0625
1361393567.856,568.1515957446809
1361393567.919,100.0
1361393566.059,357.14285714285717
1361393566.247,612.5
1361393568.23,80.64516129032258
1361393560.293,5138.277202072539
1361393568.418,89.28571428571429
1361393564.385,80.64516129032258
1361393566.497,147.05882352941177
1361393566.621,147.05882352941177
1361393564.556,81.25
1361393560.842,16334.821428571428
1361393560.905,6650.10775862069
1361393564.553,67.70833333333333
1361393560.905,8269.708806818182
1361393568.968,125.0
1361393567.295,108.69565217391305
1361393564.991,140.7563025210084
1361393569.789,152.96052631578945
1361393569.762,183.38815789473685
1361393565.279,178.57142857142858
1361393570.714,54.16666666666667
1361393551.826,35.53921568627451
1361393549.84,59.27309782608696
1361393550.026,75.2467105263158
1361393548.104,5.291533546325879
1361393550.151,61.44425675675676
1361393548.163,48.560049019607845
1361393550.212,70.84517045454545
1361393550.275,187.5
1361393550.275,85.06944444444444
1361393550.441,43.69627507163324
1361393550.505,56.03448275862069
1361393550.504,56.78353658536586
1361393550.629,65.39351851851852
1361393550.944,40.76086956521739
1361393550.943,32.36607142857143
1361393549.023,72.47340425531915
1361393551.069,32.36607142857143
1361393549.084,62.5
1361393549.083,8.982035928143713
1361393549.245,66.32313829787235
1361393549.309,750.0
1361393548.166,1522.4247685185187
1361393551.353,28.30188679245283
1361393549.556,82.68229166666667
1361393551.668,61.89903846153847
1361393549.617,51.28205128205128
1361393549.808,29.41176470588235
1361393549.808,63.09335443037975
1361393550.039,33.242984693877546
1361393550.098,47.74305555555555
1361393550.286,46.875
1361393550.353,62.5
1361393550.289,38.9683734939759
1361393548.492,51.875
1361393550.832,39.42307692307692
1361393551.021,87.91415662650603
1361393551.083,27.27272727272727
1361393551.399,6.761213720316623
1361393551.462,7.047872340425531
1361393551.372,78.75
1361393549.575,70.2136075949367
1361393549.638,55.477528089887635
1361393569.256,1962.2395833333333
1361393565.861,6209.407216494846
1361393566.308,385.09402654867256
1361393555.816,6.446991404011461
1361393551.974,15.08084577114428
1361393552.414,34.883720930232556
1361393552.412,750.0
1361393552.412,18.69347545219638
1361393552.475,40.17857142857143
1361393552.665,26.785714285714285
1361393552.792,31.25
1361393553.086,40.76086956521739
1361393553.211,106.81352459016394
1361393553.399,500.0
1361393553.526,68.04435483870967
1361393553.78,149.89406779661016
1361393553.969,205.35714285714286
1361393554.639,208.55978260869566
1361393554.639,86.84593023255815
1361393554.639,159.2987804878049
1361393554.699,247.65625
1361393555.079,99.08536585365854
1361393555.204,48.387096774193544
1361393555.623,144.53125
1361393555.62,750.0
1361393551.778,30.053827751196174
1361393552.344,5.859375
1361393552.407,2250.0
1361393552.532,16.517857142857142
1361393553.165,24.283182989690722
1361393554.491,245.3825857519789
1361393552.638,31.25
1361393552.638,114.91935483870967
1361393552.637,31.25
1361393552.764,122.57543103448276
1361393552.89,122.98387096774194
1361393553.143,21.12676056338028
1361393553.46,153.93518518518516
1361393554.194,19.48051948051948
1361393554.572,14.564295039164492
1361393554.699,16.774523160762943
1361393554.762,50.34722222222222
1361393554.762,61.224489795918366
1361393554.825,208.2122093023256
1361393555.118,90.0
1361393555.248,97.82608695652175
1361393555.373,1500.0
1361393555.501,111.1111111111111
1361393555.5,11.432926829268293
1361393574.302,83.33333333333333
1361393574.684,134.29054054054055
1361393574.81,153.75
1361393576.96,92.59259259259258
1361393576.96,49.744897959183675
1361393561.086,14750.818452380952
1361393577.018,51.861702127659576
1361393575.29,130.6818181818182
1361393575.289,141.74107142857142
1361393575.352,1317.7599009900991
1361393577.463,55.23255813953489
1361393577.461,56.54761904761905
1361393577.649,119.21296296296296
1361393577.775,57.926829268292686
1361393573.418,64.1025641025641
1361393577.947,153.75
1361393578.771,69.44444444444444
1361393571.152,53.191489361702125
1361393571.216,93.75
1361393571.279,76.875
1361393571.725,67.60204081632654
1361393575.946,100.0
1361393576.008,100.0
1361393576.051,104.16666666666667
1361393564.143,53.29861111111111
1361393574.506,104.16666666666667
1361393572.265,54.34782608695652
1361393576.615,128.75
1361393576.677,80.64516129032258
1361393574.883,100.0
1361393560.993,363.0792025862069
1361393575.112,71.69117647058823
1361393575.301,93.75
1361393575.365,105.97826086956522
1361393573.059,56.6860465116279
1361393577.469,104.16666666666667
1361393578.294,73.52941176470588
1361393571.036,69.01041666666667
1361393578.971,127.40384615384615
1361393571.226,69.01041666666667
1361393571.417,66.25
1361393557.839,19.39521144278607
1361393555.854,375.0
1361393555.978,11.13013698630137
1361393556.163,78.125
1361393558.211,18.557305630026807
1361393558.273,107.14285714285714
1361393556.287,23.076923076923077
1361393558.398,162.5
1361393556.413,102.77777777777777
1361393558.505,231.77083333333334
1361393556.45,1500.0
1361393558.817,176.68269230769232
1361393559.005,36.77721088435374
1361393556.825,1125.0
1361393559.255,92.4899193548387
1361393557.12,24.95874587458746
1361393557.114,3.95778364116095
1361393557.118,1125.0
1361393559.356,133.92857142857142
1361393557.18,128.78787878787878
1361393559.483,6.392045454545455
1361393559.611,8.4985835694051
1361393557.305,5.936675461741425
1361393557.368,89.7671568627451
1361393557.493,109.375
1361393557.747,4.10958904109589
1361393557.842,98.6328125
1361393557.97,187.5
1361393557.183,10.273972602739725
1361393558.22,10.933310991957105
1361393558.156,27.883976063829788
1361393558.283,750.0
1361393558.346,32.61861313868613
1361393556.361,20.44753086419753
1361393558.345,88.16964285714286
1361393556.424,13.888888888888888
1361393558.408,11.458333333333332
1361393558.51,247.68518518518516
1361393556.462,7.238700564971752
1361393558.573,1500.0
1361393556.582,25.423728813559325
1361393558.697,249.39903846153845
1361393556.585,58.59375
1361393556.77,141.0590277777778
1361393556.835,26.785714285714285
1361393559.135,19.13265306122449
1361393559.197,13.429752066115704
1361393557.021,19.37984496124031
1361393559.247,6.914511494252873
1361393557.066,58.467741935483865
1361393557.069,56.640625
1361393557.131,58.467741935483865
1361393557.131,40.17857142857143
1361393557.257,27.777777777777775
1361393556.562,132.4728260869565
1361393557.438,750.0
1361393557.887,243.51415094339623
1361393570.318,135.546875
1361393560.051,18.72644472361809
1361393560.113,36.80555555555556
1361393560.493,597.65625
1361393561.06,20.198170731707318
1361393561.124,615.0
1361393561.124,1220.703125
1361393561.124,274.7395833333333
1361393561.292,291.3602941176471
1361393561.355,318.08035714285717
1361393561.417,21.792763157894736
1361393561.607,16.9314381270903
1361393561.922,186.19791666666666
1361393561.985,132.8125
1361393562.111,237.72321428571428
1361393562.363,16.47364217252396
1361393562.488,126.03021978021978
1361393562.68,29.343501326259947
1361393562.595,69.48784722222221
1361393563.166,175.78125
1361393563.166,165.44117647058823
1361393563.229,175.78125
1361393560.062,19.53125
1361393560.376,19.616788321167885
1361393560.439,20.373376623376622
1361393560.439,16.3671875
1361393560.566,20.0
1361393560.75,115.38461538461539
1361393560.944,3260.7783564814813
1361393561.008,584.280303030303
1361393560.944,5251.061893203883
1361393561.008,567.0955882352941
1361393561.198,93.75
1361393561.134,324.21875
1361393561.26,232.29166666666669
1361393561.614,39.78737113402062
1361393561.804,187.6192748091603
1361393562.246,127.00320512820512
1361393562.245,79.296875
1361393562.625,18.822862694300518
1361393562.859,20.227713178294575
1361393562.92,26.041666666666668
1361393563.55,63.83928571428571
1361393580.002,78.4438775510204
1361393580.005,70.47872340425532
1361393580.068,63.75
1361393580.067,80.078125
1361393580.569,58.1140350877193
1361393582.833,58.13953488372093
1361393582.895,56.6860465116279
1361393583.274,72.65625
1361393583.272,65.78947368421052
1361393583.399,72.65625
1361393583.335,70.8841463414634
1361393585.506,71.52777777777777
1361393585.638,76.63690476190477
1361393585.822,56.81818181818181
1361393586.014,99.375
1361393586.309,54.34782608695652
1361393579.073,70.47872340425532
1361393579.646,66.25
1361393579.646,97.57653061224491
1361393582.135,167.15116279069767
1361393572.193,22.555443548387096
1361393584.352,67.56756756756756
1361393584.54,73.52941176470588
1361393582.554,105.71808510638297
1361393582.868,81.78191489361703
1361393585.3,56.81818181818181
1361393585.234,58.13953488372093
1361393581.234,54.956896551724135
1361393583.601,63.70192307692307
1361393586.097,66.25
1361393586.534,73.1534090909091
1361393587.112,62.5
1361393579.174,62.5
1361393579.721,80.625
1361393563.969,35.714285714285715
1361393564.096,44.11764705882353
1361393566.202,11.160714285714286
1361393564.281,17.6953125
1361393566.388,6.521739130434782
1361393566.452,12.618563685636856
1361393564.45,2484.375
1361393564.512,33.56481481481482
1361393566.748,17.5016318537859
1361393566.811,62.720070422535215
1361393566.873,16.483516483516485
1361393567.0,60.44407894736842
1361393564.759,34.198113207547166
1361393567.404,254.75543478260872
1361393565.162,31.779661016949152
1361393565.162,2115.2777777777774
1361393565.664,10.774381868131869
1361393567.75,141.82692307692307
1361393563.78,6.342821782178218
1361393563.905,10.83603896103896
1361393566.139,15.496222527472527
1361393564.091,119.375
1361393566.074,22.310126582278482
1361393566.2,13.92560422960725
1361393566.011,15.93501984126984
1361393566.139,6662.760416666667
1361393564.444,35.53921568627451
1361393566.357,1017.4632352941178
1361393567.174,59.2296511627907
1361393566.618,17.89700255102041
1361393564.505,36.98979591836735
1361393566.681,27.768567639257295
1361393564.816,35.714285714285715
1361393567.279,171.875
1361393567.279,1500.0
1361393564.977,23.076923076923077
1361393565.037,1487.3670212765958
1361393565.288,13.049930167597765
1361393565.538,20.10158402203857
1361393567.831,14.519817073170733
1361393567.957,19.918007425742573
1361393568.02,125.0
1361393568.083,12.611040609137055
1361393568.33,104.16666666666667
1361393568.397,19.483958837772395
1361393568.46,34.34806034482758
1361393568.84,79.30871212121212
1361393568.839,5.985696517412935
1361393568.838,144.15322580645162
1361393569.32,1965.205223880597
1361393569.765,17.105263157894736
1361393569.826,1125.0
1361393570.33,1125.0
1361393570.46,175.78125
1361393570.496,37.94642857142857
1361393571.064,33.125
1361393571.379,2250.0
1361393571.379,1500.0
1361393571.315,500.0
1361393571.438,127.5
1361393567.959,221.75480769230768
1361393568.525,29.947916666666668
1361393568.841,13.224181360201511
1361393568.966,55.20833333333333
1361393569.151,34.313725490196084
1361393569.264,14.40548780487805
1361393569.452,10.33266129032258
1361393570.024,13.336489898989898
1361393570.341,1500.0
1361393570.529,13.261217948717949
1361393570.529,102.27272727272728
1361393570.592,96.04779411764706
1361393570.221,105.35714285714286
1361393570.156,2687.2667910447763
1361393570.887,81.52173913043478
1361393569.099,24.77409638554217
1361393571.136,97.95673076923077
1361393571.199,47.87234042553192
1361393571.812,36.02620087336245
1361393588.021,62.5
1361393596.019,429.6875
1361393596.078,250.0
1361393592.434,67.60204081632654
1361393596.271,406.25
1361393592.623,63.70192307692307
1361393596.333,181.640625
1361393596.751,250.0
1361393597.19,581.25
1361393597.252,989.5833333333334
1361393591.681,54.956896551724135
1361393594.789,3218.75
1361393595.17,322.9166666666667
1361393595.55,833.3333333333334
1361393587.867,65.78947368421052
1361393589.979,99.55357142857142
1361393587.929,20.495129870129873
1361393596.119,207.58928571428572
1361393592.569,82.2704081632653
1361393596.281,264.2045454545455
1361393596.341,218.75
1361393593.013,248.046875
1361393596.403,250.0
1361393593.202,67.4342105263158
1361393596.466,243.75
1361393593.073,55.921052631578945
1361393596.465,312.5
1361393596.591,208.33333333333334
1361393593.452,56.919642857142854
1361393594.004,1718.75
1361393597.073,484.375
1361393597.324,625.0
1361393587.457,36.458333333333336
1361393574.0,16.328125
1361393574.189,17.914524421593832
1361393574.562,4.488482384823849
1361393574.665,89.12852112676056
1361393572.546,14.663461538461538
1361393572.549,17.269736842105264
1361393574.852,191.66666666666669
1361393572.612,1125.0
1361393572.67,1125.0
1361393572.609,750.0
1361393572.609,1125.0
1361393574.977,5.859375
1361393572.735,1125.0
1361393572.67,6.076388888888889
1361393575.228,37.32889048991354
1361393575.333,66.25
1361393572.965,1125.0
1361393575.458,47.7256446991404
1361393573.022,128.19602272727275
1361393575.644,363.8392857142857
1361393571.795,22.603908188585606
1361393573.841,203.125
1361393573.947,6.574453551912569
1361393573.947,163.41145833333334
1361393572.62,13.865616621983914
1361393574.008,7.679180887372014
1361393572.679,30.149647887323944
1361393574.133,13.421474358974358
1361393574.509,13.984580052493438
1361393574.697,18.700132978723406
1361393575.083,463.0681818181818
1361393574.735,72.01086956521739
1361393574.987,5.660377358490566
1361393574.985,6.446991404011461
1361393575.173,28.57905982905983
1361393575.237,6.684027777777778
1361393575.236,259.61538461538464
1361393575.469,38.81905099150141
1361393598.371,95.4861111111111
1361393579.837,95.0
1361393575.932,402.34375
1361393575.994,20.702141057934508
1361393575.994,7.5148809523809526
1361393576.31,17.261125654450264
1361393576.436,633.9285714285714
1361393576.558,750.0
1361393576.625,12.401395631067961
1361393576.751,15.028341288782816
1361393577.108,22.165697674418606
1361393577.357,170.0721153846154
1361393577.484,31.437125748502993
1361393577.483,163.77314814814815
1361393577.61,16.656479217603913
1361393577.736,13.84171195652174
1361393577.858,13.439973614775726
1361393577.861,20.962252475247524
1361393578.663,750.0
1361393578.663,750.0
1361393578.79,124.1554054054054
1361393578.978,12.260765550239235
1361393579.105,132.31382978723406
1361393579.672,66.25
1361393579.736,139.03061224489795
1361393577.338,74.66700819672131
1361393575.935,50.0
1361393576.062,8.428753180661579
1361393576.125,13.575819672131146
1361393576.125,69.01041666666667
1361393576.315,12.93512658227848
1361393578.342,515.8005617977528
1361393576.695,245.19230769230768
1361393576.694,14.60981638418079
1361393576.566,11.472602739726026
1361393576.758,6500.0
1361393576.821,609.375
1361393576.82,750.0
1361393576.775,1779.9511002444988
1361393577.496,29.33046683046683
1361393577.622,245.53571428571428
1361393577.684,5.296610169491525
1361393577.812,20.166666666666664
1361393578.101,136.08870967741933
1361393578.101,3096.7615223463686
1361393578.163,1125.0
1361393578.29,16.20217678100264
1361393578.479,157.45192307692307
1361393578.477,130.7471264367816
1361393578.605,115.54276315789473
1361393578.669,194.44444444444446
1361393578.79,14.102793696275072
1361393579.172,6.226503759398496
1361393600.226,125.0
1361393600.29,44.166666666666664
1361393604.129,415.17857142857144
1361393590.241,24.15644171779141
1361393600.415,45.37671232876713
1361393604.255,312.5
1361393598.302,174.63235294117646
1361393582.365,58.45323741007194
1361393600.666,53.04276315789474
1361393600.981,66.40625
1361393590.804,24.771341463414636
1361393598.787,113.63636363636363
1361393601.217,79.04411764705883
1361393591.038,24.262422360248447
1361393604.797,348.2142857142857
1361393588.988,25.87579617834395
1361393605.052,416.6666666666667
1361393589.049,26.041666666666668
1361393599.288,89.28571428571429
1361393605.239,479.1666666666667
1361393602.165,105.97826086956522
1361393597.363,348.9583333333333
1361393597.427,264.2045454545455
1361393597.46,143.22916666666666
1361393597.523,73.86363636363637
1361393597.713,135.41666666666666
1361393597.776,166.66666666666666
1361393602.703,132.10227272727275
1361393602.826,156.25
1361393597.831,132.21153846153845
1361393603.911,416.6666666666667
1361393590.084,24.92088607594937
1361393604.036,312.5
1361393604.142,494.7916666666667
1361393598.188,64.18918918918918
1361393600.426,59.02777777777778
1361393600.678,75.36764705882352
1361393600.741,33.125
1361393598.5,166.66666666666666
1361393598.874,138.88888888888889
1361393588.51,24.764150943396228
1361393598.749,153.27380952380955
1361393598.934,138.88888888888889
1361393604.991,304.6875
1361393599.231,87.05357142857143
1361393589.053,25.735294117647058
1361393605.116,479.1666666666667
1361393599.668,100.0
1361393589.683,24.92331288343558
1361393603.542,357.14285714285717
1361393580.136,15.736873508353222
1361393580.135,32.608695652173914
1361393580.135,11.50932400932401
1361393580.485,43.75
1361393582.595,18.038974719101127
1361393580.793,18.75
1361393583.2,95.3525641025641
1361393583.325,151.2957317073171
1361393581.212,69.79166666666667
1361393583.637,101.171875
1361393581.394,77.1732233502538
1361393581.457,118.02455357142857
1361393581.521,13.802083333333332
1361393581.812,750.0
1361393582.538,184.0277777777778
1361393582.664,119.18604651162791
1361393582.912,28.846153846153847
1361393583.33,57.112068965517246
1361393583.396,198.2142857142857
1361393581.218,27.401477832512317
1361393581.407,19.642857142857142
1361393583.58,59.21052631578947
1361393599.475,27.3876404494382
1361393598.822,68.75
1361393583.854,380.6818181818182
1361393583.916,15.53030303030303
1361393583.916,481.69642857142856
1361393584.042,89.28571428571429
1361393584.038,150.06510416666666
1361393584.419,102.61824324324324
1361393584.733,414.0625
1361393584.796,100.0
1361393584.86,30.0
1361393584.859,21.816037735849054
1361393585.278,15.666226912928758
1361393585.784,9.29054054054054
1361393586.355,47.44764397905759
1361393586.423,66.58380681818183
1361393586.549,14.901992287917738
1361393586.613,52.72346368715084
1361393586.676,10.026737967914439
1361393586.545,4.201680672268908
1361393586.991,4.261363636363636
1361393586.862,78.55662983425414
1361393586.988,414.0625
1361393584.71,16.738231552162848
1361393585.194,59.70670391061453
1361393585.32,52.93715846994536
1361393585.32,57.01462765957447
1361393585.256,3.787878787878788
1361393585.383,114.58333333333333
1361393585.446,10.896381578947368
1361393585.7,115.82880434782608
1361393585.826,4.615384615384616
1361393586.624,40.81284153005464
1361393586.716,94.60509950248756
1361393611.909,415.17857142857144
1361393611.973,500.0
1361393608.004,208.33333333333334
1361393605.955,192.1875
1361393608.317,138.88888888888889
1361393608.571,138.88888888888889
1361393606.329,119.04761904761904
1361393606.393,169.4078947368421
1361393608.761,113.63636363636363
1361393608.884,116.07142857142857
1361393609.012,113.63636363636363
1361393606.77,104.16666666666667
1361393609.182,131.57894736842104
1361393607.254,71.69117647058823
1361393609.878,228.3653846153846
1361393607.443,233.4558823529412
1361393605.393,223.55769230769232
1361393610.446,181.640625
1361393605.749,208.33333333333334
1361393610.677,138.88888888888889
1361393611.377,406.25
1361393612.01,143.22916666666666
1361393612.073,250.0
1361393608.421,185.546875
1361393606.372,198.4375
1361393612.516,166.66666666666666
1361393606.474,226.10294117647058
1361393612.615,156.25
1361393609.093,119.04761904761904
1361393609.092,113.63636363636363
1361393612.804,208.33333333333334
1361393610.023,243.75
1361393605.286,145.3125
1361393605.286,277.77777777777777
1361393605.413,166.66666666666666
1361393605.54,247.59615384615387
1361393610.848,227.27272727272725
1361393611.167,363.28125
1361393590.122,11.278195488721805
1361393588.01,413.0859375
1361393590.185,17.65422077922078
1361393590.185,36.98979591836735
1361393588.383,496.06918238993705
1361393590.851,24.456521739130437
1361393588.67,95.02551020408164
1361393588.862,59.840425531914896
1361393591.1,71.70758928571429
1361393589.15,3.9893617021276593
1361393589.528,81.8298969072165
1361393589.654,6.8181818181818175
1361393589.653,17.857142857142858
1361393589.653,32.95454545454545
1361393587.955,53.87180974477958
1361393588.265,60.810810810810814
1361393590.868,18.494897959183675
1361393588.687,17.886513157894736
1361393588.686,24.942660550458715
1361393588.558,10.658482142857142
1361393588.996,38.56382978723404
1361393589.194,312.5
1361393589.539,99.70238095238096
1361393589.666,55.8440332326284
1361393611.047,696.875
1361393608.345,90.46052631578948
1361393608.792,114.58333333333333
1361393592.305,30.952785326086957
1361393592.433,12.295081967213115
1361393592.496,6.382978723404255
1361393592.747,300.0
1361393593.486,10.48951048951049
1361393593.486,106.85483870967742
1361393594.053,14.931582840236686
1361393594.684,750.0
1361393594.734,48.63721804511278
1361393595.049,500.0
1361393595.175,1817.7083333333333
1361393595.298,19.970414201183434
1361393595.301,22.463768115942027
1361393595.427,13.41759002770083
1361393591.989,9.108040201005025
1361393592.178,80.38949275362319
1361393592.43,34.198113207547166
1361393592.556,5.7397959183673475
1361393592.747,11.538461538461538
1361393592.81,3.926701570680628
1361393592.871,27.4645618556701
1361393593.062,9.933774834437086
1361393595.542,204.42708333333334
1361393593.611,54.036458333333336
1361393593.672,38.13428217821782
1361393594.428,18.795289855072465
1361393595.169,21.778980446927374
1361393613.957,68.75
1361393616.82,86.20689655172414
1361393617.179,100.0
1361393612.826,161.45833333333334
1361393617.113,92.59259259259258
1361393613.328,125.0
1361393617.807,124.21875
1361393613.64,188.98809523809524
1361393618.927,58.13953488372093
1361393613.992,65.87837837837837
1361393614.306,113.63636363636363
1361393600.585,7.848837209302326
1361393616.643,114.95535714285714
1361393614.719,100.0
1361393617.085,87.05357142857143
1361393617.592,106.77083333333333
1361393615.287,73.52941176470588
1361393613.239,121.875
1361393613.349,85.9375
1361393617.701,65.78947368421052
1361393617.827,59.52380952380952
1361393615.329,78.125
1361393595.888,774.5535714285714
1361393597.935,623.641304347826
1361393598.311,6.5982404692082115
1361393598.31,403.4090909090909
1361393596.26,19.244868035190617
1361393596.422,18.907563025210084
1361393598.725,1656.25
1361393596.548,12.899709302325581
1361393598.723,122.31182795698925
1361393598.722,16.611842105263158
1361393596.545,35.714285714285715
1361393598.785,207.5
1361393596.544,40.54054054054054
1361393598.847,14.402173913043478
1361393598.908,16.954787234042552
1361393596.795,17.230576441102755
1361393598.971,117.59868421052632
1361393597.022,14.769452449567725
1361393597.456,199.6527777777778
1361393599.631,117.6470588235294
1361393597.582,698.0488578680203
1361393597.749,15.667115902964959
1361393598.187,52.32558139534884
1361393596.359,21.34859625668449
1361393596.164,60.7521186440678
1361393596.227,4665.544496487119
1361393598.788,18.618766404199473
1361393596.547,57.112068965517246
1361393598.913,8.940735694822889
1361393596.609,14.204545454545453
1361393598.912,27.377717391304348
1361393598.954,125.0
1361393599.015,72.0486111111111
1361393599.447,14.423076923076923
1361393600.248,6.604381443298969
1361393600.374,6.6558441558441555
1361393600.563,123.43036529680366
1361393600.753,51.470588235294116
1361393601.132,48.4375
1361393601.194,6.912442396313365
1361393601.298,6.503807106598985
1361393601.301,93.18524096385543
1361393602.731,11.953796561604586
1361393603.046,25.164473684210524
1361393603.109,23.343373493975903
1361393603.619,16.20523872679045
1361393603.681,55.28846153846153
1361393603.744,784.7222222222222
1361393599.903,10.377798507462687
1361393600.071,19.215593434343436
1361393600.259,82.77027027027027
1361393600.322,14.705882352941176
1361393600.51,6.470959595959596
1361393600.701,6.470959595959596
1361393600.636,19.740853658536587
1361393600.699,17.045454545454543
1361393600.763,6.4223057644110275
1361393600.886,17.557123655913976
1361393600.066,41.80555555555556
1361393600.129,14.890160891089108
1361393601.332,38.56382978723404
1361393601.395,45.83333333333333
1361393602.04,9.351325757575758
1361393601.374,13.789164490861618
1361393601.31,246.99519230769232
1361393601.5,66.25
1361393602.194,104.82536764705883
1361393602.257,20.582507082152976
1361393601.166,53.6983204134367
1361393601.866,23.741319444444443
1361393602.439,363.28125
1361393602.741,20.9725935828877
1361393603.31,20.089285714285715
1361393603.691,28.732638888888886
1361393603.546,15.492957746478874
1361393620.059,86.99324324324324
1361393624.343,92.59259259259258
1361393624.596,61.29807692307692
1361393624.531,62.5
1361393620.497,87.31617647058823
1361393624.657,97.84836065573771
1361393622.73,71.42857142857143
1361393622.733,64.1025641025641
1361393625.099,51.7578125
1361393625.162,61.07954545454545
1361393620.92,62.5
1361393620.983,69.19642857142857
1361393621.106,56.919642857142854
1361393623.09,83.33333333333333
1361393623.09,83.33333333333333
1361393617.588,2099.4178921568628
1361393625.714,54.956896551724135
1361393623.408,96.15384615384616
1361393623.597,158.75
1361393626.856,54.34782608695652
1361393626.825,54.34782608695652
1361393619.081,55.39772727272727
1361393619.08,70.47872340425532
1361393619.079,58.13953488372093
1361393619.457,131.20719178082192
1361393619.908,67.56756756756756
1361393621.953,69.44444444444444
1361393620.096,65.78947368421052
1361393624.192,72.65625
1361393620.031,138.02083333333334
1361393622.499,141.96428571428572
1361393622.499,71.42857142857143
1361393622.562,59.45121951219512
1361393622.558,29.367469879518072
1361393625.056,62.019230769230774
1361393621.209,59.52380952380952
1361393625.623,66.53225806451613
1361393623.19,28.017241379310345
1361393617.787,45.09943181818181
1361393626.106,60.14150943396226
1361393626.106,62.5
1361393626.676,80.078125
1361393626.74,56.81818181818181
1361393626.866,58.13953488372093
1361393619.37,62.5
1361393619.882,71.69117647058823
1361393605.928,1125.0
1361393605.991,34.883720930232556
1361393604.067,18.169529262086513
1361393606.176,156.25
1361393606.427,21.056149732620323
1361393604.364,15.11463567839196
1361393604.427,715.625
1361393604.488,41.666666666666664
1361393604.798,21.392342931937172
1361393604.859,855.46875
1361393604.553,28.998559077809798
1361393605.089,10.512107329842932
1361393604.896,1263.888888888889
1361393607.326,10.901162790697676
1361393605.401,17.86306366047745
1361393605.271,272.97794117647055
1361393605.526,16.849662162162165
1361393605.526,12.157310704960835
1361393605.495,19.615255376344084
1361393603.827,14.699074074074074
1361393603.889,30.300414364640886
1361393603.888,23.3577806122449
1361393604.007,1527.6247099767982
1361393604.198,37.234042553191486
1361393604.134,16.900510204081634
1361393606.6,14.152486910994764
1361393606.228,6.063432835820896
1361393606.851,83.33333333333333
1361393604.672,17.53982843137255
1361393604.777,10.45642493638677
1361393607.142,29.05701754385965
1361393604.897,16.7056916426513
1361393605.026,9.57393899204244
1361393605.214,12.613932291666666
1361393605.214,19.50354609929078
1361393605.275,13.334424083769633
1361393605.338,18.05462466487936
1361393607.869,36.11680327868853
1361393607.995,17.468163538873995
1361393607.994,32.608695652173914
1361393608.69,4.411764705882353
1361393609.425,22.3388671875
1361393610.116,14.802631578947368
1361393610.606,133.92857142857142
1361393610.922,20.27376033057851
1361393611.616,104.76434426229508
1361393611.658,154.82954545454544
1361393611.653,19.122456395348838
1361393611.528,12.481778425655977
1361393607.878,103.515625
1361393608.132,22.546419098143236
1361393608.447,19.18357329842932
1361393608.7,14.660493827160494
1361393608.865,15.078125
1361393609.053,250.74404761904762
1361393609.179,58.423913043478265
1361393609.179,40.396341463414636
1361393609.368,17.93664383561644
1361393609.43,1718.75
1361393609.553,11.003521126760562
1361393609.81,338.8671875
1361393610.166,48.387096774193544
1361393610.165,45.45454545454545
1361393610.354,500.0
1361393610.797,44.11764705882353
1361393611.512,91.97115384615384
1361393611.302,23.297155688622755
1361393632.145,65.78947368421052
1361393632.271,69.44444444444444
1361393628.174,72.65625
1361393628.236,108.01630434782608
1361393628.675,80.64516129032258
1361393633.194,67.56756756756756
1361393633.193,73.52941176470588
1361393628.776,100.0
1361393633.256,73.52941176470588
1361393630.948,89.38953488372094
1361393631.011,59.52380952380952
1361393633.635,75.75757575757576
1361393633.635,103.83064516129033
1361393631.197,60.97560975609756
1361393626.269,59.151785714285715
1361393631.863,67.56756756756756
1361393629.942,65.78947368421052
1361393632.054,67.70833333333333
1361393630.175,71.98660714285714
1361393632.667,71.42857142857143
1361393628.503,110.99137931034484
1361393628.564,92.59259259259258
1361393633.207,110.24305555555556
1361393628.855,116.25
1361393628.855,100.0
1361393630.902,59.52380952380952
1361393633.46,78.125
1361393631.026,80.46875
1361393629.105,119.04761904761904
1361393629.291,167.11956521739128
1361393629.355,119.04761904761904
1361393631.273,65.78947368421052
1361393626.658,95.625
1361393627.533,67.56756756756756
1361393627.724,124.0234375
1361393613.879,14.355742296918766
1361393614.19,170.0
1361393614.54,187.5
1361393614.603,12.5
1361393612.87,15.953083989501314
1361393612.737,54.8469387755102
1361393615.405,213.8392857142857
1361393615.34,133.33333333333334
1361393613.291,16.599025974025974
1361393613.163,22.070822454308097
1361393613.416,31.6015625
1361393615.526,38.936491935483865
1361393613.35,15.383997429305913
1361393611.923,751.0221962616822
1361393611.869,19.4114263803681
1361393612.03,517.3611111111112
1361393614.013,125.0
1361393614.013,19.263698630136986
1361393612.218,64.51612903225806
1361393614.257,7.575757575757576
1361393614.45,32.62987012987013
1361393612.529,73.70022123893804
1361393614.512,16.041666666666664
1361393614.512,205.72916666666666
1361393612.652,122.59615384615384
1361393612.629,97.42647058823529
1361393612.691,32.67045454545455
1361393613.004,13.340404699738905
1361393615.116,153.71621621621622
1361393615.179,141.08455882352942
1361393613.255,83.33333333333333
1361393615.274,19.28191489361702
1361393613.479,15.985230547550431
1361393619.091,66.22371495327103
1361393616.113,27.616279069767444
1361393616.176,15.33157276995305
1361393616.366,54.8469387755102
1361393616.493,212.19758064516128
1361393616.807,10.103665865384617
1361393617.355,19.50354609929078
1361393617.353,81.99896694214875
1361393617.416,42.410714285714285
1361393617.416,12.06007281553398
1361393617.86,154.2467948717949
1361393617.922,94.86607142857143
1361393617.92,37.94642857142857
1361393618.11,100.0
1361393618.173,8.717105263157894
1361393618.658,105.26315789473684
1361393618.912,82.48546511627906
1361393618.975,78.94736842105263
1361393618.847,126.64473684210526
1361393619.414,172.27564102564102
1361393619.605,152.96052631578945
1361393615.953,28.308823529411764
1361393616.055,112.84722222222223
1361393616.685,30.7892091152815
1361393616.812,19.50354609929078
1361393617.425,100.0
1361393617.869,126.86011904761904
1361393618.121,26.921452702702705
1361393618.564,73.80319148936171
1361393618.922,145.24147727272725
1361393639.938,132.10227272727275
1361393635.906,78.6732456140351
1361393643.969,147.05882352941177
1361393636.159,30.671296296296298
1361393640.318,100.0
1361393640.57,189.33823529411765
1361393636.663,71.79054054054055
1361393641.121,65.97222222222223
1361393636.833,60.167910447761194
1361393641.184,170.9558823529412
1361393641.247,132.69589552238807
1361393636.895,48.007246376811594
1361393641.247,135.41666666666666
1361393641.31,104.16666666666667
1361393637.019,53.125
1361393639.441,96.15384615384616
1361393639.759,93.75
1361393642.229,192.30769230769232
1361393637.749,59.151785714285715
1361393642.164,229.91071428571428
1361393626.676,8.466748768472906
1361393634.483,51.7578125
1361393634.482,49.03846153846154
1361393642.673,107.29166666666666
1361393642.544,75.75757575757576
1361393642.928,128.125
1361393642.862,84.05172413793103
1361393634.669,52.25409836065574
1361393634.924,55.22260273972603
1361393643.691,131.57894736842104
1361393643.306,100.0
1361393637.926,61.342592592592595
1361393640.163,125.0
1361393644.066,147.05882352941177
1361393638.219,67.60204081632654
1361393640.641,201.171875
1361393641.023,138.88888888888889
1361393636.862,56.34469696969697
1361393630.781,62.88296568627451
1361393641.274,174.7159090909091
1361393644.789,227.27272727272725
1361393637.219,53.42741935483871
1361393639.393,142.36111111111111
1361393641.759,138.88888888888889
1361393637.722,59.151785714285715
1361393634.329,41.93037974683544
1361393642.072,174.10714285714286
1361393642.199,81.25
1361393643.387,100.0
1361393635.257,29.3141592920354
1361393619.862,15.305190058479532
1361393619.924,20.039926289926292
1361393621.971,29.454022988505745
1361393620.234,13.754675810473815
1361393622.51,82.2172619047619
1361393622.574,71.47988505747126
1361393622.636,62.5
1361393620.837,119.53125
1361393620.899,126.5625
1361393620.899,750.0
1361393620.963,1500.0
1361393621.087,21.589381720430108
1361393621.087,122.4563953488372
1361393623.134,17.89016272189349
1361393623.113,178.8793103448276
1361393623.426,61.342592592592595
1361393621.504,82.8125
1361393621.561,16.339045698924732
1361393621.752,85.22727272727272
1361393621.813,133.33333333333334
1361393619.893,1500.0
1361393622.9,369.29563492063494
1361393623.026,86.41304347826087
1361393619.872,9.74174816625917
1361393622.161,104.16666666666667
1361393622.417,204.01785714285714
1361393620.719,1125.0
1361393620.969,228.75
1361393623.207,13.221153846153847
1361393623.19,206.12980769230768
1361393623.252,20.695910290237467
1361393623.378,9.574468085106384
1361393623.565,245.24456521739128
1361393623.627,230.29891304347828
1361393624.609,22.73065476190476
1361393624.672,47.08904109589041
1361393625.028,45.0
1361393625.155,85.9375
1361393625.533,7.108369098712446
1361393625.659,80.94262295081968
1361393625.722,31.914893617021274
1361393626.164,91.72453703703704
1361393626.164,113.50235849056604
1361393626.523,95.81367924528301
1361393627.467,19.040300546448087
1361393623.947,3543.049199084668
1361393623.861,39.10042475728155
1361393624.486,53.353658536585364
1361393624.238,17.610911270983216
1361393624.297,165.44117647058823
1361393624.364,39.8936170212766
1361393624.491,200.4310344827586
1361393625.364,65.03378378378379
1361393624.91,9.073795180722893
1361393624.973,34.85576923076923
1361393624.972,10.146103896103895
1361393625.098,26.092980295566505
1361393625.098,79.345703125
1361393625.224,87.54960317460316
1361393625.288,103.73975409836066
1361393625.288,15.430659203980099
1361393625.54,23.65074441687345
1361393625.666,134.92990654205607
1361393625.73,5.096153846153846
1361393626.347,28.556034482758623
1361393626.533,31.899350649350648
1361393627.105,85.22727272727272
1361393627.104,136.36363636363635
1361393627.61,5.0675675675675675
1361393627.48,183.27702702702703
1361393647.938,67.60204081632654
1361393645.889,138.88888888888889
1361393648.442,59.45121951219512
1361393649.115,87.05357142857143
1361393646.811,73.52941176470588
1361393649.37,104.16666666666667
1361393646.936,60.546875
1361393649.683,125.0
1361393649.746,147.05882352941177
1361393649.935,138.88888888888889
1361393647.375,59.52380952380952
1361393647.501,62.5
1361393647.627,52.98913043478261
1361393650.738,92.59259259259258
1361393650.8,165.36458333333334
1361393651.119,142.36111111111111
1361393651.31,123.79807692307693
1361393651.563,104.16666666666667
1361393635.498,29.447115384615383
1361393645.988,172.55434782608694
1361393646.115,113.63636363636363
1361393648.149,67.56756756756756
1361393646.471,67.81914893617021
1361393646.661,112.92613636363637
1361393644.612,128.28947368421055
1361393649.411,135.41666666666666
1361393646.835,58.035714285714285
1361393644.85,212.05357142857142
1361393647.021,58.035714285714285
1361393644.912,250.0
1361393644.973,128.28947368421055
1361393649.964,100.2155172413793
1361393647.401,54.34782608695652
1361393650.533,104.16666666666667
1361393650.851,92.59259259259258
1361393650.915,92.59259259259258
1361393651.171,100.0
1361393627.91,20.380434782608695
1361393629.893,12.78409090909091
1361393629.956,12.809327411167512
1361393627.972,636.2847222222222
1361393627.971,33.348880597014926
1361393630.019,24.21875
1361393629.954,204.54545454545456
1361393630.017,20.003019323671495
1361393628.219,11.818445475638052
1361393630.326,195.54924242424244
1361393630.388,375.0
1361393630.388,12.967139175257733
1361393630.493,47.69736842105264
1361393628.699,3.95778364116095
1361393628.57,18.465909090909093
1361393628.948,37.51671122994652
1361393629.01,21.227134146341466
1361393629.01,6.651606425702812
1361393628.941,11.23638014527845
1361393628.944,24.021084337349397
1361393628.944,11.623475609756097
1361393630.902,13.860192837465565
1361393631.025,167.578125
1361393631.405,126.45348837209302
1361393629.834,21.763392857142858
1361393629.896,29.140625
1361393629.958,19.736842105263158
1361393630.019,11.16635101010101
1361393628.667,79.76973684210527
1361393628.16,49.8046875
1361393630.249,5.003776435045317
1361393630.438,16.304347826086957
1361393630.437,82.64802631578948
1361393628.637,409.375
1361393629.737,115.38461538461539
1361393629.737,4.603399433427762
1361393629.864,30.96153846153846
1361393629.927,6.091101694915254
1361393630.809,129.83630952380955
1361393628.824,111.81640625
1361393630.679,25.737973760932945
1361393630.371,23.63896848137536
1361393628.992,16.24381188118812
1361393629.177,7.518796992481203
1361393629.179,4.451038575667656
1361393629.273,185.3693181818182
1361393632.026,151.7361111111111
1361393632.592,154.6474358974359
1361393632.656,18.497242647058822
1361393632.655,20.22058823529412
1361393632.908,15.50839552238806
1361393633.513,51.288167938931295
1361393633.576,3.8167938931297707
1361393634.017,4.914688427299703
1361393635.009,36.25
1361393635.323,19.862288135593218
1361393635.445,40.27777777777778
1361393635.574,20.5
1361393631.966,99.91776315789473
1361393632.528,1540.251756440281
1361393632.534,32.19178082191781
1361393632.662,23.085585585585587
1361393633.041,93.52678571428571
1361393635.252,16.03618421052632
1361393635.619,46.83299731182795
1361393633.775,750.0
1361393633.902,89.22697368421052
1361393633.966,108.5304054054054
1361393634.218,3.968253968253968
1361393634.282,51.81962025316456
1361393634.32,106.49038461538461
1361393635.334,18.125
1361393634.758,61.00171232876713
1361393634.757,110.96398305084746
1361393635.65,1755.2083333333333
1361393652.025,67.56756756756756
1361393654.26,65.78947368421052
1361393652.465,89.38953488372094
1361393656.687,78.125
1361393657.17,97.53787878787878
1361393652.944,87.17105263157895
1361393653.007,106.77083333333333
1361393657.291,86.20689655172414
1361393657.61,111.77884615384616
1361393657.672,89.28571428571429
1361393655.429,64.1025641025641
1361393658.093,131.57894736842104
1361393655.659,69.44444444444444
1361393658.407,169.4078947368421
1361393656.026,82.53205128205128
1361393651.994,89.40972222222223
1361393656.152,101.15131578947368
1361393656.256,69.44444444444444
1361393656.383,73.52941176470588
1361393654.203,130.7565789473684
1361393654.394,67.56756756756756
1361393652.469,60.97560975609756
1361393652.535,60.97560975609756
1361393655.0,80.64516129032258
1361393653.144,71.69117647058823
1361393655.063,80.64516129032258
1361393657.559,100.0
1361393653.456,71.42857142857143
1361393653.711,96.875
1361393653.582,94.66911764705883
1361393636.079,39.40217391304348
1361393638.351,17.054416403785492
1361393638.95,54.483695652173914
1361393639.074,74.70703125
1361393637.281,4.322766570605188
1361393637.704,6015.625
1361393636.029,16.684322033898304
1361393636.342,97.97297297297297
1361393638.982,124.49596774193549
1361393636.929,38.56382978723404
1361393639.021,122.68518518518519
1361393637.039,39.40217391304348
1361393637.162,4.477611940298508
1361393637.224,135.0
1361393637.223,9.615384615384617
1361393639.335,149.63942307692307
1361393639.52,256.11413043478257
1361393637.534,33.56481481481482
1361393637.596,283.3333333333333
1361393640.218,17.43222891566265
1361393640.28,11.408132530120481
1361393640.847,76.45089285714286
1361393641.035,13.59375
1361393641.456,162.38839285714286
1361393641.519,190.9722222222222
1361393641.834,15.989313471502593
1361393642.313,26.611328125
1361393642.827,16.745283018867923
1361393642.507,12.643129770992367
1361393643.079,8.027522935779817
1361393643.074,13.49233983286908
1361393643.263,15.104166666666666
1361393643.643,356.9078947368421
1361393643.751,4.745702005730659
1361393640.539,236.01973684210526
1361393640.854,12.91920731707317
1361393640.977,55.55555555555555
1361393642.717,96.73455056179775
1361393641.09,10.287747524752476
1361393641.09,13.193558673469386
1361393641.154,11.626958224543081
1361393641.403,8.841036414565826
1361393641.53,245.0284090909091
1361393641.658,135.01602564102564
1361393642.101,88.75
1361393642.1,116.86643835616438
1361393642.1,20.198170731707318
1361393642.958,14.837533156498674
1361393643.084,6.607929515418502
1361393643.146,180.0
1361393643.272,135.41666666666666
1361393661.956,69.44444444444444
1361393662.019,69.44444444444444
1361393664.131,91.94711538461539
1361393664.13,62.5
1361393660.223,56.14406779661017
1361393662.396,59.52380952380952
1361393664.444,41.40625
1361393660.284,50.96153846153846
1361393664.57,62.09415584415585
1361393660.597,63.70192307692307
1361393660.762,117.0343137254902
1361393660.825,50.0
1361393655.062,439.0007062146893
1361393663.504,79.8611111111111
1361393661.517,74.51923076923077
1361393661.581,81.78191489361703
1361393663.82,35.21126760563381
1361393658.866,61.342592592592595
1361393659.44,96.27016129032258
1361393659.504,54.303278688524586
1361393659.631,79.8611111111111
1361393659.567,53.42741935483871
1361393660.071,56.14406779661017
1361393652.134,118.1640625
1361393662.476,35.326086956521735
1361393660.364,61.342592592592595
1361393664.588,62.09415584415585
1361393662.664,54.34782608695652
1361393660.487,63.70192307692307
1361393660.55,91.94711538461539
1361393663.458,101.40306122448979
1361393649.951,62.60212418300654
1361393663.77,55.55555555555555
1361393661.658,76.48026315789473
1361393661.657,60.9375
1361393661.72,65.78947368421052
1361393658.646,78.3811475409836
1361393658.71,59.151785714285715
1361393659.284,51.7578125
1361393659.538,97.84836065573771
1361393659.41,52.57936507936508
1361393643.957,14.058377308707124
1361393646.003,45.45454545454545
1361393646.003,122.04391891891892
1361393646.066,41.666666666666664
1361393646.061,17.260674931129476
1361393644.331,21.621148459383754
1361393644.266,153.50877192982458
1361393646.377,60.0
1361393644.372,44.21795685279188
1361393646.666,7.342406876790831
1361393644.549,39.473684210526315
1361393646.79,4.7868497109826595
1361393647.04,10.577986725663717
1361393647.102,539.3476277372263
1361393644.969,77.11693548387098
1361393647.144,76.26488095238096
1361393645.159,14.87097855227882
1361393647.207,31.25
1361393645.222,531.25
1361393647.269,13.5
1361393647.397,141.796875
1361393647.269,39.8936170212766
1361393647.332,24.705497382198953
1361393647.583,4.56267217630854
1361393647.518,76.42663043478261
1361393647.641,39.8936170212766
1361393645.403,33.333333333333336
1361393645.309,9.955752212389381
1361393645.808,10.416666666666666
1361393646.125,52.341597796143255
1361393643.838,26.31578947368421
1361393645.948,190.625
1361393643.962,39.473684210526315
1361393644.025,222.83653846153848
1361393646.323,144.76102941176472
1361393646.385,30.737704918032787
1361393646.428,114.02027027027027
1361393644.502,14.489348370927317
1361393646.675,100.06648936170212
1361393644.688,737.8472222222222
1361393647.336,145.08928571428572
1361393645.281,28.30188679245283
1361393645.598,263.98026315789474
1361393649.777,11.382180156657963
1361393649.902,19.521208226221077
1361393650.03,57.69230769230769
1361393650.704,179.19921875
1361393650.767,50.70754716981132
1361393650.831,145.38043478260872
1361393650.831,46.47435897435898
1361393650.828,7.218309859154929
1361393650.892,51.724137931034484
1361393651.019,7.839721254355401
1361393650.954,161.31756756756758
1361393651.082,51.7578125
1361393651.207,123.84259259259258
1361393651.46,62.5
1361393648.883,119.16035353535354
1361393648.419,125.2948113207547
1361393650.268,625.48828125
1361393649.474,75.0
1361393649.474,182.1546052631579
1361393648.133,113.00872093023257
1361393650.55,213.99456521739128
1361393650.613,171.875
1361393650.885,163.50446428571428
1361393651.141,195.02314814814815
1361393650.82,111.97916666666667
1361393651.33,60.0
1361393650.945,129.31034482758622
1361393670.457,60.22727272727273
1361393668.473,100.87025316455696
1361393672.694,103.83064516129033
1361393668.723,51.68269230769231
1361393672.99,136.85344827586206
1361393665.118,42.5
1361393673.116,71.42857142857143
1361393669.08,46.65492957746479
1361393673.367,158.75
1361393673.43,100.0
1361393665.747,37.64204545454545
1361393673.618,93.75
1361393666.064,34.868421052631575
1361393666.254,27.445652173913043
1361393674.164,132.10227272727275
1361393671.73,67.56756756756756
1361393666.479,34.868421052631575
1361393674.287,156.25
1361393666.861,17.903645833333332
1361393674.477,292.6136363636364
1361393666.732,35.61827956989248
1361393674.668,132.21153846153845
1361393667.177,37.64204545454545
1361393667.305,37.64204545454545
1361393667.177,90.55397727272728
1361393667.24,37.64204545454545
1361393667.814,37.21910112359551
1361393669.857,55.20833333333333
1361393670.049,58.1140350877193
1361393670.157,86.93181818181817
1361393670.093,91.14583333333333
1361393672.393,55.39772727272727
1361393670.343,63.70192307692307
1361393672.58,3562.5
1361393672.707,110.99137931034484
1361393664.961,43.58552631578947
1361393672.768,539.0625
1361393672.895,155.2734375
1361393672.958,67.70833333333333
1361393665.402,35.81460674157303
1361393668.964,40.348101265822784
1361393665.444,38.056930693069305
1361393669.026,47.32142857142857
1361393671.009,81.78191489361703
1361393671.072,58.13953488372093
1361393665.948,34.868421052631575
1361393673.755,183.03571428571428
1361393671.641,64.1025641025641
1361393674.007,147.05882352941177
1361393666.582,29.224537037037038
1361393674.811,89.28571428571429
1361393666.871,36.80555555555556
1361393667.254,53.72191011235955
1361393667.509,46.33620689655173
1361393667.125,35.81460674157303
1361393667.252,18.682065217391305
1361393667.7,38.07471264367816
1361393653.843,199.47916666666669
1361393651.983,13.141809290953544
1361393653.966,126.04166666666666
1361393654.03,70.21103896103897
1361393654.217,34.198113207547166
1361393654.278,150.53353658536585
1361393654.501,140.2439024390244
1361393652.89,4.3604651162790695
1361393655.103,23.4375
1361393653.242,107.46951219512195
1361393655.349,15.213815789473685
1361393655.412,101.5625
1361393653.62,127.67857142857142
1361393653.616,121.78308823529412
1361393651.82,40.54054054054054
1361393652.127,2796.9137717121585
1361393652.507,109.8345588235294
1361393654.034,19.642857142857142
1361393654.034,159.22619047619045
1361393654.409,141.03618421052633
1361393652.332,178.97727272727275
1361393652.527,750.0
1361393652.776,156.25
1361393652.775,6.8807339449541285
1361393654.695,12.262658227848101
1361393652.963,38.46153846153847
1361393652.835,10.96976401179941
1361393654.945,25.39588948787062
1361393653.127,6.838905775075988
1361393655.237,111.77884615384616
1361393655.3,26.785714285714285
1361393655.485,34.24202127659574
1361393655.546,859.375
1361393656.095,88.23529411764706
1361393656.094,98.95833333333333
1361393656.283,16.868781094527364
1361393656.852,537.0065789473684
1361393656.979,8.85558583106267
1361393657.274,84.66880341880342
1361393657.718,267.42788461538464
1361393657.649,144.375
1361393657.905,100.0
1361393658.35,13.380281690140844
1361393658.54,100.0
1361393658.702,13.392857142857142
1361393659.018,39.40217391304348
1361393659.334,110.83984375
1361393659.651,8.522727272727272
1361393659.715,8.720930232558139
1361393659.586,65.86423444976076
1361393655.917,12.983630952380953
1361393656.231,130.64236111111111
1361393656.484,16.604112271540473
1361393656.537,1414.0625
1361393657.217,19.695378151260503
1361393658.397,142.61451863354037
1361393658.46,21.46796218487395
1361393658.46,160.71428571428572
1361393658.522,11.741071428571429
1361393658.775,295.625
1361393659.154,35.326086956521735
1361393659.344,177.86654135338344
1361393659.343,35.326086956521735
1361393659.342,122.76785714285714
1361393659.533,39.8936170212766
1361393659.638,28.82179054054054
1361393680.485,46.875
1361393680.739,65.49657534246575
1361393678.75,40.89506172839506
1361393678.794,41.40625
1361393679.234,42.46794871794872
1361393679.484,43.58552631578947
1361393677.538,16.36904761904762
1361393677.726,32.16019417475728
1361393675.737,26.379870129870127
1361393680.022,24.553571428571427
1361393660.052,5.03419452887538
1361393681.194,24.90942028985507
1361393677.444,32.16019417475728
1361393666.882,16.374143835616437
1361393660.085,85.27542372881355
1361393662.258,38.46153846153847
1361393660.21,84.375
1361393660.398,128.97727272727272
1361393660.397,89.69907407407408
1361393662.508,89.22697368421052
1361393662.605,78.48011363636363
1361393660.494,85.33653846153847
1361393662.795,77.00892857142857
1361393660.677,83.33333333333333
1361393660.744,99.375
1361393662.855,151.15489130434784
1361393663.108,166.66666666666666
1361393663.34,72.58064516129033
1361393661.164,9.284420289855072
1361393663.404,36.569148936170215
1361393661.411,7.93343653250774
1361393661.475,168.34677419354838
1361393661.538,103.61842105263158
1361393663.711,104.59183673469389
1361393661.599,137.6689189189189
1361393660.514,48.36309523809524
1361393661.828,486.60714285714283
1361393660.843,1457.7863961813841
1361393660.034,33.56481481481482
1361393662.142,12.453007518796992
1361393661.607,31.21151477832512
1361393660.22,45.0
1361393662.267,83.33333333333333
1361393662.583,114.13043478260869
1361393662.618,30.26107594936709
1361393660.504,148.4375
1361393662.803,60.714285714285715
1361393663.052,4.347112860892389
1361393661.105,132.10227272727275
1361393663.284,148.0978260869565
1361393663.408,48.165137614678905
1361393663.532,39.8936170212766
1361393663.656,750.0
1361393663.592,106.99728260869564
1361393669.266,78.24248120300751
1361393664.007,78.71462264150944
1361393664.321,447.6902173913043
1361393664.38,31.25
1361393664.448,65.70030120481927
1361393665.08,100.0
1361393665.08,62.04044117647059
1361393665.431,52.29591836734694
1361393665.494,64.04702970297029
1361393665.682,67.64914772727272
1361393665.745,60.34977064220184
1361393665.997,71.875
1361393666.298,79.60526315789474
1361393666.928,300.0
1361393667.244,53.799715909090914
1361393667.306,443.5369318181818
1361393667.625,87.10488505747126
1361393667.368,92.13362068965516
1361393667.538,31.914893617021274
1361393667.666,53.77906976744186
1361393663.888,6.540697674418605
1361393664.072,90.96746575342465
1361393664.266,77.56024096385543
1361393664.266,19.03735632183908
1361393664.388,25.705645161290324
1361393664.645,56.60377358490566
1361393664.835,1500.0
1361393664.898,88.8157894736842
1361393664.872,55.50986842105264
1361393664.936,173.07692307692307
1361393665.375,9.81800766283525
1361393665.565,375.0
1361393665.564,19.230769230769234
1361393665.564,73.1534090909091
1361393666.453,26.092980295566505
1361393665.817,46.230670103092784
1361393665.944,13.157894736842104
1361393666.24,17.857142857142858
1361393666.304,77.1484375
1361393666.367,44.48341836734694
1361393666.43,66.74592391304347
1361393666.493,7.751937984496124
1361393667.058,90.02130681818183
1361393667.505,81.53735632183907
1361393687.965,44.166666666666664
1361393688.028,44.166666666666664
1361393685.916,30.389908256880737
1361393677.915,25.390625
1361393686.166,32.7970297029703
1361393676.182,23.89705882352941
1361393686.417,32.86082474226804
1361393688.717,34.72222222222222
1361393686.541,41.9921875
1361393688.907,46.875
1361393676.659,9.948979591836734
1361393689.326,50.18939393939394
1361393684.718,53.04276315789474
1361393676.909,9.655898876404494
1361393681.832,44.763513513513516
1361393689.575,55.20833333333333
1361393682.084,45.37671232876713
1361393687.523,81.98529411764706
1361393679.63,32.7970297029703
1361393685.195,40.89506172839506
1361393682.377,44.8943661971831
1361393682.631,49.27884615384615
1361393682.883,21.786971830985916
1361393683.138,50.18939393939394
1361393675.196,15.994094488188976
1361393683.52,37.12406015037594
1361393683.648,39.43452380952381
1361393677.82,17.28723404255319
1361393688.101,42.5
1361393684.071,43.01948051948052
1361393686.055,33.125
1361393676.13,9.868421052631579
1361393678.242,41.53311965811966
1361393688.417,100.9963768115942
1361393688.542,43.07432432432432
1361393678.493,48.898963730569946
1361393688.668,57.58928571428571
1361393684.443,43.58552631578947
1361393686.489,83.0078125
1361393689.152,47.57462686567164
1361393676.735,23.082386363636363
1361393676.67,22.951977401129945
1361393684.922,40.89506172839506
1361393681.657,19.97626582278481
1361393689.465,54.303278688524586
1361393687.474,40.396341463414636
1361393690.097,60.22727272727273
1361393682.324,46.65492957746479
1361393687.574,42.46794871794872
1361393685.392,25.128865979381445
1361393682.833,36.231884057971016
1361393683.022,50.18939393939394
1361393683.532,38.970588235294116
1361393670.043,6.438442211055277
1361393668.183,37.5
1361393670.354,78.125
1361393670.482,14.802631578947368
1361393670.482,38.55846774193549
1361393670.457,125.61274509803921
1361393668.471,19.48441247002398
1361393668.968,37.760416666666664
1361393671.209,22.844827586206897
1361393669.269,27.27272727272727
1361393669.14,7.234726688102894
1361393671.442,1500.0
1361393671.506,1500.0
1361393671.505,4.44034852546917
1361393669.329,40.90909090909091
1361393669.392,39.8936170212766
1361393669.455,39.0625
1361393671.629,6.302521008403361
1361393669.581,26.31578947368421
1361393669.578,24.59016393442623
1361393669.769,45.91836734693878
1361393667.909,69.86607142857143
1361393668.607,42.830882352941174
1361393670.718,100.5859375
1361393668.731,36.29032258064517
1361393668.793,34.57446808510638
1361393671.156,91.14583333333333
1361393669.275,54.54545454545454
1361393671.323,133.984375
1361393669.4,39.8936170212766
1361393671.637,750.0
1361393672.066,71.42857142857143
1361393672.066,24.86376021798365
1361393672.319,95.39473684210527
1361393672.319,8.559431524547804
1361393672.319,95.39473684210527
1361393672.824,750.0
1361393672.888,7.470845481049563
1361393672.951,5.7251908396946565
1361393673.307,1437.5
1361393673.307,30.373831775700936
1361393673.307,18.617021276595743
1361393673.37,2250.0
1361393673.434,1500.0
1361393673.37,19.50354609929078
1361393673.496,151.31578947368422
1361393673.811,42.857142857142854
1361393673.683,1218.75
1361393673.805,27.27272727272727
1361393673.996,21.12676056338028
1361393673.935,22.058823529411764
1361393673.998,30.612244897959183
1361393674.061,29.535060975609756
1361393674.728,433.8942307692308
1361393674.601,14.276079136690647
1361393674.728,193.64754098360658
1361393674.728,199.28278688524588
1361393674.918,194.8784722222222
1361393675.297,20.01953125
1361393675.678,10.33266129032258
1361393672.135,126.83823529411764
1361393672.135,16.530797101449277
1361393672.134,60.0
1361393672.575,129.46428571428572
1361393672.638,10.739856801909307
1361393672.701,31.659985422740526
1361393672.826,19.28771820448878
1361393672.953,133.33333333333334
1361393673.185,17.11309523809524
1361393673.185,173.07692307692307
1361393673.248,606.5705128205128
1361393673.5,8.620689655172413
1361393673.563,116.66666666666667
1361393673.562,117.6470588235294
1361393674.135,16.785272277227723
1361393673.751,375.0
1361393673.814,125.0
1361393673.878,8.302583025830259
1361393674.004,115.38461538461539
1361393674.449,55.54667519181586
1361393675.049,18.246644295302016
1361393674.536,18.34862385321101
1361393674.852,750.0
1361393674.915,76.09953703703704
1361393674.915,5.415162454873646
1361393692.111,78.5060975609756
1361393692.173,118.30357142857143
1361393694.283,29.3141592920354
1361393694.347,30.389908256880737
1361393692.423,20.483193277310924
1361393692.906,19.192913385826774
1361393693.472,31.850961538461537
1361393690.373,54.303278688524586
1361393691.198,40.052816901408455
1361393691.644,77.03488372093022
1361393694.3,31.25
1361393692.315,65.68877551020408
1361393692.629,69.88636363636364
1361393693.13,26.930894308943092
1361393693.242,31.850961538461537
1361393676.173,38.56382978723404
1361393678.218,40.27777777777778
1361393678.276,36.811440677966104
1361393678.406,4.537671232876712
1361393678.47,37.760416666666664
1361393678.573,44.47115384615385
1361393676.584,37.90838068181819
1361393676.772,37.760416666666664
1361393679.074,65.58641975308642
1361393676.833,31.339285714285715
1361393679.308,37.5
1361393679.433,47.89402173913043
1361393677.193,35.53921568627451
1361393677.318,9.375
1361393677.378,8.474576271186441
1361393677.441,34.198113207547166
1361393678.411,24.51388888888889
1361393676.122,28.47222222222222
1361393676.184,11.029411764705882
1361393678.422,40.76086956521739
1361393678.484,6.397637795275591
1361393676.435,38.56382978723404
1361393676.409,34.57446808510638
1361393676.592,37.760416666666664
1361393676.655,437.8884668508287
1361393679.148,78.125
1361393676.969,37.34110169491525
1361393677.007,40.76086956521739
1361393677.134,31.11645299145299
1361393679.497,81.25
1361393679.497,59.791666666666664
1361393677.506,13.313609467455622
1361393680.252,105.35714285714286
1361393681.074,128.125
1361393681.996,20.833333333333332
1361393683.181,110.91188524590163
1361393683.181,29.41176470588235
1361393683.815,92.7854938271605
1361393679.91,13.238365155131266
1361393679.91,18.229166666666668
1361393680.392,90.76286764705883
1361393681.029,57.64358108108108
1361393681.947,77.05479452054794
1361393682.073,98.62012987012987
1361393682.325,113.61607142857143
1361393683.024,110.3515625
1361393683.024,99.90530303030303
1361393688.138,22.40273178807947
1361393700.042,26.08267716535433
1361393696.391,61.85344827586207
1361393696.515,27.155172413793103
1361393696.641,29.017857142857142
1361393696.893,28.409090909090907
1361393697.021,28.609154929577464
1361393697.084,28.409090909090907
1361393700.664,26.08267716535433
1361393700.725,25.297619047619047
1361393695.41,8.118872549019608
1361393697.712,24.147727272727273
1361393697.964,68.99038461538461
1361393698.027,24.356617647058822
1361393698.155,27.607361963190183
1361393698.091,23.61111111111111
1361393698.09,17.922794117647058
1361393698.71,25.48076923076923
1361393702.122,179.6875
1361393700.131,25.286259541984734
1361393696.609,28.81205673758865
1361393696.799,28.409090909090907
1361393696.735,61.85344827586207
1361393696.926,28.409090909090907
1361393695.363,35.674778761061944
1361393697.79,24.720149253731343
1361393698.043,18.38235294117647
1361393698.298,24.147727272727273
1361393698.488,67.94507575757576
1361393698.612,26.28968253968254
1361393698.68,68.99038461538461
1361393699.162,27.376033057851238
1361393699.161,29.51388888888889
1361393686.031,818.7835120643432
1361393683.796,90.27777777777777
1361393685.969,52.916666666666664
1361393684.232,19.230769230769234
1361393686.454,64.61588541666667
1361393686.453,54.036458333333336
1361393686.579,39.8936170212766
1361393686.642,23.23717948717949
1361393684.402,100.47468354430379
1361393684.934,18.51851851851852
1361393685.372,62.5
1361393685.434,78.125
1361393685.602,58.18452380952381
1361393687.776,38.56382978723404
1361393685.914,65.43935643564356
1361393686.103,32.608695652173914
1361393686.327,18.75
1361393686.391,22.943037974683545
1361393686.515,16.129032258064516
1361393684.465,94.98355263157895
1361393684.755,83.52623456790123
1361393686.866,72.49273255813954
1361393686.866,79.6875
1361393684.94,79.0895061728395
1361393684.94,52.899096385542165
1361393687.433,88.40981012658227
1361393685.127,29.017857142857142
1361393685.226,71.68170103092783
1361393691.819,94.8153409090909
1361393688.164,96.6796875
1361393688.544,15.549879807692308
1361393688.859,135.78345070422534
1361393688.958,94.71153846153845
1361393689.022,106.34328358208955
1361393689.778,6.5982404692082115
1361393690.159,31.25
1361393690.222,596.875
1361393690.26,91.18852459016394
1361393690.453,89.25189393939394
1361393690.83,28.409090909090907
1361393691.523,106.46802325581395
1361393691.691,31.914893617021274
1361393687.975,244.79166666666666
1361393687.974,30.720338983050848
1361393688.164,335.9375
1361393688.67,88.80308880308881
1361393688.898,31.914893617021274
1361393689.15,40.234375
1361393689.337,122.69467213114754
1361393689.464,750.0
1361393690.097,6.4841498559077815
1361393690.096,118.80896226415094
1361393690.201,22.727272727272727
1361393690.955,9.410511363636363
1361393688.142,9.073795180722893
1361393688.526,1192.5573671497584
1361393691.446,34.883720930232556
1361393689.608,84.30589680589681
1361393689.671,96.02732793522267
1361393691.51,80.20833333333334
1361393691.573,13.969809322033898
1361393691.507,19.2752849002849
1361393689.976,15.078125
1361393690.355,135.41666666666666
1361393708.132,28.556034482758623
1361393710.431,30.957943925233646
1361393702.488,16.847826086956523
1361393704.985,28.262867647058822
1361393710.845,30.946601941747574
1361393703.284,26.379870129870127
1361393709.427,50.16447368421053
1361393701.106,17.28429203539823
1361393709.488,27.151639344262293
1361393701.424,26.379870129870127
1361393706.478,27.604166666666664
1361393703.768,31.451612903225804
1361393706.774,27.717391304347824
1361393707.601,26.12704918032787
1361393707.409,14.816810344827587
1361393703.888,27.825342465753426
1361393703.95,27.63605442176871
1361393710.216,28.716216216216218
1361393704.625,24.17883211678832
1361393702.756,54.35606060606061
1361393705.192,69.5251937984496
1361393702.823,17.299107142857142
1361393711.013,38.85135135135135
1361393711.01,37.317961165048544
1361393711.198,94.57236842105263
1361393711.261,17.074742268041234
1361393703.429,26.041666666666668
1361393703.68,27.63605442176871
1361393703.679,27.26510067114094
1361393701.564,55.02300613496933
1361393701.69,25.232919254658384
1361393706.999,28.20796460176991
1361393715.383,143.75
1361393707.812,26.12704918032787
1361393691.933,39.0625
1361393694.105,49.59862385321101
1361393694.104,40.07523148148148
1361393694.104,43.47826086956522
1361393694.168,58.59375
1361393694.23,21.230916030534353
1361393692.306,93.42447916666667
1361393692.349,34.090909090909086
1361393692.536,19.50354609929078
1361393694.583,73.76802884615384
1361393694.71,61.93693693693694
1361393694.71,44.66540404040404
1361393694.771,24.431818181818183
1361393694.897,16.628440366972477
1361393694.96,16.628440366972477
1361393695.084,45.29494382022472
1361393693.034,18.617021276595743
1361393693.08,61.224489795918366
1361393695.257,17.427884615384617
1361393695.383,39.8936170212766
1361393693.205,60.69711538461539
1361393695.632,32.25806451612903
1361393693.517,46.875
1361393693.644,58.265186915887845
1361393691.849,27.777777777777775
1361393693.769,16.78240740740741
1361393693.764,53.53260869565218
1361393691.911,80.41158536585365
1361393693.83,14.402173913043478
1361393694.178,67.75700934579439
1361393694.241,17.769607843137255
1361393694.429,60.99759615384615
1361393694.429,21.428571428571427
1361393692.444,39.0625
1361393692.508,40.76086956521739
1361393692.507,14.52349869451697
1361393692.57,39.8936170212766
1361393694.596,50.315366972477065
1361393694.66,14.285714285714285
1361393694.785,36.76470588235294
1361393694.78,58.36004273504273
1361393694.908,81.94813829787235
1361393692.922,42.5531914893617
1361393694.97,13.043478260869565
1361393692.922,105.07454128440368
1361393693.048,39.8936170212766
1361393695.159,56.169181034482754
1361393695.222,38.26530612244898
1361393693.172,65.05408653846153
1361393695.283,42.45283018867924
1361393693.235,55.88942307692308
1361393695.513,45.32657657657658
1361393693.332,8.698453608247423
1361393693.334,60.90856481481482
1361393693.392,24.655963302752294
1361393693.587,52.63157894736842
1361393693.523,2250.0
1361393693.522,39.8936170212766
1361393692.376,8.801020408163264
1361393692.33,29.947916666666668
1361393699.84,43.154761904761905
1361393696.056,17.261904761904763
1361393696.627,34.505208333333336
1361393696.943,42.14348591549296
1361393697.007,56.29432624113475
1361393697.677,76.33928571428572
1361393697.865,31.25
1361393697.991,3.926701570680628
1361393698.37,32.67045454545455
1361393698.434,4.488482384823849
1361393698.415,45.11278195488722
1361393699.238,37.760416666666664
1361393699.236,43.89880952380952
1361393699.612,55.32786885245901
1361393695.884,41.11842105263158
1361393696.009,44.2578125
1361393696.71,16.196646341463413
1361393696.449,37.788120567375884
1361393696.513,8.928571428571429
1361393696.702,29.525862068965516
1361393696.702,19.28191489361702
1361393697.432,34.81158088235294
1361393698.509,38.810483870967744
1361393698.445,42.541058394160586
1361393698.553,76.23714652956298
1361393698.616,27.777777777777775
1361393699.504,37.5
1361393699.568,46.23463114754099
1361393699.119,59.04103053435115
1361393699.501,45.3125
1361393699.564,6.925675675675676
1361393697.471,5.821078431372549
1361393724.011,141.74107142857142
1361393718.117,58.1140350877193
1361393718.307,29.575892857142858
1361393712.862,34.274193548387096
1361393716.573,24.133663366336634
1361393713.178,26.084710743801654
1361393721.433,128.28947368421055
1361393718.612,65.02016129032258
1361393718.847,55.20833333333333
1361393721.727,1250.0
1361393713.724,37.64204545454545
1361393721.977,812.5
1361393721.977,190.9722222222222
1361393713.977,38.403614457831324
1361393717.111,58.23863636363636
1361393719.094,67.1875
1361393722.357,227.27272727272725
1361393714.291,40.89506172839506
1361393711.73,32.7970297029703
1361393717.362,54.303278688524586
1361393719.343,68.30357142857142
1361393717.72,57.112068965517246
1361393719.639,62.5
1361393719.702,63.70192307692307
1361393715.605,45.37671232876713
1361393722.645,158.203125
1361393722.58,726.5625
1361393715.664,46.00694444444445
1361393722.772,568.75
1361393722.835,833.3333333333334
1361393723.154,192.30769230769232
1361393723.154,208.33333333333334
1361393723.729,83.33333333333333
1361393720.016,61.342592592592595
1361393724.047,90.27777777777777
1361393712.206,215.35326086956522
1361393712.585,50.86436170212766
1361393716.402,46.65492957746479
1361393716.402,56.525735294117645
1361393718.38,79.8611111111111
1361393716.399,46.65492957746479
1361393721.006,119.04761904761904
1361393702.573,34.4626168224299
1361393713.068,35.81460674157303
1361393721.448,78.125
1361393718.628,359.375
1361393718.695,70.3125
1361393721.638,601.5625
1361393722.122,232.70089285714286
1361393717.065,46.875
1361393722.184,240.625
1361393717.253,60.05859375
1361393719.236,54.956896551724135
1361393711.873,32.7970297029703
1361393717.503,102.9094827586207
1361393723.51,123.99193548387098
1361393723.574,107.29166666666666
1361393702.049,74.85250737463127
1361393700.0,19.162735849056602
1361393702.048,18.125
1361393702.044,34.85576923076923
1361393700.063,36.401098901098905
1361393702.11,500.0
1361393702.174,979.9107142857143
1361393702.173,30.208333333333332
1361393702.237,16.11635220125786
1361393702.297,18.621575342465754
1361393702.422,19.50354609929078
1361393702.527,90.53571428571429
1361393700.414,57.4951171875
1361393702.589,19.50354609929078
1361393702.589,34.57446808510638
1361393700.534,16.270661157024794
1361393702.901,33.22784810126582
1361393702.896,96.39084507042253
1361393700.658,11.772853185595569
1361393702.962,34.78260869565217
1361393703.152,18.00496688741722
1361393703.088,9.63345864661654
1361393701.015,19.50354609929078
1361393700.95,286.9318181818182
1361393701.078,6.355932203389831
1361393703.381,750.0
1361393703.63,31.25
1361393703.63,18.36993243243243
1361393701.261,6.536989795918368
1361393701.324,187.5
1361393701.323,115.38461538461539
1361393701.387,17.65422077922078
1361393701.45,6.4841498559077815
1361393703.624,18.621575342465754
1361393701.618,17.886513157894736
1361393701.745,19.50354609929078
1361393701.804,19.419642857142858
1361393701.808,19.50354609929078
1361393701.932,30.208333333333332
1361393701.931,8.88069705093834
1361393702.052,750.0
1361393700.296,36.11111111111111
1361393702.474,19.50354609929078
1361393702.474,165.20833333333334
1361393700.361,30.737704918032787
1361393700.358,33.61344537815126
1361393702.598,19.642857142857142
1361393700.543,16.95205479452055
1361393702.974,19.097222222222225
1361393703.032,29.728084415584416
1361393700.832,39.8936170212766
1361393700.963,21.58273381294964
1361393700.835,47.87234042553192
1361393703.329,34.85576923076923
1361393701.151,10.82516339869281
1361393703.513,34.85576923076923
1361393701.271,19.642857142857142
1361393701.271,18.36993243243243
1361393701.335,32.95454545454545
1361393701.334,19.50354609929078
1361393701.462,4.310344827586206
1361393701.461,4.464285714285714
1361393701.525,45.882936507936506
1361393701.461,18.8953488372093
1361393704.351,18.30357142857143
1361393704.602,35.714285714285715
1361393705.146,9.054770318021202
1361393705.146,11.538461538461538
1361393705.208,19.50354609929078
1361393706.288,42.96875
1361393706.029,75.10217983651226
1361393706.325,39.8936170212766
1361393707.396,44.791666666666664
1361393707.271,55.822649572649574
1361393707.461,32.608695652173914
1361393707.461,39.8936170212766
1361393704.863,18.125
1361393705.032,14.802631578947368
1361393705.726,20.54794520547945
1361393705.726,237.9954268292683
1361393705.981,45.619419642857146
1361393706.232,46.35416666666667
1361393706.899,58.314732142857146
1361393707.153,18.045774647887324
1361393707.598,7.259206798866855
1361393705.271,47.65193370165746
1361393724.052,106.77083333333333
1361393725.911,58.13953488372093
1361393726.289,30.46875
1361393726.35,52.57936507936508
1361393728.718,61.342592592592595
1361393724.936,65.78947368421052
1361393725.104,82.53205128205128
1361393725.164,72.65625
1361393725.543,65.78947368421052
1361393727.648,60.22727272727273
1361393727.841,86.93181818181817
1361393725.892,59.52380952380952
1361393725.955,59.52380952380952
1361393708.225,10.607798165137615
1361393708.225,10.194359756097562
1361393724.477,83.33333333333333
1361393728.86,45.37671232876713
1361393726.747,56.14406779661017
1361393724.887,62.5
1361393725.132,65.78947368421052
1361393727.798,77.52403846153847
1361393725.621,39.959016393442624
1361393725.557,101.15131578947368
1361393725.684,64.1025641025641
1361393709.815,69.13716814159292
1361393708.265,31.914893617021274
1361393710.312,38.29225352112676
1361393710.437,48.66803278688524
1361393710.665,36.76470588235294
1361393710.726,43.47826086956522
1361393711.035,36.69724770642202
1361393709.03,6.296068796068796
1361393709.028,31.25
1361393709.091,2250.0
1361393709.09,39.8936170212766
1361393711.199,9.25925925925926
1361393709.463,24.59016393442623
1361393707.899,66.0021551724138
1361393708.024,18.75
1361393708.024,43.47826086956522
1361393708.087,51.13636363636364
1361393708.149,45.68326271186441
1361393708.212,60.210129310344826
1361393710.131,20.47748447204969
1361393710.382,120.83333333333333
1361393710.482,88.26669254658385
1361393710.543,28.409090909090907
1361393710.606,52.083333333333336
1361393710.605,65.27453271028037
1361393710.605,37.234042553191486
1361393710.73,35.714285714285715
1361393710.98,27.98507462686567
1361393708.864,39.8936170212766
1361393708.912,1125.0
1361393711.15,73.46754807692307
1361393711.713,133.01579925650557
1361393708.67,10.699728260869566
1361393712.037,32.327586206896555
1361393712.099,39.8936170212766
1361393712.099,27.98507462686567
1361393712.414,90.625
1361393712.478,39.8936170212766
1361393712.54,500.0
1361393712.793,53.52393617021277
1361393713.087,9.433962264150942
1361393713.215,39.473684210526315
1361393713.215,23.4375
1361393713.278,9.036144578313253
1361393713.277,39.473684210526315
1361393713.272,32.608695652173914
1361393713.466,20.833333333333332
1361393713.466,39.8936170212766
1361393713.465,39.8936170212766
1361393713.528,83.9185393258427
1361393713.591,26.31578947368421
1361393713.844,31.914893617021274
1361393714.034,6.540697674418605
1361393714.032,31.914893617021274
1361393714.096,56.25
1361393714.096,5.681818181818182
1361393714.224,84.79420731707317
1361393714.646,55.74324324324324
1361393714.708,33.56481481481482
1361393714.898,15.18361581920904
1361393715.593,61.224489795918366
1361393715.588,69.77739726027397
1361393715.654,39.0625
1361393711.98,26.408450704225352
1361393711.98,34.090909090909086
1361393712.043,90.72580645161291
1361393712.232,41.81743421052632
1361393712.292,49.18032786885246
1361393712.359,56.25
1361393712.487,39.8936170212766
1361393712.93,73.98897058823529
1361393713.056,30.612244897959183
1361393713.056,30.0
1361393713.116,39.8936170212766
1361393712.86,38.56382978723404
1361393713.183,20.27027027027027
1361393713.183,39.8936170212766
1361393713.247,17.59453781512605
1361393713.229,39.8936170212766
1361393713.355,39.8936170212766
1361393713.162,41.666666666666664
1361393713.418,39.8936170212766
1361393713.225,39.8936170212766
1361393713.414,19.642857142857142
1361393713.476,28.846153846153847
1361393713.536,3132.8125
1361393713.539,83.984375
1361393713.788,20.866297468354432
1361393714.111,63.85030864197532
1361393713.982,4.428475935828877
1361393714.36,10.416666666666666
1361393714.554,67.84018987341773
1361393714.522,78.95833333333334
1361393714.522,6.838905775075988
1361393715.344,94.17808219178082
1361393715.407,61.224489795918366
1361393715.406,84.27254098360656
1361393715.47,36.5
1361393712.826,805.3641732283464
1361393736.027,65.3409090909091
1361393732.058,36.98394495412844
1361393732.688,31.55940594059406
1361393736.974,99.13793103448276
1361393737.146,52.57936507936508
1361393737.208,102.9094827586207
1361393737.525,79.04411764705883
1361393729.713,33.80102040816327
1361393735.153,39.90963855421686
1361393737.648,63.75
1361393727.464,32.67857142857143
1361393738.152,39.43452380952381
1361393733.547,41.9921875
1361393738.283,5953.125
1361393733.29,38.4375
1361393738.344,62.5
1361393730.893,27.717391304347824
1361393731.02,20.62908496732026
1361393731.4,28.804347826086957
1361393731.464,49.72826086956521
1361393738.763,130.7565789473684
1361393739.336,86.20689655172414
1361393731.783,30.389908256880737
1361393734.014,36.401098901098905
1361393736.318,29.367469879518072
1361393724.285,85.96813725490196
1361393732.264,29.789719626168225
1361393736.614,57.5
1361393736.867,54.303278688524586
1361393736.802,55.20833333333333
1361393734.871,89.34294871794872
1361393729.62,32.196969696969695
1361393729.79,33.45959595959596
1361393738.044,60.97560975609756
1361393729.915,37.68382352941176
1361393738.233,64.1025641025641
1361393735.351,56.25
1361393738.293,78.5060975609756
1361393738.484,59.45121951219512
1361393733.555,35.23936170212766
1361393735.666,42.46794871794872
1361393735.729,29.72560975609756
1361393731.313,18.75
1361393738.864,71.42857142857143
1361393717.8,16.625615763546797
1361393716.066,5.474452554744526
1361393718.047,6.656804733727811
1361393718.108,88.23529411764706
1361393716.354,107.07720588235294
1361393716.348,16.183035714285715
1361393716.477,16.5625
1361393716.598,52.544247787610615
1361393718.579,71.73295454545455
1361393718.578,37.760416666666664
1361393718.705,7.246376811594203
1361393718.702,34.85576923076923
1361393718.744,16.138698630136986
1361393716.949,41.666666666666664
1361393717.011,17.327481840193705
1361393718.994,36.98979591836735
1361393717.2,14.705882352941176
1361393717.55,17.40506329113924
1361393719.464,38.56382978723404
1361393719.653,6.578947368421052
1361393717.73,88.23529411764706
1361393717.854,26.73004987531172
1361393715.934,21.732954545454543
1361393717.918,23.53589420654912
1361393717.917,67.12962962962963
1361393717.917,6.6371681415929205
1361393715.997,8.695652173913043
1361393717.917,37.234042553191486
1361393717.957,750.0
1361393718.14,1500.0
1361393716.216,76.14436619718309
1361393718.325,34.198113207547166
1361393716.57,103.71376811594203
1361393718.552,51.724137931034484
1361393718.676,39.8936170212766
1361393718.675,38.24626865671642
1361393716.88,39.8936170212766
1361393717.231,750.0
1361393717.293,750.0
1361393716.671,22.995283018867923
1361393716.797,8.831521739130434
1361393719.275,125.0
1361393719.273,4.3604651162790695
1361393717.416,750.0
1361393717.542,6.578947368421052
1361393716.012,1412.5288683602773
1361393716.203,19.083658854166668
1361393717.648,31.208664021164022
1361393717.775,125.54824561403508
1361393717.839,32.47452978056426
1361393731.87,88.22916666666666
1361393720.074,150.13586956521738
1361393723.242,6.514350453172206
1361393723.73,251.1574074074074
1361393723.794,14.575971731448762
1361393720.013,58.44033232628399
1361393720.139,16.129032258064516
1361393720.138,6.4841498559077815
1361393720.265,69.80846774193549
1361393720.327,36.25
1361393720.644,1500.0
1361393721.861,13.54428391959799
1361393721.134,20.833333333333332
1361393721.26,106.09879032258064
1361393722.121,18.75
1361393722.374,458.3333333333333
1361393722.5,9.758364312267657
1361393722.563,18.23654390934844
1361393722.563,475.44642857142856
1361393722.563,165.625
1361393722.752,176.33928571428572
1361393723.135,116.93548387096773
1361393723.262,14.027969613259668
1361393719.61,573.4375
1361393719.706,90.625
1361393719.768,7.321428571428571
1361393719.895,1500.0
1361393719.958,1125.0
1361393720.147,750.0
1361393720.21,39.8936170212766
1361393720.526,24.253731343283583
1361393720.716,71.74295774647888
1361393720.76,38.56382978723404
1361393720.887,34.85576923076923
1361393721.202,1898.4375
1361393721.266,12.857142857142858
1361393721.707,423.828125
1361393721.706,75.0
1361393721.832,185.6786809815951
1361393722.02,17.566835260115607
1361393722.317,15.10945431472081
1361393722.188,35.40462427745665
1361393722.38,50.86436170212766
1361393722.569,185.6971153846154
1361393722.568,184.52380952380955
1361393722.628,1500.0
1361393722.822,42.46794871794872
1361393722.822,16.33230452674897
1361393722.949,22.435897435897434
1361393722.949,3.9787798408488064
1361393722.949,46.875
1361393722.948,10.049019607843139
1361393723.202,141.14583333333334
1361393740.195,146.99074074074073
1361393740.302,142.36111111111111
1361393740.301,89.28571428571429
1361393739.39,20.25
1361393725.187,52.87162162162162
1361393725.598,33.46836419753087
1361393725.659,86.3970588235294
1361393725.659,86.30952380952381
1361393725.658,99.14772727272728
1361393725.783,25.423728813559325
1361393725.969,41.666666666666664
1361393725.902,128.0487804878049
1361393724.338,31.25
1361393726.571,84.4298245614035
1361393724.651,33.80102040816327
1361393724.839,88.8157894736842
1361393725.186,146.875
1361393725.311,6.076388888888889
1361393727.416,49.107142857142854
1361393727.483,146.6346153846154
1361393725.434,145.34883720930233
1361393727.672,33.56481481481482
1361393725.6,46.21478873239437
1361393725.726,87.2844827586207
1361393723.868,18.613387978142075
1361393725.723,88.11475409836066
1361393725.91,126.48809523809523
1361393725.974,20.0
1361393724.365,27.768567639257295
1361393726.391,229.61956521739128
1361393724.468,375.0
1361393724.718,111.01973684210527
1361393727.085,18.002717391304348
1361393727.375,141.40625
1361393727.438,87.2844827586207
1361393725.133,161.45833333333334
1361393725.256,10.703740157480315
1361393725.256,68.53281853281854
1361393725.259,42.410714285714285
1361393725.323,105.54245283018868
1361393725.259,110.67708333333333
1361393727.242,9.977409638554215
1361393728.98,534.4460227272727
1361393731.809,49.76851851851852
1361393728.534,7.957559681697613
1361393729.206,18.45472440944882
1361393729.583,13.954118497109826
1361393729.583,57.65625
1361393730.089,153.27380952380955
1361393730.216,23.677884615384613
1361393730.26,19.396551724137932
1361393730.509,183.59375
1361393730.697,458.3333333333333
1361393731.014,28.846153846153847
1361393731.077,1125.0
1361393731.265,375.0
1361393731.393,27.777777777777775
1361393731.561,34.198113207547166
1361393727.784,123.97540983606557
1361393731.747,10.502049180327868
1361393731.751,500.0
1361393727.91,58.59375
1361393731.749,39.8936170212766
1361393727.972,1500.0
1361393728.098,42.5531914893617
1361393728.161,43.75
1361393728.225,143.80787037037038
1361393728.288,8.240861618798956
1361393728.351,126.80288461538461
1361393728.478,19.50354609929078
1361393729.086,39.8936170212766
1361393729.086,750.0
1361393729.149,43.26923076923077
1361393729.213,60.3125
1361393729.212,37.5
1361393729.339,30.612244897959183
1361393729.338,47.821969696969695
1361393730.269,289.52205882352945
1361393730.327,24.82876712328767
1361393730.832,1125.0
1361393731.273,20.66115702479339
1361393731.273,40.137614678899084
1361393731.381,500.0
1361393742.445,18.721198156682025
1361393742.569,14.854260089686099
1361393742.569,44.51650943396226
1361393740.945,29.571280991735534
1361393741.133,17.213983050847457
1361393742.983,18.465909090909093
1361393738.309,47.69306282722513
1361393749.921,24.78448275862069
1361393749.921,31.944444444444443
1361393749.92,16.522988505747126
1361393742.107,15.476190476190476
1361393741.167,22.695530726256983
1361393741.588,20.41457286432161
1361393732.108,41.46161417322835
1361393733.713,77.26648351648352
1361393731.921,20.5761316872428
1361393731.915,41.666666666666664
1361393733.774,68.89204545454545
1361393732.168,66.4427570093458
1361393734.022,46.875
1361393734.058,44.11764705882353
1361393734.057,24.214659685863875
1361393734.368,13.089005235602095
1361393734.559,21.004098360655735
1361393734.558,70.71314102564102
1361393734.62,24.278215223097114
1361393734.492,6.944444444444444
1361393734.745,88.85542168674698
1361393734.68,3.90625
1361393732.929,1500.0
1361393732.992,24.565508021390375
1361393734.911,46.47435897435898
1361393735.035,16.28637566137566
1361393732.984,73.29252577319588
1361393733.109,49.506578947368425
1361393733.9,4.132231404958678
1361393732.207,631.5104166666666
1361393734.191,50.84745762711865
1361393734.377,39.0625
1361393734.377,46.47435897435898
1361393734.44,38.04347826086957
1361393734.502,16.329575596816976
1361393732.577,49.6875
1361393734.751,21.899606299212596
1361393732.893,117.0343137254902
1361393734.917,53.30882352941176
1361393733.122,31.914893617021274
1361393734.977,68.18181818181817
1361393733.121,35.791256157635466
1361393733.248,32.40435356200528
1361393735.165,53.57142857142857
1361393735.164,60.416666666666664
1361393735.228,46.59090909090909
1361393733.243,15.006596306068602
1361393738.881,58.67737003058104
1361393735.973,19.50354609929078
1361393736.226,17.857142857142858
1361393736.416,5.890052356020942
1361393736.541,18.153901734104046
1361393736.541,120.05208333333334
1361393736.541,65.21739130434783
1361393736.604,38.26530612244898
1361393737.028,65.21739130434783
1361393737.346,37.234042553191486
1361393737.473,111.1111111111111
1361393737.851,7.259206798866855
1361393737.914,19.230769230769234
1361393737.977,39.853639240506325
1361393737.849,75.52083333333333
1361393738.166,1125.0
1361393738.23,2250.0
1361393738.356,94.90740740740742
1361393738.272,30.297783933518005
1361393737.967,81.25
1361393738.778,4.246794871794871
1361393739.476,36.58536585365854
1361393739.346,500.0
1361393739.474,25.50551470588235
1361393735.862,39.0625
1361393735.926,66.66666666666667
1361393735.988,37.234042553191486
1361393736.177,20.781637717121587
1361393736.303,35.326086956521735
1361393736.494,65.21739130434783
1361393736.68,125.24801587301587
1361393737.479,22.084497206703908
1361393737.605,42.56134969325153
1361393737.857,42.22470238095239
1361393738.049,750.0
1361393738.406,500.0
1361393738.978,104.91071428571429
1361393739.295,32.86345108695652
1361393739.356,102.95758928571429
1361393748.273,12.982536764705882
1361393744.364,15.32101167315175
1361393744.554,15.807392996108948
1361393745.184,15.75
1361393745.12,37.5996015936255
1361393743.05,14.204545454545453
1361393745.737,19.339139344262293
1361393741.573,5.03419452887538
1361393746.178,38.678278688524586
1361393747.17,14.529520295202952
1361393743.836,24.82745398773006
1361393743.959,16.649590163934427
1361393745.709,15.435222672064777
1361393745.644,10.214401294498382
1361393746.13,8.552631578947368
1361393743.377,19.048804780876495
1361393759.501,29.947916666666668
1361393746.445,13.275375939849624
1361393740.484,355.1350502512563
1361393742.76,48.85502754820937
1361393743.46,10.416666666666666
1361393739.867,326.0869565217391
1361393741.912,16.75907258064516
1361393742.139,11.97429906542056
1361393742.202,61.01190476190476
1361393740.408,52.56782945736435
1361393740.532,750.0
1361393743.602,32.40352348993288
1361393741.135,16.763505025125628
1361393741.387,130.43478260869566
1361393743.367,17.886513157894736
1361393741.509,35.235969387755105
1361393739.938,62.01171875
1361393740.343,17.71390374331551
1361393740.66,40.90909090909091
1361393740.85,76.10887096774194
1361393742.578,18.36993243243243
1361393740.913,18.621575342465754
1361393740.976,20.015822784810126
1361393741.017,17.886513157894736
1361393742.805,10.291164658634537
1361393741.201,18.494897959183675
1361393764.235,164.52205882352942
1361393744.898,538.5655216284987
1361393744.023,96.61091549295774
1361393744.604,750.0
1361393744.667,10.088582677165354
1361393745.463,18.36993243243243
1361393745.721,10.459183673469388
1361393745.845,18.494897959183675
1361393746.29,8.781645569620252
1361393746.65,42.22470238095239
1361393747.092,17.886513157894736
1361393747.53,27.777777777777775
1361393744.113,18.246644295302016
1361393744.428,750.0
1361393744.616,1125.0
1361393744.743,10.291164658634537
1361393744.742,10.209163346613545
1361393745.856,88.23529411764706
1361393746.046,47.564338235294116
1361393746.778,18.621575342465754
1361393746.841,81.08108108108108
1361393746.904,22.727272727272727
1361393747.409,26.785714285714285
1361393747.536,15.625
1361393752.244,13.81578947368421
1361393752.37,9.86328125
1361393748.654,14.990774907749078
1361393756.589,15.746124031007753
1361393772.461,159.7222222222222
1361393752.684,14.406028368794326
1361393750.441,14.35512367491166
1361393766.758,29.04040404040404
1361393749.029,15.158582089552239
1361393753.229,14.204545454545453
1361393750.985,14.35512367491166
1361393749.575,13.213087248322148
1361393761.733,17.96875
1361393770.176,218.75
1361393754.046,14.254385964912279
1361393755.673,16.14010989010989
1361393765.91,15.972222222222221
1361393752.213,18.00373134328358
1361393756.304,15.565134099616857
1361393752.634,14.35512367491166
1361393750.202,23.520318021201415
1361393772.473,119.04761904761904
1361393768.887,59.895833333333336
1361393766.517,17.11309523809524
1361393750.766,14.304577464788732
1361393750.829,14.304577464788732
1361393753.621,14.254385964912279
1361393753.621,14.406028368794326
1361393753.684,14.457295373665481
1361393767.183,36.85897435897436
1361393751.442,14.105902777777779
1361393751.504,13.960481099656358
1361393754.188,14.508928571428571
1361393752.011,32.76909722222222
1361393754.314,14.406028368794326
1361393755.307,34.69669117647059
1361393755.817,15.388257575757576
1361393748.423,56.48474178403756
1361393749.95,31.045484293193716
1361393749.624,750.0
1361393748.146,21.36671686746988
1361393749.872,17.769607843137255
1361393749.996,22.388059701492537
1361393748.814,21.362994350282488
1361393750.348,18.00496688741722
1361393748.81,10.273972602739725
1361393748.81,9.561567164179104
1361393750.598,18.494897959183675
1361393750.597,8.836206896551724
1361393750.709,17.886513157894736
1361393750.895,25.841346153846153
1361393751.462,14.900662251655628
1361393747.849,136.50678294573643
1361393748.159,21.12676056338028
1361393748.222,9.455719557195572
1361393748.221,16.483516483516485
1361393748.279,21.27659574468085
1361393748.382,6.493506493506494
1361393750.105,10.180995475113123
1361393750.23,92.91666666666666
1361393750.417,9.119217081850534
1361393750.479,15.822784810126583
1361393750.541,17.65422077922078
1361393750.897,17.14939024390244
1361393750.896,17.886513157894736
1361393751.148,34.85576923076923
1361393751.212,7.653061224489796
1361393755.518,8.333333333333334
1361393769.178,29.605263157894736
1361393752.652,1541.4138349514562
1361393754.104,37.70727040816327
1361393755.441,11.583011583011583
1361393751.889,17.65422077922078
1361393752.224,10.449526813880125
1361393752.138,18.246644295302016
1361393752.201,19.108280254777068
1361393752.136,8.657094594594595
1361393752.452,18.36993243243243
1361393752.388,14.002732240437158
1361393752.768,16.129032258064516
1361393752.957,24.599913494809687
1361393753.059,18.246644295302016
1361393753.121,8.928571428571429
1361393753.243,37.53221649484536
1361393753.375,9.022887323943662
1361393753.689,18.494897959183675
1361393753.939,23.93617021276596
1361393754.003,17.54032258064516
1361393753.939,117.1875
1361393754.192,6.41025641025641
1361393754.192,17.769607843137255
1361393754.192,33.277671755725194
1361393754.424,10.465116279069766
1361393755.057,2250.0
1361393751.83,18.00496688741722
1361393753.445,5.338078291814947
1361393753.95,17.945544554455445
1361393754.013,18.00496688741722
1361393754.013,348.49330357142856
1361393754.246,1125.0
1361393754.871,22.922904191616766
1361393754.999,36.885245901639344
1361393755.255,45.029981549815496
1361393755.484,18.246644295302016
1361393755.612,33.660239361702125
1361393756.203,26.85546875
1361393776.184,250.0
1361393776.184,226.10294117647058
1361393764.211,15.565134099616857
1361393776.311,108.69565217391305
1361393776.438,103.79464285714286
1361393780.467,201.171875
1361393774.193,812.5
1361393774.257,4828.125
1361393777.006,64.1025641025641
1361393768.878,24.720149253731343
1361393777.069,41.920731707317074
1361393758.444,16.381048387096772
1361393777.132,69.44444444444444
1361393769.004,25.286259541984734
1361393764.842,52.75735294117647
1361393774.57,304.6875
1361393766.569,13.918067226890757
1361393769.065,24.906015037593985
1361393777.384,113.05147058823529
1361393777.574,50.5514705882353
1361393777.573,90.8203125
1361393769.317,25.87890625
1361393772.837,53.42741935483871
1361393777.573,80.64516129032258
1361393769.317,21.851503759398497
1361393765.092,40.848214285714285
1361393766.856,28.556034482758623
1361393758.728,16.718106995884774
1361393758.791,16.381048387096772
1361393757.254,26.721014492753625
1361393774.918,424.10714285714283
1361393766.981,32.30042016806723
1361393769.605,29.341603053435115
1361393769.668,25.098425196850393
1361393777.988,65.87837837837837
1361393777.988,87.05357142857143
1361393761.727,14.613309352517986
1361393769.795,26.713709677419356
1361393775.106,343.75
1361393778.24,96.15384615384616
1361393775.167,150.5681818181818
1361393759.229,16.121031746031747
1361393767.293,75.36764705882352
1361393759.229,16.381048387096772
1361393770.3,68.30357142857142
1361393775.483,190.9722222222222
1361393767.417,14.44327731092437
1361393775.673,166.66666666666666
1361393770.489,60.22727272727273
1361393775.672,87.96296296296296
1361393759.672,17.1875
1361393759.667,16.07142857142857
1361393773.814,572.9166666666666
1361393775.839,227.27272727272725
1361393768.034,28.072033898305087
1361393778.849,128.0241935483871
1361393779.163,119.04761904761904
1361393779.422,145.3125
1361393763.741,15.272556390977442
1361393779.549,96.15384615384616
1361393763.932,15.046296296296296
1361393763.739,14.747191011235955
1361393771.866,63.70192307692307
1361393780.058,147.05882352941177
1361393776.153,90.46052631578948
1361393776.152,47.5
1361393760.214,38.2085020242915
1361393780.373,166.66666666666666
1361393774.098,484.375
1361393776.657,96.09375
1361393764.369,15.565134099616857
1361393776.721,66.27155172413792
1361393776.72,36.93181818181819
1361393766.224,32.25
1361393776.784,72.65625
1361393764.559,17.974624060150376
1361393766.331,27.012711864406782
1361393777.018,80.72916666666667
1361393761.078,13.913427561837455
1361393772.724,125.0
1361393766.644,32.8525641025641
1361393774.644,357.14285714285717
1361393774.58,415.17857142857144
1361393761.202,33.585409252669045
1361393774.769,415.17857142857144
1361393766.895,31.766528925619834
1361393766.894,31.766528925619834
1361393773.102,125.0
1361393769.838,89.08582089552239
1361393773.165,119.04761904761904
1361393778.028,64.1025641025641
1361393758.828,15.869140625
1361393769.771,26.5
1361393767.018,26.930894308943092
1361393759.081,16.44736842105263
1361393778.448,92.59259259259258
1361393775.501,277.77777777777777
1361393778.637,125.0
1361393762.252,14.35512367491166
1361393773.703,161.9318181818182
1361393775.626,250.0
1361393767.817,28.072033898305087
1361393775.881,43.526785714285715
1361393775.945,227.27272727272725
1361393775.88,192.30769230769232
1361393778.823,104.16666666666667
1361393763.335,14.826642335766422
1361393779.27,174.7159090909091
1361393763.462,14.529520295202952
1361393763.653,17.907303370786515
1361393771.583,41.341145833333336
1361393771.906,26.85546875
1361393756.279,56.22746394230769
1361393757.646,19.108280254777068
1361393755.916,29.489436619718308
1361393755.979,7.685614849187934
1361393756.04,4.385964912280701
1361393756.099,11.450381679389313
1361393756.29,10.683760683760683
1361393758.078,86.92781690140845
1361393758.141,17.31687898089172
1361393756.476,6.41025641025641
1361393756.348,9.893822393822393
1361393756.518,11.811023622047244
1361393756.703,17.886513157894736
1361393757.672,27.879901960784316
1361393756.952,16.843971631205672
1361393756.885,17.427884615384617
1361393756.948,18.621575342465754
1361393756.943,29.76190476190476
1361393757.01,118.26508620689654
1361393757.138,38.56382978723404
1361393758.906,18.621575342465754
1361393759.03,36.98979591836735
1361393757.302,16.843971631205672
1361393755.857,11.278195488721805
1361393755.856,4.451038575667656
1361393755.98,65.17857142857143
1361393756.042,383.83152173913044
1361393756.169,18.36993243243243
1361393756.168,11.450381679389313
1361393756.357,11.904761904761903
1361393758.06,18.494897959183675
1361393756.517,17.54032258064516
1361393758.37,17.65422077922078
1361393758.368,18.880208333333332
1361393756.766,16.96428571428571
1361393756.829,18.494897959183675
1361393756.829,16.843971631205672
1361393756.954,38.56382978723404
1361393756.889,45.0
1361393756.934,18.621575342465754
1361393758.787,17.886513157894736
1361393758.722,18.880208333333332
1361393758.971,18.36993243243243
1361393759.22,17.886513157894736
1361393759.263,38.793103448275865
1361393759.522,18.00496688741722
1361393776.708,114.77272727272728
1361393760.651,26.820866141732285
1361393761.097,13.139204545454547
1361393761.413,114.71036585365854
1361393763.842,8.841036414565826
1361393760.504,106.59246575342465
1361393760.567,46.875
1361393760.947,750.0
1361393761.114,18.125
1361393761.176,7.978723404255319
1361393761.365,13.341690544412607
1361393761.428,18.36993243243243
1361393761.554,19.736842105263158
1361393761.554,18.246644295302016
1361393761.679,15.625
1361393761.869,26.747881355932204
1361393762.29,18.25068870523416
1361393762.291,45.45454545454545
1361393762.478,217.63392857142858
1361393762.667,38.56382978723404
1361393763.803,18.494897959183675
1361393763.803,214.28571428571428
1361393760.457,503.90625
1361393760.197,17.857142857142858
1361393760.387,750.0
1361393760.322,8.955223880597016
1361393760.45,6.736526946107785
1361393760.513,16.50943396226415
1361393760.513,20.0
1361393760.639,6.559766763848397
1361393760.892,1125.0
1361393760.892,19.230769230769234
1361393761.019,25.090767634854775
1361393761.018,108.07291666666667
1361393761.359,12.847222222222221
1361393761.231,19.230769230769234
1361393761.294,101.01744186046511
1361393762.413,23.66394927536232
1361393763.299,8.645533141210375
1361393763.914,18.00496688741722
1361393764.485,25.862068965517242
1361393780.629,32.574152542372886
1361393784.911,487.5
1361393785.104,2500.0
1361393780.989,73.91826923076923
1361393781.052,62.5
1361393785.656,348.2142857142857
1361393786.031,2500.0
1361393786.348,833.3333333333334
1361393776.014,83.9982269503546
1361393786.956,250.0
1361393787.02,171.875
1361393786.887,178.81944444444446
1361393787.336,227.27272727272725
1361393782.082,55.20833333333333
1361393782.139,61.99596774193549
1361393780.456,54.910714285714285
1361393780.894,71.98660714285714
1361393785.306,500.0
1361393783.1,67.70833333333333
1361393786.105,2500.0
1361393783.855,741.7763157894736
1361393787.351,243.75
1361393787.543,643.75
1361393787.543,103.26086956521739
1361393787.543,625.0
1361393787.796,348.2142857142857
1361393787.796,95.4861111111111
1361393029.375,158.43845433092727
1361393765.451,23.676880222841227
1361393767.849,34.85576923076923
1361393765.606,24.034468438538205
1361393765.67,9.938837920489297
1361393767.284,19.06779661016949
1361393764.252,21.978021978021978
1361393766.106,18.621575342465754
1361393764.347,122.72135416666667
1361393764.541,750.0
1361393764.412,1125.0
1361393766.332,11.918604651162791
1361393764.474,1125.0
1361393766.266,1500.0
1361393764.474,129.80769230769232
1361393766.394,51.27936241610738
1361393766.393,66.12723214285714
1361393766.393,11.97429906542056
1361393764.664,16.843971631205672
1361393766.39,9.256329113924052
1361393766.518,17.54032258064516
1361393764.721,15.957446808510637
1361393766.702,12.144549763033176
1361393766.701,12.260765550239235
1361393766.765,12.260765550239235
1361393765.099,16.843971631205672
1361393767.118,12.083333333333334
1361393767.116,26.417525773195877
1361393767.558,25.883838383838384
1361393763.82,13.980263157894736
1361393765.548,19.50354609929078
1361393765.61,8.40736040609137
1361393763.881,14.452077747989275
1361393765.673,17.769607843137255
1361393764.007,6.6371681415929205
1361393765.796,11.700913242009133
1361393764.194,535.15625
1361393764.13,7.5689448441247
1361393764.257,1723.9583333333333
1361393764.295,16.83311855670103
1361393764.295,12.839147286821706
1361393764.421,122.39583333333333
1361393766.211,25.892857142857146
1361393766.211,11.863425925925927
1361393766.21,8.771929824561402
1361393764.481,1500.0
1361393766.208,1125.0
1361393764.666,16.96428571428571
1361393764.851,16.96428571428571
1361393764.965,17.65422077922078
1361393766.815,4.504504504504505
1361393765.274,30.612244897959183
1361393765.337,750.0
1361393767.062,26.14795918367347
1361393767.125,22.67699115044248
1361393787.136,271.4285714285714
1361393768.966,69.07894736842105
1361393768.028,1956.4525462962963
1361393767.936,17.810314685314683
1361393768.376,11.538461538461538
1361393768.375,19.50354609929078
1361393768.565,27.853260869565215
1361393768.563,26.692708333333332
1361393768.817,24.639423076923077
1361393768.817,19.50354609929078
1361393769.931,48.986486486486484
1361393771.488,37.760416666666664
1361393771.421,1125.0
1361393771.421,1125.0
1361393768.064,47.332317073170735
1361393768.127,4.559270516717325
1361393768.253,36.25
1361393768.253,25.122549019607845
1361393769.007,23.085585585585587
1361393769.075,26.14795918367347
1361393769.181,24.174528301886795
1361393769.879,19.50354609929078
1361393770.069,37.760416666666664
1361393770.799,10.24963556851312
1361393770.799,40.27777777777778
1361393771.055,780.9851694915254
1361393771.118,39.40217391304348
1361393770.926,6.540697674418605
1361393771.118,1125.0
1361393771.245,1500.0
1361393771.434,33.56481481481482
1361393796.318,71.61458333333333
1361393792.412,65.78947368421052
1361393792.538,50.18939393939394
1361393790.232,97.5
1361393792.727,65.78947368421052
1361393790.23,119.04761904761904
1361393792.853,67.56756756756756
1361393788.565,155.2734375
1361393792.853,64.1025641025641
1361393792.915,71.42857142857143
1361393793.167,101.15131578947368
1361393790.778,121.09375
1361393790.84,104.16666666666667
1361393793.971,71.42857142857143
1361393789.547,92.59259259259258
1361393789.677,81.1298076923077
1361393791.66,71.52777777777777
1361393791.628,35.984848484848484
1361393796.033,116.07142857142857
1361393789.948,100.0
1361393796.347,119.04761904761904
1361393792.315,64.1025641025641
1361393790.073,108.69565217391305
1361393792.485,59.45121951219512
1361393788.388,75.75757575757576
1361393793.494,103.83064516129033
1361393789.013,96.09375
1361393789.428,110.99137931034484
1361393789.555,63.75
1361393791.665,55.55555555555555
1361393791.791,56.81818181818181
1361393794.989,71.42857142857143
1361393795.117,73.52941176470588
1361393795.117,116.47727272727272
1361393795.54,128.125
1361393795.987,110.79545454545455
1361393795.984,113.63636363636363
1361393787.955,87.05357142857143
1361393772.669,1085.4622871046229
1361393773.63,23.140285326086957
1361393773.756,7.739485981308412
1361393774.13,14.333010335917313
1361393772.338,13.0615234375
1361393772.398,40.76086956521739
1361393772.495,19.423558897243108
1361393772.498,39.0625
1361393772.498,6.470959595959596
1361393772.561,7.462686567164179
1361393774.416,13.71343085106383
1361393774.729,38.510529891304344
1361393774.791,21.240234375
1361393772.031,22.357315112540192
1361393775.583,16.880193905817173
1361393773.419,10.601265822784809
1361393773.579,77.11693548387098
1361393773.706,23.035230352303522
1361393771.913,59.840425531914896
1361393773.827,360.0075910931174
1361393772.038,19.91421568627451
1361393772.163,6.438442211055277
1361393772.225,20.422149122807017
1361393772.225,17.241379310344826
1361393774.08,20.166666666666664
1361393774.143,107.421875
1361393774.552,53.8563829787234
1361393775.34,378.6764705882353
1361393778.91,8.395522388059701
1361393777.016,9.74025974025974
1361393775.829,113.671875
1361393776.018,36.98979591836735
1361393776.018,21.063112745098042
1361393776.081,125.89285714285714
1361393776.461,27.34375
1361393776.524,169.64285714285714
1361393776.904,196.2316176470588
1361393777.069,83.33333333333333
1361393777.511,13.49255583126551
1361393777.574,335.9375
1361393778.142,152.4390243902439
1361393778.205,16.37700534759358
1361393778.269,16.42520215633423
1361393778.333,5.539297658862876
1361393778.438,18.481182795698924
1361393778.626,221.5909090909091
1361393778.815,105.8728448275862
1361393779.004,68.45238095238096
1361393779.067,21.841397849462368
1361393779.192,153.84615384615387
1361393775.772,74.70703125
1361393776.213,40.92261904761905
1361393776.466,31.007124352331605
1361393776.653,189.67013888888889
1361393777.079,25.423728813559325
1361393777.079,23.4375
1361393778.441,257.1614583333333
1361393778.947,262.9076086956522
1361393779.011,13.494318181818182
1361393779.58,51.0110294117647
1361393797.926,304.6875
1361393796.637,74.72826086956522
1361393804.636,416.6666666666667
1361393798.427,500.0
1361393800.858,178.57142857142858
1361393801.17,283.48214285714283
1361393801.465,166.66666666666666
1361393797.429,208.33333333333334
1361393799.285,833.3333333333334
1361393797.807,536.4583333333334
1361393802.577,363.28125
1361393803.15,484.375
1361393803.021,1250.0
1361393795.399,60.97560975609756
1361393803.974,277.77777777777777
1361393800.132,833.3333333333334
1361393796.291,104.16666666666667
1361393800.321,500.0
1361393798.184,224.72993827160496
1361393800.678,312.5
1361393800.74,277.77777777777777
1361393796.834,147.05882352941177
1361393801.495,192.30769230769232
1361393799.232,1484.375
1361393802.17,357.14285714285717
1361393794.677,125.95663265306123
1361393799.861,227.27272727272725
1361393802.674,500.0
1361393803.609,92.59259259259258
1361393803.925,250.0
1361393780.105,14.258381924198252
1361393780.104,169.50757575757575
1361393782.145,6.725721784776903
1361393780.708,6.725721784776903
1361393782.371,31.655844155844154
1361393783.096,39.041777188328915
1361393781.366,19.642857142857142
1361393783.663,48.63556338028169
1361393781.716,8.715452261306533
1361393780.359,193.65530303030303
1361393780.361,19.9468085106383
1361393780.527,6.6214470284237725
1361393781.065,38.152610441767074
1361393783.289,28.669084821428573
1361393784.392,52.083333333333336
1361393784.582,12.352748691099476
1361393784.491,1437.5
1361393785.344,209.20138888888889
1361393786.048,12.152777777777779
1361393786.467,23.701298701298704
1361393786.594,552.0833333333334
1361393787.031,690.625
1361393787.027,360.7954545454545
1361393787.711,89.84375
1361393783.931,22.644927536231883
1361393784.246,68.18181818181817
1361393784.619,5.263157894736842
1361393784.686,18.53197674418605
1361393784.875,28.30188679245283
1361393785.547,361.2385321100918
1361393785.802,17.402694610778443
1361393786.477,19.75621727748691
1361393786.79,18.641930835734872
1361393805.756,312.5
1361393812.526,416.6666666666667
1361393808.749,371.09375
1361393806.379,89.96212121212122
1361393809.128,119.04761904761904
1361393813.001,625.0
1361393807.652,250.0
1361393810.783,357.14285714285717
1361393811.42,494.7916666666667
1361393811.93,1218.75
1361393805.784,85.9375
1361393806.573,593.75
1361393806.612,304.6875
1361393806.736,371.09375
1361393807.174,250.0
1361393789.0,56.319224683544306
1361393791.089,24.639423076923077
1361393790.471,134.16466346153845
1361393791.844,142.53048780487805
1361393787.999,60.0
1361393789.913,50.56594488188976
1361393788.184,11.251590330788805
1361393790.035,35.9375
1361393790.262,13.049930167597765
1361393790.262,16.682942708333332
1361393790.387,19.827023498694516
1361393790.448,213.54166666666666
1361393790.696,18.702046035805626
1361393791.184,123.57954545454545
1361393789.328,119.48529411764706
1361393791.183,510.81730769230774
1361393791.309,3187.5
1361393789.606,280.625
1361393789.668,117.59020618556701
1361393789.729,51.861702127659576
1361393790.081,74.70703125
1361393790.206,18.10064935064935
1361393788.414,127.67857142857142
1361393788.414,105.69852941176471
1361393790.329,61.342592592592595
1361393790.516,309.6590909090909
1361393790.578,64.04702970297029
1361393791.117,356.5340909090909
1361393791.949,8.766138497652582
1361393791.974,5.75
1361393792.124,91.28289473684211
1361393792.246,102.34375
1361393792.566,23.4375
1361393793.136,187.5
1361393793.263,219.23828125
1361393793.429,19.95481927710843
1361393793.492,114.74609375
1361393793.492,93.75
1361393793.682,44.13958885941645
1361393793.745,200.52083333333334
1361393793.872,77.11693548387098
1361393794.12,57.69230769230769
1361393794.306,18.200549450549453
1361393794.438,31.99208443271768
1361393794.501,35.21760471204188
1361393794.794,69.01041666666667
1361393794.921,28.056569343065693
1361393795.047,109.375
1361393795.363,14.094955489614243
1361393795.678,29.094827586206897
1361393795.677,33.582089552238806
1361393791.962,18.200549450549453
1361393792.025,147.0352564102564
1361393792.452,41.26602564102564
1361393792.767,45.129654255319146
1361393793.276,214.28571428571428
1361393793.276,43.91447368421053
1361393793.34,258.4821428571429
1361393793.466,170.83333333333334
1361393793.817,16.319444444444446
1361393793.881,34.598214285714285
1361393793.944,5.81140350877193
1361393794.132,19.485294117647058
1361393794.259,82.69817073170732
1361393794.997,27.155748663101605
1361393795.309,10.526315789473683
1361393795.693,10.968543046357617
1361393814.549,284.375
1361393814.549,363.28125
1361393814.909,415.17857142857144
1361393815.69,625.0
1361393818.506,312.5
1361393815.69,357.14285714285717
1361393819.392,227.27272727272725
1361393813.947,833.3333333333334
1361393798.052,10.575457317073171
1361393816.545,250.0
1361393814.492,178.57142857142858
1361393814.427,104.16666666666667
1361393817.236,277.77777777777777
1361393817.597,1072.9166666666667
1361393815.16,181.640625
1361393817.909,357.14285714285717
1361393818.16,500.0
1361393815.827,536.4583333333334
1361393799.127,103.05232558139535
1361393799.254,87.22461685823754
1361393797.361,626.7361111111112
1361393797.588,16.363188976377952
1361393797.587,23.958333333333336
1361393797.651,11.685552407932011
1361393795.923,18.90185421994885
1361393797.651,19.28374655647383
1361393795.919,25.21494708994709
1361393797.647,32.36892583120204
1361393797.649,110.41666666666666
1361393796.11,34.307065217391305
1361393797.898,61.170212765957444
1361393797.962,16.643059490084983
1361393797.961,165.625
1361393797.959,105.18973214285714
1361393798.023,34.23713235294118
1361393796.295,18.200549450549453
1361393796.589,21.011513157894736
1361393796.836,18.03221288515406
1361393796.957,21.554709141274238
1361393797.084,8.823529411764707
1361393799.002,20.639920424403183
1361393799.047,38.793103448275865
1361393797.253,8.771929824561402
1361393797.315,14.520615183246074
1361393797.377,29.933286516853933
1361393799.675,684.375
1361393797.562,37.5
1361393795.898,19.443327974276528
1361393797.725,9.809027777777777
1361393795.996,19.43699731903485
1361393797.788,6.702646239554318
1361393796.186,30.0
1361393797.849,8.196721311475411
1361393797.974,53.75
1361393798.036,37.5
1361393798.03,32.95454545454545
1361393798.098,18.06382275132275
1361393797.032,5.7915057915057915
1361393797.032,23.809523809523807
1361393797.095,8.875739644970414
1361393797.095,23.41820987654321
1361393797.157,23.596129441624367
1361393799.075,14.423076923076923
1361393799.493,160.71428571428572
1361393800.007,1126.008064516129
1361393803.679,2137.784090909091
1361393800.05,41.77807486631016
1361393800.365,62.06597222222222
1361393800.491,20.718232044198896
1361393800.744,9.146341463414634
1361393800.87,93.75
1361393801.912,630.46875
1361393801.246,28.323970037453183
1361393801.165,30.81476323119777
1361393801.227,17.427884615384617
1361393801.417,18.176020408163264
1361393801.602,632.8125
1361393801.925,17.441860465116278
1361393803.166,16.622340425531913
1361393803.673,668.4027777777778
1361393803.8,20.803052325581394
1361393800.12,13.116776315789473
1361393800.435,13.596339779005525
1361393800.435,11.384474327628363
1361393800.56,50.18939393939394
1361393801.193,19.03735632183908
1361393801.867,14.589337175792506
1361393802.5,13.689159292035399
1361393802.88,116.75531914893617
1361393802.856,83.33333333333333
1361393803.428,21.893712574850298
1361393822.071,78.62903225806451
1361393820.278,58.13953488372093
1361393824.437,833.3333333333334
1361393828.338,277.77777777777777
1361393822.258,104.16666666666667
1361393824.752,500.0
1361393824.814,304.6875
1361393822.445,90.27777777777777
1361393822.508,131.57894736842104
1361393820.651,55.39772727272727
1361393825.066,487.5
1361393828.628,625.0
1361393822.675,131.57894736842104
1361393822.738,143.38235294117646
1361393825.361,504.16666666666663
1361393823.054,166.66666666666666
1361393822.99,147.05882352941177
1361393825.803,625.0
1361393825.928,500.0
1361393823.493,250.0
1361393823.556,312.5
1361393823.786,348.2142857142857
1361393826.409,625.0
1361393819.681,65.78947368421052
1361393821.789,96.79878048780488
1361393828.035,207.03125
1361393824.127,1250.0
1361393828.03,277.77777777777777
1361393821.953,152.64423076923077
1361393824.319,833.3333333333334
1361393822.14,104.16666666666667
1361393822.328,125.0
1361393820.471,64.1025641025641
1361393822.705,208.8815789473684
1361393825.937,312.5
1361393821.201,64.1025641025641
1361393821.26,71.42857142857143
1361393826.547,711.6477272727273
1361393826.606,1072.9166666666667
1361393826.606,371.09375
1361393826.927,416.6666666666667
1361393827.182,214.84375
1361393819.692,112.92613636363637
1361393827.499,160.9375
1361393805.742,300.0
1361393804.264,17.890625
1361393805.991,23.61015193370166
1361393806.777,22.468065693430656
1361393806.112,4.385964912280701
1361393804.665,22.539731051344745
1361393806.517,8.064516129032258
1361393806.576,18.42948717948718
1361393804.975,21.473214285714285
1361393807.055,16.483516483516485
1361393807.055,667.1875
1361393807.055,69.66145833333333
1361393807.493,14.833333333333334
1361393807.556,13.829022988505747
1361393807.681,214.28571428571428
1361393804.191,300.0
1361393804.191,591.1458333333334
1361393804.608,290.86538461538464
1361393806.461,397.2039473684211
1361393805.266,19.097222222222225
1361393807.249,30.90277777777778
1361393807.558,207.03125
1361393808.802,13.45367847411444
1361393808.865,5.33175355450237
1361393807.894,184.0277777777778
1361393808.082,58.423913043478265
1361393808.459,35.53921568627451
1361393808.649,6.6558441558441555
1361393808.903,6.779100529100528
1361393808.902,7.004310344827586
1361393809.387,30.23298816568047
1361393810.082,12.120712401055409
1361393809.89,32.89707977207977
1361393810.242,10.322943444730077
1361393810.496,337.9854368932039
1361393810.556,20.703125
1361393807.894,28.409090909090907
1361393808.146,14.521539548022599
1361393808.081,14.406028368794326
1361393808.776,21.73913043478261
1361393808.823,6.779100529100528
1361393808.886,12.135922330097086
1361393809.2,5.136986301369863
1361393810.439,750.0
1361393811.55,18.08234421364985
1361393832.255,593.75
1361393832.255,833.3333333333334
1361393832.445,416.6666666666667
1361393836.22,363.28125
1361393832.508,812.5
1361393832.633,812.5
1361393832.824,609.375
1361393830.58,833.3333333333334
1361393836.834,487.5
1361393836.896,833.3333333333334
1361393833.757,625.0
1361393831.191,292.6136363636364
1361393831.505,214.84375
1361393834.384,363.28125
1361393834.64,494.7916666666667
1361393831.86,357.14285714285717
1361393834.612,322.9166666666667
1361393834.611,484.375
1361393834.802,416.6666666666667
1361393835.056,371.09375
1361393835.312,726.5625
1361393835.562,1484.375
1361393835.63,1250.0
1361393832.103,989.5833333333334
1361393832.355,833.3333333333334
1361393832.461,357.14285714285717
1361393830.281,357.14285714285717
1361393832.903,500.0
1361393833.283,416.6666666666667
1361393833.408,416.6666666666667
1361393836.8,640.625
1361393836.8,833.3333333333334
1361393833.598,609.375
1361393833.892,322.9166666666667
1361393837.091,833.3333333333334
1361393833.953,312.5
1361393831.201,500.0
1361393834.08,312.5
1361393834.207,415.17857142857144
1361393834.138,593.75
1361393834.332,416.6666666666667
1361393834.458,804.6875
1361393834.458,424.10714285714283
1361393837.593,1250.0
1361393831.768,343.75
1361393834.578,500.0
1361393835.029,357.14285714285717
1361393835.092,500.0
1361393835.155,1484.375
1361393835.708,1250.0
1361393814.019,12.893982808022923
1361393812.064,18.165024630541872
1361393812.31,20.628511235955056
1361393814.291,28.17553908355795
1361393814.271,28.672680412371133
1361393814.769,700.8928571428571
1361393814.768,143.75
1361393814.83,500.0
1361393813.262,14.117324561403509
1361393813.39,15.625
1361393815.496,26.785714285714285
1361393815.531,13.909313725490195
1361393812.409,14.665570175438598
1361393812.471,23.622630331753555
1361393836.29,1366.3194444444443
1361393814.99,15.443313953488373
1361393815.182,23.268581081081084
1361393813.133,570.3125
1361393813.324,24.265759312320917
1361393816.456,994.3181818181818
1361393816.584,23.860837438423644
1361393816.707,18.731988472622476
1361393816.875,11.741863905325443
1361393817.127,19.71293604651163
1361393819.19,250.0
1361393819.125,194.60227272727275
1361393815.892,431.91964285714283
1361393816.562,214.28571428571428
1361393816.943,13.182153392330383
1361393817.323,15.116869918699187
1361393817.449,22.287912912912912
1361393817.384,427.0833333333333
1361393817.446,115.38461538461539
1361393817.765,187.5
1361393820.157,316.1057692307692
1361393820.477,22.152549342105264
1361393844.1,625.0
1361393840.195,221.5909090909091
1361393840.887,240.625
1361393844.726,329.8611111111111
1361393844.788,214.84375
1361393844.788,416.6666666666667
1361393838.811,1250.0
1361393839.31,113.63636363636363
1361393845.65,833.3333333333334
1361393842.257,371.09375
1361393842.447,267.3611111111111
1361393839.666,68.75
1361393843.242,363.28125
1361393843.309,625.0
1361393844.009,487.5
1361393838.117,3218.75
1361393840.356,500.0
1361393840.586,1484.375
1361393840.84,500.0
1361393838.407,625.0
1361393838.595,1250.0
1361393838.654,1218.75
1361393836.674,330.3125
1361393838.721,1250.0
1361393838.847,625.0
1361393845.309,833.3333333333334
1361393845.308,812.5
1361393841.694,277.77777777777777
1361393842.016,363.28125
1361393842.14,348.2142857142857
1361393839.322,357.14285714285717
1361393839.637,357.14285714285717
1361393842.963,625.0
1361393843.712,484.375
1361393823.587,18.176934097421203
1361393823.714,7.120253164556962
1361393820.412,38.46153846153847
1361393820.536,750.0
1361393822.45,84.2828418230563
1361393820.596,34.090909090909086
1361393820.72,34.090909090909086
1361393820.95,14.671750663129973
1361393820.946,26.99607329842932
1361393821.26,25.797526041666668
1361393823.732,131.69642857142858
1361393823.794,18.878424657534246
1361393821.68,15.745501285347043
1361393819.887,84.34514331210191
1361393820.072,97.25765306122449
1361393822.149,4.745702005730659
1361393822.462,12.322809278350515
1361393822.525,32.27179836512262
1361393822.838,37.94642857142857
1361393821.077,19.70463446475196
1361393823.251,15.669770773638968
1361393823.785,10.133928571428571
1361393828.809,14.447236180904524
1361393821.136,13.934696569920845
1361393821.2,44.11764705882353
1361393843.52,59.45121951219512
1361393280.093,2638.6981462642702
1361393825.206,23.202789699570815
1361393824.506,28.910024154589372
1361393824.947,58.00259643916914
1361393825.05,23.481638418079093
1361393825.303,6.6558441558441555
1361393825.362,20.353025936599423
1361393825.302,19.8943661971831
1361393825.871,12.342825443786984
1361393826.185,20.78804347826087
1361393826.249,21.24669312169312
1361393826.16,28.508771929824558
1361393826.351,9.283088235294118
1361393826.41,24.03169014084507
1361393826.541,13.214760638297872
1361393826.858,4.398826979472141
1361393827.045,13.833333333333332
1361393827.171,12.689667630057803
1361393827.171,18.121301775147927
1361393827.234,150.5681818181818
1361393823.941,750.0
1361393824.193,21.608126721763085
1361393825.12,18.1768216080402
1361393825.374,214.28571428571428
1361393825.307,28.82124352331606
1361393825.751,13.985058309037901
1361393825.814,10.202205882352942
1361393825.877,23.02631578947368
1361393826.066,14.688351498637601
1361393825.937,1500.0
1361393826.192,4.718660968660969
1361393826.167,4.75933908045977
1361393826.737,4.80072463768116
1361393826.99,183.81076388888889
1361393827.496,250.0
1361393846.02,742.1875
1361393845.956,415.17857142857144
1361393846.02,625.0
1361393846.083,363.28125
1361393848.194,859.375
1361393848.32,331.25
1361393846.27,3218.75
1361393846.333,406.25
1361393846.333,459.82142857142856
1361393846.396,243.75
1361393846.583,223.55769230769232
1361393846.583,357.14285714285717
1361393852.598,2500.0
1361393846.746,1072.9166666666667
1361393846.813,989.5833333333334
1361393846.938,1250.0
1361393845.017,210.33653846153845
1361393853.016,812.5
1361393845.142,206.4236111111111
1361393845.142,78.5472972972973
1361393849.43,1218.75
1361393845.268,96.15384615384616
1361393849.555,812.5
1361393847.312,192.30769230769232
1361393847.437,625.0
1361393845.58,343.75
1361393849.995,726.9736842105264
1361393847.558,625.0
1361393847.797,416.6666666666667
1361393850.674,625.0
1361393851.056,742.1875
1361393851.884,662.5
1361393852.006,581.25
1361393845.993,2500.0
1361393848.232,500.0
1361393846.028,812.5
1361393846.156,363.28125
1361393846.405,424.10714285714283
1361393846.402,415.17857142857144
1361393848.706,406.25
1361393846.655,1250.0
1361393852.671,363.28125
1361393844.798,126.35869565217392
1361393849.213,833.3333333333334
1361393844.923,137.5
1361393853.156,609.375
1361393849.633,312.5
1361393849.948,304.6875
1361393850.709,1072.9166666666667
1361393850.688,812.5
1361393850.75,812.5
1361393851.005,500.0
1361393850.94,804.6875
1361393843.26,512.9654255319149
1361393851.259,536.4583333333334
1361393851.578,416.6666666666667
1361393829.042,16.010802469135804
1361393828.611,1580.9795673076924
1361393829.863,19.50354609929078
1361393828.001,41.455924855491325
1361393828.191,14.679394812680115
1361393830.171,21.385941644562333
1361393830.7,36.75717213114754
1361393831.208,62.96202956989247
1361393828.73,17.61968085106383
1361393829.017,33.61742424242424
1361393831.249,24.61283185840708
1361393831.562,9.210526315789473
1361393830.051,4.3604651162790695
1361393828.255,14.075779036827196
1361393830.281,16.810636856368564
1361393828.605,36.9157223796034
1361393830.903,81.53044871794872
1361393828.79,62.3094512195122
1361393832.067,16.96165191740413
1361393832.062,21.92095588235294
1361393830.335,18.125
1361393832.631,473.0113636363636
1361393832.636,76.02678571428571
1361393832.067,17.234848484848484
1361393833.348,2864.6896258503402
1361393832.882,39.50892857142857
1361393833.18,23.36836283185841
1361393833.372,1398.4375
1361393833.94,23.904551630434785
1361393833.748,27.49650837988827
1361393835.809,8.356545961002785
1361393834.32,39.975071225071225
1361393834.319,15.489523121387284
1361393834.126,14.672783933518007
1361393834.253,25.373931623931625
1361393834.316,30.77889447236181
1361393834.418,27.77276011560694
1361393834.418,12.561274509803923
1361393834.798,23.482921511627907
1361393834.866,861.328125
1361393835.119,1378.90625
1361393835.5,50.86436170212766
1361393835.563,14.88970588235294
1361393835.563,47.8125
1361393835.563,23.137905604719766
1361393835.627,1463.5416666666667
1361393835.626,50.86436170212766
1361393835.817,22.03647416413374
1361393832.264,19.276997041420117
1361393832.707,96.2409420289855
1361393833.318,22.886029411764703
1361393833.444,23.4375
1361393833.38,1015.625
1361393833.443,17.68543956043956
1361393833.507,13.452292899408283
1361393834.138,28.453480113636363
1361393834.201,31.554665738161564
1361393834.327,19.31423611111111
1361393834.327,16.353862973760933
1361393834.517,38.52982954545455
1361393834.452,34.31285511363636
1361393834.452,20.87902046783626
1361393834.579,17.42615273775216
1361393834.81,37.94642857142857
1361393834.937,77.11693548387098
1361393835.06,28.668879056047196
1361393835.123,17.566568047337277
1361393835.378,4.373177842565598
1361393835.44,26.829481792717086
1361393855.995,354.1666666666667
1361393856.054,500.0
1361393854.071,720.3125
1361393854.071,442.0955882352941
1361393856.183,500.0
1361393854.07,331.25
1361393854.134,500.0
1361393856.242,500.0
1361393854.132,127.93803418803418
1361393856.372,304.6875
1361393856.499,406.25
1361393860.339,348.2142857142857
1361393854.447,812.5
1361393856.751,415.17857142857144
1361393854.446,742.1875
1361393854.51,833.3333333333334
1361393857.003,227.27272727272725
1361393854.699,45.02688172043011
1361393854.761,2968.75
1361393860.841,415.17857142857144
1361393857.42,581.25
1361393857.546,357.6388888888889
1361393857.546,277.77777777777777
1361393857.922,312.5
1361393857.989,459.0773809523809
1361393855.427,416.6666666666667
1361393858.663,1250.0
1361393858.983,833.3333333333334
1361393859.55,968.75
1361393856.517,494.7916666666667
1361393854.466,625.0
1361393856.894,102.27272727272728
1361393854.653,1250.0
1361393854.652,357.14285714285717
1361393857.399,312.5
1361393857.462,406.25
1361393852.981,193.5096153846154
1361393855.126,609.375
1361393857.622,357.14285714285717
1361393855.193,1250.0
1361393861.208,804.6875
1361393855.444,416.6666666666667
1361393855.444,322.9166666666667
1361393855.569,709.5905172413793
1361393858.571,500.0
1361393858.697,609.375
1361393861.705,1718.75
1361393853.577,227.27272727272725
1361393859.758,184.0277777777778
1361393859.753,357.14285714285717
1361393837.5,73.71651785714285
1361393837.984,22.28009259259259
1361393838.233,16.699498567335244
1361393836.249,22.83653846153846
1361393838.337,23.07200292397661
1361393836.416,4.491017964071856
1361393838.649,21.01608187134503
1361393836.664,17.192109144542773
1361393836.728,30.98441926345609
1361393837.328,12.767857142857144
1361393839.373,91.07142857142857
1361393839.434,20.32486807387863
1361393839.497,36.80555555555556
1361393836.066,1682.2916666666667
1361393838.338,33.333333333333336
1361393838.467,12.20414201183432
1361393836.544,22.321428571428573
1361393838.018,17.931099397590362
1361393838.146,10.932807807807809
1361393840.394,13.311688311688311
1361393840.081,53.57142857142857
1361393840.396,16.880580357142858
1361393841.257,735.2941176470589
1361393841.32,21.821120689655174
1361393841.447,19.16564039408867
1361393841.573,13.165087463556851
1361393841.699,13.66631054131054
1361393841.699,23.65819209039548
1361393841.758,100.42735042735043
1361393843.134,32.04449152542373
1361393843.197,34.46428571428571
1361393843.325,33.21991404011462
1361393843.446,24.51508620689655
1361393843.641,1075.892857142857
1361393843.705,97.42647058823529
1361393839.989,71.39830508474576
1361393840.159,18.107096354166668
1361393841.78,43.75
1361393842.033,15.669770773638968
1361393842.534,12.184261658031089
1361393842.601,82.8125
1361393843.11,125.33422459893048
1361393843.078,20.89389534883721
1361393843.527,31.067251461988302
1361393868.052,500.0
1361393864.585,312.5
1361393864.457,357.14285714285717
1361393868.615,1218.75
1361393865.26,227.27272727272725
1361393865.068,312.5
1361393865.762,833.3333333333334
1361393865.699,500.0
1361393865.889,500.0
1361393863.519,742.1875
1361393866.88,416.6666666666667
1361393867.58,1609.375
1361393861.818,742.1875
1361393868.087,416.6666666666667
1361393868.151,286.4583333333333
1361393864.605,312.5
1361393868.444,416.6666666666667
1361393864.794,487.5
1361393863.117,416.6666666666667
1361393863.411,331.25
1361393863.536,312.5
1361393866.096,833.3333333333334
1361393863.788,625.0
1361393866.602,416.6666666666667
1361393866.983,625.0
1361393867.042,357.14285714285717
1361393847.856,1075.0
1361393843.949,24.617165242165242
1361393845.868,14.92117117117117
1361393843.948,24.266759776536315
1361393845.932,17.490671641791042
1361393844.136,23.934248554913292
1361393846.119,20.802785923753664
1361393846.118,84.94897959183675
1361393844.197,812.5
1361393844.261,510.93750000000006
1361393846.244,4.411764705882353
1361393846.244,18.465909090909093
1361393844.323,17.86238262910798
1361393844.322,13.28125
1361393846.401,23.01699716713881
1361393846.462,34.69279661016949
1361393844.854,5.81219806763285
1361393846.773,35.7921511627907
1361393844.917,6.761213720316623
1361393844.917,13.522427440633246
1361393846.836,16.977611940298505
1361393846.897,62.31778425655977
1361393845.168,2390.625
1361393847.024,23.46041055718475
1361393845.143,15.719126506024098
1361393847.065,210.41666666666666
1361393845.207,562.5
1361393847.25,22.07485465116279
1361393847.375,14.979719764011799
1361393847.374,70.3125
1361393847.37,19.64036312849162
1361393847.499,269.53125
1361393847.622,50.86436170212766
1361393847.625,32.83005617977528
1361393847.625,20.727962427745663
1361393847.751,2031.25
1361393845.703,6.625
1361393845.765,19.407420749279538
1361393845.807,20.010964912280702
1361393843.949,640.625
1361393846.307,18.741096866096868
1361393846.302,300.0
1361393844.485,225.0
1361393844.613,38.56382978723404
1361393844.548,48.34905660377359
1361393846.532,1645.8333333333333
1361393844.864,78.47612359550561
1361393844.735,6.779100529100528
1361393844.862,33.56481481481482
1361393845.051,414.0625
1361393845.047,13.328530259365994
1361393847.09,16.3433908045977
1361393846.342,16.03618421052632
1361393848.134,38.55846774193549
1361393848.133,22.206303724928368
1361393848.257,9.252793296089386
1361393848.571,31.33827683615819
1361393846.717,742.7083333333333
1361393847.289,734.375
1361393259.866,32404.101091966062
1361393849.28,1096.1538461538462
1361393849.725,64.54488255033557
1361393849.729,40.743670886075954
1361393849.188,17.5723293768546
1361393849.44,104.16666666666667
1361393850.815,27.767595307917887
1361393850.938,12.821569920844327
1361393850.941,107.14285714285714
1361393851.005,14.682112068965518
1361393851.194,4.464285714285714
1361393851.257,19.63374635568513
1361393851.32,17.251394052044606
1361393851.572,36.458333333333336
1361393848.34,18.573835784313726
1361393848.595,1171.875
1361393848.909,74.70703125
1361393849.509,6.032171581769437
1361393849.764,36.791424418604656
1361393850.205,46.875
1361393850.522,1449.21875
1361393851.007,532.8125
1361393851.07,7.352941176470588
1361393851.13,11.858258928571429
1361393851.195,35.08174386920981
1361393872.364,625.0
1361393872.363,613.28125
1361393872.744,812.5
1361393873.669,414.0625
1361393873.795,1218.75
1361393873.984,833.3333333333334
1361393871.485,804.6875
1361393869.499,548.1770833333334
1361393869.563,322.9166666666667
1361393874.235,593.75
1361393869.562,593.75
1361393874.361,581.25
1361393874.487,193.75
1361393875.293,500.0
1361393875.484,181.52573529411765
1361393875.739,625.0
1361393872.212,625.0
1361393870.036,625.0
1361393872.339,1250.0
1361393870.223,348.2142857142857
1361393872.886,833.3333333333334
1361393870.897,2500.0
1361393873.646,1250.0
1361393871.082,3218.75
1361393873.645,1718.75
1361393871.148,1250.0
1361393873.708,572.9166666666666
1361393871.377,416.6666666666667
1361393877.264,348.2142857142857
1361393874.126,416.6666666666667
1361393874.316,449.8355263157895
1361393869.644,643.75
1361393874.886,414.0625
1361393874.949,609.375
1361393875.333,500.0
1361393875.396,833.3333333333334
1361393852.431,117.83854166666667
1361393854.773,13.08139534883721
1361393854.9,10.344529085872576
1361393854.9,6.540697674418605
1361393854.964,9.498898678414097
1361393851.982,34.17487684729064
1361393853.84,18.006350267379677
1361393854.257,35.30844155844156
1361393854.502,872.7678571428571
1361393854.692,9.49367088607595
1361393854.756,20.68409742120344
1361393854.754,214.28571428571428
1361393852.802,16.170058139534884
1361393852.993,20.862926136363637
1361393855.291,15.53227002967359
1361393855.477,19.261853448275865
1361393852.861,20.026408450704228
1361393853.048,23.460014409221902
1361393855.133,6.759129213483146
1361393855.067,18.39717741935484
1361393853.583,23.5228825136612
1361393853.645,17.786383285302595
1361393855.565,17.43135838150289
1361393855.628,24.006924198250726
1361393876.974,9656.25
1361393855.854,89.62053571428571
1361393856.042,17.125
1361393856.042,17.065293296089383
1361393856.106,1083.3333333333333
1361393856.231,34.84901685393258
1361393856.294,4.261363636363636
1361393856.293,4.385964912280701
1361393856.356,4.411764705882353
1361393856.523,122.26941747572816
1361393859.18,912.9464285714286
1361393856.218,1587.7039627039626
1361393855.921,23.39234104046243
1361393855.921,18.379559270516715
1361393855.983,19.50354609929078
1361393856.046,15.441176470588236
1361393856.109,15.18361581920904
1361393856.172,12.257543103448276
1361393856.236,15.306122448979592
1361393856.551,77.11693548387098
1361393856.677,21.012931034482758
1361393856.741,15.28064738292011
1361393856.804,13.25
1361393856.97,23.773280802292266
1361393857.351,675.3472222222222
1361393857.351,25.14276649746193
1361393857.476,21.327227011494255
1361393857.73,77.82451923076923
1361393857.598,149.4140625
1361393858.041,17.22861842105263
1361393858.169,18.821022727272727
1361393858.538,18.528761061946902
1361393858.345,14.711257309941521
1361393858.597,37.20908408408408
1361393859.227,236.60714285714286
1361393859.644,135.3339947089947
1361393855.866,4.322766570605188
1361393856.494,20.1937134502924
1361393859.367,19.58819241982507
1361393884.043,635.4166666666666
1361393878.025,406.25
1361393880.579,487.5
1361393884.48,833.3333333333334
1361393880.826,113.63636363636363
1361393884.605,833.3333333333334
1361393878.587,593.75
1361393884.777,406.25
1361393878.823,833.3333333333334
1361393881.702,833.3333333333334
1361393879.013,473.9583333333333
1361393879.073,3218.75
1361393882.08,110.41666666666666
1361393882.269,321.42857142857144
1361393882.49,1250.0
1361393885.434,3218.75
1361393882.741,300.78125
1361393883.377,989.5833333333334
1361393883.505,1250.0
1361393880.783,66.25
1361393884.367,833.3333333333334
1361393884.425,1250.0
1361393884.492,625.0
1361393878.475,2437.5
1361393881.35,415.17857142857144
1361393881.475,833.3333333333334
1361393884.866,833.3333333333334
1361393881.645,2500.0
1361393884.909,989.5833333333334
1361393884.971,416.6666666666667
1361393879.143,1072.9166666666667
1361393882.022,264.2045454545455
1361393879.396,625.0
1361393885.346,833.3333333333334
1361393882.274,500.0
1361393883.456,601.5625
1361393883.648,500.0
1361393862.312,35.714285714285715
1361393861.866,23.065476190476193
1361393861.988,4.451038575667656
1361393860.132,14.897260273972602
1361393860.19,24.502840909090907
1361393862.302,623.4375
1361393862.402,1046.875
1361393862.717,22.940751445086708
1361393862.779,15.795765027322405
1361393862.838,437.5
1361393861.082,1070.3125
1361393863.402,17.052872062663184
1361393861.733,18.836805555555554
1361393861.896,13.583333333333332
1361393861.96,17.30835635359116
1361393862.023,17.33732876712329
1361393864.445,8.687258687258687
1361393039.868,23421.222579425114
1361393864.482,1412.5
1361393865.159,5.769230769230769
1361393864.987,14.142628205128204
1361393865.05,5.528846153846154
1361393865.177,5.528846153846154
1361393866.762,21.318855932203387
1361393864.53,14.518805309734514
1361393864.528,21.04779411764706
1361393864.887,25.21613832853026
1361393865.269,21.613832853025936
1361393865.269,18.4775204359673
1361393865.076,19.521410579345087
1361393865.517,17.23461055276382
1361393866.577,150.0
1361393866.575,15.76086956521739
1361393866.701,16.366839762611278
1361393867.145,1128.90625
1361393867.144,19.424521857923498
1361393867.079,34.01548672566371
1361393867.524,21.994134897360706
1361393867.588,1742.1875
1361393867.204,6.7164179104477615
1361393863.783,11.33765243902439
1361393863.845,11.538461538461538
1361393865.16,13.848396501457726
1361393865.727,80.83487084870848
1361393865.707,17.850378787878785
1361393866.024,6.702646239554318
1361393866.086,4.464285714285714
1361393866.211,11.880547337278106
1361393866.461,250.0
1361393867.131,24.183637640449437
1361393867.383,554.6875
1361393867.508,500.0
1361393868.204,7.551291793313069
1361393892.401,227.27272727272725
1361393884.403,220.58823529411765
1361393892.467,143.22916666666666
1361393886.638,833.3333333333334
1361393887.305,459.82142857142856
1361393887.493,286.4583333333333
1361393890.792,371.09375
1361393885.794,246.484375
1361393892.254,223.55769230769232
1361393888.259,348.2142857142857
1361393886.396,1250.0
1361393886.52,416.6666666666667
1361393889.076,416.6666666666667
1361393886.836,536.4583333333334
1361393889.202,500.0
1361393889.752,500.0
1361393889.876,270.8333333333333
1361393890.443,357.14285714285717
1361393890.569,321.875
1361393891.566,296.875
1361393891.694,122.76785714285714
1361393870.955,1236.328125
1361393869.328,28.484083850931675
1361393869.725,4.3478260869565215
1361393869.787,36.62833827893175
1361393869.787,40.89560055865922
1361393867.993,727.6785714285714
1361393867.992,20.66532258064516
1361393869.973,21.79509943181818
1361393870.348,16.885806916426514
1361393868.776,15.03013959390863
1361393871.116,27.573529411764707
1361393871.115,4.2979942693409745
1361393871.177,4.437869822485207
1361393871.177,17.912638121546962
1361393869.381,16.546375921375923
1361393869.568,51.66260445682451
1361393871.742,16.333215297450423
1361393869.801,23.18984149855908
1361393871.048,48.125
1361393871.3,250.0
1361393871.36,40.625
1361393869.478,18.354668674698793
1361393869.726,124.6225845410628
1361393869.788,102.32843137254902
1361393871.96,4.477611940298508
1361393872.086,207.03125
1361393872.443,6.392045454545455
1361393873.287,486.5056818181818
1361393875.395,1716.1458333333333
1361393872.105,20.90795128939828
1361393872.167,166.1931818181818
1361393872.167,13.789398280802292
1361393872.293,5.905511811023622
1361393872.292,250.0
1361393872.42,118.87254901960783
1361393872.671,17.151580459770113
1361393872.734,7.978723404255319
1361393872.734,23.4375
1361393872.797,22.706505847953217
1361393873.405,14.668367346938776
1361393873.658,4.310344827586206
1361393873.658,22.151898734177216
1361393874.417,12.708913649025071
1361393874.4,44.79743767313019
1361393874.526,17.069327731092436
1361393874.653,1812.5
1361393874.715,23.166666666666664
1361393875.157,17.75568181818182
1361393875.156,19.124348958333332
1361393875.536,12.071793002915452
1361393875.663,4.3478260869565215
1361393872.113,330.52884615384613
1361393872.176,19.48051948051948
1361393872.613,35.326086956521735
1361393872.617,30.27065527065527
1361393872.617,28.43601895734597
1361393872.932,281.25
1361393874.409,22.455357142857142
1361393874.54,28.697183098591548
1361393874.476,19.5203081232493
1361393875.046,165.625
1361393875.109,31.33355614973262
1361393875.172,19.662921348314605
1361393875.633,18.393393393393392
1361393876.142,20.469622905027933
1361393876.011,14.149305555555555
1361393900.206,2500.0
1361393900.516,1250.0
1361393896.802,227.27272727272725
1361393894.561,59.52380952380952
1361393900.876,833.3333333333334
1361393894.924,98.5576923076923
1361393892.998,61.342592592592595
1361393897.477,531.25
1361393901.253,1250.0
1361393897.604,1484.375
1361393893.188,104.71491228070177
1361393897.794,308.59375
1361393893.312,86.93181818181817
1361393901.503,500.0
1361393895.806,104.16666666666667
1361393898.142,371.09375
1361393895.834,108.69565217391305
1361393898.839,2437.5
1361393898.838,398.4375
1361393891.155,63.725490196078425
1361393899.538,1250.0
1361393899.346,625.0
1361393899.664,1250.0
1361393900.105,1250.0
1361393880.308,5.03419452887538
1361393896.496,214.58333333333331
1361393892.525,37.109375
1361393896.748,208.33333333333334
1361393894.443,56.81818181818181
1361393892.523,81.25
1361393894.695,64.1025641025641
1361393892.838,64.95098039215686
1361393897.61,833.3333333333334
1361393897.481,625.0
1361393897.543,416.6666666666667
1361393897.607,968.75
1361393898.112,833.3333333333334
1361393898.343,1250.0
1361393899.169,242.67578125
1361393899.169,625.0
1361393899.359,246.32352941176472
1361393876.112,64.86486486486487
1361393876.302,865.0568181818182
1361393876.872,17.66859673024523
1361393878.576,23.214285714285715
1361393880.815,17.88294797687861
1361393876.652,36.517857142857146
1361393877.131,4.373177842565598
1361393879.114,16.403958944281523
1361393879.653,1500.0
1361393877.919,17.826312154696133
1361393879.966,697.9166666666666
1361393879.965,18.10158501440922
1361393877.981,6.592465753424658
1361393878.458,22.17741935483871
1361393878.521,4.559270516717325
1361393876.536,19.542253521126764
1361393876.598,4.335260115606936
1361393876.661,8.646844660194175
1361393876.884,40.3125
1361393879.401,24.387982195845698
1361393877.482,13.532763532763532
1361393877.729,4906.25
1361393877.915,610.9375
1361393880.192,84.64972527472528
1361393881.791,8.333333333333334
1361393883.556,99.67447916666666
1361393881.739,14.547413793103448
1361393881.984,10.62334656084656
1361393882.81,102.49426605504587
1361393883.19,840.1442307692307
1361393881.284,4.322766570605188
1361393881.475,39.8936170212766
1361393881.537,4.464285714285714
1361393881.728,20.347810734463277
1361393881.791,583.3333333333334
1361393881.961,13.718501326259947
1361393881.958,1300.78125
1361393882.653,7.772020725388601
1361393883.032,886.1607142857143
1361393883.217,1091.1458333333333
1361393883.335,14.223845108695652
1361393883.586,707.5892857142857
1361393883.711,14.204545454545453
1361393884.406,1765.625
1361393880.98,1101.5625
1361393881.296,6.743421052631579
1361393884.028,10.599415204678362
1361393908.285,208.33333333333334
1361393901.952,625.0
1361393904.447,2500.0
1361393904.765,833.3333333333334
1361393900.914,280.570652173913
1361393903.057,169.4078947368421
1361393905.872,385.4166666666667
1361393905.997,416.6666666666667
1361393906.312,500.0
1361393903.813,71.42857142857143
1361393903.875,625.0
1361393903.939,416.6666666666667
1361393904.002,625.0
1361393904.001,572.9166666666666
1361393907.305,277.77777777777777
1361393904.353,363.28125
1361393904.481,2500.0
1361393904.669,1250.0
1361393902.235,103.79464285714286
1361393904.981,484.375
1361393902.403,119.04761904761904
1361393908.802,214.58333333333331
1361393905.278,1250.0
1361393905.72,500.0
1361393905.847,2500.0
1361393901.303,309.02777777777777
1361393903.475,95.4861111111111
1361393901.658,270.8333333333333
1361393906.707,255.859375
1361393907.025,277.77777777777777
1361393907.088,208.33333333333334
1361393899.212,256.25
1361393883.865,2828.125
1361393883.938,781.25
1361393884.447,1641.2650602409637
1361393884.891,34.754672897196265
1361393886.769,18.649193548387096
1361393887.06,2250.0
1361393887.561,500.0
1361393885.513,20.26909722222222
1361393885.636,21.746575342465754
1361393885.861,20.606884057971016
1361393888.222,10.416666666666666
1361393888.517,13.228244837758112
1361393884.917,15.6708211143695
1361393885.021,15.161350148367951
1361393887.068,20.60883620689655
1361393887.383,21.459227467811157
1361393885.206,4.814680232558139
1361393885.331,40.558510638297875
1361393885.393,11.740819209039547
1361393885.393,13.361150568181818
1361393885.552,7.978723404255319
1361393887.918,6.394787644787645
1361393885.863,19.69914040114613
1361393885.926,15.810459940652818
1361393886.085,1500.0
1361393892.832,343.75
1361393890.48,16.4378612716763
1361393890.48,187.08881578947367
1361393890.604,89.92346938775509
1361393890.729,335.9375
1361393890.985,30.81232492997199
1361393891.045,23.459631728045327
1361393891.469,559.375
1361393892.102,17.085694050991503
1361393892.229,526.7857142857143
1361393892.228,18.839285714285715
1361393888.868,2683.035714285714
1361393889.183,12.51827485380117
1361393889.246,18.235759493670887
1361393889.497,665.625
1361393889.687,14.216188524590164
1361393889.873,29.97159090909091
1361393890.052,57.180851063829785
1361393890.493,17.71117166212534
1361393890.744,19.541666666666664
1361393890.997,72.63513513513513
1361393891.06,26.61887886597938
1361393912.24,264.2045454545455
1361393912.744,357.14285714285717
1361393913.185,424.10714285714283
1361393910.429,166.66666666666666
1361393913.184,625.0
1361393910.73,174.10714285714286
1361393910.794,178.57142857142858
1361393913.735,494.7916666666667
1361393910.982,202.30263157894737
1361393910.981,214.58333333333331
1361393914.114,415.17857142857144
1361393914.114,804.6875
1361393911.419,50.96153846153846
1361393911.611,324.89224137931035
1361393911.78,192.30769230769232
1361393911.905,183.03571428571428
1361393906.784,307.4596774193548
1361393915.166,500.0
1361393915.612,357.14285714285717
1361393915.675,110.41666666666666
1361393915.994,500.0
1361393912.471,269.8863636363636
1361393912.597,312.5
1361393916.373,357.14285714285717
1361393912.629,312.5
1361393913.134,625.0
1361393910.505,187.5
1361393910.501,192.30769230769232
1361393916.904,968.75
1361393913.447,371.09375
1361393916.903,1250.0
1361393909.454,156.25
1361393913.87,625.0
1361393909.453,212.05357142857142
1361393913.996,625.0
1361393913.996,424.10714285714283
1361393909.703,162.5
1361393914.69,494.7916666666667
1361393914.942,402.34375
1361393893.595,14.281876790830944
1361393894.22,39.33662280701755
1361393895.119,14.901992287917738
1361393893.638,23.264742014742016
1361393893.762,56.25
1361393893.797,19.53125
1361393894.239,6.454659949622166
1361393896.648,131.4655172413793
1361393896.774,43.75
1361393892.803,19.560768261964732
1361393893.237,333.82936507936506
1361393895.382,7.181186868686869
1361393893.588,19.45020746887967
1361393895.508,111.1111111111111
1361393895.506,7.906626506024096
1361393896.179,57.59803921568627
1361393893.939,16.62315724815725
1361393894.062,38.26530612244898
1361393896.3,18.766983695652172
1361393899.866,5.9760956175298805
1361393897.23,109.96563573883161
1361393898.619,60.284090909090914
1361393899.876,9.375
1361393897.198,398.4375
1361393897.198,15.495867768595042
1361393897.451,111.00260416666667
1361393897.741,111.97916666666667
1361393897.808,21.147629310344826
1361393897.997,7.113821138211382
1361393898.188,14.852834302325581
1361393898.314,24.637681159420293
1361393898.314,105.82627118644068
1361393898.376,16.505281690140844
1361393898.504,29.081090651558075
1361393898.693,37.782485875706215
1361393898.82,15.856824925816023
1361393898.884,149.4140625
1361393899.741,14.870383522727272
1361393899.61,17.36111111111111
1361393900.244,17.538265306122447
1361393900.67,24.963556851311953
1361393900.67,14.700443786982248
1361393896.828,13.826726342710998
1361393897.708,4.545454545454545
1361393897.815,14.334045584045585
1361393898.131,20.682803468208093
1361393898.319,184.0277777777778
1361393898.127,413.1944444444444
1361393898.254,21.964285714285715
1361393898.318,33.99122807017544
1361393898.821,32.25
1361393898.926,18.647693452380953
1361393899.997,19.7294776119403
1361393900.254,18.515415549597854
1361393900.318,4.573170731707317
1361393924.419,989.5833333333334
1361393924.483,1453.125
1361393924.672,363.28125
1361393924.733,415.17857142857144
1361393920.829,269.8863636363636
1361393916.796,107.6388888888889
1361393918.583,98.5576923076923
1361393925.335,500.0
1361393919.311,500.0
1361393922.383,833.3333333333334
1361393919.816,494.7916666666667
1361393922.67,416.6666666666667
1361393923.244,643.75
1361393922.924,247.39583333333334
1361393923.372,625.0
1361393923.817,536.4583333333334
1361393924.263,500.0
1361393924.74,320.3125
1361393921.343,500.0
1361393924.99,363.28125
1361393921.597,625.0
1361393921.596,500.0
1361393921.723,833.3333333333334
1361393919.096,363.28125
1361393919.141,47.15909090909091
1361393919.141,424.10714285714283
1361393922.273,625.0
1361393922.333,1453.125
1361393917.662,227.27272727272725
1361393919.895,371.09375
1361393923.026,178.125
1361393923.964,363.28125
1361393900.003,17.122235872235873
1361393903.611,36.458333333333336
1361393900.082,6.63265306122449
1361393923.967,939.0625
1361393902.863,527.5735294117648
1361393901.065,18.395712209302328
1361393901.126,17.80913978494624
1361393903.11,6.6386010362694305
1361393903.581,20.098547717842326
1361393904.194,4.398826979472141
1361393904.256,14.508928571428571
1361393902.207,15.85343567251462
1361393902.204,24.48830409356725
1361393904.505,21.13715277777778
1361393904.568,36.355633802816904
1361393902.748,6.7164179104477615
1361393902.748,4.385964912280701
1361393900.826,25.15015015015015
1361393902.871,31.25
1361393902.997,6.761213720316623
1361393903.119,31.79824561403509
1361393901.261,16.17324561403509
1361393901.26,14.819126074498568
1361393901.388,19.244868035190617
1361393903.849,6.743421052631579
1361393903.847,38.56382978723404
1361393902.055,200.52083333333334
1361393901.926,57.180851063829785
1361393901.988,23.624625748502996
1361393904.014,22.954705056179776
1361393902.283,37.625
1361393904.2,14.174775449101796
1361393904.326,19.53125
1361393904.452,21.606083086053413
1361393905.16,13.899539877300613
1361393905.159,22.466216216216214
1361393905.348,16.54682890855457
1361393906.395,21.23877245508982
1361393906.52,18.999630177514796
1361393907.387,14.61421832884097
1361393907.697,20.49398016997167
1361393908.143,16.12609329446064
1361393904.848,34.313725490196084
1361393904.911,20.97284226190476
1361393905.037,21.32660167130919
1361393905.225,23.616071428571427
1361393905.725,14.103982300884955
1361393905.77,17.305595930232556
1361393905.959,23.548158640226628
1361393906.212,13.020833333333334
1361393906.718,6.392045454545455
1361393906.777,22.83653846153846
1361393907.141,19.553571428571427
1361393907.455,156.61337209302326
1361393907.645,12.970055710306406
1361393907.958,214.28571428571428
1361393908.149,351.5625
1361393908.148,110.41666666666666
1361393908.466,48.713235294117645
1361393908.45,65.21739130434783
1361393908.575,17.28542234332425
1361393925.961,415.17857142857144
1361393932.55,625.0
1361393926.211,833.3333333333334
1361393928.705,833.3333333333334
1361393928.958,296.09375
1361393929.081,487.5
1361393926.588,2500.0
1361393929.148,625.0
1361393926.65,363.28125
1361393926.714,833.3333333333334
1361393929.4,833.3333333333334
1361393925.087,138.02083333333334
1361393933.341,1250.0
1361393929.753,416.6666666666667
1361393929.816,424.10714285714283
1361393929.943,250.0
1361393927.503,625.0
1361393927.566,2500.0
1361393930.571,833.3333333333334
1361393931.188,609.375
1361393931.314,625.0
1361393932.015,500.0
1361393932.334,609.375
1361393932.587,363.28125
1361393928.553,338.94230769230774
1361393928.616,1072.9166666666667
1361393926.22,91.96428571428572
1361393928.841,216.32543103448276
1361393928.904,406.25
1361393929.22,625.0
1361393929.156,371.09375
1361393933.122,484.375
1361393929.472,593.75
1361393926.841,1250.0
1361393927.097,833.3333333333334
1361393929.888,270.8333333333333
1361393925.598,804.6875
1361393930.204,500.0
1361393930.583,357.14285714285717
1361393927.829,625.0
1361393930.964,1609.375
1361393931.218,625.0
1361393931.346,312.5
1361393931.537,348.2142857142857
1361393923.965,327.31681034482756
1361393931.774,312.5
1361393912.476,161.54774678111588
1361393910.752,21.17208672086721
1361393909.214,41.666666666666664
1361393909.402,75.0
1361393910.937,18.03546831955923
1361393909.444,15.150207182320443
1361393909.572,71.42857142857143
1361393909.571,142.85714285714286
1361393909.629,56.2721108490566
1361393911.418,17.51893939393939
1361393909.878,19.04800257731959
1361393911.731,23.28516713091922
1361393912.397,213.09840425531914
1361393912.458,24.183637640449437
1361393912.648,18.450797872340427
1361393910.629,187.5
1361393910.754,15.667808219178085
1361393909.511,125.0
1361393909.511,19.10601265822785
1361393911.045,2453.125
1361393911.424,23.546918767507
1361393909.886,31.668900804289546
1361393909.884,25.53050397877984
1361393910.01,11.772853185595569
1361393911.769,22.367571059431526
1361393911.896,30.386740331491712
1361393912.023,60.33653846153846
1361393912.004,1536.6530373831774
1361393915.808,15.671227810650887
1361393913.608,27.03900709219858
1361393916.634,19.07413563829787
1361393916.634,17.12101063829787
1361393916.633,9.25925925925926
1361393916.697,19.14612676056338
1361393916.824,4.592651757188499
1361393913.128,17.297535211267608
1361393913.192,14.221014492753623
1361393913.191,103.515625
1361393913.759,21.27016129032258
1361393914.371,4.3604651162790695
1361393914.432,10.543313069908816
1361393914.56,13.035973837209303
1361393915.801,8.053221288515406
1361393916.116,16.259057971014492
1361393916.557,15.49865229110512
1361393916.62,392.0454545454545
1361393916.62,4.820478723404255
1361393916.684,21.144943019943018
1361393913.136,110.41666666666666
1361393913.578,41.98232323232323
1361393913.64,17.44715743440233
1361393914.333,37.760416666666664
1361393914.692,23.899778106508876
1361393915.009,17.792630057803468
1361393916.066,13.87965425531915
1361393916.189,94.1310975609756
1361393916.444,11.007585751978892
1361393936.497,270.8333333333333
1361393934.194,166.66666666666666
1361393934.194,833.3333333333334
1361393934.194,581.25
1361393936.689,277.77777777777777
1361393934.32,250.0
1361393936.943,500.0
1361393940.781,416.6666666666667
1361393934.509,224.7596153846154
1361393937.196,989.5833333333334
1361393937.679,833.3333333333334
1361393941.261,348.2142857142857
1361393933.453,357.14285714285717
1361393933.641,484.375
1361393937.929,635.15625
1361393935.428,322.9166666666667
1361393938.561,343.75
1361393938.56,625.0
1361393938.878,265.625
1361393939.005,190.9722222222222
1361393939.878,245.53571428571428
1361393939.878,277.77777777777777
1361393940.005,312.5
1361393940.196,227.27272727272725
1361393936.289,227.27272727272725
1361393936.352,322.9166666666667
1361393933.919,500.0
1361393934.046,625.0
1361393934.172,487.5
1361393934.296,406.25
1361393936.919,500.0
1361393936.982,429.6875
1361393940.757,833.3333333333334
1361393934.462,322.9166666666667
1361393935.029,424.10714285714283
1361393933.742,500.0
1361393938.217,494.7916666666667
1361393935.66,363.28125
1361393935.837,1250.0
1361393935.579,500.0
1361393938.522,270.8333333333333
1361393938.583,416.6666666666667
1361393936.149,459.82142857142856
1361393919.825,5.03419452887538
1361393939.347,214.84375
1361393939.794,416.6666666666667
1361393918.44,17.010467980295566
1361393918.561,11.349502487562189
1361393917.088,17.24417098445596
1361393918.873,44.57330028328612
1361393918.932,35.49168975069252
1361393917.558,18.077761627906977
1361393917.619,7.550335570469799
1361393919.532,31.38392857142857
1361393919.693,750.0
1361393918.158,118.30357142857143
1361393920.323,683.3333333333334
1361393918.499,343.75
1361393917.022,20.00541907514451
1361393918.747,154.91071428571428
1361393918.87,16.129032258064516
1361393919.165,58.423913043478265
1361393919.35,17.481884057971012
1361393917.683,14.890160891089108
1361393919.537,519.8863636363636
1361393919.6,166.66666666666666
1361393919.6,13.62074607329843
1361393917.911,35.0
1361393917.974,108.23567708333333
1361393917.974,27.135854341736696
1361393919.952,5.769230769230769
1361393920.015,19.8125
1361393920.331,6.0
1361393920.394,750.0
1361393920.458,19.031613372093023
1361393920.457,8.241758241758243
1361393924.037,89.73029045643153
1361393920.875,4.373177842565598
1361393921.442,19.06988188976378
1361393921.314,22.860440340909093
1361393921.44,10.892624020887729
1361393922.243,22.127890173410403
1361393922.432,984.375
1361393922.994,21.437872023809526
1361393923.354,744.140625
1361393923.987,14.266304347826086
1361393924.682,28.846153846153847
1361393924.745,30.43831168831169
1361393921.257,13.020833333333334
1361393921.826,19.309303977272727
1361393922.246,14.515269886363637
1361393922.372,22.388059701492537
1361393922.435,13.975439882697946
1361393922.498,611.6071428571429
1361393923.128,571.2199008498584
1361393923.108,14.037433155080215
1361393923.928,93.75
1361393924.053,18.862223756906076
1361393944.313,416.6666666666667
1361393948.534,643.75
1361393942.005,363.28125
1361393928.5,8324.674684542586
1361393944.564,250.0
1361393944.564,312.5
1361393944.754,105.97826086956522
1361393945.488,192.30769230769232
1361393949.263,357.14285714285717
1361393946.434,416.6666666666667
1361393943.781,250.0
1361393943.971,226.76282051282053
1361393947.427,227.27272727272725
1361393947.808,415.17857142857144
1361393948.61,348.2142857142857
1361393942.208,131.57894736842104
1361393948.925,494.7916666666667
1361393942.332,166.66666666666666
1361393945.208,239.3292682926829
1361393949.112,250.0
1361393942.584,178.57142857142858
1361393942.519,207.58928571428572
1361393945.776,193.75
1361393945.881,208.33333333333334
1361393943.252,312.5
1361393946.638,416.6666666666667
1361393943.629,270.8333333333333
1361393946.697,357.14285714285717
1361393946.828,223.55769230769232
1361393947.081,363.28125
1361393944.008,139.58333333333334
1361393947.89,363.28125
1361393925.245,84.75030637254902
1361393926.633,791.2451044386422
1361393927.077,12.182203389830509
1361393924.552,65.83516081871345
1361393926.48,32.55935754189944
1361393926.541,17.041552197802197
1361393925.128,20.070043103448278
1361393926.916,41.40625
1361393926.915,229.56730769230768
1361393925.725,21.2085734870317
1361393927.451,23.571428571428573
1361393927.635,37.97238372093023
1361393927.697,1049.4791666666667
1361393927.692,22.833094555873924
1361393927.696,4.2979942693409745
1361393926.198,13.93340455840456
1361393927.861,13.78953313253012
1361393928.049,4.347112860892389
1361393928.113,4.464285714285714
1361393928.491,33.92094017094017
1361393928.612,78.94736842105263
1361393926.354,50.86436170212766
1361393926.417,24.01706231454006
1361393924.877,18.213757396449704
1361393926.602,28.133903133903132
1361393926.791,38.55846774193549
1361393926.853,17.514749262536874
1361393926.853,19.12715517241379
1361393926.912,21.902095375722542
1361393927.394,184.0277777777778
1361393927.457,77.11693548387098
1361393925.979,16.19879943502825
1361393927.514,4.285714285714286
1361393927.808,54.8469387755102
1361393926.015,4.322766570605188
1361393927.869,28.46283783783784
1361393927.932,14.634365994236312
1361393927.995,10.511363636363637
1361393927.991,18.75908430232558
1361393928.117,4.531722054380665
1361393928.307,18.571428571428573
1361393928.306,13.950892857142858
1361393928.56,82.57575757575758
1361393930.849,23.254598662207357
1361393929.731,12.797619047619047
1361393932.055,2771.72157622739
1361393929.45,22.123893805309734
1361393929.704,22.885529891304348
1361393930.019,18.169642857142858
1361393930.563,11.707361516034984
1361393930.689,21.028458213256485
1361393930.752,149.4140625
1361393930.879,66.02822580645162
1361393930.878,375.0
1361393931.069,20.418510324483776
1361393931.809,20.81853693181818
1361393931.872,13.368983957219251
1361393931.68,28.45014450867052
1361393931.743,37.234042553191486
1361393932.062,214.28571428571428
1361393932.185,21.1181640625
1361393932.504,13.160211267605634
1361393932.567,14.013252148997134
1361393932.631,38.88594632768361
1361393932.438,17.47881355932203
1361393932.437,17.336727528089888
1361393929.497,14.315390173410405
1361393930.0,18.659420289855074
1361393929.983,750.0
1361393930.11,23.326841359773372
1361393930.172,17.413147138964575
1361393930.362,24.0
1361393930.553,22.823509485094853
1361393930.487,585.9375
1361393930.929,22.670025188916874
1361393931.184,22.843567251461987
1361393931.374,14.56351902173913
1361393931.731,19.407894736842106
1361393931.858,33.321325648414984
1361393931.857,41.13247863247863
1361393931.916,27.605685131195333
1361393932.167,27.552816901408452
1361393932.483,17.54610655737705
1361393932.483,123.875
1361393950.071,193.75
1361393950.321,207.03125
1361393956.657,227.27272727272725
1361393956.657,227.27272727272725
1361393953.071,87.35795454545455
1361393953.135,100.0
1361393953.007,81.78191489361703
1361393950.573,329.8611111111111
1361393950.635,363.28125
1361393950.996,312.5
1361393953.683,56.81818181818181
1361393954.569,357.14285714285717
1361393954.633,290.625
1361393951.911,84.74264705882354
1361393952.04,357.14285714285717
1361393952.039,581.25
1361393955.109,357.14285714285717
1361393943.972,37.2936320754717
1361393952.227,625.0
1361393955.552,227.27272727272725
1361393956.062,357.14285714285717
1361393956.314,415.17857142857144
1361393953.334,812.5
1361393956.916,223.55769230769232
1361393950.707,250.0
1361393957.105,227.27272727272725
1361393954.135,1072.9166666666667
1361393951.252,277.77777777777777
1361393951.378,193.75
1361393954.322,228.3653846153846
1361393951.695,227.27272727272725
1361393951.758,277.77777777777777
1361393951.949,135.41666666666666
1361393954.761,402.34375
1361393939.783,52.544247787610615
1361393955.567,227.27272727272725
1361393955.758,270.8333333333333
1361393933.116,447.19827586206895
1361393934.38,678.453947368421
1361393934.824,70.41722520107238
1361393932.879,1677.0833333333333
1361393936.728,12.711864406779663
1361393932.886,10.836693548387098
1361393932.885,19.726049868766406
1361393933.072,10.90315934065934
1361393934.795,249.21875
1361393934.92,10.61067335243553
1361393933.488,36.458333333333336
1361393935.4,703.125
1361393933.927,33.674568965517246
1361393935.838,10.227272727272727
1361393936.07,61.07954545454545
1361393936.069,22.727272727272727
1361393936.321,18.06784660766962
1361393936.639,9.615384615384617
1361393934.456,53.75
1361393933.087,24.642857142857142
1361393933.147,19.838483146067414
1361393934.619,20.875
1361393934.807,6.0728744939271255
1361393934.742,21.883877840909093
1361393933.397,27.043269230769234
1361393933.459,18.664276807980052
1361393933.522,4.385964912280701
1361393935.055,16.239466292134832
1361393935.245,250.0
1361393934.06,32.51080691642652
1361393934.116,21.97700296735905
1361393934.246,19.360422740524783
1361393936.101,14.356884057971014
1361393936.398,55.989583333333336
1361393936.077,24.006924198250726
1361393936.393,207.03125
1361393936.52,24.88258670520231
1361393936.732,72.45710784313727
1361393937.127,6.286443148688046
1361393937.681,202.42537313432834
1361393940.079,333.5597826086957
1361393936.924,16.871438746438745
1361393937.048,22.569444444444443
1361393937.299,12.321428571428571
1361393937.614,17.509191176470587
1361393938.165,31.791907514450866
1361393938.353,16.46455223880597
1361393938.983,32.82461240310078
1361393939.11,22.020947802197803
1361393939.402,17921.875
1361393939.528,13.688760806916427
1361393939.968,165.625
1361393940.035,23.151408450704224
1361393940.224,22.45809037900875
1361393940.287,15.757042253521126
1361393940.35,33.482142857142854
1361393940.414,17.107046070460704
1361393940.604,16.39048991354467
1361393937.12,27.909738717339668
1361393937.497,29.575892857142858
1361393937.941,17.300603217158177
1361393938.17,28.82037533512064
1361393938.106,17.863538681948423
1361393938.234,315.97222222222223
1361393938.421,4.398826979472141
1361393938.99,17.578125
1361393939.726,14.698775773195877
1361393939.915,33.58274647887323
1361393940.042,32.61829096045198
1361393940.169,23.136127596439167
1361393940.295,22.416666666666668
1361393940.356,19.197658402203857
1361393957.917,312.5
1361393958.543,312.5
1361393961.55,429.6875
1361393958.669,357.14285714285717
1361393958.668,500.0
1361393958.778,329.8611111111111
1361393957.239,227.27272727272725
1361393958.967,312.5
1361393962.165,357.14285714285717
1361393962.479,371.09375
1361393962.669,190.9722222222222
1361393962.921,329.8611111111111
1361393960.208,500.0
1361393962.96,227.27272727272725
1361393963.023,245.53571428571428
1361393963.592,357.14285714285717
1361393956.044,128.125
1361393964.042,357.6388888888889
1361393960.388,625.0
1361393960.455,1609.375
1361393961.213,625.0
1361393961.213,312.5
1361393961.32,416.6666666666667
1361393958.631,643.75
1361393958.567,833.3333333333334
1361393961.763,406.25
1361393961.953,371.09375
1361393958.945,807.8703703703703
1361393958.881,234.72222222222223
1361393962.016,500.0
1361393959.261,424.10714285714283
1361393957.469,296.875
1361393959.26,536.4583333333334
1361393959.451,448.6607142857143
1361393963.127,156.25
1361393963.19,277.77777777777777
1361393962.998,128.28947368421055
1361393963.125,250.0
1361393963.381,371.09375
1361393964.018,203.125
1361393940.409,1657.2384428223845
1361393942.807,4094.7745901639346
1361393964.814,277.77777777777777
1361393942.473,86.5566037735849
1361393942.536,750.0
1361393942.968,20.13888888888889
1361393941.414,9.11854103343465
1361393941.475,34.72222222222222
1361393943.138,22.265625
1361393941.598,17.269736842105264
1361393941.66,16.480547550432277
1361393943.743,10.021865889212828
1361393944.053,19.941298342541437
1361393944.561,4.477611940298508
1361393944.688,19.969919786096256
1361393944.431,211.80555555555554
1361393940.944,14.936194895591647
1361393941.005,17.132675438596493
1361393941.254,43.71630727762803
1361393942.915,19.50354609929078
1361393941.426,4.3604651162790695
1361393943.084,15.712535014005603
1361393943.464,12.5
1361393943.591,75.38265306122449
1361393943.939,14.035247093023257
1361393944.191,14.51771653543307
1361393944.19,25.84927440633245
1361393945.961,21.451271186440675
1361393945.265,71.42857142857143
1361393945.454,13.027929155313352
1361393945.453,14.650872817955111
1361393945.581,87.17105263157895
1361393945.515,31.331806282722514
1361393946.378,103.0701754385965
1361393946.568,14.790430267062316
1361393946.567,11.029411764705882
1361393946.631,5.754475703324808
1361393946.758,19.77796052631579
1361393947.137,27.6268115942029
1361393947.555,15.346810089020773
1361393947.746,16.463629943502823
1361393948.754,10.15625
1361393945.015,21.505837912087912
1361393945.015,10.714285714285714
1361393945.015,17.060367454068242
1361393945.14,17.06081081081081
1361393945.393,6.427304964539007
1361393945.455,92.0138888888889
1361393945.582,14.134877384196185
1361393945.833,39.8936170212766
1361393946.023,19.45985639686684
1361393946.32,8.428753180661579
1361393946.32,4.2979942693409745
1361393946.51,24.49156746031746
1361393946.637,14.447236180904524
1361393946.763,106.25
1361393946.763,11.730072463768115
1361393947.016,12.393767705382437
1361393947.206,20.924707602339183
1361393947.333,334.2013888888889
1361393948.198,4.385964912280701
1361393948.514,12.03670058139535
1361393948.257,19.886363636363637
1361393972.332,250.0
1361393966.311,64.95098039215686
1361393968.806,124.0234375
1361393966.559,66.25
1361393966.814,54.34782608695652
1361393969.373,108.69565217391305
1361393966.85,55.55555555555555
1361393965.817,61.342592592592595
1361393970.423,250.0
1361393968.179,78.125
1361393971.1,322.9166666666667
1361393971.418,235.3219696969697
1361393971.481,190.9722222222222
1361393971.8,290.625
1361393971.991,250.0
1361393972.911,243.75
1361393973.1,296.875
1361393965.22,227.27272727272725
1361393973.284,568.75
1361393969.891,174.10714285714286
1361393967.264,106.57051282051282
1361393970.27,156.25
1361393967.26,62.5
1361393970.445,250.0
1361393971.524,424.10714285714283
1361393971.906,190.9722222222222
1361393948.983,527.7777777777778
1361393948.232,20.11217948717949
1361393948.296,7.575757575757576
1361393949.189,229.16666666666666
1361393951.144,18.03188131313131
1361393949.543,37.410714285714285
1361393951.267,22.2899011299435
1361393952.758,200.89285714285714
1361393952.693,12.005131964809383
1361393950.485,9.933774834437086
1361393948.948,14.904538904899136
1361393949.01,15.759698275862068
1361393950.54,35.714285714285715
1361393950.67,29.107142857142854
1361393949.133,23.64864864864865
1361393949.132,19.728535353535353
1361393950.794,78.94736842105263
1361393949.321,23.706896551724135
1361393949.317,167.79891304347828
1361393949.614,13.430690072639225
1361393951.212,47.94730392156863
1361393949.803,18.557305630026807
1361393949.864,57.180851063829785
1361393949.926,31.91207627118644
1361393949.926,103.515625
1361393949.926,25.77683615819209
1361393949.925,473.55769230769226
1361393952.386,16.615634005763688
1361393952.45,20.34592245989305
1361393953.668,1045.3032544378698
1361393952.866,18.157623626373628
1361393952.866,304.39814814814815
1361393953.119,22.132169576059848
1361393953.053,77.11693548387098
1361393953.684,55.989583333333336
1361393954.17,18.670550847457626
1361393954.864,21.367521367521366
1361393954.991,24.02456647398844
1361393955.055,16.393442622950822
1361393955.433,20.519037356321842
1361393955.496,12.857629427792917
1361393955.921,187.5
1361393956.173,23.121630727762803
1361393955.976,8.670520231213873
1361393956.551,105.40254237288136
1361393956.422,14.592313218390805
1361393956.613,28.3203125
1361393956.74,59.72222222222223
1361393953.442,6.604381443298969
1361393953.569,6.553708439897698
1361393953.88,19.655797101449274
1361393954.501,57.180851063829785
1361393954.564,48.86363636363637
1361393954.691,79.79060913705584
1361393955.006,16.077898550724637
1361393955.006,11.914715719063546
1361393955.195,203.125
1361393955.195,67.1875
1361393955.573,19.097222222222225
1361393955.636,500.0
1361393955.761,14.477401129943503
1361393955.926,4.437869822485207
1361393956.053,17.134232954545457
1361393956.115,110.2195945945946
1361393955.922,190.625
1361393955.922,553.5714285714286
1361393956.241,4.385964912280701
1361393956.558,750.0
1361393956.488,21.75414364640884
1361393956.555,18.621575342465754
1361393974.038,132.21153846153845
1361393977.105,127.23214285714285
1361393977.039,268.2291666666667
1361393977.23,122.76785714285714
1361393977.294,171.875
1361393974.539,277.77777777777777
1361393977.8,286.4583333333333
1361393974.962,243.75
1361393978.22,233.4558823529412
1361393973.739,357.14285714285717
1361393973.801,187.5
1361393978.914,277.77777777777777
1361393979.281,214.58333333333331
1361393979.471,247.59615384615387
1361393979.726,126.35869565217392
1361393974.087,192.30769230769232
1361393976.774,212.05357142857142
1361393976.963,132.21153846153845
1361393977.108,60.9375
1361393977.611,270.8333333333333
1361393973.195,371.09375
1361393977.674,185.546875
1361393973.697,357.14285714285717
1361393975.424,208.8815789473684
1361393975.974,228.3653846153846
1361393980.108,227.27272727272725
1361393980.233,208.33333333333334
1361393980.36,227.27272727272725
1361393980.487,192.30769230769232
1361393957.61,656.978862973761
1361393958.244,10.3125
1361393956.048,30.287322274881515
1361393958.501,4.411764705882353
1361393957.025,13.936980609418283
1361393957.148,13.888888888888888
1361393957.148,16.35362694300518
1361393958.748,25.164473684210524
1361393957.21,4.437869822485207
1361393958.872,13.315217391304348
1361393959.165,51.68269230769231
1361393959.227,72.39736070381232
1361393957.563,19.34313031161473
1361393959.225,16.026785714285715
1361393959.225,19.65436962750716
1361393958.102,225.0
1361393959.892,19.250690607734807
1361393959.89,13.283378746594005
1361393959.952,121.875
1361393960.496,55.23767605633803
1361393958.571,34.57446808510638
1361393956.907,1500.0
1361393956.971,23.80562827225131
1361393956.906,43.601606145251395
1361393956.968,45.05713296398891
1361393957.378,15.159739454094293
1361393959.105,18.671875
1361393957.313,4.373177842565598
1361393957.312,4.411764705882353
1361393957.374,35.35522788203754
1361393959.165,1013.671875
1361393959.58,34.57446808510638
1361393957.911,24.147727272727273
1361393959.953,14.90605828220859
1361393960.499,21.42446319018405
1361393960.626,16.587885154061624
1361393960.625,33.854166666666664
1361393962.537,252.77777777777777
1361393963.109,153.3564814814815
1361393961.001,34.57446808510638
1361393961.129,6.446991404011461
1361393961.254,17.670612813370475
1361393961.631,32.70348837209303
1361393961.694,28.125
1361393961.821,34.48275862068965
1361393961.82,4.273504273504274
1361393961.88,20.572916666666668
1361393962.182,655.3308823529411
1361393962.371,4.373177842565598
1361393962.307,4.2979942693409745
1361393962.434,16.83001285347044
1361393962.622,4.5252732240437155
1361393962.686,16.493055555555557
1361393962.686,19.50354609929078
1361393962.875,19.05684754521964
1361393963.318,4.335260115606936
1361393963.486,4.335260115606936
1361393963.801,6.81900289017341
1361393964.438,19.642857142857142
1361393964.626,43.26923076923077
1361393964.626,19.642857142857142
1361393964.626,4.3478260869565215
1361393964.753,125.0
1361393961.014,17.780172413793103
1361393961.517,4.385964912280701
1361393961.576,214.28571428571428
1361393961.77,13.61731843575419
1361393961.96,19.50354609929078
1361393962.628,17.061281337047355
1361393963.198,40.52871148459384
1361393963.386,13.63950276243094
1361393963.749,375.0
1361393964.569,34.44406077348066
1361393964.569,22.82608695652174
1361393982.081,100.0
1361393982.203,152.64423076923077
1361393980.92,125.0
1361393980.918,110.79545454545455
1361393982.579,105.97826086956522
1361393981.085,104.16666666666667
1361393982.557,198.4375
1361393986.008,322.9166666666667
1361393986.008,312.5
1361393986.197,270.8333333333333
1361393986.132,227.27272727272725
1361393983.373,107.421875
1361393986.637,96.15384615384616
1361393983.437,147.05882352941177
1361393983.5,147.05882352941177
1361393986.89,165.36458333333334
1361393983.729,125.0
1361393983.795,71.69117647058823
1361393983.921,812.5
1361393983.792,135.41666666666666
1361393984.361,193.75
1361393984.867,138.88888888888889
1361393985.353,192.30769230769232
1361393985.352,156.25
1361393985.479,148.29009433962264
1361393981.123,113.63636363636363
1361393985.983,459.82142857142856
1361393982.847,138.39285714285714
1361393986.535,119.04761904761904
1361393981.605,89.28571428571429
1361393986.788,108.69565217391305
1361393979.932,10504.136029411764
1361393968.288,18.740699404761905
1361393968.859,4403.150475543479
1361393964.823,12.466755319148936
1361393966.487,117.32954545454545
1361393964.886,290.86538461538464
1361393964.948,214.28571428571428
1361393966.548,453.125
1361393966.611,39.8936170212766
1361393965.075,19.37849162011173
1361393965.324,27.806575829383885
1361393965.736,12.374408983451538
1361393965.861,30.26107594936709
1361393966.026,250.0
1361393967.816,11.114690721649485
1361393968.192,205.23648648648648
1361393968.255,19.39796587926509
1361393968.57,169.28475935828877
1361393964.705,23.248994638069707
1361393968.737,16.59891598915989
1361393964.828,113.3578431372549
1361393966.554,39.8936170212766
1361393966.676,63.82978723404255
1361393966.675,39.8936170212766
1361393965.677,74.70703125
1361393967.529,110.29411764705883
1361393967.697,25.179140127388536
1361393967.823,4.373177842565598
1361393968.011,13.299608355091385
1361393968.454,117.1875
1361393968.647,1866.3611778846155
1361393969.727,9.114583333333334
1361393969.362,14.00462962962963
1361393969.297,9.114583333333334
1361393969.927,19.50354609929078
1361393970.099,167.96875
1361393970.162,6.138392857142857
1361393970.414,136.875
1361393970.541,11.245265151515152
1361393970.73,261.71875
1361393970.793,3.95778364116095
1361393970.856,23.91759776536313
1361393970.98,14.488636363636363
1361393971.584,16.44283746556474
1361393971.906,30.69526627218935
1361393971.969,277.34375
1361393972.347,150.5681818181818
1361393972.536,18.726591760299627
1361393969.116,19.50354609929078
1361393969.368,491.88988095238096
1361393970.489,7.7854671280276815
1361393970.425,8.620689655172413
1361393970.489,15.231092436974789
1361393971.374,18.628246753246753
1361393971.374,18.918701799485863
1361393971.6,25.5222371967655
1361393971.981,19.45020746887967
1361393972.296,51.07142857142858
1361393972.423,125.0
1361393972.549,6.656804733727811
1361393988.147,60.97560975609756
1361393992.306,95.55288461538461
1361393989.81,239.58333333333334
1361393992.496,110.99137931034484
1361393988.524,65.78947368421052
1361393992.939,60.97560975609756
1361393990.058,859.375
1361393990.121,812.5
1361393993.065,62.5
1361393990.183,2500.0
1361393990.247,2500.0
1361393989.948,178.81944444444446
1361393994.931,84.70394736842105
1361393995.057,64.1025641025641
1361393990.511,190.9722222222222
1361393992.646,128.28947368421055
1361393992.836,134.11458333333334
1361393995.587,80.64516129032258
1361393995.841,96.15384615384616
1361393988.097,54.16666666666667
1361393996.156,116.25
1361393996.413,188.98809523809524
1361393989.09,60.97560975609756
1361393993.566,83.33333333333333
1361393993.692,80.72916666666667
1361393989.529,67.56756756756756
1361393989.715,208.8815789473684
1361393994.194,67.56756756756756
1361393994.551,71.42857142857143
1361393995.114,85.4779411764706
1361393995.241,70.8841463414634
1361393992.232,156.25
1361393992.525,147.05882352941177
1361393987.979,99.55357142857142
1361393987.979,56.81818181818181
1361393995.657,83.33333333333333
1361393995.911,160.15625
1361393996.166,104.16666666666667
1361393988.358,98.15140845070422
1361393996.294,125.0
1361393988.869,60.9375
1361393973.12,8.630087209302324
1361393996.904,97.5
1361393974.622,246.32352941176472
1361393973.148,84.99849759615384
1361393973.688,29.893338323353294
1361393973.75,834.8214285714286
1361393974.16,12.133855585831062
1361393976.393,534.7222222222222
1361393976.457,369.3181818181818
1361393976.647,10.94175749318801
1361393972.965,18.15773067331671
1361393974.565,19.063370473537603
1361393973.401,706.25
1361393973.63,19.50354609929078
1361393975.48,23.242728531855956
1361393974.129,24.088541666666668
1361393975.918,6.0
1361393976.086,100.0
1361393976.086,437.5
1361393976.275,12.348790322580644
1361393976.464,4.411764705882353
1361393976.591,13.27698087431694
1361393980.065,20.151869158878505
1361393977.632,13.004954268292682
1361393977.567,22.278502747252748
1361393977.631,6.4841498559077815
1361393977.821,19.50354609929078
1361393978.624,28.91274238227147
1361393978.559,4.322766570605188
1361393978.622,21.842277486910994
1361393979.427,15.268083756345177
1361393979.806,19.22052556818182
1361393979.996,11.390582655826558
1361393980.502,4.424778761061947
1361393980.628,87.1589233038348
1361393977.141,277.593085106383
1361393977.266,13.61498786407767
1361393978.005,408.203125
1361393978.004,3.95778364116095
1361393978.572,13.111595174262735
1361393979.117,20.164373088685018
1361393979.434,18.93939393939394
1361393979.497,32.10896596858639
1361393980.007,19.092580213903744
1361393980.07,20.932404891304348
1361393997.905,100.0
1361394000.145,108.69565217391305
1361394000.207,92.59259259259258
1361394004.551,242.1875
1361394004.551,277.77777777777777
1361394004.613,357.14285714285717
1361393998.34,189.33823529411765
1361393996.738,65.78947368421052
1361393996.864,71.42857142857143
1361394001.19,135.41666666666666
1361393998.946,270.8333333333333
1361394001.569,113.63636363636363
1361393999.009,357.6388888888889
1361393999.071,357.14285714285717
1361393999.513,4047.2426470588234
1361393999.513,3556.0661764705883
1361393999.513,3919.8529411764707
1361394002.008,166.66666666666666
1361393999.576,327.5862068965517
1361394000.575,327.5862068965517
1361394000.766,279.92021276595744
1361394003.877,312.5
1361394004.068,322.9166666666667
1361394004.003,416.6666666666667
1361394004.322,1553.125
1361394004.32,500.0
1361394004.574,277.77777777777777
1361394004.894,459.82142857142856
1361394001.116,100.0
1361393998.876,46.348314606741575
1361393997.274,120.44270833333333
1361393999.065,130.20833333333334
1361393999.604,227.27272727272725
1361393998.067,4354.432397959184
1361393999.894,47.45370370370371
1361394002.58,568.5096153846155
1361394000.462,339.2857142857143
1361394000.333,3467.114825581395
1361393998.413,93.75
1361394000.46,527.4784482758621
1361394000.588,371.09375
1361394000.586,277.77777777777777
1361394003.398,147.05882352941177
1361394003.889,357.14285714285717
1361394004.525,277.77777777777777
1361394004.653,363.28125
1361394004.944,312.5
1361393982.736,12.924382716049383
1361393982.899,750.0
1361393983.022,5.905511811023622
1361393983.44,27.81883445945946
1361393983.503,53.75
1361393982.155,21.178002450980394
1361393982.089,14.234050445103858
1361393982.215,14.82576726342711
1361393982.215,239.58333333333334
1361393983.942,92.08333333333334
1361393982.562,11.195231958762887
1361393981.305,54.77335164835165
1361393981.429,29.25
1361393982.964,12.052449748743717
1361393981.49,18.830128205128204
1361393984.01,310.09615384615387
1361393983.946,17.130533854166668
1361393983.93,823.2308584686775
1361393986.396,169.73824786324786
1361393986.779,18.59504132231405
1361393986.969,6.2229437229437226
1361393985.212,5.7653743315508015
1361393987.09,22.786458333333332
1361393985.053,16.762742718446603
1361393985.115,1079.6875
1361393985.367,6.949491279069767
1361393985.493,21.284448818897637
1361393985.745,20.80570291777188
1361393985.745,372.0703125
1361393986.1,20.282451923076923
1361393987.85,6.587403598971722
1361393988.295,6.690600522193211
1361393984.932,20.45383165829146
1361393985.12,62.5
1361393985.119,15.985576923076922
1361393985.687,16.477272727272727
1361393986.421,18.31454918032787
1361393986.42,8.875739644970414
1361393986.546,15.291666666666666
1361393986.609,15.380859375
1361393986.672,42.267628205128204
1361393986.902,6.521739130434782
1361393986.902,121.43987341772151
1361393987.028,132.8125
1361393987.407,25.164473684210524
1361393987.471,9.825327510917031
1361393987.406,1500.0
1361393987.533,12.32394366197183
1361393987.723,6.725721784776903
1361393988.101,39.8936170212766
1361394006.02,121.875
1361394006.142,66.25
1361394008.574,46.31024096385542
1361394008.759,336.22685185185185
1361394006.393,110.79545454545455
1361394012.856,487.5
1361394012.856,416.6666666666667
1361394009.143,107.29166666666666
1361394006.518,153.27380952380955
1361394012.981,250.0
1361394009.332,277.5297619047619
1361394013.021,1626.736111111111
1361394013.021,1376.736111111111
1361394013.084,2126.7361111111113
1361394013.079,250.0
1361394010.495,277.77777777777777
1361394008.187,208.33333333333334
1361394000.752,61.547256097560975
1361394011.42,579.5454545454546
1361394008.988,270.8333333333333
1361394011.865,1171.2239583333333
1361394012.82,277.77777777777777
1361394009.168,312.5
1361394006.864,113.63636363636363
1361394005.45,614.9305555555555
1361394013.45,1004.6875
1361394007.113,104.16666666666667
1361394007.176,108.69565217391305
1361394013.448,416.6666666666667
1361394009.775,229.91071428571428
1361394013.93,1237.8472222222224
1361394013.929,1177.0833333333333
1361394010.216,203.125
1361394010.341,227.27272727272725
1361394014.053,1148.4375
1361394007.971,192.30769230769232
1361394006.37,227.27272727272725
1361394006.37,277.77777777777777
1361394010.593,187.5
1361394006.536,250.0
1361394010.823,221.5909090909091
1361394000.391,4709.295382165605
1361394006.535,66.10576923076923
1361394000.641,170.75892857142858
1361394011.391,221.5909090909091
1361394011.518,269.8863636363636
1361394012.091,156.25
1361394012.219,121.875
1361393996.969,1183.5376794258375
1361393988.151,181.7781690140845
1361393992.833,6.016042780748663
1361393988.862,6.390274314214464
1361393988.924,6.40625
1361393990.891,19.53125
1361393990.999,21.367521367521366
1361393990.997,15.580736543909348
1361393989.586,232.421875
1361393989.648,29.58131067961165
1361393991.248,751.7361111111112
1361393989.711,16.486220472440944
1361393991.303,4.261363636363636
1361393991.433,33.06962025316456
1361393990.188,28.673102094240836
1361393992.1,6.114130434782609
1361393990.943,20.923132183908045
1361393991.672,17.302028795811516
1361393991.732,37.32394366197183
1361393991.858,15.709231805929921
1361393991.857,21.367521367521366
1361393991.92,19.389572538860104
1361393991.983,25.423728813559325
1361393992.553,297.554347826087
1361393991.941,93.61172566371681
1361393995.806,126.86820652173914
1361393995.804,122.37278761061947
1361393993.177,12.022148058252426
1361393993.429,25.44981060606061
1361393993.492,11.782094594594595
1361393993.492,11.76470588235294
1361393993.619,57.69230769230769
1361393993.619,556.25
1361393993.809,10.67643391521197
1361393994.031,19.45020746887967
1361393994.222,250.0
1361393994.474,101.43849206349206
1361393995.295,172.39583333333334
1361393995.525,258.6805555555556
1361393995.525,144.27083333333331
1361393996.285,62.5
1361393996.638,249.39903846153845
1361393992.796,9.995104438642297
1361393992.985,65.78947368421052
1361393993.112,20.205479452054796
1361393993.174,13.70546683046683
1361393993.301,6.234793187347932
1361393993.3,6.327160493827161
1361393993.618,17.481435643564357
1361393993.914,110.29411764705883
1361393994.04,10.416666666666666
1361393994.288,11.94168734491315
1361393994.291,25.43218085106383
1361393994.417,144.02173913043478
1361393994.604,168.359375
1361393994.667,102.79605263157895
1361393994.963,120.04573170731707
1361393995.214,33.625
1361393996.455,19.489247311827956
1361394016.317,702.2058823529411
1361394016.443,221.5909090909091
1361394020.849,274.55357142857144
1361394014.013,220.21484375
1361394015.738,214.84375
1361394015.865,308.59375
1361394015.865,881.6964285714286
1361394015.861,862.7232142857143
1361394015.861,824.7767857142857
1361394015.986,208.33333333333334
1361394014.513,2440.625
1361394018.928,171.875
1361394018.923,227.27272727272725
1361394016.619,371.09375
1361394016.602,961.6477272727273
1361394016.663,857.5367647058823
1361394016.726,646.1397058823529
1361394016.726,299.39516129032256
1361394016.975,930.1470588235294
1361394016.979,807.9427083333334
1361394017.043,614.1304347826086
1361394017.158,192.30769230769232
1361394014.916,174.10714285714286
1361394015.042,20.144628099173552
1361394015.147,386.3636363636364
1361394015.146,578.125
1361394015.203,132.21153846153845
1361394015.333,227.27272727272725
1361394013.92,229.16666666666666
1361394015.584,1842.4479166666667
1361394013.92,177.02414772727275
1361394018.206,277.77777777777777
1361394015.581,277.77777777777777
1361394013.917,200.16447368421052
1361394022.108,304.6875
1361394015.772,800.2232142857143
1361394018.327,292.6136363636364
1361394018.33,214.84375
1361394014.208,227.27272727272725
1361394018.751,203.125
1361394018.812,192.30769230769232
1361394016.06,290.625
1361394014.648,152.96052631578945
1361394000.442,33315.185546875
1361394018.873,203.125
1361394019.065,166.66666666666666
1361394016.566,416.6666666666667
1361394000.63,50.68979933110368
1361394016.566,926.4705882352941
1361394016.629,459.82142857142856
1361394016.82,650.0
1361394016.82,101.00446428571429
1361394016.994,192.30769230769232
1361394019.615,250.0
1361394019.676,536.4583333333334
1361394020.888,277.77777777777777
1361393999.757,234.99586092715234
1361393999.757,685.4166666666666
1361393996.233,1596.8237704918033
1361394000.708,1156.25
1361394009.49,21.008403361344538
1361393998.594,28.125
1361393997.051,13.60645933014354
1361393998.905,166.66666666666666
1361393998.841,1500.0
1361393999.029,568.2870370370371
1361393997.592,93.75
1361393999.38,140.625
1361393999.629,136.36363636363635
1361393999.754,18.016160949868073
1361393997.832,110.29411764705883
1361393997.96,927.4553571428571
1361393999.981,156.875
1361394000.106,275.24038461538464
1361394000.356,779.296875
1361394000.481,125.55803571428572
1361394000.478,1875.0
1361393996.993,11.619515011547342
1361393998.784,13.575819672131146
1361393998.783,12.612467866323907
1361393999.446,668.4027777777778
1361393999.51,21.67630057803468
1361393999.571,17.299107142857142
1361393997.714,50.86436170212766
1361393999.866,16.023371104815862
1361394000.053,393.02884615384613
1361394000.051,118.30357142857143
1361394000.113,291.1931818181818
1361394000.24,477.67857142857144
1361394000.235,697.0108695652174
1361394000.302,28.201219512195124
1361394000.428,16.959366391184574
1361393998.252,18.927845528455286
1361394000.362,19.25
1361394000.533,60.0
1361394000.399,10.744985673352435
1361394000.467,315.24122807017545
1361394000.467,243.75
1361394000.936,229.16666666666666
1361394001.875,6.196120689655173
1361394002.501,15.053353658536585
1361394003.571,75.86176880222843
1361394001.017,316.02822580645164
1361394001.144,5.813953488372093
1361394001.836,665.625
1361394002.063,25.17123287671233
1361394002.383,17.818767908309454
1361394002.51,24.305555555555557
1361394003.494,15.478971962616823
1361394003.998,634.375
1361394004.316,619.7916666666666
1361394004.42,36.70360110803325
1361394004.483,150.0
1361394000.767,13.884493670886075
1361394001.019,41.40625
1361394001.566,190.3409090909091
1361394001.818,83.19805194805195
1361394001.944,19.279233870967744
1361394002.449,74.70703125
1361394002.575,11.419971671388103
1361394002.575,51.204819277108435
1361394003.124,6.315616797900263
1361394003.377,12.199699699699698
1361394003.439,23.963730569948186
1361394003.502,18.653100775193796
1361394003.565,19.972112860892388
1361394004.299,37.5
1361394004.422,3013.3928571428573
1361394024.113,197.91666666666666
1361394024.299,56.778169014084504
1361394025.122,85.41666666666667
1361394022.752,593.75
1361394022.064,69.64285714285714
1361394024.232,833.3333333333334
1361394027.111,487.5
1361394022.63,86.20689655172414
1361394027.362,126.35869565217392
1361394024.864,229.91071428571428
1361394024.844,248.046875
1361394024.843,121.875
1361394027.977,113.63636363636363
1361394028.103,86.20689655172414
1361394028.357,92.59259259259258
1361394022.843,89.28571428571429
1361394023.16,96.09375
1361394026.264,132.21153846153845
1361394026.327,166.66666666666666
1361394026.327,51.7578125
1361394023.829,312.5
1361394026.644,171.875
1361394022.456,89.28571428571429
1361394022.645,96.15384615384616
1361394024.308,357.14285714285717
1361394024.371,357.14285714285717
1361394022.705,142.6809210526316
1361394018.993,1052.5390625
1361394024.56,227.27272727272725
1361394024.813,181.640625
1361394027.754,250.0
1361394027.817,125.0
1361394028.234,123.79807692307693
1361394028.361,96.15384615384616
1361394028.68,100.0
1361394005.84,12.18913612565445
1361394006.862,10.48259493670886
1361394005.445,2310.2678571428573
1361394005.614,57.071596244131456
1361394007.397,258.15217391304344
1361394007.647,88.23529411764706
1361394007.813,81.88657407407408
1361394006.148,15.286959134615383
1361394007.747,22.452731092436974
1361394007.874,440.625
1361394006.335,21.00271002710027
1361394008.249,17.96433615819209
1361394006.547,19.56168831168831
1361394004.886,77.11693548387098
1361394006.674,24.182561307901906
1361394005.133,19.230769230769234
1361394006.796,21.484375
1361394006.859,1937.5
1361394006.961,13.818641618497109
1361394005.484,16.059027777777775
1361394007.271,30.0
1361394005.607,100.0
1361394007.334,71.42857142857143
1361394007.515,16.78093112244898
1361394007.75,15.580100574712644
1361394007.749,7.667824074074074
1361394006.145,6.4655172413793105
1361394008.607,488.8392857142857
1361394010.643,256.25
1361394009.632,3820.0231481481483
1361394008.981,14.136904761904763
1361394009.991,19.21174142480211
1361394010.224,6.502890173410405
1361394010.538,28.479916897506925
1361394010.664,19.270833333333336
1361394011.044,4.398826979472141
1361394011.106,45.98817567567568
1361394011.169,29.977176966292134
1361394011.233,15.939861460957179
1361394011.339,21.119505494505496
1361394011.528,65.54878048780488
1361394011.718,33.58957219251337
1361394011.781,117.1875
1361394011.716,58.423913043478265
1361394011.711,27.10098870056497
1361394011.711,34.5708446866485
1361394012.033,52.69607843137255
1361394012.222,29.0677374301676
1361394012.412,20.11443661971831
1361394012.475,18.802966101694913
1361394012.537,17.094017094017097
1361394012.767,22.408963585434172
1361394009.751,23.4375
1361394009.751,13.068931398416886
1361394009.878,18.73342175066313
1361394009.941,15.41610962566845
1361394010.101,26.713709677419356
1361394010.352,30.81476323119777
1361394010.414,19.5203081232493
1361394010.477,25.314245810055866
1361394010.729,18.23607427055703
1361394010.857,19.73458904109589
1361394011.172,18.140889830508474
1361394011.212,44.20731707317073
1361394011.212,6.4841498559077815
1361394011.401,52.861752717391305
1361394011.526,1656.25
1361394011.969,52.69607843137255
1361394012.577,143.34239130434784
1361394028.451,86.20689655172414
1361394036.513,174.10714285714286
1361394032.8,147.05882352941177
1361394032.862,189.33823529411765
1361394030.429,55.55555555555555
1361394032.925,185.546875
1361394030.554,58.13953488372093
1361394028.889,76.48026315789473
1361394034.415,250.0
1361394034.794,147.05882352941177
1361394032.102,146.13970588235296
1361394035.046,229.91071428571428
1361394032.165,73.52941176470588
1361394035.231,253.74999999999997
1361394032.354,80.64516129032258
1361394035.424,166.66666666666666
1361394024.863,61320.989884393064
1361394030.686,60.05859375
1361394032.624,96.15384615384616
1361394035.698,227.27272727272725
1361394030.76,55.20833333333333
1361394037.22,178.57142857142858
1361394037.319,203.125
1361394033.607,128.28947368421055
1361394033.675,229.91071428571428
1361394031.241,55.55555555555555
1361394031.552,64.1025641025641
1361394029.948,38.69047619047619
1361394034.619,197.91666666666666
1361394034.683,156.25
1361394034.809,147.05882352941177
1361394030.118,64.95098039215686
1361394031.971,74.83552631578948
1361394030.616,67.60204081632654
1361394035.99,312.5
1361394035.99,227.27272727272725
1361394036.471,128.28947368421055
1361394013.849,101.02370689655173
1361394014.863,10933.035714285714
1361394012.027,200.57397959183672
1361394013.28,19071.875
1361394015.048,12.658756684491978
1361394015.546,39.77272727272727
1361394012.886,20.876024590163937
1361394014.612,89.84375
1361394014.676,25.969529085872576
1361394014.675,87.17105263157895
1361394014.798,21.91780821917808
1361394014.861,168.4027777777778
1361394013.132,250.0
1361394013.257,23.853291316526608
1361394013.257,60.950413223140494
1361394013.548,22.80640668523677
1361394013.672,20.457474226804123
1361394013.671,21.979456824512535
1361394013.671,37.79678770949721
1361394015.396,61.07954545454545
1361394013.981,17.410714285714285
1361394013.98,12.320496083550914
1361394014.044,21.06164383561644
1361394015.75,19.828464673913043
1361394015.685,1943.75
1361394015.872,20.818409742120345
1361394015.872,26.509831460674157
1361394014.336,19.99505277044855
1361394016.69,1116.0714285714287
1361394016.69,2472.65625
1361394016.69,1059.7426470588236
1361394016.676,1314.236111111111
1361394014.561,30.821917808219176
1361394014.619,9.615384615384617
1361394014.685,83.33333333333333
1361394013.335,26.175213675213676
1361394013.46,13.007409793814434
1361394013.551,19.257703081232496
1361394013.551,93.75
1361394013.612,1803.8194444444443
1361394013.929,30.637254901960784
1361394013.928,498.5795454545455
1361394013.736,18.979279891304348
1361394015.59,17.71117166212534
1361394014.053,11.15451388888889
1361394013.86,12.402088772845952
1361394013.902,18.36222627737226
1361394015.818,13.705357142857142
1361394014.339,83.984375
1361394016.251,1514.0625
1361394016.319,1678.5714285714287
1361394016.319,462.05357142857144
1361394016.508,77.11693548387098
1361394016.567,539.0625
1361394016.571,1339.2857142857142
1361394016.925,17.286278735632184
1361394019.346,5.154639175257732
1361394016.004,1444.1964285714287
1361394016.067,4423.295454545454
1361394016.195,410.76718009478674
1361394018.4,90.17744974874371
1361394020.169,15.465561224489795
1361394020.169,49.40878378378378
1361394017.935,142.85714285714286
1361394018.124,12.106393129770993
1361394018.187,19.340974212034382
1361394018.251,18.28125
1361394018.291,178.75
1361394018.291,22.301962209302328
1361394019.782,30.818370165745854
1361394019.845,12.854609929078014
1361394020.098,4.3604651162790695
1361394020.098,16.255040322580644
1361394020.161,4.385964912280701
1361394020.605,21.961805555555554
1361394020.538,20.236389684813755
1361394016.931,11.74645390070922
1361394017.121,14.916467780429594
1361394017.436,12.404580152671755
1361394017.941,15.664258793969848
1361394019.503,16.789845758354755
1361394019.343,11.666666666666668
1361394019.469,9.392076502732241
1361394019.915,19.157088122605362
1361394020.607,8.595988538681949
1361394040.382,69.44444444444444
1361394040.509,86.20689655172414
1361394040.699,92.59259259259258
1361394041.012,119.04761904761904
1361394038.706,64.95098039215686
1361394038.576,63.70192307692307
1361394041.392,131.57894736842104
1361394045.951,192.30769230769232
1361394039.806,93.14903846153847
1361394042.747,69.62719298245614
1361394040.058,31.850961538461537
1361394023.93,281.25
1361394038.073,156.25
1361394038.261,100.0
1361394043.315,59.52380952380952
1361394043.251,58.13953488372093
1361394040.558,62.5
1361394043.673,51.02040816326531
1361394044.689,92.59259259259258
1361394041.159,86.20689655172414
1361394045.193,158.75
1361394041.776,108.69565217391305
1361394039.343,61.342592592592595
1361394041.902,113.63636363636363
1361394042.026,52.98913043478261
1361394039.719,99.609375
1361394037.731,138.88888888888889
1361394042.406,147.05882352941177
1361394042.469,147.05882352941177
1361394042.469,138.88888888888889
1361394042.595,359.375
1361394042.595,78.62903225806451
1361394042.658,609.375
1361394042.657,163.35227272727275
1361394040.093,67.58720930232558
1361394042.95,85.41666666666667
1361394043.141,56.6860465116279
1361394043.706,65.78947368421052
1361394044.344,78.125
1361394044.152,71.42857142857143
1361394044.838,128.75
1361394041.404,122.47242647058823
1361394022.652,8.333333333333334
1361394021.172,15.58534263959391
1361394021.647,160.71428571428572
1361394023.245,375.0
1361394023.433,1218.75
1361394021.959,150.0
1361394021.764,9.868421052631579
1361394023.618,22.024601063829788
1361394022.311,9.25925925925926
1361394024.349,169.38920454545456
1361394022.428,22.282608695652172
1361394020.798,16.60667539267016
1361394022.651,22.879464285714285
1361394021.048,156.36488970588235
1361394022.712,23.295454545454547
1361394022.902,6.302521008403361
1361394022.966,38.56382978723404
1361394021.301,20.99867724867725
1361394021.55,39.8936170212766
1361394021.549,17.894345238095237
1361394023.4,12.95120320855615
1361394023.395,321.42857142857144
1361394021.838,132.35294117647058
1361394024.189,18.610929319371728
1361394024.232,20.198170731707318
1361394024.294,102.37068965517241
1361394025.56,1869.1265060240964
1361394025.932,69.07894736842105
1361394025.416,39.8936170212766
1361394025.983,5.98404255319149
1361394026.084,22.176106770833332
1361394027.197,15.707891246684351
1361394027.642,19.5715206185567
1361394027.513,19.93694362017804
1361394027.701,145.5965909090909
1361394028.527,257.5
1361394028.523,133.75
1361394028.371,50.86436170212766
1361394028.565,202.5462962962963
1361394028.756,4.428475935828877
1361394024.788,299.0572625698324
1361394024.914,50.998263888888886
1361394025.291,23.003472222222225
1361394025.415,6.234793187347932
1361394025.542,73.06719653179191
1361394025.643,35.84085051546391
1361394025.899,107.14285714285714
1361394026.089,16.78240740740741
1361394026.215,125.0
1361394026.721,12.950067934782608
1361394027.456,188.4191176470588
1361394027.708,16.468508997429307
1361394027.898,53.57142857142857
1361394027.96,202.56696428571428
1361394028.119,20.11986301369863
1361394028.378,16.826923076923077
1361394028.503,4.322766570605188
1361394048.361,113.63636363636363
1361394046.055,208.33333333333334
1361394048.55,131.57894736842104
1361394046.18,296.875
1361394052.769,1253.3482142857142
1361394040.928,8.99869109947644
1361394050.181,135.41666666666666
1361394050.245,178.57142857142858
1361394050.308,162.5
1361394050.482,192.30769230769232
1361394047.789,232.9727564102564
1361394050.605,69.44444444444444
1361394050.663,247.39583333333334
1361394048.292,62.5
1361394048.414,153.27380952380955
1361394046.366,166.66666666666666
1361394051.484,208.33333333333334
1361394046.786,178.57142857142858
1361394044.159,78.4438775510204
1361394052.603,208.33333333333334
1361394049.144,125.0
1361394049.397,138.39285714285714
1361394049.696,113.63636363636363
1361394053.787,166.66666666666666
1361394047.577,1841.579861111111
1361394047.703,143.22916666666666
1361394050.642,165.36458333333334
1361394046.07,192.30769230769232
1361394048.432,113.63636363636363
1361394051.119,147.05882352941177
1361394051.499,192.30769230769232
1361394048.81,138.88888888888889
1361394051.689,208.33333333333334
1361394051.878,264.2045454545455
1361394030.101,19.134615384615387
1361394055.117,435.15625
1361394030.737,135.88169642857142
1361394030.736,48.86363636363637
1361394029.131,16.248337765957448
1361394031.103,75.79787234042554
1361394029.544,237.5
1361394029.416,10.700533175355451
1361394029.605,22.07278481012658
1361394029.729,95.13888888888889
1361394031.52,5.342741935483871
1361394031.58,162.02445652173913
1361394029.847,6.502890173410405
1361394029.912,65.21739130434783
1361394031.809,17.421457219251337
1361394030.08,17.83459595959596
1361394030.205,30.113636363636363
1361394030.14,33.369974874371856
1361394032.122,16.258445945945947
1361394030.265,39.8936170212766
1361394032.431,8.694903581267218
1361394032.431,16.35473901098901
1361394032.544,17.955801104972377
1361394032.734,97.42647058823529
1361394030.806,27.294303797468356
1361394029.076,160.56034482758622
1361394031.053,84.31603773584906
1361394029.237,17.24264705882353
1361394029.298,13.643292682926829
1361394031.212,17.62402088772846
1361394029.545,108.33333333333334
1361394031.337,20.39817232375979
1361394029.732,750.0
1361394029.855,18.891687657430733
1361394029.836,41.34615384615385
1361394029.835,32.90719696969697
1361394030.086,40.76086956521739
1361394030.145,18.465909090909093
1361394030.27,15.387055837563452
1361394033.214,248.4375
1361394032.34,59.64872262773722
1361394032.912,160.27462121212122
1361394032.975,241.27906976744188
1361394032.774,24.03846153846154
1361394032.959,21.121231155778894
1361394033.214,13.283268733850129
1361394033.149,235.05434782608694
1361394033.387,20.32520325203252
1361394033.449,28.014305177111716
1361394033.512,29.841549295774648
1361394033.512,29.09185082872928
1361394033.702,4.373177842565598
1361394033.638,1128.90625
1361394034.206,20.333333333333332
1361394034.205,17.52021563342318
1361394034.522,22.43150684931507
1361394034.521,307.7445652173913
1361394034.879,33.73579545454545
1361394034.879,15.327785326086955
1361394034.879,223.95833333333334
1361394035.068,114.58333333333333
1361394035.321,36.458333333333336
1361394035.448,32.59698275862069
1361394035.825,13.170811518324607
1361394035.888,6.8277310924369745
1361394036.182,235.05434782608694
1361394036.245,402.9605263157895
1361394032.53,15.757790368271955
1361394032.53,5.461165048543689
1361394032.592,20.796654929577464
1361394036.683,41.732594936708864
1361394036.746,272.1354166666667
1361394033.07,12.945250659630608
1361394033.07,19.4493006993007
1361394033.134,21.389563106796118
1361394033.196,199.21875
1361394033.576,300.0
1361394033.575,18.614477040816325
1361394033.637,524.1477272727273
1361394033.701,13.535863509749303
1361394033.89,500.0
1361394034.079,12.726814516129034
1361394034.268,30.988857938718663
1361394034.332,24.441340782122904
1361394034.396,43.67209141274238
1361394034.689,58.837890625
1361394034.753,18.887362637362635
1361394035.131,456.25
1361394035.384,148.8715277777778
1361394035.447,13.544617563739376
1361394035.695,600.8522727272727
1361394035.824,12.031653746770026
1361394035.995,4.411764705882353
1361394035.991,18.410515320334262
1361394036.311,307.2916666666667
1361394053.86,121.875
1361394061.83,250.0
1361394057.35,43.10344827586207
1361394062.206,348.2142857142857
1361394054.009,189.33823529411765
1361394058.168,192.30769230769232
1361394058.276,227.27272727272725
1361394054.111,156.25
1361394054.24,131.57894736842104
1361394056.156,292.6136363636364
1361394058.716,473.9583333333333
1361394058.779,171.875
1361394058.842,277.77777777777777
1361394054.552,131.57894736842104
1361394059.096,227.27272727272725
1361394059.285,156.25
1361394056.64,371.09375
1361394056.639,277.77777777777777
1361394059.518,229.91071428571428
1361394056.83,292.6136363636364
1361394059.453,268.2291666666667
1361394059.769,192.30769230769232
1361394060.087,357.6388888888889
1361394061.041,473.9583333333333
1361394061.424,2785.15625
1361394061.424,208.33333333333334
1361394057.261,250.0
1361394057.427,270.8333333333333
1361394061.907,357.6388888888889
1361394061.973,348.2142857142857
1361394055.315,357.6388888888889
1361394058.122,192.30769230769232
1361394054.152,131.57894736842104
1361394055.921,203.125
1361394056.17,290.625
1361394054.57,188.98809523809524
1361394056.297,1490.8854166666667
1361394059.049,203.125
1361394059.113,227.27272727272725
1361394059.365,242.1875
1361394059.556,229.91071428571428
1361394060.1,229.91071428571428
1361394060.353,166.66666666666666
1361394060.609,296.875
1361394061.181,221.5909090909091
1361394037.817,18.75
1361394039.079,68.95833333333333
1361394038.409,58.52754237288135
1361394038.534,32.608695652173914
1361394038.534,11.98849104859335
1361394038.786,25.862068965517242
1361394038.845,25.48076923076923
1361394038.804,46.33620689655173
1361394038.868,30.70175438596491
1361394037.2,90.37162162162163
1361394039.495,79.21511627906978
1361394037.509,27.83203125
1361394039.428,36.71875
1361394039.682,164.453125
1361394037.801,306.15234375
1361394040.351,17.277644230769234
1361394040.541,71.42857142857143
1361394038.237,105.60344827586208
1361394040.54,200.52083333333334
1361394038.299,74.15254237288136
1361394038.299,23.333333333333336
1361394040.706,15.410958904109588
1361394036.797,45.572916666666664
1361394038.65,45.550847457627114
1361394036.984,17.10304054054054
1361394038.903,150.0
1361394037.148,232.73026315789474
1361394039.32,109.375
1361394037.463,36.317567567567565
1361394037.588,11.868990384615383
1361394037.395,42.96875
1361394037.395,23.317307692307693
1361394039.696,18.880208333333332
1361394037.686,10.889021479713604
1361394041.706,302.0833333333333
1361394041.704,302.0833333333333
1361394044.653,750.0
1361394040.937,15.844555035128806
1361394041.188,132.35294117647058
1361394041.379,6.4841498559077815
1361394041.379,55.95501474926254
1361394041.315,15.163934426229508
1361394041.758,219.6691176470588
1361394041.949,13.754675810473815
1361394041.988,181.25
1361394042.116,141.44736842105263
1361394042.116,287.5
1361394042.115,325.0
1361394042.111,215.625
1361394042.111,362.5
1361394042.305,20.983311518324605
1361394042.304,28.53598014888337
1361394042.429,8.0
1361394042.556,167.96875
1361394042.806,19.784172661870503
1361394043.734,7.40606936416185
1361394040.826,183.36397058823528
1361394040.887,219.7265625
1361394041.012,49.853133159268936
1361394041.138,375.0
1361394041.323,12.266002415458939
1361394041.518,4.335260115606936
1361394041.771,4.3478260869565215
1361394041.771,15.897077114427862
1361394041.77,4.182449494949495
1361394041.897,2670.490506329114
1361394042.025,325.0
1361394042.024,362.5
1361394042.088,62.542574931880104
1361394042.024,287.5
1361394042.088,359.375
1361394042.024,201.38888888888889
1361394042.023,43.850806451612904
1361394042.087,325.0
1361394042.214,500.0
1361394042.255,239.58333333333334
1361394042.255,127.97619047619047
1361394042.189,106.61764705882352
1361394042.252,7.059228650137741
1361394042.315,750.0
1361394042.506,4.2251275510204085
1361394042.569,100.0
1361394042.568,95.17045454545455
1361394042.63,92.16638513513513
1361394042.63,153.64583333333334
1361394043.071,29.484463276836156
1361394043.389,176.01102941176472
1361394044.379,15.539850136239782
1361394062.502,625.0
1361394062.627,1218.75
1361394062.512,1818.6141304347827
1361394070.252,357.14285714285717
1361394063.851,544.8369565217391
1361394063.976,20664.0625
1361394064.419,312.5
1361394070.562,742.1875
1361394064.796,5587.053571428572
1361394065.156,208.33333333333334
1361394067.712,156.25
1361394067.839,78.62903225806451
1361394061.306,996.6376582278481
1361394068.729,138.88888888888889
1361394065.565,416.6666666666667
1361394065.815,193.75
1361394069.97,3598.9583333333335
1361394063.672,487.5
1361394067.054,264.2045454545455
1361394065.062,371.09375
1361394065.225,371.09375
1361394067.592,135.41666666666666
1361394044.864,79.20644391408115
1361394047.016,15.670687134502925
1361394044.118,1151.1871508379888
1361394046.088,259.69827586206895
1361394048.582,232.63888888888889
1361394048.77,237.92613636363635
1361394048.833,273.4375
1361394046.65,150.5681818181818
1361394046.714,21.44922879177378
1361394046.839,26.58450704225352
1361394046.966,26.91701680672269
1361394046.901,30.70175438596491
1361394047.092,45.11443661971831
1361394047.137,250.0
1361394047.263,18.844221105527637
1361394045.278,20.95934139784946
1361394047.387,115.38461538461539
1361394047.571,21.27659574468085
1361394047.823,244.59134615384613
1361394045.749,83.33333333333333
1361394047.989,220.3125
1361394045.812,21.510278514588858
1361394045.997,33.4689349112426
1361394045.483,693.1818181818182
1361394048.554,72.01086956521739
1361394048.617,27.46212121212121
1361394046.534,24.315068493150687
1361394046.534,35.08928571428571
1361394046.722,375.0
1361394046.972,59.151785714285715
1361394047.14,19.486350574712645
1361394047.199,11.582167832167832
1361394047.201,64.53804347826086
1361394047.2,150.5681818181818
1361394047.389,27.258831521739133
1361394047.324,330.88235294117646
1361394047.387,21.75
1361394045.339,33.56481481481482
1361394047.448,33.407928388746804
1361394047.572,66.25
1361394047.613,381.11413043478257
1361394047.738,17.159237726098194
1361394047.992,313.28125
1361394047.925,16.238547120418847
1361394046.004,23.28516713091922
1361394048.242,420.5163043478261
1361394046.064,18.997609289617486
1361394048.067,11.172279792746114
1361394048.385,278.47222222222223
1361394049.212,73.17927170868347
1361394049.911,50.0
1361394050.787,15.408587257617729
1361394049.225,75.48753196930946
1361394051.042,6.286443148688046
1361394052.634,58.423913043478265
1361394049.121,179.3478260869565
1361394049.12,279.8913043478261
1361394049.243,43.43354430379747
1361394049.374,15.151515151515152
1361394049.435,193.45238095238096
1361394050.236,343.75
1361394050.043,4.385964912280701
1361394050.235,57.8125
1361394050.298,19.71153846153846
1361394050.424,43.20080445544554
1361394050.671,19.6624677002584
1361394050.672,24.703212290502794
1361394050.862,74.65277777777777
1361394050.925,334.375
1361394051.18,66.7198905109489
1361394051.051,47.2972972972973
1361394051.48,17.814217032967033
1361394051.667,17.012893982808023
1361394051.798,32.92725988700565
1361394051.923,45.3125
1361394052.05,33.64116094986807
1361394052.431,58.423913043478265
1361394052.366,23.07162534435262
1361394052.593,15.414420485175201
1361394049.192,18.215880102040817
1361394049.191,67.578125
1361394049.445,39.8936170212766
1361394049.508,3.926701570680628
1361394049.444,1500.0
1361394049.633,115.38461538461539
1361394049.76,28.583333333333332
1361394049.862,18.12039312039312
1361394050.053,100.0
1361394050.114,76.78571428571429
1361394050.365,32.46866295264624
1361394050.553,187.5
1361394050.871,12.6953125
1361394050.869,7.364048338368581
1361394050.868,78.43828320802005
1361394050.868,19.50354609929078
1361394051.06,441.66666666666663
1361394050.977,7288.932291666667
1361394051.357,70.72368421052632
1361394051.292,23.005870165745854
1361394051.547,18.469656992084435
1361394051.671,14.698093220338984
1361394051.799,29.006201044386422
1361394051.989,16.85631793478261
1361394052.116,93.75
1361394052.369,257.03125
1361394052.369,58.423913043478265
1361394052.112,21.038732394366196
1361394052.302,24.095394736842103
1361394072.673,147.05882352941177
1361394076.641,178.57142857142858
1361394073.862,566.8103448275862
1361394074.468,138.88888888888889
1361394071.899,135.17441860465115
1361394070.488,363.28125
1361394075.287,247.39583333333334
1361394072.405,250.0
1361394067.283,7733.664772727272
1361394075.471,207.58928571428572
1361394059.346,10620.492788461539
1361394067.281,502.6830808080808
1361394067.516,954.2763157894736
1361394075.834,193.75
1361394059.641,5549.159787735849
1361394072.825,277.77777777777777
1361394072.952,227.27272727272725
1361394073.27,178.57142857142858
1361394076.079,166.66666666666666
1361394076.463,166.66666666666666
1361394076.527,108.69565217391305
1361394076.908,207.58928571428572
1361394062.993,42.7150974025974
1361394073.869,125.0
1361394074.058,84.44148936170212
1361394077.898,228.3653846153846
1361394074.121,187.5
1361394077.897,178.57142857142858
1361394074.5,131.57894736842104
1361394071.664,1783.0882352941178
1361394070.192,213.31521739130434
1361394071.788,192.30769230769232
1361394071.719,208.33333333333334
1361394071.976,214.58333333333331
1361394074.984,216.8560606060606
1361394067.167,148.51641414141415
1361394070.626,4350.0
1361394067.169,632.1022727272727
1361394067.169,272.2537878787879
1361394072.453,357.14285714285717
1361394067.398,474.22889610389615
1361394072.575,1174.107142857143
1361394072.703,402.34375
1361394075.906,208.33333333333334
1361394072.706,312.5
1361394073.214,192.30769230769232
1361394076.344,192.30769230769232
1361394076.535,213.54166666666666
1361394052.985,38.48805147058824
1361394052.171,1538.332359813084
1361394056.708,36.867447129909365
1361394054.331,34.106648199445985
1361394054.327,34.14676966292135
1361394054.393,33.32182320441989
1361394054.454,38.375
1361394054.516,66.40625
1361394052.851,290.0390625
1361394052.911,19.03257978723404
1361394052.91,422.9166666666667
1361394052.913,48.467120853080566
1361394052.977,18.610929319371728
1361394052.976,19.82421875
1361394053.039,154.32464454976304
1361394053.264,21.798365122615802
1361394053.199,47.05155367231639
1361394053.262,16.08455882352941
1361394053.261,21.997206703910617
1361394053.636,52.899096385542165
1361394055.359,53.75
1361394055.425,27.427755376344084
1361394055.425,11.217948717948717
1361394055.425,36.47284122562674
1361394053.761,17.822265625
1361394055.36,14.108827493261455
1361394053.695,15.50982800982801
1361394053.995,517.7556818181818
1361394053.866,21.621148459383754
1361394055.721,166.66666666666666
1361394055.908,13.380524861878454
1361394056.033,11.96901114206128
1361394056.348,54.8469387755102
1361394054.211,23.012907608695652
1361394054.27,21.952479338842974
1361394054.335,15.539617486338798
1361394054.524,15.447946175637394
1361394054.46,100.0
1361394053.146,25.24373259052925
1361394053.267,24.081829896907216
1361394053.394,57.112068965517246
1361394053.33,20.818661971830984
1361394055.056,15.977443609022556
1361394055.055,150.0
1361394055.054,18.696581196581196
1361394055.18,166.66666666666666
1361394055.243,132.8125
1361394053.642,37.375
1361394053.768,17.40828804347826
1361394053.809,18.934316353887397
1361394053.995,160.51136363636365
1361394055.906,17.269736842105264
1361394055.905,12.606070496083552
1361394055.969,36.947513812154696
1361394056.158,154.76190476190476
1361394057.157,60.465494791666664
1361394057.418,20.33279220779221
1361394057.734,115.38461538461539
1361394058.22,78.94736842105263
1361394058.22,19.50354609929078
1361394058.661,17.76139410187668
1361394058.724,4.3478260869565215
1361394058.783,4.477611940298508
1361394058.847,103.515625
1361394058.977,15.91823056300268
1361394059.04,6.538722826086957
1361394059.167,4.398826979472141
1361394059.231,19.210339943342774
1361394059.588,19.258720930232556
1361394059.396,4.424778761061947
1361394059.777,4.424778761061947
1361394059.585,46.618852459016395
1361394059.84,12.19291907514451
1361394060.151,17.439801699716714
1361394060.597,87.17105263157895
1361394060.467,18.682065217391305
1361394057.181,44.87179487179487
1361394057.307,33.0188679245283
1361394057.433,55.40166204986149
1361394057.559,11.90686968838527
1361394058.545,136.36363636363635
1361394058.671,5776.1921965317915
1361394058.798,1657.9166666666667
1361394058.733,4.203680203045685
1361394058.924,36.02195945945946
1361394058.796,35.775273224043715
1361394058.924,19.50354609929078
1361394059.211,13.671875
1361394059.592,2140.625
1361394059.655,22.10914985590778
1361394059.718,125.0
1361394059.717,25.472689075630253
1361394059.781,119.07327586206897
1361394060.035,166.66666666666666
1361394059.904,33.26330532212885
1361394060.352,16.024502840909093
1361394060.474,44.20731707317073
1361394060.157,187.5
1361394060.284,15.667115902964959
1361394077.998,46.875
1361394077.997,131.57894736842104
1361394084.522,2812.5
1361394080.936,119.04761904761904
1361394084.579,203.125
1361394081.059,119.04761904761904
1361394081.189,1306.818181818182
1361394082.629,166.66666666666666
1361394082.693,227.27272727272725
1361394082.693,227.27272727272725
1361394083.302,329.8611111111111
1361394083.428,174.10714285714286
1361394083.49,147.05882352941177
1361394080.477,156.25
1361394075.676,1969.7041984732823
1361394075.674,10127.627212389381
1361394075.802,1945.0273722627737
1361394075.738,1195.9134615384614
1361394075.737,557.0133587786258
1361394080.92,203.125
1361394080.836,277.77777777777777
1361394081.214,71.69117647058823
1361394084.352,147.05882352941177
1361394084.605,178.57142857142858
1361394085.306,181.640625
1361394085.177,270.8333333333333
1361394081.714,78.125
1361394079.094,125.0
1361394085.721,178.57142857142858
1361394082.58,221.5909090909091
1361394082.896,348.2142857142857
1361394079.951,135.41666666666666
1361394082.958,363.28125
1361394078.477,227.27272727272725
1361394083.439,132.21153846153845
1361394075.628,1249.7614503816794
1361394083.943,243.75
1361394083.943,277.77777777777777
1361394075.938,574.8137417218543
1361394085.064,312.5
1361394085.256,312.5
1361394062.307,10.341726618705035
1361394060.741,821.546052631579
1361394084.494,41.46634615384615
1361394060.899,28.614904988123516
1361394061.024,13.908959537572255
1361394061.022,7.01530612244898
1361394061.21,29.907517899761338
1361394061.209,552.0833333333334
1361394062.611,8.915960451977401
1361394062.673,33.92094017094017
1361394061.561,21.34365994236311
1361394061.685,11.538461538461538
1361394062.964,24.938925081433226
1361394062.963,17.406798245614034
1361394063.024,10500.0
1361394063.321,4.411764705882353
1361394062.104,22.901348039215684
1361394063.508,19.53125
1361394063.571,21.884137426900587
1361394063.571,6.428571428571429
1361394064.392,802.734375
1361394062.184,46.33620689655173
1361394060.899,329.1015625
1361394062.365,500.0
1361394061.317,11.371776504297994
1361394062.595,44.16725852272727
1361394062.659,17.82800261096606
1361394061.505,18.000730994152047
1361394062.845,19.784172661870503
1361394061.692,8.620689655172413
1361394061.978,23.048020527859236
1361394063.063,4.373177842565598
1361394063.695,7.119082840236686
1361394063.756,6.8359375
1361394063.82,750.0
1361394064.138,4.814680232558139
1361394065.655,265.625
1361394066.089,68.10757839721255
1361394065.401,69.09812176165802
1361394064.802,19.615255376344084
1361394064.865,17.722602739726028
1361394064.99,20.52951388888889
1361394065.053,18.79340277777778
1361394065.492,16.624040920716116
1361394065.619,42.65873015873016
1361394065.852,21.008403361344538
1361394065.915,31.79824561403509
1361394065.916,17.330955334987593
1361394066.042,750.0
1361394066.545,37.13527851458886
1361394066.545,127.40384615384615
1361394066.861,19.736842105263158
1361394066.86,4442.533557046981
1361394066.924,2857.2014435695537
1361394066.859,1030.1513671875
1361394066.859,5438.179347826087
1361394066.859,4786.689082278481
1361394066.854,24.398395721925134
1361394066.858,2642.1875
1361394066.858,648.0545343137255
1361394067.09,16.583333333333332
1361394067.153,24.720149253731343
1361394067.216,76.08695652173914
1361394067.28,26.0989010989011
1361394067.911,6.0227272727272725
1361394068.037,93.75
1361394068.291,12.992527173913045
1361394068.265,18.422865013774103
1361394068.518,294.11764705882354
1361394064.8,25.837988826815643
1361394065.115,6.656804733727811
1361394065.368,47.99107142857143
1361394065.343,58.7531887755102
1361394065.724,28.06122448979592
1361394065.723,136.36363636363635
1361394065.786,21.018835616438356
1361394066.227,18.470149253731343
1361394066.48,6.797316384180791
1361394066.416,41.94297082228117
1361394066.711,2887.451171875
1361394066.711,1299.7332317073171
1361394066.774,252.71739130434784
1361394066.774,688.5044642857143
1361394066.774,191.22023809523807
1361394066.959,267.85714285714283
1361394067.022,27.50340599455041
1361394067.147,10.511363636363637
1361394067.658,6.266276041666667
1361394067.399,23.588320463320464
1361394068.145,26.957417582417584
1361394067.626,23.121630727762803
1361394067.693,54.028614457831324
1361394089.73,208.33333333333334
1361394086.98,166.66666666666666
1361394087.043,132.10227272727275
1361394089.987,192.1875
1361394087.105,233.4558823529412
1361394087.168,159.7222222222222
1361394087.294,205.35714285714286
1361394087.294,205.35714285714286
1361394087.294,205.35714285714286
1361394087.293,156.25
1361394090.429,229.91071428571428
1361394090.492,118.30357142857143
1361394087.481,138.88888888888889
1361394085.88,165.36458333333334
1361394085.944,138.88888888888889
1361394090.934,2807.5520833333335
1361394091.038,58.035714285714285
1361394091.163,202.30263157894737
1361394087.771,126.35869565217392
1361394086.17,138.88888888888889
1361394087.834,119.04761904761904
1361394086.232,147.05882352941177
1361394087.896,126.35869565217392
1361394087.958,1112.4487704918033
1361394086.42,193.75
1361394091.598,57.926829268292686
1361394078.672,483.9962121212121
1361394091.854,92.59259259259258
1361394088.334,138.88888888888889
1361394088.397,229.91071428571428
1361394088.397,178.57142857142858
1361394088.588,145.3125
1361394088.949,135.41666666666666
1361394092.337,123.79807692307693
1361394092.72,111.77884615384616
1361394089.451,132.10227272727275
1361394089.515,166.66666666666666
1361394077.481,26735.631281407033
1361394089.895,71.69117647058823
1361394087.14,166.66666666666666
1361394087.204,205.35714285714286
1361394087.184,205.35714285714286
1361394087.244,166.66666666666666
1361394087.302,85.9375
1361394090.885,202.30263157894737
1361394087.555,116.07142857142857
1361394080.063,427.5746855345912
1361394091.198,119.04761904761904
1361394091.262,104.16666666666667
1361394086.331,174.10714285714286
1361394087.931,81.8452380952381
1361394087.867,138.88888888888889
1361394086.491,156.25
1361394087.958,125.0
1361394086.678,201.171875
1361394088.277,143.38235294117646
1361394088.404,174.10714285714286
1361394088.531,156.25
1361394088.786,349.7983870967742
1361394088.785,588.2056451612904
1361394089.04,131.57894736842104
1361394092.045,83.33333333333333
1361394092.236,104.16666666666667
1361394092.618,104.16666666666667
1361394084.617,98.15140845070422
1361394069.694,314.2361111111111
1361392928.035,4728.749452084818
1361394070.271,21.883289124668437
1361394069.108,19.50354609929078
1361394069.107,28.90220207253886
1361394069.295,36.27232142857143
1361394069.354,12.818364611260053
1361394070.762,14.632936507936508
1361394071.176,31.84442934782609
1361394071.237,18.78369272237197
1361394069.807,15.90616966580977
1361394071.274,17.875339673913043
1361394071.534,9.868421052631579
1361394071.341,6.8181818181818175
1361394069.865,21.26160477453581
1361394071.72,30.259986225895315
1361394070.114,10.950134770889488
1361394071.713,27.251184834123222
1361394071.965,18.307220708446867
1361394072.2,21.431010928961747
1361394072.07,250.0
1361394072.254,13.903601694915254
1361394072.321,16.905014124293785
1361394070.737,16.65805785123967
1361394069.392,7.962740384615384
1361394070.799,10.135135135135135
1361394070.863,19.1308864265928
1361394069.561,76.82291666666667
1361394069.747,138.02083333333334
1361394069.742,11.099938118811881
1361394071.276,10.856607629427794
1361394071.313,6.778169014084507
1361394071.504,12.67688679245283
1361394071.503,750.0
1361394071.625,9.74025974025974
1361394071.816,6.759129213483146
1361394071.943,4.3478260869565215
1361394072.196,19.50354609929078
1361394072.485,22.67699115044248
1361394073.473,136.58405172413794
1361394072.973,17.20412234042553
1361394072.972,23.327464788732396
1361394073.099,6.8440082644628095
1361394073.035,23.287259615384617
1361394073.162,47.16358839050132
1361394073.605,8.305921052631579
1361394074.111,16.232189119170982
1361394073.983,299.5923913043478
1361394074.523,15.361657303370785
1361394075.155,8458.955223880597
1361394075.324,9.51867816091954
1361394075.768,80.43981481481481
1361394076.022,18.821022727272727
1361394075.891,2144.965277777778
1361394075.891,2158.8541666666665
1361394075.95,1796.484375
1361394076.332,21.82262569832402
1361394076.65,552.0833333333334
1361394073.227,87.17105263157895
1361394073.353,100.0
1361394073.668,34.198113207547166
1361394074.724,150.0
1361394074.976,25.987694300518132
1361394074.946,21.23397435897436
1361394074.95,1375.498670212766
1361394075.014,9856.770833333334
1361394075.078,564.1447368421053
1361394075.076,70.73767006802721
1361394075.329,4375.104515050168
1361394075.77,274.03846153846155
1361394076.21,98.41008771929823
1361394076.278,1400.0
1361394076.341,4.411764705882353
1361394076.404,17.753322259136212
1361394075.827,314.5833333333333
1361394076.378,22.178819444444446
1361394097.462,90.46052631578948
1361394097.53,331.25
1361394097.781,486.24067164179104
1361394097.969,72.65625
1361394098.094,390.625
1361394095.532,233.4558823529412
1361394095.594,107.421875
1361394094.184,183.03571428571428
1361394098.703,152.96052631578945
1361394087.63,252.47797356828195
1361394087.63,612.3744419642857
1361394087.694,628.125
1361394078.283,1845.8445040214476
1361394078.283,362.139745308311
1361394094.601,1166.0487288135594
1361394099.145,147.05882352941177
1361394091.399,272.43822674418607
1361394099.459,321.875
1361394099.878,192.1875
1361394100.07,223.55769230769232
1361394100.324,166.66666666666666
1361394100.388,160.71428571428572
1361394101.023,69.01041666666667
1361394095.001,147.05882352941177
1361394095.035,193.75
1361394095.03,147.05882352941177
1361394093.688,104.16666666666667
1361394097.973,390.625
1361394098.1,55.55555555555555
1361394098.29,59.52380952380952
1361394094.064,171.875
1361394098.41,104.71491228070177
1361394094.19,131.57894736842104
1361394087.595,505.3308823529412
1361394087.53,562.0431286549707
1361394087.594,738.4191176470588
1361394087.573,8679.87132352941
1361394087.573,370.68014705882354
1361394095.699,131.57894736842104
1361394087.633,253.67647058823528
1361394094.606,121.875
1361394096.075,104.16666666666667
1361394096.516,125.0
1361394099.842,156.25
1361394096.878,132.10227272727275
1361394100.077,185.546875
1361394100.331,166.66666666666666
1361394097.195,296.875
1361394100.458,132.10227272727275
1361394100.904,311.1979166666667
1361394093.093,97.53787878787878
1361394080.725,15.428459119496855
1361394080.83,24.67873831775701
1361394080.217,6.901840490797546
1361393204.694,3183.405325970787
1361394078.276,73.47534602076125
1361394076.926,4.373177842565598
1361394077.112,19.642857142857142
1361394077.112,1366.4772727272727
1361394077.297,17.32016509433962
1361394077.296,22.578324808184146
1361394077.523,17.80913978494624
1361394077.585,21.337365591397848
1361394077.52,308.0357142857143
1361394077.647,1656.25
1361394079.369,19.95056497175141
1361394079.555,7.662259615384615
1361394077.955,53.7890625
1361394079.806,22.020725388601036
1361394078.077,414.0625
1361394079.804,12.02245308310992
1361394080.354,855.9027777777778
1361394080.542,1500.0
1361394076.823,14.34775204359673
1361394076.821,63.931940700808624
1361394078.467,45.65217391304348
1361394077.052,4.310344827586206
1361394077.114,65.9595498783455
1361394077.176,237.5
1361394078.706,54.17798913043478
1361394077.3,45.10114734299517
1361394078.836,20.22058823529412
1361394077.397,428.57142857142856
1361394079.121,16.346153846153847
1361394077.52,6.696428571428571
1361394077.581,31.718749999999996
1361394077.516,9236.111111111111
1361394077.643,28.055939226519335
1361394079.493,22.135416666666668
1361394079.594,18.24935400516796
1361394077.927,4.424778761061947
1361394079.845,4.385964912280701
1361394080.036,33.42927631578947
1361394080.351,200.89285714285714
1361394080.907,1719.5366132723111
1361394082.226,7.284628378378379
1361394084.312,62.27992957746479
1361394080.916,22.361526946107787
1361394082.367,231.92401960784315
1361394083.306,32.407407407407405
1361394083.814,80.41057180851064
1361394080.996,1611.150568181818
1361394081.248,27.635542168674696
1361394081.499,4.745702005730659
1361394081.499,4.398826979472141
1361394081.688,56.66371158392435
1361394081.983,18.27330508474576
1361394082.172,4.322766570605188
1361394082.423,27.11925287356322
1361394082.55,4.3478260869565215
1361394082.74,61.342592592592595
1361394082.804,4.424778761061947
1361394082.804,52.82360406091371
1361394082.866,19.88998724489796
1361394082.929,67.1875
1361394082.929,4.3478260869565215
1361394083.413,13.702552356020941
1361394083.41,4.3604651162790695
1361394083.918,49.76851851851852
1361394083.725,20.284383033419026
1361394083.789,36.93181818181819
1361394083.789,4.385964912280701
1361394083.915,4.322766570605188
1361394083.978,4.411764705882353
1361394084.169,11.534685863874344
1361394084.169,17.045454545454543
1361394084.334,712.171052631579
1361394080.747,8.568548387096774
1361394080.997,71.80477528089888
1361394080.997,55.55555555555555
1361394081.124,62.5
1361394081.311,17.543158567774935
1361394081.437,18.061571782178216
1361394081.549,4.3478260869565215
1361394081.612,1125.0
1361394081.863,15.933968926553673
1361394082.179,4.424778761061947
1361394082.368,14.892578125
1361394082.654,11.811023622047244
1361394082.909,52.529761904761905
1361394082.908,363.71527777777777
1361394082.971,377.40384615384613
1361394083.414,4.451038575667656
1361394083.541,25.051652892561982
1361394083.667,21.73913043478261
1361394083.538,4.3478260869565215
1361394083.727,17.107046070460704
1361394083.983,4.310344827586206
1361394083.706,201.08695652173913
1361394084.274,4.411764705882353
1361394105.407,64.1025641025641
1361394105.471,64.1025641025641
1361394101.439,108.69565217391305
1361394105.66,58.13953488372093
1361394097.784,165.27777777777777
1361394103.159,131.57894736842104
1361394101.751,179.82954545454547
1361394106.037,55.39772727272727
1361394098.098,106.95876288659794
1361394106.289,69.44444444444444
1361394098.645,361.44770408163265
1361394103.636,62.5
1361394106.772,84.05172413793103
1361394078.289,9385.48065110565
1361394091.403,143.84191176470588
1361394104.198,119.04761904761904
1361394102.663,83.33333333333333
1361394104.391,134.11458333333334
1361394107.845,113.63636363636363
1361394107.844,1029.6052631578948
1361394108.035,119.04761904761904
1361394104.945,96.875
1361394105.007,80.64516129032258
1361394088.939,3322.666266025641
1361394105.44,67.56756756756756
1361394101.597,108.69565217391305
1361394101.658,149.27884615384616
1361394101.832,113.63636363636363
1361394103.367,158.75
1361394106.31,78.62903225806451
1361394101.957,119.04761904761904
1361394106.563,59.895833333333336
1361394106.494,83.33333333333333
1361394090.753,280.92277486910996
1361394106.689,89.28571428571429
1361394102.333,108.69565217391305
1361394107.005,111.77884615384616
1361394094.493,550.9969325153374
1361394103.965,496.63765822784814
1361394104.088,121.875
1361394107.479,100.0
1361394104.526,104.16666666666667
1361394104.53,108.69565217391305
1361394105.138,69.44444444444444
1361394085.44,3.667481662591687
1361394086.694,175.04528985507244
1361394088.763,14.508928571428571
1361394084.727,29.881042296072508
1361394084.788,19.642857142857142
1361394084.787,17.295881502890172
1361394084.786,15.323691460055096
1361394084.782,14.375
1361394084.973,4.285714285714286
1361394086.573,13.809974747474747
1361394085.035,15.292553191489361
1361394086.679,25.798525798525798
1361394085.141,13.533128415300546
1361394085.203,16.716022443890274
1361394086.739,150.0
1361394086.863,24.664900249376558
1361394086.862,750.0
1361394085.326,10.972612359550563
1361394086.987,161.68478260869566
1361394087.046,104.16666666666667
1361394085.572,26.00250626566416
1361394087.404,83.11631944444444
1361394087.592,1500.0
1361394087.528,19.7493654822335
1361394087.592,35.59264305177111
1361394087.845,46.682098765432094
1361394088.066,4.310344827586206
1361394088.005,13.262599469496022
1361394088.447,214.28571428571428
1361394086.199,41.40828981723237
1361394084.662,10.839617169373549
1361394086.324,117.6470588235294
1361394084.766,25.308098591549296
1361394084.887,190.21739130434784
1361394086.551,19.452335858585858
1361394084.949,17.42473821989529
1361394086.612,53.75
1361394085.134,32.430013020833336
1361394085.198,77.11693548387098
1361394086.86,3250.7440476190473
1361394086.796,2963.315217391304
1361394086.898,29.835972850678736
1361394085.301,19.230769230769234
1361394085.299,11.041666666666666
1361394087.024,261.0294117647059
1361394087.087,4.273504273504274
1361394087.087,16.484375
1361394087.087,18.75
1361394085.676,28.234649122807017
1361394087.334,19.10601265822785
1361394088.5,33.288043478260875
1361394088.5,14.850206611570249
1361394088.434,14.395621827411167
1361394088.623,300.78125
1361394088.749,4.3604651162790695
1361394089.128,16.277855153203344
1361394090.419,18.033854166666664
1361394089.708,15.789041994750656
1361394089.897,4.143646408839778
1361394090.316,117.1875
1361394090.821,185.31162464985997
1361394090.821,5312.5
1361394090.884,19.50354609929078
1361394090.883,13.915394402035624
1361394091.199,19.50354609929078
1361394091.435,189.65517241379308
1361394091.75,96.82765151515152
1361394091.618,150.5681818181818
1361394091.813,126.953125
1361394091.811,10.823787061994608
1361394092.001,4.858993902439025
1361394092.318,19.70108695652174
1361394089.019,50.86436170212766
1361394089.711,218.75
1361394089.816,725.0
1361394090.508,31.25
1361394090.754,17.31312814070352
1361394091.12,253.4722222222222
1361394091.119,226.85185185185185
1361394113.726,64.95098039215686
1361394102.972,8.680555555555555
1361394097.721,2086.1500850340135
1361394111.223,129.375
1361394113.91,66.08606557377048
1361394114.1,56.14406779661017
1361394111.473,74.85465116279069
1361394114.644,49.8046875
1361394110.547,91.51785714285714
1361394103.89,27.321428571428573
1361394112.139,67.56756756756756
1361394112.392,39.959016393442624
1361394112.517,138.02083333333334
1361394113.071,66.25
1361394113.385,95.625
1361394113.192,80.625
1361394113.191,64.95098039215686
1361394109.597,53.191489361702125
1361394097.628,3374.5404411764707
1361394097.628,268.9698012232416
1361394093.638,4.858993902439025
1361394113.987,66.27155172413792
1361394111.676,64.1025641025641
1361394111.864,65.78947368421052
1361394110.71,60.97560975609756
1361394102.39,47.69306282722513
1361394102.362,47.69306282722513
1361394113.29,79.26829268292683
1361394108.666,70.8841463414634
1361394108.726,65.78947368421052
1361394108.725,56.81818181818181
1361394108.852,60.97560975609756
1361394095.485,5.681818181818182
1361394096.63,1231.63082437276
1361394093.168,2285.310324825986
1361394094.464,7.348391089108911
1361392967.433,5010.454861111111
1361394092.969,6.048387096774193
1361394094.564,6.311576354679803
1361394094.624,55.989583333333336
1361394094.812,12.212171052631579
1361394093.403,16.42141990291262
1361394094.912,82.4353448275862
1361394093.439,17.395320197044335
1361394093.625,6.181318681318681
1361394095.222,19.875629722921914
1361394094.126,57.10565476190476
1361394095.637,7.8671328671328675
1361394095.829,2250.0
1361394095.763,508.9285714285714
1361394096.019,353.90625
1361394096.335,111.60714285714286
1361394096.397,698.6607142857143
1361394096.397,4.2979942693409745
1361394092.847,82.25
1361394094.317,4.322766570605188
1361394092.908,1834.195143884892
1361394093.032,26.722614840989397
1361394093.094,18.311138014527845
1361394093.093,11.299224343675418
1361394094.564,24.11938902743142
1361394093.219,17.055722891566266
1361394094.69,28.534319899244334
1361394094.92,16.129032258064516
1361394094.014,13.786764705882353
1361394095.33,137.4198717948718
1361394094.11,6.189613526570048
1361394095.39,6.994912790697675
1361394095.898,528.5395408163265
1361394095.898,750.0
1361394096.277,65.35326086956522
1361394096.398,75.2840909090909
1361394096.593,131.54069767441862
1361394097.607,135.37750626566415
1361394098.239,27.17391304347826
1361394099.817,171.18566176470588
1361394100.696,96.97974860335195
1361394099.637,174.3222891566265
1361394100.644,96.97974860335195
1361394100.858,117.6470588235294
1361394096.89,156.65064102564102
1361394096.888,19.242610837438423
1361394096.888,8.450255102040817
1361394097.141,10.195623342175066
1361394097.14,21.063535911602212
1361394097.14,17.7734375
1361394097.202,55.28846153846153
1361394097.392,37.234042553191486
1361394097.391,6.25
1361394097.454,39.0625
1361394097.582,4.0
1361394097.454,31.25
1361394097.643,65.07240853658537
1361394097.707,4.5230263157894735
1361394097.897,31.25
1361394097.833,20.27027027027027
1361394097.897,133.33333333333334
1361394097.833,28.30188679245283
1361394097.833,20.66115702479339
1361394097.897,98.6842105263158
1361394097.896,75.0
1361394097.996,36.27232142857143
1361394098.306,34.85576923076923
1361394098.94,1381.9444444444443
1361394099.361,358.45588235294116
1361394100.311,200.52083333333334
1361394100.543,117.1875
1361394100.286,69.01041666666667
1361394100.476,17.889492753623188
1361394097.077,55.989583333333336
1361394097.203,39.0625
1361394097.331,13.636363636363635
1361394097.393,750.0
1361394097.71,7.165605095541402
1361394097.747,39.8936170212766
1361394097.811,5.033557046979865
1361394097.87,39.8936170212766
1361394098.186,12.966295811518323
1361394098.989,15.469139650872817
1361394098.987,16.0546875
1361394099.365,28.530844155844157
1361394099.556,19.797585227272727
1361394099.556,286.80313588850174
1361394099.996,500.0
1361394125.407,108.69565217391305
1361394121.686,115.8685064935065
1361394117.91,80.078125
1361394119.313,73.1534090909091
1361394118.158,53.191489361702125
1361394118.158,105.71808510638297
1361394122.422,43.96186440677966
1361394118.388,65.05102040816327
1361394122.673,141.96428571428572
1361394118.577,47.16981132075472
1361394122.799,84.70394736842105
1361394122.799,84.55882352941177
1361394118.765,56.81818181818181
1361394115.307,38.403614457831324
1361394115.37,46.00694444444445
1361394120.618,97.53787878787878
1361394123.241,208.23317307692307
1361394115.752,53.125
1361394123.408,51.630434782608695
1361394115.919,50.96153846153846
1361394121.037,92.59259259259258
1361394123.596,67.70833333333333
1361394116.363,54.303278688524586
1361394123.722,73.52941176470588
1361394121.288,49.479166666666664
1361394116.551,56.14406779661017
1361394124.293,110.99137931034484
1361394124.356,86.20689655172414
1361394125.248,119.04761904761904
1361394118.955,54.34782608695652
1361394121.64,146.99074074074073
1361394119.016,81.78191489361703
1361394117.797,27.698863636363637
1361394121.828,115.55232558139535
1361394121.892,96.15384615384616
1361394119.266,59.52380952380952
1361394119.266,56.6860465116279
1361394117.922,835.5152027027027
1361394119.453,96.09375
1361394122.14,147.83653846153845
1361394122.204,1045.8156779661017
1361394122.267,86.20689655172414
1361394114.585,48.713235294117645
1361394118.295,67.60204081632654
1361394122.563,141.96428571428572
1361394120.186,200.0
1361394120.437,75.75757575757576
1361394120.628,107.29166666666666
1361394115.508,54.910714285714285
1361394120.816,86.20689655172414
1361394115.866,51.7578125
1361394123.544,67.56756756756756
1361394123.608,67.56756756756756
1361394116.247,54.303278688524586
1361394116.311,34.9264705882353
1361394116.438,55.20833333333333
1361394116.565,58.1140350877193
1361394116.373,54.303278688524586
1361394116.82,71.18055555555556
1361394123.796,98.5576923076923
1361394124.497,1659.564393939394
1361394103.98,33.21917808219178
1361394100.991,51.90882731958763
1361394124.634,100.0
1361394102.36,853.125
1361394102.544,16.522519582245433
1361394102.543,750.0
1361394102.73,53.385416666666664
1361394101.383,14.44190600522193
1361394101.383,16.06797680412371
1361394101.383,76.5625
1361394102.954,11.395676691729324
1361394103.205,1812.5
1361394103.269,75.0
1361394101.795,13.410115979381443
1361394102.019,9.963768115942027
1361394103.554,1500.0
1361394102.142,15.151515151515152
1361394103.739,158.65384615384613
1361394103.863,269.1761363636364
1361394103.99,207.03125
1361394104.053,42.837078651685395
1361394100.82,19.689078282828284
1361394102.351,30.81815326633166
1361394101.127,18.15773067331671
1361394101.664,12.675382653061224
1361394101.89,62.5
1361394103.486,19.489247311827956
1361394103.489,11.844023323615161
1361394102.014,9.983766233766234
1361394103.803,8.645533141210375
1361394103.926,2906.25
1361394104.607,22.418478260869563
1361394106.996,84.18062200956939
1361394105.432,100.63920454545453
1361394106.193,228.62215909090907
1361394108.839,37.852112676056336
1361394104.87,72.22222222222221
1361394104.995,24.50192802056555
1361394105.122,105.26315789473684
1361394105.374,7.172131147540984
1361394105.688,169.70486111111111
1361394105.751,47.87234042553192
1361394106.052,45.875
1361394106.051,11.131266490765173
1361394106.178,178.3405172413793
1361394106.492,17.033811475409834
1361394106.555,57.69230769230769
1361394106.683,6.428571428571429
1361394107.123,171.19565217391306
1361394107.482,38.793103448275865
1361394107.544,10.287534435261708
1361394107.733,75.0
1361394107.923,172.4537037037037
1361394108.049,20.112597911227155
1361394108.172,183.36397058823528
1361394108.235,3093.75
1361394105.862,250.0
1361394105.865,47.32142857142857
1361394105.929,46.875
1361394106.811,6.41025641025641
1361394107.0,6.130642361111111
1361394107.063,13.31967213114754
1361394107.127,259.9431818181818
1361394107.296,243.30357142857142
1361394107.864,29.343501326259947
1361394107.926,75.52083333333333
1361394108.115,92.92763157894737
1361394108.368,88.23529411764706
1361394108.599,32.47549019607843
1361394129.676,2734.375
1361394129.803,162.5
1361394127.114,107.29166666666666
1361394125.769,96.15384615384616
1361394130.056,152.34375
1361394127.367,167.29525862068968
1361394130.498,208.33333333333334
1361394127.66,114.95535714285714
1361394127.654,86.20689655172414
1361394126.563,183.03571428571428
1361394126.561,113.9823717948718
1361394131.168,178.57142857142858
1361394128.095,58.92857142857143
1361394131.356,128.75
1361394128.22,125.0
1361394131.714,209.82142857142858
1361394131.777,133.52272727272725
1361394128.897,68.48404255319149
1361394131.777,65.0
1361394131.777,65.3409090909091
1361394131.712,88.28125
1361394131.84,133.52272727272725
1361394131.84,49.00568181818181
1361394131.712,136.45833333333331
1361394067.453,2382.573494263862
1361394129.503,125.0
1361394126.941,132.29166666666666
1361394127.316,78.125
1361394125.907,166.66666666666666
1361394111.505,8.455300632911392
1361394126.095,166.66666666666666
1361394126.221,156.25
1361394130.507,189.33823529411765
1361394130.606,152.34375
1361394126.384,48.46938775510204
1361394127.915,104.16666666666667
1361394131.05,162.5
1361394131.362,108.69565217391305
1361394128.612,63.17934782608696
1361394131.62,76.76630434782608
1361394131.62,1625.0
1361394128.739,192.30769230769232
1361394131.683,87.05357142857143
1361394131.747,67.3828125
1361394131.655,74.35344827586208
1361394131.654,71.69117647058823
1361394131.718,76.3888888888889
1361394109.888,12.976694915254237
1361394109.823,1535.7142857142858
1361394111.72,16.75257731958763
1361394111.505,6.73828125
1361394108.961,94.38775510204081
1361394109.087,4.601226993865031
1361394110.429,40.857919254658384
1361394110.615,129.3402777777778
1361394110.676,107.14285714285714
1361394110.844,7.538377192982456
1361394109.563,148.2558139534884
1361394111.029,17.356530343007915
1361394111.281,17.429461942257216
1361394111.51,99.23986486486487
1361394111.698,96.25
1361394111.883,185.32986111111111
1361394112.203,214.48863636363635
1361394112.554,91.60539215686273
1361394112.749,27.151639344262293
1361394110.252,4.246794871794871
1361394108.842,10.527482269503546
1361394108.902,12.556524547803617
1361394110.313,29.173951048951047
1361394108.968,266.74107142857144
1361394109.216,58.075221238938056
1361394110.748,5.094043887147335
1361394110.725,38.13559322033898
1361394109.379,81.25
1361394110.787,348.09027777777777
1361394109.503,17.787206266318538
1361394110.974,41.94078947368421
1361394109.63,144.34523809523807
1361394109.693,36.67279411764706
1361394110.042,117.82094594594594
1361394111.32,76.60060975609755
1361394111.571,332.2368421052632
1361394111.824,181.85763888888889
1361394111.949,166.66666666666666
1361394112.134,190.10416666666666
1361394112.201,57.180851063829785
1361394112.201,37.94642857142857
1361394112.308,38.56382978723404
1361394112.366,79.32692307692307
1361394112.433,112.5
1361394113.109,9.109311740890687
1361394113.745,10.56338028169014
1361394114.89,112.52248201438849
1361394113.634,5.085495283018868
1361394115.584,97.52604166666666
1361394113.104,142.07175925925927
1361394113.292,161.7943548387097
1361394113.544,31.25
1361394113.607,335.9375
1361394113.796,40.76086956521739
1361394113.858,27.05223880597015
1361394113.984,124.55357142857143
1361394114.022,97.48134328358209
1361394114.34,91.88432835820895
1361394114.403,34.090909090909086
1361394114.973,76.58450704225352
1361394114.972,83.19256756756756
1361394114.97,51.856884057971016
1361394115.161,14.533977556109726
1361394115.159,76.49253731343283
1361394115.35,30.64903846153846
1361394115.459,39.52205882352941
1361394115.84,142.04545454545456
1361394115.774,105.02049180327869
1361394115.963,34.40089779005525
1361394116.442,208.52272727272728
1361394112.917,1718.75
1361394112.917,19.458462732919255
1361394112.98,13.667343387470998
1361394113.043,6.912442396313365
1361394113.294,30.612244897959183
1361394113.357,75.927734375
1361394113.419,259.30851063829783
1361394113.481,86.90068493150685
1361394113.904,23.333333333333336
1361394113.903,1838.7070105820108
1361394113.903,74.462890625
1361394113.966,61.342592592592595
1361394113.966,79.48369565217392
1361394114.091,64.35032894736842
1361394114.09,33.59375
1361394115.014,122.01286764705883
1361394115.395,35.23936170212766
1361394112.766,61.440677966101696
1361394115.836,121.875
1361394115.644,38.56382978723404
1361394115.899,36.76470588235294
1361394116.022,121.37276785714286
1361394115.999,36.25
1361394116.382,54.8469387755102
1361394115.998,37.5
1361394116.44,63.63636363636363
1361394133.515,25.87890625
1361394135.051,56.81818181818181
1361394137.865,357.14285714285717
1361394135.238,60.97560975609756
1361394133.955,56.778169014084504
1361394135.489,74.51923076923077
1361394135.489,67.56756756756756
1361394138.304,42.025862068965516
1361394138.62,674.2424242424242
1361394135.72,71.42857142857143
1361394135.719,62.5
1361394138.917,56.81818181818181
1361394136.035,80.64516129032258
1361394139.104,77.47395833333333
1361394120.346,71.54255319148936
1361394131.671,945.2183734939758
1361394139.799,89.58333333333333
1361394139.778,55.55555555555555
1361394131.777,117.52717391304347
1361394137.089,113.63636363636363
1361394140.347,101.15131578947368
1361394140.347,65.78947368421052
1361394132.537,53.42741935483871
1361394132.662,53.42741935483871
1361394137.393,790.7366071428571
1361394134.958,55.39772727272727
1361394133.55,43.58552631578947
1361394137.878,416.6666666666667
1361394133.717,55.989583333333336
1361394135.188,70.47872340425532
1361394135.31,67.56756756756756
1361394138.319,93.75
1361394138.319,64.1025641025641
1361394138.381,150.36231884057972
1361394133.965,71.02272727272728
1361394138.634,74.51923076923077
1361394135.751,67.56756756756756
1361394135.751,71.42857142857143
1361394138.822,56.6860465116279
1361394131.692,45.990566037735846
1361394136.812,406.25
1361394131.69,135.41666666666666
1361394132.484,50.18939393939394
1361394132.738,41.40625
1361394132.929,49.91883116883117
1361394133.056,44.166666666666664
1361394119.977,67.36111111111111
1361394120.572,15.308704453441296
1361394142.437,287.5
1361394116.913,86.53846153846153
1361394118.383,750.0
1361394117.037,34.337574850299404
1361394118.445,69.71153846153847
1361394118.445,69.71153846153847
1361394117.164,8.828309692671395
1361394117.162,36.005434782608695
1361394117.162,112.5
1361394118.698,161.00543478260872
1361394117.224,6.144205729166667
1361394117.317,31.25
1361394118.721,83.33333333333333
1361394117.504,72.63513513513513
1361394117.503,11.882716049382717
1361394117.502,5.941358024691358
1361394119.098,122.1590909090909
1361394119.165,15.625
1361394119.476,75.52083333333333
1361394119.283,95.39473684210527
1361394117.978,15.217036553524803
1361394119.386,67.3076923076923
1361394119.385,166.66666666666666
1361394119.577,81.43939393939394
1361394119.447,16.483516483516485
1361394119.7,35.99837662337663
1361394119.763,533.4821428571429
1361394120.015,100.69444444444444
1361394119.887,210.22727272727275
1361394120.078,1343.75
1361394120.624,105.03472222222223
1361394118.25,15.320121951219512
1361394118.189,11.308068459657703
1361394118.253,26.31578947368421
1361394116.907,386.41273041474653
1361394117.032,233.10810810810813
1361394117.031,6.144205729166667
1361394117.089,74.55041273584906
1361394117.383,28.639033942558747
1361394117.378,43.26923076923077
1361394118.979,82.38636363636363
1361394117.507,113.63636363636363
1361394117.507,62.5
1361394119.168,103.515625
1361394119.167,90.625
1361394119.167,45.197147651006716
1361394117.63,13.782248157248157
1361394119.102,79.2572463768116
1361394119.165,100.69444444444444
1361394119.292,68.18181818181817
1361394117.98,12.03125
1361394119.451,81.43939393939394
1361394119.576,300.0
1361394119.576,15.625
1361394118.039,55.55555555555555
1361394119.639,117.1875
1361394119.826,102.0220588235294
1361394121.367,971.5161483253588
1361394121.558,22.574626865671643
1361394123.2,105.66880053908356
1361394120.928,14302.662037037036
1361394121.491,165.50925925925927
1361394121.678,166.66666666666666
1361394121.975,90.46052631578948
1361394122.166,110.29411764705883
1361394122.229,26.79135101010101
1361394122.291,19.50354609929078
1361394122.355,90.625
1361394122.354,33.36864406779661
1361394122.418,132.03125
1361394122.798,143.62980769230768
1361394122.924,99.35897435897435
1361394122.924,19.50354609929078
1361394122.987,102.67857142857143
1361394123.24,246.875
1361394123.343,10.601265822784809
1361394123.469,19.14787798408488
1361394123.658,21.056149732620323
1361394124.227,61.89903846153847
1361394120.934,185.82589285714286
1361394121.0,23.604513064133016
1361394121.064,44.221698113207545
1361394121.252,13.562041564792175
1361394121.567,256.5104166666667
1361394121.503,1125.0
1361394121.629,9.336099585062241
1361394121.629,116.26838235294117
1361394121.693,233.29741379310346
1361394121.819,10.526812688821753
1361394121.854,500.0
1361394121.854,21.158854166666668
1361394121.853,38.56382978723404
1361394121.981,7.228915662650603
1361394121.98,70.81834532374101
1361394122.042,16.864483173076923
1361394122.105,14.269578313253012
1361394122.232,25.860732009925556
1361394122.232,35.53921568627451
1361394122.799,2773.4375
1361394123.051,170.1858108108108
1361394123.051,156.97674418604652
1361394123.286,35.199175824175825
1361394123.662,12.69269436997319
1361394124.108,245.83333333333331
1361394124.038,29.296875
1361394141.546,100.0
1361394141.668,100.0
1361394145.954,348.2142857142857
1361394146.145,348.2142857142857
1361394133.919,8.449570815450645
1361394135.518,124.28977272727272
1361394146.333,277.77777777777777
1361394142.171,89.28571428571429
1361394142.298,92.59259259259258
1361394143.872,110.57692307692307
1361394142.399,86.20689655172414
1361394147.005,192.30769230769232
1361394143.997,280.80357142857144
1361394143.996,108.69565217391305
1361394142.65,52.98913043478261
1361394144.374,138.88888888888889
1361394144.31,147.05882352941177
1361394144.372,147.05882352941177
1361394144.689,143.38235294117646
1361394144.751,2373.046875
1361394140.371,64.1025641025641
1361394142.922,128.125
1361394143.11,86.20689655172414
1361394143.364,107.6388888888889
1361394146.115,3987.723214285714
1361394142.186,81.25
1361394146.346,180.68910256410257
1361394142.121,83.33333333333333
1361394143.844,204.7275641025641
1361394142.562,92.59259259259258
1361394126.688,172.33455882352942
1361394147.104,138.88888888888889
1361394147.04,227.27272727272725
1361394142.725,1371.1805555555557
1361394144.387,2018.3593750000002
1361394144.51,103.515625
1361394145.148,247.39583333333334
1361394126.133,224.54637096774195
1361394126.361,207.32276119402985
1361394127.441,41.125
1361394149.272,65.3409090909091
1361394125.045,4.079433497536946
1361394125.044,14.084507042253522
1361394125.167,41.98232323232323
1361394125.294,1043.7148876404494
1361394125.294,337.72493573264785
1361394125.229,267.85714285714283
1361394126.701,29.76190476190476
1361394125.293,2161.2367021276596
1361394126.764,27.89322250639386
1361394125.353,10707.291666666666
1361394125.396,19.15083135391924
1361394125.454,591.703869047619
1361394125.585,16.98529411764706
1361394125.521,278.3203125
1361394125.711,18.845419847328245
1361394125.709,924.2375429553265
1361394127.116,19.642857142857142
1361394127.241,12.360074626865671
1361394125.959,1323.051948051948
1361394126.125,267.85714285714283
1361394127.593,254.93421052631575
1361394127.72,111.1111111111111
1361394126.273,600.0
1361394126.271,150.5681818181818
1361394126.329,267.85714285714283
1361394126.395,193.54838709677418
1361394124.986,13.365502450980392
1361394125.046,191.8402777777778
1361394126.457,192.3828125
1361394126.581,11.919642857142858
1361394125.469,13.718600478468899
1361394126.875,125.0
1361394125.531,179.6875
1361394125.593,212.0028409090909
1361394127.064,133.33333333333334
1361394127.343,339.2857142857143
1361394127.525,10.160297927461139
1361394127.847,275.8152173913043
1361394128.479,19.50354609929078
1361394129.902,20.1163967611336
1361394128.931,75.2840909090909
1361394129.244,10.636543535620053
1361394130.232,453.125
1361394130.67,401.0416666666667
1361394130.926,16.371137640449437
1361394131.052,71.15963855421687
1361394132.17,60.0
1361394132.483,19.56106870229008
1361394128.935,281.9940476190476
1361394129.691,32.29166666666667
1361394129.818,17.276422764227643
1361394129.818,347.3557692307692
1361394129.817,100.0
1361394131.119,10.416666666666666
1361394131.732,10.968543046357617
1361394131.732,103.45643939393939
1361394131.985,128.32991803278688
1361394132.364,78.125
1361394132.364,14.315642458100559
1361394153.637,156.25
1361394149.667,96.27016129032258
1361394151.201,51.861702127659576
1361394146.016,257.36177884615387
1361394157.728,197.91666666666666
1361394154.076,223.55769230769232
1361394150.103,57.112068965517246
1361394151.806,54.34782608695652
1361394151.867,73.52941176470588
1361394151.995,69.64285714285714
1361394152.057,75.75757575757576
1361394150.393,86.93181818181817
1361394154.936,2212.6116071428573
1361394146.999,543.7794811320755
1361394155.316,371.09375
1361394152.369,504.68749999999994
1361394155.632,227.27272727272725
1361394155.631,250.0
1361394155.884,214.84375
1361394155.884,221.5909090909091
1361394144.875,142.7607913669065
1361394155.947,459.82142857142856
1361394152.792,100.0
1361394153.173,119.04761904761904
1361394148.307,47.55434782608696
1361394153.361,73.86363636363637
1361394148.752,104.71491228070177
1361394148.879,68.91447368421052
1361394148.815,679.1118421052632
1361394156.813,166.66666666666666
1361394149.325,104.01119402985074
1361394157.323,192.30769230769232
1361394150.922,82.2704081632653
1361394149.575,52.57936507936508
1361394145.86,229.1179906542056
1361394154.098,208.33333333333334
1361394151.345,60.9375
1361394149.997,104.71491228070177
1361394150.06,61.342592592592595
1361394158.121,371.09375
1361394152.01,78.125
1361394136.386,17.922794117647058
1361394152.574,56.74342105263158
1361394155.965,312.5
1361394152.827,73.86363636363637
1361394153.08,119.04761904761904
1361394156.215,71.69117647058823
1361394148.214,59.52380952380952
1361394156.258,1871.685606060606
1361394148.959,35.560344827586206
1361394148.959,45.37671232876713
1361394132.817,19.53125
1361394134.97,10.337150127226463
1361394136.791,5008.599806201551
1361394133.553,23.14453125
1361394136.399,31.95564516129032
1361394136.77,204.7061011904762
1361394158.73,218.75
1361394155.786,256.5104166666667
1361394136.852,13.45736994219653
1361394134.292,39.8936170212766
1361394134.355,98.01136363636363
1361394134.354,7.894736842105264
1361394132.945,47.87234042553192
1361394134.479,16.666666666666668
1361394134.479,34.85576923076923
1361394134.473,33.56481481481482
1361394134.541,20.5761316872428
1361394133.256,8.108108108108109
1361394133.44,49.15269679300292
1361394134.934,11.77536231884058
1361394133.398,6.6214470284237725
1361394134.996,45.3125
1361394133.649,53.48557692307692
1361394133.585,3047.3716381418094
1361394135.246,1125.0
1361394133.769,14.319407008086253
1361394135.244,55.55555555555555
1361394135.308,59.74264705882353
1361394135.432,37.760416666666664
1361394135.535,33.743351063829785
1361394133.999,8.152173913043478
1361394135.597,15.957446808510637
1361394135.66,34.85576923076923
1361394135.659,59.17553191489362
1361394135.849,39.40217391304348
1361394135.721,43.93382352941176
1361394135.912,65.7136524822695
1361394135.91,32.14928057553957
1361394136.349,21.100427350427353
1361394136.479,473.9583333333333
1361394136.606,14.69983552631579
1361394134.151,341.51785714285717
1361394134.214,12.939453125
1361394134.4,200.89285714285714
1361394134.457,18.681129476584022
1361394134.525,71.07843137254902
1361394133.116,25.862068965517242
1361394134.587,4.3604651162790695
1361394134.713,39.40217391304348
1361394134.648,34.85576923076923
1361394134.775,33.56481481481482
1361394134.774,37.760416666666664
1361394134.879,143.75
1361394135.064,37.760416666666664
1361394133.589,16.20085995085995
1361394133.652,14.92117117117117
1361394133.839,6.553708439897698
1361394135.309,36.98979591836735
1361394133.964,6.690600522193211
1361394133.943,6.912442396313365
1361394135.478,17.61968085106383
1361394135.541,39.8936170212766
1361394135.604,93.75
1361394135.667,241.7091836734694
1361394135.729,20.66115702479339
1361394135.92,6.656804733727811
1361394135.983,20.033170391061454
1361394136.105,16.41949152542373
1361394135.977,17.889492753623188
1361394136.298,111.99371508379888
1361394137.216,1529.5058139534883
1361394137.99,272.1225247524752
1361394137.417,37.3558859223301
1361394137.542,256.9444444444444
1361394138.174,35.697710396039604
1361394138.217,27.220394736842106
1361394138.851,18.30132241813602
1361394139.522,30.397727272727273
1361394139.581,151.78571428571428
1361394139.648,40.54054054054054
1361394139.648,8.355034722222221
1361394139.647,31.863547120418847
1361394139.774,37.64204545454545
1361394139.901,144.9652777777778
1361394139.901,107.68581081081082
1361394140.028,85.67356418918918
1361394140.66,46.875
1361394136.856,214.28571428571428
1361394137.108,225.84821428571428
1361394137.293,367.05942622950823
1361394137.296,260.0
1361394137.36,417.1875
1361394137.36,76.58811475409837
1361394137.738,9.903724747474747
1361394137.928,18.26923076923077
1361394137.991,132.6219512195122
1361394138.53,88.23529411764706
1361394138.402,83.33333333333333
1361394138.465,26.516317733990146
1361394138.717,500.0
1361394139.095,109.375
1361394139.413,98.95833333333333
1361394139.393,180.28846153846155
1361394140.023,4.3604651162790695
1361394140.276,22.321428571428573
1361394140.457,18.353174603174605
1361394161.933,55.23255813953489
1361394159.181,250.0
1361394161.932,65.78947368421052
1361394159.243,247.59615384615387
1361394165.898,312.5
1361394162.501,1389.1006097560976
1361394158.311,132.21153846153845
1361394159.778,329.8611111111111
1361394163.105,86.25
1361394163.232,194.66145833333334
1361394163.168,96.15384615384616
1361394163.231,186.84895833333334
1361394160.158,250.0
1361394160.218,103.63051470588236
1361394158.741,171.875
1361394160.535,82.53205128205128
1361394163.967,138.88888888888889
1361394161.086,59.52380952380952
1361394161.276,58.13953488372093
1361394164.283,208.33333333333334
1361394164.538,332.6822916666667
1361394164.664,264.2045454545455
1361394164.918,101.1029411764706
1361394165.236,190.9722222222222
1361394165.49,3198.190789473684
1361394161.585,127.40384615384615
1361394165.676,494.7916666666667
1361394165.719,245.53571428571428
1361394161.941,71.42857142857143
1361394159.188,165.625
1361394166.096,292.6136363636364
1361394159.44,394.2307692307692
1361394166.031,573.4375
1361394162.698,103.79464285714286
1361394158.344,2438.125
1361394162.887,96.875
1361394163.143,119.79166666666667
1361394159.942,1933.3079268292684
1361394163.114,126.83823529411764
1361394163.177,158.75
1361394163.176,186.84895833333334
1361394164.001,101.1029411764706
1361394164.001,166.66666666666666
1361394160.799,56.81818181818181
1361394080.67,4355.44448757764
1361394164.379,205.35714285714286
1361394164.379,3153.6458333333335
1361394164.426,394.3452380952381
1361394164.617,329.2824074074074
1361394164.808,250.0
1361394141.385,7.461072664359861
1361394142.211,125.8491847826087
1361394142.909,7.341867469879518
1361394143.027,18.8187893081761
1361394142.989,8.823529411764707
1361394144.097,354.1666666666667
1361394162.239,47.8515625
1361394142.455,29.03543307086614
1361394141.042,18.36222627737226
1361394142.642,5.941358024691358
1361394141.168,9.043696275071632
1361394142.767,18.949468085106385
1361394141.166,20.587270341207347
1361394142.889,6.428571428571429
1361394143.057,1500.0
1361394143.182,340.9090909090909
1361394141.646,17.082834928229666
1361394141.771,15.84768408551069
1361394141.771,35.21825396825397
1361394143.304,15.33176943699732
1361394142.019,6.181318681318681
1361394143.49,27.578551912568305
1361394143.49,9.49367088607595
1361394143.49,20.32520325203252
1361394143.476,16.826923076923077
1361394143.663,290.08152173913044
1361394142.06,6.604381443298969
1361394143.724,626.8382352941177
1361394143.787,166.66666666666666
1361394143.914,781.25
1361394144.039,17.7056135770235
1361394144.229,20.77562326869806
1361394144.292,83.984375
1361394140.804,16.686480978260867
1361394140.803,14.250578703703704
1361394142.274,1500.0
1361394142.337,19.66523746701847
1361394142.399,31.156156156156154
1361394142.457,53.57142857142857
1361394142.46,188.05803571428572
1361394141.531,10.968543046357617
1361394141.593,10.88308457711443
1361394141.465,57.69230769230769
1361394141.593,14.78494623655914
1361394142.937,966.5178571428571
1361394141.592,149.73958333333334
1361394141.655,8.051658163265305
1361394141.645,13.513513513513514
1361394143.117,1507.8125
1361394143.538,21.0688164893617
1361394143.533,27.604166666666664
1361394143.854,54.6875
1361394143.598,16.655672823218996
1361394143.721,28.072033898305087
1361394143.98,26.31578947368421
1361394144.17,94.6969696969697
1361394143.978,34.31539509536785
1361394143.978,33.25208913649025
1361394145.207,21.78030303030303
1361394145.153,76.37266355140187
1361394146.55,168.8629518072289
1361394144.976,26.106608478802993
1361394144.985,12.918591224018476
1361394145.111,733.3187645687645
1361394145.11,18.113290398126463
1361394145.173,13.837976539589443
1361394145.299,23.973651960784316
1361394145.614,14.296069587628866
1361394145.74,20.756172839506174
1361394145.803,12.81081989247312
1361394146.031,17.24417098445596
1361394146.03,16.276041666666668
1361394146.411,30.66510695187166
1361394146.407,41.62808641975309
1361394146.725,17.026154891304348
1361394146.913,167.82407407407408
1361394146.785,750.0
1361394147.038,722.2222222222222
1361394147.209,6.740196078431373
1361394147.651,543.75
1361394147.714,20.96518987341772
1361394147.775,2390.625
1361394147.839,33.17901234567901
1361394147.838,61.70550847457627
1361394147.902,33.17901234567901
1361394147.838,60.11652542372881
1361394148.028,67.3828125
1361394148.154,72.91666666666667
1361394148.645,83.40992647058823
1361394148.707,22.388059701492537
1361394144.865,43.78720238095238
1361394144.991,57.69230769230769
1361394145.18,14.456047381546135
1361394145.37,13.368055555555555
1361394145.433,34.51017811704835
1361394145.845,15.668523676880222
1361394145.844,7.870947630922694
1361394146.536,21.51970284237726
1361394146.726,19.1015625
1361394147.525,33.96045918367347
1361394147.524,18.733850129198967
1361394147.588,108.57371794871796
1361394147.651,93.42447916666667
1361394147.458,107.58196721311475
1361394147.65,86.49553571428571
1361394147.522,63.760080645161295
1361394147.84,152.21774193548387
1361394147.774,142.0990566037736
1361394147.837,62.5
1361394147.9,21.23397435897436
1361394148.323,81.65856890459364
1361394148.641,21.184815950920246
1361394148.448,47.32142857142857
1361394148.511,8.426966292134832
1361394148.575,27.98507462686567
1361394148.639,57.69230769230769
1361394161.548,138.6217948717949
1361394169.547,110.41666666666666
1361394173.578,833.3333333333334
1361394173.641,968.75
1361394173.704,968.75
1361394173.704,833.3333333333334
1361394173.831,609.375
1361394169.798,161.05769230769232
1361394167.174,243.75
1361394169.796,208.33333333333334
1361394169.922,227.27272727272725
1361394169.922,192.30769230769232
1361394169.917,192.30769230769232
1361394167.425,139.20454545454544
1361394174.079,424.10714285714283
1361394162.366,9.341032608695652
1361394170.907,138.88888888888889
1361394168.155,227.27272727272725
1361394168.443,171.875
1361394171.323,2833.059210526316
1361394168.633,189.79779411764704
1361394172.206,145.3125
1361394172.78,2078.125
1361394169.423,192.30769230769232
1361394169.487,213.7957317073171
1361394169.486,229.91071428571428
1361394166.988,208.33333333333334
1361394169.611,208.33333333333334
1361394174.019,348.2142857142857
1361394169.986,2427.309782608696
1361394167.489,207.58928571428572
1361394170.345,229.91071428571428
1361394166.5,2470.625
1361394170.468,147.05882352941177
1361394167.844,3056.4236111111113
1361394170.659,119.04761904761904
1361394167.97,312.5
1361394167.842,277.77777777777777
1361394166.429,312.5
1361394170.718,208.16532258064515
1361394171.097,189.33823529411765
1361394171.097,138.88888888888889
1361394171.287,147.05882352941177
1361394168.96,2938.3223684210525
1361394172.092,143.22916666666666
1361394172.726,276.0416666666667
1361394149.181,27.85923753665689
1361394152.03,24.913594470046082
1361394152.275,147.22711267605635
1361394148.965,17.0863309352518
1361394150.437,48.387096774193544
1361394149.272,35.21455223880597
1361394149.506,23.4375
1361394151.289,102.94117647058823
1361394151.703,62.5
1361394151.703,14.03061224489796
1361394152.271,7.077205882352941
1361394152.202,562.5
1361394152.329,19.28191489361702
1361394152.714,151.04166666666666
1361394150.279,1500.0
1361394150.343,37.5
1361394148.871,25.56818181818182
1361394148.912,38.83044554455446
1361394148.975,18.13892326732673
1361394150.508,13.218215158924206
1361394149.222,25.862068965517242
1361394149.471,119.44444444444446
1361394149.698,22.907838983050848
1361394149.698,21.671963276836156
1361394151.358,16.830119680851062
1361394151.671,95.98214285714286
1361394151.777,17.460724043715846
1361394152.091,19.50354609929078
1361394152.091,17.922794117647058
1361394153.722,9.059873949579833
1361394155.617,214.6875
1361394153.035,98.01136363636363
1361394153.668,8.495862884160756
1361394154.739,326.4744718309859
1361394154.994,176.3888888888889
1361394152.903,281.25
1361394152.903,106.61764705882352
1361394152.966,151.04166666666666
1361394153.03,2250.0
1361394153.03,120.83333333333333
1361394153.025,16.747237569060772
1361394153.029,750.0
1361394153.092,223.95833333333334
1361394153.092,267.85714285714283
1361394153.156,12.551229508196721
1361394153.155,83.33333333333333
1361394153.281,90.76544943820225
1361394153.281,15.710851648351648
1361394153.407,97.42647058823529
1361394153.407,16.069312796208532
1361394153.533,17.12827988338192
1361394154.036,19.178082191780824
1361394154.141,30.26107594936709
1361394154.141,17.010041551246537
1361394154.267,750.0
1361394154.33,100.0
1361394154.393,553.3182989690721
1361394154.71,19.642857142857142
1361394155.471,18.75
1361394155.514,144.88636363636365
1361394155.702,17.583224543080938
1361394156.018,17.25618131868132
1361394156.017,153.84615384615387
1361394156.397,23.481638418079093
1361394156.709,20.114942528735632
1361394152.808,100.69444444444444
1361394152.911,21.459227467811157
1361394152.911,68.18181818181817
1361394152.975,4.398826979472141
1361394153.033,20.65972222222222
1361394153.036,36.58234126984127
1361394153.1,14.675414364640885
1361394153.163,14.14756446991404
1361394153.221,14.700704225352112
1361394153.221,301.04166666666663
1361394153.476,750.0
1361394153.73,20.101825842696627
1361394153.602,10.727007772020725
1361394153.792,9.717039800995025
1361394153.916,35.68941504178273
1361394153.979,100.0
1361394154.107,17.975278551532032
1361394154.091,19.50354609929078
1361394154.218,25.289948453608247
1361394154.471,13.676650366748166
1361394154.595,16.451949860724234
1361394154.849,32.32473544973545
1361394155.228,27.391975308641975
1361394155.416,7.01530612244898
1361394155.456,10.099085365853659
1361394155.647,57.180851063829785
1361394155.646,39.40217391304348
1361394155.835,20.491803278688522
1361394156.213,17.845394736842106
1361394156.34,60.688405797101446
1361394177.543,243.75
1361394175.109,312.5
1361394177.855,250.0
1361394178.044,363.28125
1361394178.232,156.25
1361394174.431,245.3125
1361394178.777,170.9558823529412
1361394176.029,166.66666666666666
1361394179.408,104.16666666666667
1361394179.64,104.16666666666667
1361394179.702,107.29166666666666
1361394179.701,80.64516129032258
1361394179.829,86.20689655172414
1361394172.649,48.75
1361394175.017,357.14285714285717
1361394175.252,192.30769230769232
1361394175.5,169.46022727272728
1361394178.25,122.76785714285714
1361394174.214,89.28571428571429
1361394174.341,499.2283950617284
1361394178.855,152.34375
1361394174.756,343.75
1361394179.776,86.20689655172414
1361394180.221,152.64423076923077
1361394158.827,25.186567164179106
1361394157.325,73.47775175644028
1361394158.739,72.56155303030303
1361394170.307,47.41847826086956
1361394157.065,10.494402985074627
1361394157.254,16.114672364672366
1361394158.849,552.0833333333334
1361394158.891,9.615384615384617
1361394159.14,78.86904761904762
1361394157.667,14.186381074168798
1361394157.852,225.22865853658536
1361394157.916,18.563034188034187
1361394159.557,35.38961038961039
1361394159.931,36.98979591836735
1361394160.184,154.8913043478261
1361394160.374,82.54716981132076
1361394160.542,15.537464985994397
1361394160.542,20.723684210526315
1361394160.606,34.61234177215189
1361394160.669,126.48809523809523
1361394160.731,100.14204545454545
1361394158.234,763.3928571428571
1361394158.356,17.078488372093023
1361394158.481,20.412071078431374
1361394158.643,19.956683168316832
1361394158.769,122.39583333333333
1361394159.078,22.943037974683545
1361394159.137,458.70535714285717
1361394159.14,318.75
1361394159.431,40.76086956521739
1361394160.06,98.6842105263158
1361394160.353,157.67045454545456
1361394161.109,13.523159898477157
1361394161.992,37.852112676056336
1361394162.16,22.066156914893615
1361394162.284,14.453125
1361394162.598,89.28571428571429
1361394162.597,18.067722371967655
1361394162.661,22.048104956268222
1361394162.977,8.763227513227513
1361394163.292,18.38235294117647
1361394163.457,19.50354609929078
1361394163.651,23.372576177285318
1361394163.841,37.73082386363636
1361394163.84,30.493233618233617
1361394163.902,19.50354609929078
1361394164.408,19.50354609929078
1361394164.529,6.446991404011461
1361394161.435,11.979166666666668
1361394162.036,20.23565573770492
1361394162.413,61.762971698113205
1361394162.854,773.8970588235294
1361394163.66,88.23529411764706
1361394163.976,62.307098765432094
1361394164.227,16.06145251396648
1361394185.51,147.05882352941177
1361394183.012,84.05172413793103
1361394185.636,147.05882352941177
1361394185.635,121.875
1361394185.76,147.05882352941177
1361394181.727,58.13953488372093
1361394181.79,62.5
1361394183.387,89.28571428571429
1361394186.454,203.125
1361394186.454,214.58333333333331
1361394186.683,229.91071428571428
1361394186.936,208.33333333333334
1361394180.177,69.19642857142857
1361394188.115,363.28125
1361394183.589,135.41666666666666
1361394182.052,64.1025641025641
1361394186.78,192.30769230769232
1361394182.598,67.70833333333333
1361394187.583,247.39583333333334
1361394187.454,393.9144736842105
1361394184.702,132.10227272727275
1361394187.518,192.30769230769232
1361394187.646,138.88888888888889
1361394188.024,348.2142857142857
1361394188.088,649.8161764705882
1361394165.637,1648.7016908212559
1361394165.97,2984.6892959770116
1361394167.423,10.03864247311828
1361394181.625,116.8032786885246
1361394166.383,4.2979942693409745
1361394164.911,219.27083333333334
1361394165.034,17.693661971830988
1361394165.096,19.485294117647058
1361394166.567,9.305210918114144
1361394166.631,82.2704081632653
1361394166.631,204.7244094488189
1361394165.285,118.12347188264059
1361394166.921,16.281512605042018
1361394167.292,19.50354609929078
1361394166.008,37.889518413597735
1361394166.119,14.528508771929825
1361394167.587,4.322766570605188
1361394167.65,25.423728813559325
1361394168.469,38.1578947368421
1361394168.595,10.080645161290322
1361394168.635,467.63392857142856
1361394166.324,13.953669154228855
1361394166.388,19.50354609929078
1361394166.387,17.58356545961003
1361394166.512,12.650804289544237
1361394166.511,17.104805013927574
1361394165.387,18.601190476190474
1361394165.821,19.489247311827956
1361394167.523,12.795608108108107
1361394167.645,15.154109589041097
1361394167.712,17.23845108695652
1361394168.028,150.0
1361394167.771,19.50354609929078
1361394168.024,80.6686046511628
1361394168.28,187.5
1361394168.468,37.703804347826086
1361394169.348,5.968169761273209
1361394171.042,14.6484375
1361394171.929,136.938672922252
1361394168.948,18.05959302325581
1361394169.01,15.669770773638968
1361394169.069,5.514705882352941
1361394169.262,21.354166666666668
1361394169.326,125.0
1361394169.262,27.05299352750809
1361394169.576,42.7970467032967
1361394169.827,10.575457317073171
1361394169.995,18.356643356643357
1361394169.995,19.998301630434785
1361394170.121,7.142857142857142
1361394170.182,20.11395027624309
1361394170.31,290.9226190476191
1361394170.435,213.54166666666666
1361394170.496,117.6470588235294
1361394170.623,17.572831978319783
1361394170.623,22.484756097560975
1361394170.814,4.411764705882353
1361394170.686,238.83928571428572
1361394170.878,12.531328320802004
1361394170.876,14.295212765957446
1361394171.049,4.4518156424581
1361394171.177,6.428571428571429
1361394171.237,115.38461538461539
1361394171.049,3.968253968253968
1361394171.552,20.189606741573034
1361394171.615,812.5
1361394171.741,39.8936170212766
1361394171.996,34.62009803921569
1361394171.804,29.166666666666668
1361394172.312,12.655336257309942
1361394172.183,21.014492753623188
1361394172.35,4.9504950495049505
1361394172.413,15.360169491525424
1361394169.453,16.614445910290236
1361394169.451,5.798969072164948
1361394169.747,593.75
1361394170.0,187.5
1361394170.315,50.18939393939394
1361394170.441,7.389162561576354
1361394170.505,7.425742574257425
1361394170.44,14.454250720461095
1361394170.63,120.10645604395604
1361394170.602,174.8991935483871
1361394171.68,18.617021276595743
1361394171.68,41.07513850415513
1361394171.68,79.04411764705883
1361394171.743,31.555516759776538
1361394171.42,6.5982404692082115
1361394171.932,20.86318051575931
1361394171.42,4.285714285714286
1361394171.483,114.67161016949153
1361394172.222,750.0
1361394172.348,1898.4375
1361394197.664,221.5909090909091
1361394194.268,1055.5555555555557
1361394194.583,3984.375
1361394198.102,416.6666666666667
1361394194.646,208.33333333333334
1361394191.744,239.58333333333334
1361394191.806,179.6875
1361394190.397,396.0129310344828
1361394190.332,382.8125
1361394190.396,351.5625
1361394192.119,178.57142857142858
1361394190.646,126.35869565217392
1361394192.687,189.33823529411765
1361394192.813,143.38235294117646
1361394195.756,396.7013888888889
1361394195.947,71.42857142857143
1361394188.31,140.625
1361394189.521,78.125
1361394193.807,277.77777777777777
1361394193.871,312.5
1361394197.583,321.875
1361394193.871,277.77777777777777
1361394191.182,229.91071428571428
1361394193.934,367.1875
1361394194.061,357.14285714285717
1361394191.403,269.8863636363636
1361394173.93,5.0495426829268295
1361394191.714,269.53125
1361394194.786,363.28125
1361394190.241,382.8125
1361394195.039,86.20689655172414
1361394195.037,381.25
1361394195.293,290.625
1361394192.091,250.0
1361394187.163,953.9583333333334
1361394192.449,156.25
1361394195.646,4474.82638888889
1361394192.892,2212.0535714285716
1361394196.279,296.875
1361394196.534,312.5
1361394196.533,371.09375
1361394196.597,304.6875
1361394188.786,60.546875
1361394174.15,1134.943181818182
1361394175.8,73.61236462093864
1361394175.687,289.49652777777777
1361394176.07,87.00607902735561
1361394188.737,80.64516129032258
1361394174.483,10.504201680672269
1361394174.481,18.176020408163264
1361394172.945,111.328125
1361394174.541,745.5357142857143
1361394174.666,8.883248730964468
1361394173.255,20.968031609195403
1361394173.377,4.491017964071856
1361394174.852,100.69444444444444
1361394173.38,4.335260115606936
1361394173.505,19.116620111731844
1361394175.04,119.90489130434783
1361394175.145,4.225352112676056
1361394175.206,6.944444444444444
1361394175.329,13.041020671834625
1361394175.329,32.619863013698634
1361394175.393,33.3449720670391
1361394173.856,415.0390625
1361394175.517,166.66666666666666
1361394175.58,88.23529411764706
1361394174.145,59.72222222222223
1361394175.995,12.877747252747252
1361394176.249,14.413088642659279
1361394176.689,2898.4375
1361394176.753,166.66666666666666
1361394176.817,42.701863354037265
1361394172.831,30.632062146892657
1361394172.893,47.99107142857143
1361394174.428,115.38461538461539
1361394173.017,23.050291545189506
1361394174.489,35.22099447513812
1361394173.142,23.93139367816092
1361394173.14,32.95454545454545
1361394174.797,16.85739436619718
1361394173.489,4.504504504504505
1361394173.491,32.48031496062992
1361394175.279,26.156767955801104
1361394175.34,19.371811224489797
1361394173.992,62.67655367231638
1361394173.991,20.461309523809526
1361394175.589,23.64527925531915
1361394174.029,32.47549019607843
1361394175.881,15.127652519893898
1361394174.212,26.25
1361394176.003,375.0
1361394177.15,5.905511811023622
1361394179.363,58.35459183673469
1361394179.681,6.7172897196261685
1361394179.999,121.14319620253164
1361394176.96,63.82978723404255
1361394177.087,166.66666666666666
1361394177.085,13.47512285012285
1361394177.148,6.6765578635014835
1361394177.4,19.784172661870503
1361394178.45,15.456989247311828
1361394178.894,44.03054862842893
1361394179.084,39.0625
1361394179.211,104.16666666666667
1361394179.273,44.50757575757576
1361394179.441,170.8984375
1361394180.639,95.20348837209302
1361394180.639,42.21491228070175
1361394180.574,130.20833333333334
1361394177.034,6.4841498559077815
1361394177.348,12.747668997668997
1361394177.537,14.65311004784689
1361394177.849,4.3478260869565215
1361394178.458,411.4583333333333
1361394178.71,12.837625628140703
1361394178.836,9.328358208955223
1361394179.214,30.827702702702705
1361394179.26,162.86057692307693
1361394179.76,750.0
1361394180.014,120.1171875
1361394201.971,54.34782608695652
1361394199.28,63.70192307692307
1361394199.343,67.60204081632654
1361394202.281,55.55555555555555
1361394202.41,64.1025641025641
1361394202.537,64.1025641025641
1361394202.537,67.56756756756756
1361394202.641,65.87837837837837
1361394199.885,66.25
1361394198.347,80.64516129032258
1361394203.077,75.75757575757576
1361394200.262,66.25
1361394203.709,69.44444444444444
1361394203.709,138.02083333333334
1361394201.0,66.25
1361394201.191,83.984375
1361394188.322,176.11336032388664
1361394204.578,76.171875
1361394199.004,86.93181818181817
1361394194.424,73.52377300613497
1361394186.358,680.7954545454545
1361394199.665,35.625
1361394199.54,55.55555555555555
1361394202.546,69.44444444444444
1361394198.383,127.40384615384615
1361394199.897,117.0343137254902
1361394198.676,67.60204081632654
1361394200.337,69.01041666666667
1361394195.599,107.12679856115108
1361394200.591,70.47872340425532
1361394200.844,64.95098039215686
1361394201.098,69.01041666666667
1361394201.034,63.75
1361394188.23,11027.867965367966
1361394188.23,97.37042682926828
1361394204.338,80.64516129032258
1361394204.525,87.05357142857143
1361394184.039,22.900132275132275
1361394181.716,1786.602644836272
1361394184.564,16.07142857142857
1361394180.899,152.34375
1361394180.959,58.6890243902439
1361394182.43,99.30555555555554
1361394181.141,80.55555555555556
1361394181.206,37.94642857142857
1361394181.307,105.26315789473684
1361394181.431,41.7319749216301
1361394182.967,6.493506493506494
1361394181.431,36.005434782608695
1361394181.806,375.0
1361394181.742,117.6470588235294
1361394183.404,9.664509536784742
1361394181.932,204.54545454545456
1361394181.931,10.361405835543767
1361394181.973,140.625
1361394183.507,17.46083550913838
1361394182.035,181.06617647058823
1361394183.884,14.945652173913045
1361394183.945,13.77190026954178
1361394184.261,18.113577023498696
1361394184.427,291.4402173913043
1361394180.836,3.8517441860465116
1361394180.835,570.3506097560976
1361394182.369,6.266276041666667
1361394180.959,55.81121575342466
1361394182.494,8.595988538681949
1361394181.082,139.4817073170732
1361394181.248,8.118872549019608
1361394181.374,5.033557046979865
1361394181.499,7.894736842105264
1361394183.095,195.91346153846155
1361394181.558,125.0
1361394183.22,71.06854838709678
1361394181.682,118.42105263157895
1361394183.388,142.85714285714286
1361394183.576,15.0
1361394183.702,19.370167525773198
1361394183.702,11.54891304347826
1361394184.019,31.071937321937323
1361394184.018,16.22596153846154
1361394184.559,270.0
1361394185.861,297.24702380952385
1361394185.123,12.89612676056338
1361394185.123,13.832605985037407
1361394185.438,750.0
1361394185.564,19.211065573770494
1361394185.563,6.944444444444444
1361394185.816,22.971082089552237
1361394185.943,16.202059659090907
1361394186.238,19.691780821917806
1361394186.237,1500.0
1361394186.297,750.0
1361394186.427,495.65972222222223
1361394186.426,19.50354609929078
1361394186.49,4.322766570605188
1361394186.678,750.0
1361394187.12,463.5416666666667
1361394187.183,482.8125
1361394187.246,3.9787798408488064
1361394187.288,477.67857142857144
1361394187.414,11.595022624434389
1361394187.982,119.94485294117648
1361394187.916,138.17401960784315
1361394185.254,1465.2925531914893
1361394185.633,1500.0
1361394185.799,18.58836206896552
1361394185.927,13.258928571428571
1361394186.116,348.3455882352941
1361394186.242,19.48051948051948
1361394186.242,27.47252747252747
1361394186.241,423.0769230769231
1361394186.366,1145.8333333333333
1361394186.683,46.875
1361394186.935,154.5608108108108
1361394186.998,17.935147849462368
1361394187.061,100.0
1361394187.351,208.0078125
1361394187.35,443.75
1361394187.413,16.03618421052632
1361394187.474,45.43963254593176
1361394187.666,243.75
1361394187.79,562.5
1361394188.105,6.345785440613026
1361394188.402,49.8046875
1361394188.401,106.85483870967742
1361394209.571,48.007246376811594
1361394207.073,67.60204081632654
1361394205.537,81.25
1361394207.197,44.763513513513516
1361394207.197,96.78819444444444
1361394207.324,44.763513513513516
1361394210.324,52.25409836065574
1361394214.099,207.03125
1361394214.227,1484.375
1361394200.242,9.142287234042554
1361394211.439,59.45121951219512
1361394211.86,128.28947368421055
1361394211.987,131.57894736842104
1361394211.921,145.3125
1361394212.369,119.04761904761904
1361394212.553,178.57142857142858
1361394212.748,147.05882352941177
1361394206.792,63.75
1361394206.917,105.71808510638297
1361394201.668,9.093915343915343
1361394207.044,47.32142857142857
1361394207.044,47.32142857142857
1361394205.739,80.64516129032258
1361394213.802,416.6666666666667
1361394205.929,89.28571428571429
1361394206.467,64.95098039215686
1361394211.202,58.13953488372093
1361394206.719,66.25
1361394212.213,156.25
1361394212.605,357.6388888888889
1361394212.728,424.10714285714283
1361394213.109,143.22916666666666
1361394189.537,176.2152777777778
1361394189.791,227.06117021276594
1361394191.116,2723.9583333333335
1361394190.779,22.478070175438596
1361394190.613,19.642857142857142
1361394191.792,19.36619718309859
1361394190.256,117.1875
1361394191.855,18.617021276595743
1361394191.917,20.408163265306122
1361394190.757,32.47549019607843
1361394190.86,133.92857142857142
1361394190.858,133.92857142857142
1361394192.581,13.043478260869565
1361394192.707,386.3636363636364
1361394192.707,18.096514745308312
1361394192.896,70.3125
1361394193.212,125.0
1361394191.013,350.44642857142856
1361394189.725,15.031175771971496
1361394191.262,235.49107142857142
1361394189.849,272.41847826086956
1361394191.513,262.0192307692308
1361394190.039,16.77911931818182
1361394190.036,187.5
1361394191.882,328.125
1361394190.636,133.92857142857142
1361394192.359,25.122549019607845
1361394192.486,19.642857142857142
1361394192.674,5.968169761273209
1361394193.515,18.578506097560975
1361394193.579,20.933493589743588
1361394195.795,11792.605377906977
1361394193.151,1542.1801643192487
1361394193.214,2204.3656947890818
1361394196.827,4871.09375
1361394193.325,44.11764705882353
1361394193.389,71.42857142857143
1361394193.452,15.142994858611825
1361394193.893,53.897471910112365
1361394193.952,14.619638069705093
1361394193.956,219.85887096774192
1361394194.02,15.664258793969848
1361394194.084,20.30367231638418
1361394194.019,89.15441176470588
1361394194.083,54.19481981981982
1361394194.248,7.5
1361394194.312,21.961805555555554
1361394194.312,60.128348214285715
1361394194.563,4.518072289156627
1361394194.563,15.122441520467836
1361394194.626,141.33165829145727
1361394194.69,29.023972602739725
1361394194.689,14.54592541436464
1361394195.131,19.224016853932586
1361394195.384,125.0
1361394195.447,503.3482142857143
1361394195.487,9.706439393939394
1361394195.55,39.0625
1361394195.805,531.25
1361394195.931,615.625
1361394195.994,34.090909090909086
1361394196.121,20.888594164456233
1361394196.372,19.50354609929078
1361394196.305,3.9164490861618795
1361394196.305,102.08333333333333
1361394196.625,802.0833333333334
1361394196.688,40.46474358974359
1361394193.015,3.9247630331753554
1361394193.015,46.95811170212766
1361394193.835,21.367521367521366
1361394194.15,134.7758507853403
1361394194.081,74.70703125
1361394194.128,58.80681818181818
1361394194.633,88.23529411764706
1361394195.008,35.03521126760563
1361394194.884,83.33333333333333
1361394195.202,18.04123711340206
1361394195.138,379.80769230769226
1361394195.201,53.6051637279597
1361394195.328,503.3482142857143
1361394195.454,4.437869822485207
1361394195.813,26.623603351955307
1361394195.813,6.778169014084507
1361394195.811,31.954225352112676
1361394195.874,20.399305555555557
1361394196.38,36.10522598870056
1361394196.378,4.858993902439025
1361394209.366,16.80871212121212
1361394217.554,143.38235294117646
1361394215.12,227.27272727272725
1361394215.241,138.88888888888889
1361394215.307,147.05882352941177
1361394213.832,203.125
1361394218.183,166.66666666666666
1361394218.434,52.98913043478261
1361394218.433,60.22727272727273
1361394215.974,192.30769230769232
1361394214.501,203.4375
1361394208.291,11.772260273972602
1361394216.288,187.5
1361394216.476,138.88888888888889
1361394208.755,23.83093525179856
1361394216.434,119.04761904761904
1361394209.006,24.720149253731343
1361394217.733,147.05882352941177
1361394217.797,156.25
1361394217.861,156.25
1361394207.235,27.825342465753426
1361394217.923,135.41666666666666
1361394215.424,162.5
1361394215.55,129.26136363636365
1361394218.233,66.40625
1361394218.232,54.34782608695652
1361394214.306,195.3125
1361394196.972,3945.036764705882
1361394198.362,57.17329545454545
1361394197.044,2203.125
1361394197.07,250.0
1361394197.133,90.41940789473685
1361394198.73,37.760416666666664
1361394198.964,156.25
1361394197.548,27.68300248138958
1361394199.152,154.86111111111111
1361394197.615,62.29440789473684
1361394197.739,230.0
1361394197.739,66.25
1361394197.739,238.93229166666666
1361394197.8,45.45454545454545
1361394197.964,36.005434782608695
1361394199.628,1656.25
1361394199.684,149.03846153846155
1361394198.148,70.47872340425532
1361394198.147,111.1111111111111
1361394198.146,7.001366120218579
1361394199.873,121.69894366197182
1361394200.506,37.234042553191486
1361394200.505,103.75
1361394200.631,93.75
1361394200.631,126.50240384615385
1361394200.758,1576.8649193548388
1361394200.758,31.25
1361394200.734,1335.375
1361394196.953,306.640625
1361394198.611,120.3125
1361394197.325,38.24626865671642
1361394198.964,38.753531073446325
1361394197.491,272.05882352941177
1361394197.744,50.70754716981132
1361394197.679,5.610972568578553
1361394199.595,107.1875
1361394199.524,236.60714285714286
1361394199.879,119.57908163265306
1361394199.879,90.09308510638297
1361394200.006,33.80102040816327
1361394200.005,116.3563829787234
1361394200.321,39.8936170212766
1361394200.574,61.342592592592595
1361394204.782,75.14133165829145
1361394201.322,30.453257790368273
1361394200.889,2162.094763092269
1361394200.889,398.1164383561644
1361394200.884,1108.0336426914153
1361394200.884,3350.1302083333335
1361394201.709,74.85465116279069
1361394201.897,44.54703282828283
1361394201.96,137.86764705882354
1361394201.96,137.86764705882354
1361394202.023,133.01282051282053
1361394202.694,187.5
1361394202.694,175.78125
1361394202.694,113.63636363636363
1361394202.758,110.29411764705883
1361394203.264,158.08823529411765
1361394204.131,256.99013157894734
1361394204.067,112.04268292682927
1361394204.384,2570.3125
1361394204.319,39.43452380952381
1361394204.637,28.289473684210527
1361394204.572,150.29761904761904
1361394204.572,64.28571428571428
1361394204.572,160.36184210526315
1361394200.773,374.1732804232804
1361394201.026,26.753597122302157
1361394201.148,158.33333333333331
1361394201.024,15.306122448979592
1361394201.213,39.8936170212766
1361394201.341,77.78532608695653
1361394201.276,5.8689024390243905
1361394201.404,60.0
1361394201.467,35.714285714285715
1361394201.592,5.8689024390243905
1361394201.718,241.8478260869565
1361394201.844,133.92857142857142
1361394201.844,137.86764705882354
1361394201.844,137.86764705882354
1361394201.843,137.86764705882354
1361394201.843,137.86764705882354
1361394202.009,149.07094594594594
1361394202.075,6.045854271356784
1361394202.389,4.3478260869565215
1361394202.579,165.44117647058823
1361394202.579,175.78125
1361394202.643,113.63636363636363
1361394202.897,7.029011461318051
1361394203.023,51.7578125
1361394203.023,96.70608108108108
1361394203.148,108.92857142857143
1361394203.692,1656.25
1361394203.883,135.41666666666666
1361394203.754,12.00657894736842
1361394204.072,66.02822580645162
1361394204.325,354.4921875
1361394204.387,36.458333333333336
1361394204.854,47.821969696969695
1361394225.405,56.14406779661017
1361394221.373,52.98913043478261
1361394225.529,54.956896551724135
1361394225.718,52.57936507936508
1361394225.779,57.112068965517246
1361394226.219,63.70192307692307
1361394226.7,56.81818181818181
1361394219.145,50.96153846153846
1361394219.207,50.595238095238095
1361394219.568,106.58482142857143
1361394227.308,59.52380952380952
1361394219.499,57.112068965517246
1361394227.749,58.13953488372093
1361394225.125,67.1875
1361394188.257,5753.139833860759
1361394220.321,124.34895833333333
1361394220.64,68.48404255319149
1361394220.704,52.98913043478261
1361394225.31,56.14406779661017
1361394225.479,60.22727272727273
1361394209.604,211.7547071129707
1361394223.702,28.963414634146343
1361394207.893,249.12044701986756
1361394206.291,51.118210862619804
1361394207.955,249.9480897009967
1361394222.668,39.43452380952381
1361394219.653,96.875
1361394219.652,59.151785714285715
1361394227.627,55.55555555555555
1361394219.882,110.53240740740742
1361394220.137,61.29807692307692
1361394220.518,53.191489361702125
1361394221.088,54.83490566037736
1361394205.164,156.25
1361394224.402,188.80208333333334
1361394204.989,326.8581081081081
1361394207.062,71.52061855670102
1361394207.185,18.84191176470588
1361394206.086,90.99264705882352
1361394207.685,20.01953125
1361394206.127,30.612244897959183
1361394207.978,13.274336283185841
1361394208.041,35.59027777777778
1361394208.168,35.53921568627451
1361394208.358,34.198113207547166
1361394208.357,34.85576923076923
1361394208.357,2687.569754464286
1361394208.546,34.57446808510638
1361394206.304,80.57598039215686
1361394206.47,143.49489795918367
1361394206.405,3.947368421052632
1361394206.469,34.57446808510638
1361394206.464,5.95773381294964
1361394206.907,24.806701030927833
1361394205.369,125.0
1361394205.3,89.28571428571429
1361394207.032,19.642857142857142
1361394207.031,19.12313432835821
1361394207.03,19.50354609929078
1361394207.201,109.63541666666667
1361394207.451,19.56106870229008
1361394207.702,3.926701570680628
1361394207.766,63.70192307692307
1361394206.101,146.66666666666666
1361394207.829,107.19476744186046
1361394207.828,7.8125
1361394207.891,43.93796992481203
1361394207.926,9.297520661157025
1361394208.369,66.25
1361394208.495,35.53921568627451
1361394209.305,19.26691729323308
1361394208.931,9313.02374301676
1361394210.253,5.600649350649351
1361394211.891,16.318259385665527
1361394212.34,78.66224928366762
1361394208.861,65.10416666666667
1361394209.05,9.453781512605042
1361394209.238,107.14285714285714
1361394209.551,80.22103658536585
1361394209.614,449.4154676258993
1361394209.802,152.90178571428572
1361394209.929,19.50354609929078
1361394209.909,110.29411764705883
1361394209.968,5.0495426829268295
1361394210.035,39.8936170212766
1361394210.161,88.23529411764706
1361394211.217,21.73913043478261
1361394211.661,22.186679790026247
1361394211.336,13.013814016172507
1361394212.168,16.165226063829788
1361394212.23,19.5
1361394211.782,4.56267217630854
1361394212.385,20.99867724867725
1361394209.112,110.29411764705883
1361394209.109,15.0
1361394209.236,100.5345394736842
1361394209.298,6.204600484261501
1361394209.488,6.234793187347932
1361394210.037,107.53676470588236
1361394210.1,35.326086956521735
1361394210.289,15.100129198966409
1361394210.348,7.978723404255319
1361394210.415,23.295454545454547
1361394210.537,19.775390625
1361394210.643,6.311576354679803
1361394210.834,6.0728744939271255
1361394211.022,187.5
1361394211.339,248.9906330749354
1361394211.718,13.579842931937174
1361394212.035,19.36431623931624
1361394233.78,89.28571428571429
1361394231.475,81.25
1361394222.06,8.59375
1361394231.576,83.33333333333333
1361394231.637,81.25
1361394230.354,104.16666666666667
1361394231.951,69.44444444444444
1361394230.478,68.75
1361394232.137,73.86363636363637
1361394232.39,73.52941176470588
1361394232.497,107.29166666666666
1361394235.375,165.36458333333334
1361394232.622,80.64516129032258
1361394232.685,84.05172413793103
1361394236.133,125.0
1361394229.086,57.926829268292686
1361394228.893,73.52941176470588
1361394229.021,75.75757575757576
1361394233.541,103.79464285714286
1361394233.541,114.95535714285714
1361394229.571,75.75757575757576
1361394229.945,80.64516129032258
1361394234.401,75.75757575757576
1361394234.526,74.51923076923077
1361394230.363,108.69565217391305
1361394230.427,96.15384615384616
1361394232.151,71.42857142857143
1361394232.694,96.15384615384616
1361394235.569,89.28571428571429
1361394227.568,73.66071428571429
1361394235.823,152.34375
1361394236.076,146.99074074074073
1361394236.395,180.39772727272725
1361394228.775,90.8203125
1361394228.903,69.44444444444444
1361394228.903,69.64285714285714
1361394213.738,6.514350453172206
1361394216.485,22.63719512195122
1361394214.366,4.814680232558139
1361394214.553,21.490863787375414
1361394214.615,1500.0
1361394213.138,21.367521367521366
1361394213.201,3.937007874015748
1361394214.925,35.07313829787234
1361394214.987,18.353174603174605
1361394214.987,18.889126712328768
1361394213.62,18.298796791443852
1361394213.676,18.19164265129683
1361394213.68,337.13457661290323
1361394215.216,17.437177835051546
1361394213.743,18.427309782608695
1361394213.804,25.98505434782609
1361394215.466,336.53846153846155
1361394215.464,28.639240506329113
1361394215.753,90.2122641509434
1361394215.941,88.23529411764706
1361394216.003,21.5063202247191
1361394216.066,14.929646596858639
1361394216.128,95.05208333333333
1361394216.549,116.11519607843138
1361394213.017,17.793909348441925
1361394213.081,498.046875
1361394214.553,250.0
1361394213.142,300.0
1361394213.205,130.01179245283018
1361394214.851,394.02173913043475
1361394213.91,18.617021276595743
1361394215.568,4.3244125326370755
1361394215.756,12.776243093922652
1361394215.819,27.00070821529745
1361394215.818,48.564189189189186
1361394215.817,12.386658031088084
1361394216.009,10.595316622691293
1361394216.07,12.092752659574469
1361394216.364,83.33333333333333
1361394218.492,565.625
1361394219.511,58.8235294117647
1361394220.136,73.06985294117648
1361394220.583,95.6896551724138
1361394216.866,115.38461538461539
1361394216.991,12.485565819861431
1361394217.243,331.0546875
1361394217.496,153.45982142857142
1361394217.748,310.26785714285717
1361394218.112,28.76984126984127
1361394218.359,16.917293233082706
1361394219.307,85.35879629629629
1361394219.37,18.29268292682927
1361394219.476,39.8936170212766
1361394219.538,91.14583333333333
1361394219.41,40.76086956521739
1361394219.727,139.09313725490196
1361394219.979,36.569148936170215
1361394216.81,34.198113207547166
1361394216.872,3.6786130536130535
1361394217.249,32.998251748251754
1361394217.439,171.5909090909091
1361394217.819,137.56793478260872
1361394217.818,94.31818181818181
1361394218.177,12.08941605839416
1361394218.432,125.0
1361394218.492,303.04276315789474
1361394219.414,53.385416666666664
1361394219.604,35.53921568627451
1361394219.666,109.375
1361394219.92,6.838905775075988
1361394220.362,363.14655172413796
1361394242.001,81.78191489361703
1361394242.362,105.71808510638297
1361394238.201,37.21910112359551
1361394238.264,43.67897727272727
1361394242.422,77.7439024390244
1361394239.861,55.67528735632184
1361394239.985,56.525735294117645
1361394240.679,57.112068965517246
1361394240.722,55.921052631578945
1361394243.913,113.63636363636363
1361394244.169,108.69565217391305
1361394238.784,40.89506172839506
1361394239.145,40.89506172839506
1361394241.64,52.98913043478261
1361394237.862,38.51744186046511
1361394242.081,56.81818181818181
1361394242.272,60.97560975609756
1361394222.515,4.858993902439025
1361394235.598,115.5849358974359
1361394172.807,27645.90315013405
1361394228.807,53.65444214876033
1361394220.898,7.467532467532467
1361394221.482,1524.639423076923
1361394223.058,4297.462406015038
1361394223.948,6.323313782991202
1361394224.01,27.151639344262293
1361394236.69,48.007246376811594
1361394222.787,169.08482142857142
1361394221.377,120.3125
1361394221.664,90.27777777777777
1361394221.724,1068.75
1361394223.612,39.8936170212766
1361394223.611,21.27659574468085
1361394223.736,141.17324561403507
1361394223.987,8.771929824561402
1361394224.238,94.6514423076923
1361394224.366,83.0223880597015
1361394224.47,76.9589552238806
1361394222.476,102.5390625
1361394222.475,62.5
1361394221.066,19.357435597189696
1361394221.314,34.466911764705884
1361394221.481,10.61395202020202
1361394221.543,270.8333333333333
1361394221.543,147.72727272727275
1361394221.543,147.72727272727275
1361394221.542,541.6666666666666
1361394221.542,180.55555555555554
1361394223.013,30.0
1361394222.949,100.44642857142857
1361394223.075,38.46153846153847
1361394221.729,22.358425414364643
1361394223.201,84.56387362637363
1361394221.791,9.04392764857881
1361394221.791,44.899425287356316
1361394221.955,556.25
1361394223.741,1546.875
1361394224.119,29.328208556149733
1361394224.539,56.640625
1361394225.88,116.47727272727272
1361394225.12,59.18560606060606
1361394226.674,16.091417910447763
1361394227.202,109.375
1361394227.201,750.0
1361394227.39,5559.695512820513
1361394227.39,155.3001519756839
1361394227.454,35.47054597701149
1361394227.453,93.75
1361394227.893,132.19246031746033
1361394228.021,156.25
1361394228.337,127.36742424242425
1361394228.401,386.0887096774194
1361394228.46,750.0
1361394228.207,234.70222513089007
1361394228.633,1500.0
1361394228.372,265.36885245901635
1361394228.372,392.1618852459016
1361394224.788,16.39851485148515
1361394224.977,30.0
1361394224.913,30.612244897959183
1361394224.977,113.63636363636363
1361394225.353,15.625
1361394225.65,18.87531328320802
1361394225.839,90.0
1361394226.405,384.82730263157896
1361394226.595,40.90909090909091
1361394226.721,40.625
1361394227.268,109.375
1361394227.075,90.40178571428571
1361394227.266,39.473684210526315
1361394227.328,23.4375
1361394227.324,27.475421348314605
1361394227.58,132.24085365853657
1361394227.392,23.076923076923077
1361394227.645,18.028846153846153
1361394228.199,214.28571428571428
1361394228.199,101.79924242424244
1361394228.262,265.36885245901635
1361394245.271,65.78947368421052
1361394245.458,120.26515151515152
1361394249.807,357.14285714285717
1361394254.006,357.14285714285717
1361394254.005,1256.6964285714287
1361394247.796,86.20689655172414
1361394250.67,416.6666666666667
1361394250.796,611.9791666666666
1361394250.983,357.14285714285717
1361394251.108,859.375
1361394248.641,83.33333333333333
1361394243.709,555.8431952662722
1361394251.64,416.6666666666667
1361394251.704,277.77777777777777
1361394252.894,416.6666666666667
1361394252.956,348.2142857142857
1361394253.211,192.30769230769232
1361394245.399,73.86363636363637
1361394249.559,357.14285714285717
1361394247.126,100.0
1361394249.621,416.6666666666667
1361394253.525,277.77777777777777
1361394247.125,75.75757575757576
1361394247.188,81.25
1361394253.587,250.0
1361394245.775,80.64516129032258
1361394247.415,138.02083333333334
1361394247.479,39.67696629213483
1361394250.478,304.6875
1361394250.667,955.7291666666666
1361394250.983,500.0
1361394248.229,73.86363636363637
1361394251.148,500.0
1361394251.273,357.14285714285717
1361394251.644,378.47222222222223
1361394244.606,86.99324324324324
1361394251.71,208.33333333333334
1361394244.605,69.64285714285714
1361394251.901,348.2142857142857
1361394252.027,406.25
1361394252.2,268.2291666666667
1361394252.517,270.8333333333333
1361394230.851,121.70251623376623
1361394247.457,143.54556074766356
1361394230.399,16.4453125
1361394228.987,53.30882352941176
1361394230.645,46.875
1361394229.108,13.563368055555555
1361394229.233,214.28571428571428
1361394229.232,11.196524064171122
1361394230.956,7.950530035335689
1361394229.399,2687.5
1361394229.525,221.54017857142858
1361394231.121,45.21570796460177
1361394231.494,212.12121212121212
1361394230.07,125.0
1361394230.005,1500.0
1361394232.233,217.01388888888889
1361394230.343,100.0
1361394230.403,435.26785714285717
1361394230.402,4.385964912280701
1361394230.402,107.14285714285714
1361394229.179,42.857142857142854
1361394229.114,1500.0
1361394229.238,11.802256532066508
1361394230.815,236.45833333333331
1361394230.814,156.25
1361394229.466,31.25
1361394229.53,142.36111111111111
1361394231.001,51.724137931034484
1361394231.311,53.65794573643411
1361394230.067,172.95258620689654
1361394230.066,38.46153846153847
1361394230.127,150.0
1361394230.191,198703.125
1361394231.98,129.53629032258067
1361394232.359,1500.0
1361394232.59,9.162303664921465
1361394233.224,53.82740825688073
1361394234.368,6.862017804154303
1361394234.883,13.34313118811881
1361394236.779,68.76128158844766
1361394233.102,53.75
1361394233.165,16.820987654320987
1361394234.156,1125.0
1361394234.469,133.33333333333334
1361394234.595,42.74764150943396
1361394234.594,33.988402061855666
1361394235.225,117.91237113402062
1361394235.589,66.25
1361394235.97,121.18055555555556
1361394235.964,130.37109375
1361394236.475,122.98387096774194
1361394236.41,344.7916666666667
1361394236.473,89.55223880597015
1361394236.473,39.8936170212766
1361394236.6,105.75181159420289
1361394236.532,23.068985849056602
1361394236.663,53.14490445859873
1361394232.984,79.21511627906978
1361394233.115,192.1875
1361394233.241,17.111182519280206
1361394233.429,40.54054054054054
1361394233.429,43.75
1361394233.934,9.561567164179104
1361394234.227,5.653266331658291
1361394234.348,8.474576271186441
1361394234.351,10.044642857142858
1361394234.667,10.146103896103895
1361394234.857,215.74519230769232
1361394234.793,93.75
1361394234.792,15.957446808510637
1361394234.856,15.957446808510637
1361394235.171,115.234375
1361394235.466,5875.0
1361394235.529,21.155973451327434
1361394235.908,28.645833333333332
1361394236.034,39.8936170212766
1361394236.222,500.0
1361394236.285,39.8936170212766
1361394254.929,147.05882352941177
1361394258.18,42.46794871794872
1361394258.855,147.05882352941177
1361394259.591,247.39583333333334
1361394259.779,178.57142857142858
1361394259.843,138.88888888888889
1361394260.543,229.91071428571428
1361394260.926,138.88888888888889
1361394257.374,494.7916666666667
1361394254.936,149.67105263157896
1361394255.063,147.05882352941177
1361394261.463,169.4078947368421
1361394258.734,152.34375
1361394256.297,162.5
1361394254.502,166.66666666666666
1361394256.612,192.30769230769232
1361394259.618,269.8863636363636
1361394254.604,122.76785714285714
1361394259.977,227.27272727272725
1361394260.549,96.875
1361394260.867,207.58928571428572
1361394239.074,49.65538847117794
1361394236.977,6.6214470284237725
1361394236.976,21.33054892601432
1361394237.101,233.69565217391306
1361394237.226,35.17964071856287
1361394237.288,1430.064655172414
1361394237.414,74.89809782608695
1361394237.45,26.541095890410958
1361394237.514,18.40277777777778
1361394237.575,59.62643678160919
1361394237.575,97.69917582417582
1361394237.701,5.208333333333333
1361394237.762,13.924870466321243
1361394239.233,38.8986013986014
1361394237.884,74.89809782608695
1361394238.075,12.069610778443113
1361394239.775,123.10606060606061
1361394239.775,63.16254416961131
1361394240.277,25.862068965517242
1361394240.336,91.36652542372882
1361394240.529,125.55803571428572
1361394240.642,39.8936170212766
1361394240.77,126.64226726726727
1361394238.273,31.69014084507042
1361394238.397,324.65277777777777
1361394236.986,75.14880952380952
1361394237.113,19.642857142857142
1361394237.113,34.274193548387096
1361394237.108,20.348837209302328
1361394237.172,30.0
1361394237.175,59.39275568181819
1361394238.646,49.27884615384615
1361394237.296,7.703488372093023
1361394237.457,9.150552486187845
1361394237.521,71.76598837209302
1361394239.172,7.562785388127853
1361394239.363,80.19301470588236
1361394239.363,106.15808823529412
1361394238.018,40.396341463414636
1361394238.121,65.44117647058823
1361394239.651,64.90384615384616
1361394244.809,93.62696850393701
1361394241.088,56.25
1361394241.468,750.0
1361394243.255,4.335260115606936
1361394243.191,22.114071038251367
1361394243.252,750.0
1361394243.44,7.198033707865169
1361394243.758,36.58536585365854
1361394243.885,4.3019480519480515
1361394243.755,234.375
1361394244.196,125.0
1361394244.322,828.125
1361394244.552,21.891937669376695
1361394240.901,236.60714285714286
1361394240.963,101.5625
1361394241.026,133.1521739130435
1361394241.089,75.06127450980392
1361394241.151,500.0
1361394241.214,14.683734939759036
1361394241.339,9.064016990291261
1361394241.83,196.09375
1361394242.588,750.0
1361394242.652,750.0
1361394242.714,220.42410714285714
1361394243.128,132.5
1361394243.191,22.578983516483515
1361394243.254,19.50354609929078
1361394243.315,225.85227272727275
1361394243.567,162.20238095238096
1361394243.695,4.491017964071856
1361394244.072,66.48550724637681
1361394244.177,625.0
1361394244.369,280.41294642857144
1361394244.556,118.66554054054055
1361394244.619,20.98742603550296
1361394265.425,208.8815789473684
1361394263.302,121.875
1361394266.534,312.5
1361394258.405,8.905440414507773
1361394266.849,500.0
1361394263.905,90.27777777777777
1361394264.028,138.88888888888889
1361394262.486,156.25
1361394262.529,166.66666666666666
1361394267.648,201.171875
1361394268.023,131.57894736842104
1361394268.214,69.44444444444444
1361394263.6,105.97826086956522
1361394263.725,121.875
1361394266.859,243.75
1361394267.359,119.04761904761904
1361394267.654,178.57142857142858
1361394264.454,100.0
1361394262.597,208.33333333333334
1361394262.596,181.640625
1361394245.065,8.75
1361394245.345,44.921875
1361394245.345,5.708430913348947
1361394245.412,26.551573426573427
1361394248.666,1549.2788461538462
1361394245.396,12.624414519906324
1361394247.293,185.08522727272728
1361394244.893,133.99621212121212
1361394246.488,17.241379310344826
1361394246.555,21.86734068627451
1361394246.552,111.1111111111111
1361394245.016,1145.8333333333333
1361394246.679,117.6470588235294
1361394245.015,160.98484848484847
1361394246.741,16.470682989690722
1361394245.141,5.639097744360902
1361394245.141,48.387096774193544
1361394246.74,19.36619718309859
1361394245.265,19.736842105263158
1361394246.927,31.914893617021274
1361394246.964,19.50354609929078
1361394247.03,19.50354609929078
1361394247.093,35.37735849056604
1361394247.154,8.797653958944283
1361394247.341,12.003311258278146
1361394246.086,27.66768292682927
1361394248.003,6.147540983606557
1361394248.002,6.725721784776903
1361394248.128,35.53921568627451
1361394248.571,98.6842105263158
1361394246.312,750.0
1361394246.375,328.90625
1361394246.499,500.0
1361394246.626,384.24744897959187
1361394246.562,17.703005115089514
1361394246.749,19.50354609929078
1361394245.615,217.54807692307693
1361394248.325,36.98979591836735
1361394248.384,19.784172661870503
1361394248.43,36.98979591836735
1361394249.742,11.169201520912548
1361394250.572,2934.375
1361394249.058,41.32401315789474
1361394250.455,15.059192200557103
1361394249.132,30.795304232804234
1361394249.82,16.981792717086833
1361394250.621,19.50354609929078
1361394251.297,13.132911392405063
1361394251.297,166.66666666666666
1361394251.23,15.404307909604519
1361394251.795,22.877984084880637
1361394249.012,150.5681818181818
1361394250.0,13.854461756373938
1361394250.944,16.508676092544984
1361394251.011,13.160211267605634
1361394251.074,16.208333333333336
1361394251.073,59.401558073654385
1361394251.111,383.6805555555556
1361394251.424,654.6875
1361394251.676,17.545391061452513
1361394251.868,150.0
1361394252.185,11.284722222222221
1361394252.182,20.698635057471265
1361394252.502,11.558845029239766
1361394273.353,65.87837837837837
1361394273.479,69.44444444444444
1361394273.669,71.69117647058823
1361394269.882,53.42741935483871
1361394270.175,33.92857142857142
1361394272.158,69.19642857142857
1361394274.909,96.875
1361394272.285,56.81818181818181
1361394270.612,55.20833333333333
1361394275.539,60.9375
1361394272.953,67.56756756756756
1361394273.142,65.87837837837837
1361394276.277,75.75757575757576
1361394276.275,67.56756756756756
1361394276.849,92.59259259259258
1361394277.103,108.69565217391305
1361394268.718,148.30043859649123
1361394269.037,49.440298507462686
1361394269.101,62.019230769230774
1361394269.037,46.00694444444445
1361394273.577,91.96428571428572
1361394273.535,47.74305555555555
1361394269.498,61.01190476190476
1361394273.911,80.64516129032258
1361394271.35,67.60204081632654
1361394274.036,65.78947368421052
1361394274.099,78.125
1361394271.537,54.34782608695652
1361394269.936,42.3728813559322
1361394274.895,91.96428571428572
1361394275.211,58.13953488372093
1361394270.539,59.151785714285715
1361394276.077,124.0234375
1361394276.077,80.64516129032258
1361394276.078,80.64516129032258
1361394276.142,78.125
1361394276.651,92.59259259259258
1361394276.843,134.11458333333334
1361394276.97,165.36458333333334
1361394253.472,224.15865384615387
1361394254.421,20.703125
1361394252.946,19.50354609929078
1361394254.544,16.855314960629922
1361394253.132,17.339463840399002
1361394254.793,65.75520833333333
1361394253.254,14.61038961038961
1361394253.483,11.260269953051642
1361394253.731,306.8181818181818
1361394253.731,207.03125
1361394253.827,306.8181818181818
1361394253.952,33.55532786885246
1361394256.245,136.36363636363635
1361394253.297,485.6770833333333
1361394253.356,127.87624378109453
1361394253.356,9.433962264150942
1361394255.338,10.628172588832488
1361394253.543,660.9589041095891
1361394255.571,107.14285714285714
1361394253.894,81.88405797101449
1361394254.086,19.499663072776283
1361394254.149,6.181318681318681
1361394256.164,460.9375
1361394256.163,348.6328125
1361394256.167,33.266129032258064
1361394256.544,970.9821428571429
1361394256.604,166.66666666666666
1361394256.607,962.0535714285714
1361394258.246,271.36479591836735
1361394258.003,15.215355805243446
1361394259.707,588.0829015544041
1361394256.926,21.089901477832512
1361394257.114,375.0
1361394257.24,19.99080882352941
1361394257.491,4.373177842565598
1361394257.871,750.0
1361394257.936,25.87890625
1361394259.68,64.79166666666666
1361394260.059,19.8252688172043
1361394260.25,214.28571428571428
1361394260.377,185.76388888888889
1361394260.373,214.28571428571428
1361394260.5,12.941919191919192
1361394256.952,31.06778425655977
1361394257.94,18.595377604166668
1361394258.128,56.06617647058824
1361394258.063,20.493090452261306
1361394258.317,107.14285714285714
1361394258.82,14.105902777777779
1361394258.883,15.503246753246753
1361394260.506,516.9270833333334
1361394278.952,73.52941176470588
1361394279.139,60.97560975609756
1361394285.793,726.5625
1361394279.329,74.85465116279069
1361394281.888,76.48026315789473
1361394277.792,169.4078947368421
1361394279.58,67.60204081632654
1361394278.269,125.0
1361394280.058,58.1140350877193
1361394280.119,68.32627118644068
1361394280.433,74.65277777777777
1361394283.823,159.7222222222222
1361394283.631,113.63636363636363
1361394284.315,132.10227272727275
1361394284.823,153.27380952380955
1361394284.951,146.3068181818182
1361394281.301,58.1140350877193
1361394277.583,113.63636363636363
1361394281.805,64.14473684210527
1361394279.307,54.34782608695652
1361394282.098,65.78947368421052
1361394279.601,72.52358490566039
1361394279.66,59.151785714285715
1361394279.727,36.93181818181819
1361394279.853,59.151785714285715
1361394280.043,100.87985436893204
1361394282.857,136.85344827586206
1361394283.46,139.94565217391306
1361394280.708,69.01041666666667
1361394280.898,54.34782608695652
1361394285.242,139.94565217391306
1361394287.389,704.4270833333334
1361394262.722,23.4375
1361394260.895,21.541666666666668
1361394260.957,124.0234375
1361394262.869,235.67708333333334
1361394261.366,43.55053191489362
1361394261.364,82.08427601809954
1361394261.49,37.760416666666664
1361394263.276,571.1805555555555
1361394263.65,52.42846385542169
1361394264.38,16.137295081967213
1361394264.62,71.42857142857143
1361394261.209,187.5
1361394261.308,14.229910714285714
1361394263.95,248.046875
1361394268.367,8.357558139534882
1361394266.168,123.9207957957958
1361394266.294,95.5991124260355
1361394266.801,125.24801587301587
1361394267.552,114.58333333333333
1361394268.631,42.133309248554916
1361394265.866,17.053571428571427
1361394265.67,17.341040462427745
1361394265.669,20.192307692307693
1361394265.986,6.540697674418605
1361394266.049,27.56320224719101
1361394266.113,39.8936170212766
1361394266.478,24.044689119170982
1361394266.476,12.166030534351144
1361394266.918,11.029411764705882
1361394266.982,90.46052631578948
1361394267.397,121.78308823529412
1361394267.902,651.8485915492957
1361394268.635,340.35326086956525
1361394265.424,15.015668523676881
1361394265.42,19.237465181058496
1361394265.551,14.480633802816902
1361394265.614,34.914083557951486
1361394265.678,22.277227722772277
1361394265.867,722.2222222222222
1361394265.867,11.257204610951009
1361394265.91,20.74548192771084
1361394265.91,486.328125
1361394266.162,9.597378277153558
1361394266.226,17.434210526315788
1361394266.226,195.77205882352942
1361394266.225,21.227134146341466
1361394266.224,356.0267857142857
1361394266.477,8.720930232558139
1361394266.476,11.09490171990172
1361394266.476,267.11309523809524
1361394266.791,552.0833333333334
1361394268.094,114.65992647058823
1361394268.215,91.48550724637681
1361394268.579,5703.125
1361394289.49,98.5576923076923
1361394287.056,384.9431818181818
1361394289.931,51.7578125
1361394286.38,312.5
1361394290.603,107.06018518518519
1361394286.442,357.14285714285717
1361394288.166,286.4583333333333
1361394288.734,178.57142857142858
1361394289.031,416.6666666666667
1361394291.91,76.48026315789473
1361394292.228,71.69117647058823
1361394292.481,71.42857142857143
1361394289.72,69.01041666666667
1361394287.159,500.0
1361394290.33,63.70192307692307
1361394290.394,71.18055555555556
1361394286.361,357.14285714285717
1361394288.145,2272.4609375
1361394290.832,108.01630434782608
1361394288.208,406.25
1361394288.504,187.5
1361394291.059,118.30357142857143
1361394288.882,312.5
1361394291.441,134.29054054054055
1361394292.269,65.78947368421052
1361394293.035,96.15384615384616
1361394269.503,39.81481481481482
1361394270.478,104.16666666666667
1361394270.603,99.53703703703704
1361394270.728,114.58333333333333
1361394269.248,100.3024193548387
1361394271.765,10.785398230088495
1361394271.807,375.0
1361394271.743,186.4346590909091
1361394269.95,126.98863636363636
1361394269.947,60.15625
1361394270.011,197.2489316239316
1361394272.12,136.1228813559322
1361394272.12,60.416666666666664
1361394272.243,118.9236111111111
1361394272.369,23.02631578947368
1361394272.433,6.097560975609756
1361394272.608,170.60810810810813
1361394268.819,24.193548387096772
1361394268.822,23.809523809523807
1361394269.01,9.64954780361757
1361394269.135,23.809523809523807
1361394269.07,45.76880530973451
1361394270.9,143.68872549019608
1361394269.171,83.5813492063492
1361394269.481,7.962740384615384
1361394271.272,61.86740890688259
1361394271.396,99.18478260869564
1361394269.729,72.91666666666667
1361394269.833,24.59016393442623
1361394271.753,104.72074468085106
1361394272.128,89.40972222222223
1361394272.253,31.142241379310345
1361394272.475,39.0625
1361394272.478,102.16346153846153
1361394272.414,159.12828947368422
1361394272.605,102.61824324324324
1361394272.476,112.98076923076923
1361394272.785,1679.291474654378
1361394275.721,95.02032520325203
1361394276.287,2926.2907608695655
1361394273.196,10.14859068627451
1361394273.132,18.222799511002446
1361394273.45,102.70833333333333
1361394273.449,11.115771812080537
1361394273.576,122.47983870967742
1361394273.702,36.58536585365854
1361394273.828,500.0
1361394273.892,16.635572139303484
1361394273.955,45.550847457627114
1361394273.954,7.936507936507936
1361394274.18,9.0
1361394274.18,163.35227272727275
1361394274.432,118.56617647058823
1361394274.622,35.79851752021564
1361394274.748,11.787280701754387
1361394275.001,31.25
1361394275.19,14.123376623376624
1361394275.615,32.37951807228916
1361394275.804,161.30514705882354
1361394275.484,21.577380952380953
1361394275.484,123.16176470588236
1361394275.483,709.7464470284239
1361394275.989,14.787946428571429
1361394276.434,14.200621546961326
1361394273.02,13.859029484029483
1361394273.715,110.41666666666666
1361394274.064,62.6717032967033
1361394274.632,105.26315789473684
1361394274.695,9.150552486187845
1361394274.885,16.01957070707071
1361394274.756,46.49390243902439
1361394274.943,13.651315789473685
1361394275.495,272.52906976744185
1361394275.558,33.46994535519126
1361394275.494,13.48514211886305
1361394275.621,133.04924242424244
1361394275.934,140.625
1361394276.125,173.7689393939394
1361394276.061,14.900662251655628
1361394276.188,153.93518518518516
1361394277.504,167.96875
1361394277.375,18.609550561797754
1361394297.683,147.05882352941177
1361394295.063,104.16666666666667
1361394295.188,96.15384615384616
1361394297.939,529.6875
1361394298.003,128.28947368421055
1361394298.571,189.33823529411765
1361394294.322,119.04761904761904
1361394295.79,138.88888888888889
1361394298.989,119.04761904761904
1361394295.852,233.4558823529412
1361394299.747,119.04761904761904
1361394296.841,166.66666666666666
1361394300.105,155.2734375
1361394296.968,178.57142857142858
1361394284.678,17.766497461928935
1361394300.164,83.33333333333333
1361394300.354,73.86363636363637
1361394297.341,112.61792452830188
1361394293.5,126.35869565217392
1361394289.764,36.221590909090914
1361394297.89,147.05882352941177
1361394297.954,166.66666666666666
1361394295.455,669.3209134615385
1361394298.27,227.27272727272725
1361394294.107,174.7159090909091
1361394295.448,669.3209134615385
1361394298.584,138.88888888888889
1361394298.772,131.57894736842104
1361394298.772,119.04761904761904
1361394299.385,198.4375
1361394296.119,227.27272727272725
1361394299.51,113.63636363636363
1361394296.246,227.27272727272725
1361394296.878,247.59615384615387
1361394300.625,100.0
1361394301.071,96.15384615384616
1361394287.384,9.21474358974359
1361394280.284,9.981187290969899
1361394278.56,20.20404884318766
1361394278.555,31.850961538461537
1361394277.023,6.495098039215686
1361394278.622,33.125
1361394277.21,13.897058823529411
1361394278.873,32.47549019607843
1361394278.936,1812.5
1361394277.503,34.198113207547166
1361394279.166,14.090050377833753
1361394279.29,9.573699421965319
1361394277.69,407.16911764705884
1361394279.353,99.33035714285714
1361394277.817,30.807365439093484
1361394278.066,25.852958937198068
1361394280.358,79.12234042553192
1361394280.613,38.51744186046511
1361394280.612,22.245762711864405
1361394280.676,126.69836956521738
1361394276.75,266.22596153846155
1361394278.285,22.9221635883905
1361394276.812,637.1527777777778
1361394277.188,478.125
1361394278.787,30.0
1361394277.736,84.03201219512195
1361394279.077,117.80753968253968
1361394279.33,100.16741071428571
1361394279.393,82.36228813559322
1361394279.391,94.30803571428571
1361394279.455,19.730548469387756
1361394279.042,27.410279805352797
1361394280.743,100.98379629629629
1361394281.059,68.15159574468085
1361394280.849,113.7609649122807
1361394282.589,50.75065274151436
1361394282.716,94.49404761904762
1361394280.866,63.988095238095234
1361394280.866,63.988095238095234
1361394281.18,37.94642857142857
1361394281.307,101.15131578947368
1361394281.749,104.46428571428572
1361394281.749,750.0
1361394281.812,11.363636363636363
1361394281.875,19.36619718309859
1361394282.002,19.48051948051948
1361394282.002,125.0
1361394282.232,22.321428571428573
1361394282.295,16.9971671388102
1361394282.359,112.5
1361394282.543,12.378246753246755
1361394282.674,250.9765625
1361394282.799,61.197916666666664
1361394283.053,14.73335597826087
1361394283.051,16.646798365122617
1361394283.481,18.416666666666668
1361394283.735,2250.0
1361394284.049,12.674825174825173
1361394284.049,13.93581081081081
1361394284.368,48.34905660377359
1361394280.797,24.752475247524753
1361394282.112,135.28963414634146
1361394282.112,95.80592105263158
1361394282.428,46.135979729729726
1361394282.491,908.8541666666666
1361394282.491,54.92424242424242
1361394282.554,81.43939393939394
1361394282.914,18.656716417910445
1361394283.042,26.717557251908396
1361394283.295,49.81884057971014
1361394283.738,790.1785714285714
1361394283.802,260.81730769230774
1361394284.596,29.41176470588235
1361394284.722,40.27777777777778
1361394284.722,7.9113924050632916
1361394285.038,6703.125
1361394285.037,33.56481481481482
1361394285.228,37.234042553191486
1361394305.416,96.15384615384616
1361394301.446,97.5
1361394305.73,116.25
1361394305.793,101.5625
1361394285.824,8.808724832214764
1361394306.295,92.59259259259258
1361394302.138,78.125
1361394302.307,60.97560975609756
1361394303.903,60.97560975609756
1361394306.908,132.10227272727275
1361394307.158,105.97826086956522
1361394302.741,64.1025641025641
1361394304.402,81.25
1361394305.272,96.15384615384616
1361394308.533,119.04761904761904
1361394301.105,78.125
1361394305.454,89.28571428571429
1361394301.422,104.16666666666667
1361394305.517,116.25
1361394305.517,96.15384615384616
1361394303.02,44.070512820512825
1361394285.651,148.58678343949043
1361394302.44,65.78947368421052
1361394307.174,119.04761904761904
1361394307.174,110.79545454545455
1361394304.861,78.62903225806451
1361394307.994,208.33333333333334
1361394284.987,218.26923076923077
1361394285.368,792.0585558252427
1361394287.333,106.16289198606272
1361394287.397,5.445075757575758
1361394287.02,28.71726932668329
1361394287.277,29.58984375
1361394287.907,15.270892351274789
1361394286.378,25.79225352112676
1361394284.967,6.6386010362694305
1361394286.623,15.457439678284182
1361394286.623,1625.110815602837
1361394286.75,19.176136363636363
1361394285.435,635.4166666666666
1361394285.565,15.885416666666666
1361394287.036,24.42617866004963
1361394287.283,22.591817010309278
1361394287.469,23.073630136986303
1361394286.169,4.322766570605188
1361394287.702,14.656007751937985
1361394287.765,318.359375
1361394286.227,383.33333333333337
1361394284.846,375.0
1361394284.968,20.12108262108262
1361394285.096,34.277065527065524
1361394285.03,13.558884297520661
1361394286.565,150.0
1361394285.157,12.756849315068493
1361394285.156,7141.927083333333
1361394285.281,1239.5833333333333
1361394287.172,141.91176470588235
1361394285.762,13.345490716180372
1361394287.356,43.55053191489362
1361394286.051,38.05147058823529
1361394287.584,236.60714285714286
1361394287.583,34.869350282485875
1361394287.646,477.9829545454545
1361394287.646,391.4930555555556
1361394288.896,471.3541666666667
1361394289.023,19.50354609929078
1361394289.148,104.91071428571429
1361394289.275,409.27419354838713
1361394289.401,6.446991404011461
1361394289.592,1500.0
1361394291.443,154.22453703703704
1361394289.308,113.97879464285714
1361394289.37,41.57838983050848
1361394288.869,262.11564171122996
1361394288.931,2250.0
1361394289.184,17.928439803439804
1361394289.247,66.33254716981132
1361394289.374,19.627463054187192
1361394289.816,19.6875
1361394289.98,63.07870370370371
1361394290.735,5.7251908396946565
1361394290.734,24.402006172839506
1361394291.158,141.0590277777778
1361394291.157,4.626396648044693
1361394291.411,135.7142857142857
1361394291.345,103.20723684210527
1361394291.535,152.46212121212122
1361394291.534,117.62152777777777
1361394292.65,8.98972602739726
1361394289.061,9.615384615384617
1361394289.731,120.57783018867924
1361394289.921,119.89795918367346
1361394290.787,86.75986842105263
1361394292.608,127.11148648648648
1361394293.402,309.6590909090909
1361394293.336,118.30357142857143
1361394293.526,82.38636363636363
1361394313.456,48.65506329113924
1361394313.644,59.02777777777778
1361394311.08,57.112068965517246
1361394309.919,86.20689655172414
1361394311.518,24.484536082474225
1361394311.518,65.14830508474577
1361394311.748,44.166666666666664
1361394310.462,105.71808510638297
1361394312.124,44.166666666666664
1361394310.713,69.50431034482759
1361394312.564,44.80421686746988
1361394312.925,60.3515625
1361394313.649,41.396103896103895
1361394311.21,101.16525423728812
1361394311.336,56.14406779661017
1361394310.03,33.088235294117645
1361394311.692,24.133663366336634
1361394310.405,64.13810483870967
1361394310.719,56.14406779661017
1361394312.783,21.30681818181818
1361394295.487,14.74584398976982
1361394296.184,70.63953488372093
1361394293.543,34.375
1361394293.013,16.85855263157895
1361394294.484,9.445843828715367
1361394293.26,15.174278846153847
1361394293.448,14.297633495145632
1361394293.384,6.057919621749409
1361394295.016,10.714285714285714
1361394293.796,34.28477690288714
1361394295.203,105.06889763779527
1361394295.265,18.864829396325458
1361394294.212,247.96195652173913
1361394295.555,4.398826979472141
1361394295.619,848.8520408163265
1361394295.809,88.23529411764706
1361394295.871,358.1730769230769
1361394295.998,107.14285714285714
1361394296.378,309.1517857142857
1361394292.763,19.50354609929078
1361394294.298,8.321005917159765
1361394293.2,3.787878787878788
1361394293.259,18.13892326732673
1361394293.262,127.94194560669456
1361394293.325,15.711325966850831
1361394293.364,12.546758104738153
1361394293.363,9.760802469135802
1361394293.548,204.42708333333334
1361394293.611,17.230576441102755
1361394295.269,323.6607142857143
1361394296.81,157.76466836734693
1361394296.937,35.101540616246496
1361394296.935,23.93802228412256
1361394296.869,22.644927536231883
1361394296.933,211.45833333333334
1361394300.143,52.64487870619946
1361394297.065,218.75
1361394297.065,12.800762910798122
1361394297.255,27.193123393316196
1361394297.255,6.502890173410405
1361394297.444,6.521739130434782
1361394298.181,6.656804733727811
1361394298.308,12.191358024691358
1361394298.308,44.763513513513516
1361394298.687,156.25
1361394298.687,9.78053435114504
1361394298.874,2311.4224137931037
1361394299.0,210.5654761904762
1361394299.424,12.944034852546917
1361394300.181,141.82692307692307
1361394296.821,12.634569377990431
1361394297.135,6.5982404692082115
1361394297.262,12.309451219512196
1361394297.261,1500.0
1361394297.449,21.628878281622914
1361394297.513,10.997067448680353
1361394297.64,75.2840909090909
1361394297.704,13.714853300733497
1361394297.831,25.637135922330096
1361394298.972,15.306122448979592
1361394300.013,55.55555555555555
1361394300.012,34.85576923076923
1361394300.071,1718.75
1361394300.895,193.359375
1361394300.956,9.278711484593838
1361394301.21,53.64583333333333
1361394301.383,154.296875
1361394317.407,47.32142857142857
1361394325.471,290.625
1361394317.47,46.19565217391304
1361394325.591,250.0
1361394321.944,54.956896551724135
1361394321.943,29.633620689655174
1361394325.846,227.27272727272725
1361394325.971,227.27272727272725
1361394317.775,49.27884615384615
1361394317.904,36.80555555555556
1361394317.966,38.51744186046511
1361394314.493,44.763513513513516
1361394314.493,94.1722972972973
1361394314.619,30.303030303030305
1361394318.202,40.89506172839506
1361394314.745,23.83093525179856
1361394319.929,50.18939393939394
1361394314.745,40.396341463414636
1361394314.744,38.51744186046511
1361394322.808,29.575892857142858
1361394314.806,39.43452380952381
1361394315.187,43.58552631578947
1361394318.578,48.046875
1361394323.122,91.51785714285714
1361394320.176,36.401098901098905
1361394318.703,41.396103896103895
1361394315.31,41.40625
1361394320.619,52.57936507936508
1361394320.979,56.14406779661017
1361394315.667,40.89506172839506
1361394315.73,39.43452380952381
1361394321.105,53.42741935483871
1361394323.92,153.27380952380955
1361394324.237,119.04761904761904
1361394316.937,47.32142857142857
1361394317.0,46.00694444444445
1361394325.318,277.77777777777777
1361394317.318,48.007246376811594
1361394317.444,48.007246376811594
1361394317.481,40.348101265822784
1361394321.704,47.32142857142857
1361394319.139,43.07432432432432
1361394321.957,54.303278688524586
1361394317.732,49.76851851851852
1361394317.731,73.28869047619048
1361394314.015,44.166666666666664
1361394322.018,49.8046875
1361394325.794,178.57142857142858
1361394322.271,43.526785714285715
1361394319.391,27.941176470588236
1361394314.395,44.166666666666664
1361394318.105,40.89506172839506
1361394322.648,57.112068965517246
1361394322.616,73.29545454545453
1361394314.681,83.96084337349397
1361394318.264,41.93037974683544
1361394314.744,38.8719512195122
1361394314.807,39.351851851851855
1361394322.871,58.1140350877193
1361394322.87,40.625
1361394314.934,40.348101265822784
1361394319.988,62.98828125
1361394320.368,50.96153846153846
1361394315.312,90.50324675324676
1361394318.635,90.50324675324676
1361394320.494,93.26171875
1361394315.501,39.90963855421686
1361394321.065,55.20833333333333
1361394323.816,138.39285714285714
1361394315.816,48.046875
1361394321.128,97.84836065573771
1361394313.168,91.59482758620689
1361394315.92,90.50324675324676
1361394316.174,43.01948051948052
1361394316.046,84.98475609756098
1361394324.492,113.63636363636363
1361394324.172,93.75
1361394324.235,113.63636363636363
1361394316.235,51.68269230769231
1361394324.746,119.04761904761904
1361394316.744,43.07432432432432
1361394316.935,46.19565217391304
1361394317.059,48.713235294117645
1361394303.984,27.182334710743802
1361394304.228,8.522727272727272
1361394301.526,1539.4417475728155
1361394301.708,5.784254807692308
1361394302.343,10.48951048951049
1361394302.393,20.48938679245283
1361394302.64,120.42682926829268
1361394302.826,82.03125
1361394302.888,97.65625
1361394302.986,173.9309210526316
1361394301.578,187.97348484848487
1361394303.174,13.142123287671232
1361394301.887,13.751498800959233
1361394302.124,144.71726190476193
1361394303.845,6.773603723404255
1361394303.971,11.193347953216374
1361394302.455,99.50657894736842
1361394302.805,51.48498694516971
1361394302.868,146.6346153846154
1361394301.584,6.797316384180791
1361394301.77,36.58536585365854
1361394301.957,34.883720930232556
1361394301.936,156.59722222222223
1361394303.719,251.6891891891892
1361394305.583,4.451038575667656
1361394305.583,176.18534482758622
1361394305.39,8.081896551724139
1361394308.123,147.22938144329896
1361394306.992,97.82608695652175
1361394304.873,14.884663341645885
1361394304.936,16.574585635359114
1361394304.998,11.622536945812808
1361394304.998,199.09274193548387
1361394305.061,12.242268041237113
1361394305.061,19.41287878787879
1361394305.123,23.139880952380953
1361394305.313,502.2321428571429
1361394305.249,14.0625
1361394305.249,1184.8958333333333
1361394305.313,13.294956140350877
1361394305.376,79.76726726726727
1361394305.566,59.695512820512825
1361394306.008,1214.889705882353
1361394306.008,13.616645244215938
1361394306.008,674.921875
1361394305.988,602.6058631921825
1361394306.052,1210.9375
1361394306.24,13.829022988505747
1361394306.366,15.37566489361702
1361394306.618,4.065040650406504
1361394306.805,15.796232876712327
1361394307.413,254.93421052631575
1361394307.54,16.396103896103895
1361394307.666,187.5
1361394307.917,144.0972222222222
1361394308.107,51.424050632911396
1361394308.106,256.875
1361394308.17,303.66847826086956
1361394308.36,25.164019337016573
1361394308.654,23.995535714285715
1361394304.812,4.3478260869565215
1361394304.874,22.713032581453632
1361394305.127,552.0833333333334
1361394305.317,13.321045576407506
1361394305.38,9.902597402597403
1361394305.926,813.076331967213
1361394305.924,1637.8580729166667
1361394306.052,269.5761494252873
1361394306.047,27.731537530266344
1361394306.24,16.25631313131313
1361394306.303,122.20982142857143
1361394306.807,6.015625
1361394307.357,353.61842105263156
1361394308.736,955.7291666666666
1361394308.733,19.166076487252123
1361394309.66,71.78004143646409
1361394309.468,500.0
1361394329.484,119.04761904761904
1361394321.61,25.745738636363637
1361394329.924,138.88888888888889
1361394327.299,78.62903225806451
1361394330.24,85.4779411764706
1361394326.015,146.3068181818182
1361394330.366,75.75757575757576
1361394327.972,83.33333333333333
1361394331.167,93.75
1361394331.039,89.28571428571429
1361394328.222,52.083333333333336
1361394331.165,86.20689655172414
1361394328.348,83.33333333333333
1361394320.474,33.45959595959596
1361394331.481,73.52941176470588
1361394328.729,92.59259259259258
1361394331.566,80.64516129032258
1361394328.876,96.15384615384616
1361394331.628,266.1830357142857
1361394331.563,110.99137931034484
1361394328.935,92.59259259259258
1361394321.372,28.017241379310345
1361394325.339,93.75
1361394321.414,28.448275862068968
1361394321.477,27.534965034965037
1361394329.476,131.57894736842104
1361394327.105,92.59259259259258
1361394329.79,110.79545454545455
1361394329.916,92.59259259259258
1361394329.852,108.69565217391305
1361394327.354,78.4438775510204
1361394327.417,83.33333333333333
1361394330.163,83.33333333333333
1361394327.541,89.28571428571429
1361394327.538,90.8203125
1361394330.546,67.56756756756756
1361394330.525,83.33333333333333
1361394327.774,86.20689655172414
1361394326.301,96.15384615384616
1361394327.899,83.33333333333333
1361394328.403,60.9375
1361394326.61,92.59259259259258
1361394328.466,96.875
1361394323.345,45.37671232876713
1361394331.406,78.125
1361394328.973,100.0
1361394328.819,89.28571428571429
1361394328.882,100.0
1361394311.916,58.71757925072046
1361394312.49,62.0026525198939
1361394309.359,57.30540897097625
1361394310.999,113.95474137931035
1361394310.999,101.04166666666667
1361394309.587,276.84294871794873
1361394309.837,57.14285714285714
1361394311.498,111.77884615384616
1361394310.024,87.63586956521739
1361394311.624,107.26351351351352
1361394311.619,78.25413223140495
1361394312.042,35.53921568627451
1361394312.106,6.419573643410853
1361394312.421,112.95572916666667
1361394308.873,15.073529411764707
1361394310.345,108.86270491803279
1361394308.936,71.42857142857143
1361394308.934,12.164918414918414
1361394310.469,124.16294642857143
1361394310.468,83.78232758620689
1361394310.592,8.010786802030456
1361394309.179,117.1875
1361394310.717,107.52118644067797
1361394310.716,167.84274193548387
1361394310.839,90.83686440677965
1361394309.307,77.79255319148936
1361394310.899,86.59957627118645
1361394311.008,72.01086956521739
1361394311.134,61.141304347826086
1361394311.259,6.1072335025380715
1361394311.13,578.125
1361394311.256,39.8936170212766
1361394309.718,71.875
1361394311.988,91.2109375
1361394312.051,35.714285714285715
1361394312.491,77.92467948717949
1361394312.555,43.26923076923077
1361394313.245,366.7076167076167
1361394316.528,81.33802816901408
1361394314.772,26.013513513513516
1361394314.644,80.24088541666667
1361394316.477,58.30285904255319
1361394316.477,84.05412946428571
1361394312.935,9.615384615384617
1361394313.128,82.9326923076923
1361394313.127,7.667824074074074
1361394313.505,19.736842105263158
1361394313.631,100.29560810810811
1361394313.879,44.722576530612244
1361394313.946,119.39102564102565
1361394314.009,9.918811274509803
1361394314.18,71.61458333333333
1361394314.306,93.5617469879518
1361394314.305,72.33796296296296
1361394314.496,30.612244897959183
1361394314.432,50.54012345679013
1361394314.687,107.29166666666666
1361394314.999,88.60759493670886
1361394315.129,67.81914893617021
1361394315.255,107.00757575757576
1361394315.484,31.25
1361394315.545,34.61538461538462
1361394315.735,33.909574468085104
1361394315.735,32.608695652173914
1361394315.983,25.55717054263566
1361394316.114,104.72972972972973
1361394316.556,79.03079710144928
1361394316.682,138.4943181818182
1361394312.883,96.12341772151899
1361394312.945,5.064984709480122
1361394313.133,6.159855769230769
1361394313.385,76.64695945945945
1361394313.384,34.57446808510638
1361394313.448,25.862068965517242
1361394313.51,46.47435897435898
1361394313.763,85.8304794520548
1361394313.889,6.265281173594132
1361394313.889,101.24143835616438
1361394313.936,96.18506493506493
1361394314.0,72.77397260273973
1361394314.123,37.760416666666664
1361394314.123,67.27430555555556
1361394314.19,96.06481481481481
1361394314.252,27.05223880597015
1361394314.632,90.0
1361394314.694,77.53164556962025
1361394314.82,58.035714285714285
1361394314.946,92.62387387387388
1361394315.134,74.21875
1361394315.261,73.37816455696203
1361394315.488,68.87335526315789
1361394315.805,39.0625
1361394315.868,56.2900641025641
1361394316.738,19.290123456790123
1361394316.864,104.79166666666667
1361394316.864,53.7109375
1361394317.373,73.06338028169014
1361394317.308,269.7368421052632
1361394317.625,29.76190476190476
1361394335.146,37.5
1361394333.608,48.007246376811594
1361394326.173,396.11486486486484
1361394338.564,169.6068548387097
1361394326.404,85.77541493775934
1361394338.626,69.44444444444444
1361394334.272,54.303278688524586
1361394334.267,49.03846153846154
1361394339.067,100.5859375
1361394334.585,39.453125
1361394340.12,113.63636363636363
1361394332.948,31.25
1361394334.865,54.303278688524586
1361394337.424,84.70394736842105
1361394335.18,99.47916666666666
1361394337.719,69.44444444444444
1361394338.032,67.56756756756756
1361394336.333,62.5
1361394339.145,86.20689655172414
1361394336.456,202.51225490196077
1361394336.582,122.79929577464789
1361394336.582,67.05729166666667
1361394334.724,51.7578125
1361394339.65,64.18918918918918
1361394336.834,58.13953488372093
1361394339.839,96.15384615384616
1361394339.903,172.55434782608694
1361394332.414,59.151785714285715
1361394332.414,59.02777777777778
1361394332.477,57.36940298507463
1361394340.029,108.69565217391305
1361394332.605,54.303278688524586
1361394340.474,121.09375
1361394332.708,43.01948051948052
1361394318.185,38.15406976744186
1361394320.452,106.95684523809523
1361394318.4,63.48892405063292
1361394317.05,74.04891304347825
1361394317.049,18.570026178010473
1361394318.585,19.50354609929078
1361394318.585,56.60377358490566
1361394317.111,55.55555555555555
1361394318.71,40.76086956521739
1361394318.767,1500.0
1361394318.77,64.96710526315789
1361394318.832,85.53685897435898
1361394318.896,70.3125
1361394318.955,4.3604651162790695
1361394317.357,60.78506097560975
1361394317.461,84.20907079646017
1361394319.061,36.458333333333336
1361394317.461,36.98979591836735
1361394317.46,62.13235294117647
1361394317.522,6.457838479809976
1361394319.246,26.819620253164558
1361394319.245,38.04347826086957
1361394317.708,75.64786585365854
1361394319.306,166.66666666666666
1361394319.37,116.6044776119403
1361394317.833,28.846153846153847
1361394317.891,6.598907766990291
1361394317.958,53.125
1361394319.732,115.38461538461539
1361394319.603,66.40625
1361394319.666,19.642857142857142
1361394319.666,37.234042553191486
1361394318.191,140.625
1361394319.855,75.927734375
1361394319.98,89.66346153846153
1361394319.98,30.720338983050848
1361394320.168,142.93981481481484
1361394320.611,34.57446808510638
1361394320.738,54.408482142857146
1361394318.282,1125.0
1361394318.346,6.982288828337874
1361394316.935,28.846153846153847
1361394318.47,38.26530612244898
1361394318.531,24.701950867052023
1361394318.594,145.83333333333334
1361394317.12,1181.587837837838
1361394317.12,173.55371900826447
1361394317.119,173.55371900826447
1361394318.651,37.234042553191486
1361394317.243,1915.5011655011656
1361394317.305,53.81944444444445
1361394318.928,98.15140845070422
1361394317.453,29.41176470588235
1361394319.051,19.50354609929078
1361394317.511,81.51355421686748
1361394317.576,66.07680722891567
1361394319.175,40.289256198347104
1361394319.235,250.0
1361394319.427,40.816326530612244
1361394319.363,750.0
1361394317.826,26.20967741935484
1361394319.528,2250.0
1361394317.991,69.91185897435898
1361394319.523,20.27027027027027
1361394319.523,87.34939759036145
1361394319.59,15.625
1361394318.053,39.8936170212766
1361394319.589,58.110955056179776
1361394318.115,68.91025641025641
1361394318.115,4.0
1361394318.178,39.8936170212766
1361394321.474,67.54032258064515
1361394321.441,103.125
1361394321.769,33.24044585987261
1361394323.299,8.503401360544219
1361394323.489,19.066629955947135
1361394320.902,19.50354609929078
1361394321.153,14.096882640586797
1361394321.342,106.97115384615384
1361394321.979,36.09154929577465
1361394321.657,6.454659949622166
1361394322.205,18.821022727272727
1361394322.267,130.16732283464566
1361394322.33,19.16837431693989
1361394322.455,36.25
1361394322.962,39.8936170212766
1361394323.088,14.705882352941176
1361394323.277,46.875
1361394323.149,36.98979591836735
1361394323.341,54.4577205882353
1361394323.401,53.07904411764706
1361394323.401,204.54545454545456
1361394323.593,39.8936170212766
1361394323.577,125.0
1361394324.147,35.53921568627451
1361394324.144,78.32532051282051
1361394324.144,36.98979591836735
1361394320.874,8.43978102189781
1361394320.937,20.33730158730159
1361394321.04,13.392857142857142
1361394321.039,695.3125
1361394321.103,19.642857142857142
1361394321.164,19.50354609929078
1361394321.164,18.494897959183675
1361394321.794,24.53512396694215
1361394322.174,38.56382978723404
1361394322.237,19.781010230179028
1361394322.237,7.137883008356546
1361394322.973,52.15669014084507
1361394323.034,34.85576923076923
1361394323.097,39.8936170212766
1361394323.223,23.660714285714285
1361394323.414,19.50354609929078
1361394323.668,133.33333333333334
1361394323.668,37.5
1361394323.41,39.8936170212766
1361394323.899,73.63013698630137
1361394323.581,11.904761904761903
1361394323.644,19.159226190476193
1361394346.0,23558.035714285714
1361394346.378,192.30769230769232
1361394344.172,152.34375
1361394344.234,95.4861111111111
1361394344.488,185.546875
1361394344.487,147.05882352941177
1361394345.467,269.8863636363636
1361394345.534,277.77777777777777
1361394345.533,97.5
1361394343.328,192.30769230769232
1361394343.581,152.96052631578945
1361394343.517,147.05882352941177
1361394342.099,113.63636363636363
1361394346.707,108.69565217391305
1361394346.896,138.02083333333334
1361394347.086,70.47872340425532
1361394342.578,247.59615384615387
1361394344.817,166.66666666666666
1361394348.071,69.44444444444444
1361394348.453,71.42857142857143
1361394325.087,57.198660714285715
1361394327.691,197.08333333333334
1361394326.366,20.789930555555554
1361394325.144,826.171875
1361394325.206,6.416666666666667
1361394325.205,4.665492957746479
1361394326.803,16.435185185185183
1361394325.393,20.461309523809526
1361394326.864,57.69230769230769
1361394326.99,1396.484375
1361394327.343,34.94318181818182
1361394325.871,12.429862842892767
1361394325.996,188.57758620689654
1361394327.629,212.890625
1361394327.629,125.0
1361394327.818,77.11693548387098
1361394328.133,130.20833333333334
1361394328.133,235.9375
1361394328.132,151.40086206896552
1361394328.507,130.58035714285714
1361394328.637,53.42741935483871
1361394324.858,188.15104166666666
1361394325.087,4.335260115606936
1361394325.212,16.4495382585752
1361394326.974,51.724137931034484
1361394325.997,4.513888888888888
1361394327.957,21.710980662983427
1361394327.636,74.70703125
1361394328.209,214.375
1361394327.824,159.59821428571428
1361394329.398,122.68518518518519
1361394329.393,49.59753787878788
1361394329.693,36.26672240802675
1361394330.521,70.87053571428571
1361394330.762,21.470323741007192
1361394329.069,1534.973714953271
1361394329.386,193.54838709677418
1361394332.732,115.26442307692308
1361394329.085,224.4318181818182
1361394329.148,24.684565727699532
1361394329.275,38.46153846153847
1361394329.401,18.235381861575178
1361394329.528,3.7128712871287126
1361394329.464,41.666666666666664
1361394329.464,19.230769230769234
1361394329.464,120.0
1361394329.59,18.43525179856115
1361394329.717,9.397374701670644
1361394330.261,7.425742574257425
1361394330.449,246.09375
1361394330.637,167.06730769230768
1361394330.828,11.352848101265822
1361394330.825,243.86160714285714
1361394331.015,132.52314814814815
1361394331.206,32.07236842105264
1361394331.141,137.9310344827586
1361394331.499,31.202651515151516
1361394331.938,99.78070175438597
1361394332.065,107.421875
1361394332.129,92.72540983606557
1361394332.256,19.485294117647058
1361394332.635,25.43218085106383
1361394329.278,20.55722891566265
1361394329.404,39.473684210526315
1361394329.468,60.44407894736842
1361394329.467,9.868421052631579
1361394329.529,180.4956896551724
1361394329.72,27.604166666666664
1361394329.842,68.18181818181817
1361394329.846,538.7931034482759
1361394329.949,19.230769230769234
1361394329.949,1656.25
1361394330.073,5.03419452887538
1361394330.262,101.1029411764706
1361394331.955,157.71484375
1361394332.312,35.09963768115942
1361394332.82,150.05896226415095
1361394332.884,75.10080645161291
1361394333.259,65.625
1361394333.065,56.49038461538461
1361394333.192,21.08433734939759
1361394333.237,42.61363636363636
1361394353.359,85.26785714285714
1361394350.076,75.75757575757576
1361394350.119,63.75
1361394354.66,66.25
1361394351.714,46.00694444444445
1361394350.368,26.785714285714285
1361394351.903,100.9963768115942
1361394355.038,112.92613636363637
1361394352.029,46.875
1361394355.781,69.44444444444444
1361394352.516,52.57936507936508
1361394353.214,59.151785714285715
1361394341.363,458.5674157303371
1361394354.123,103.515625
1361394350.025,54.34782608695652
1361394351.625,64.61148648648648
1361394350.087,69.01041666666667
1361394354.503,53.191489361702125
1361394351.792,47.32142857142857
1361394354.799,108.01630434782608
1361394350.319,51.41129032258065
1361394352.772,93.26171875
1361394334.446,327.3246951219512
1361394336.099,229.8228346456693
1361394334.622,25.0
1361394334.748,54.790748898678416
1361394333.083,32.19039351851852
1361394334.87,28.846153846153847
1361394334.934,168.02536231884056
1361394333.372,24.0946261682243
1361394333.372,20.02535799522673
1361394335.036,39.8936170212766
1361394333.372,62.26325757575758
1361394335.289,1125.0
1361394335.699,6.399601063829787
1361394333.907,125.0
1361394334.152,75.0
1361394336.135,19.95127688172043
1361394336.131,109.375
1361394334.214,10.61320754716981
1361394336.387,162.2869318181818
1361394336.495,349.15865384615387
1361394334.381,171.875
1361394334.63,10.82516339869281
1361394334.692,28.846153846153847
1361394334.752,15.50229057591623
1361394333.122,21.852625298329354
1361394333.126,214.28571428571428
1361394333.25,12.740384615384615
1361394334.03,9.74025974025974
1361394336.017,18.258426966292134
1361394338.084,16.202059659090907
1361394338.979,7.68716577540107
1361394337.321,41.666666666666664
1361394337.573,31.914893617021274
1361394337.7,106.33680555555556
1361394338.371,107.5
1361394338.56,14.52250608272506
1361394338.624,1125.0
1361394338.749,1125.0
1361394339.317,1500.0
1361394339.43,61.76215277777778
1361394339.493,139.61693548387098
1361394337.586,86.30952380952381
1361394337.586,7.672991071428571
1361394338.258,9.25925925925926
1361394338.511,750.0
1361394338.573,8.849557522123893
1361394339.013,112.06896551724138
1361394339.013,22.131962864721487
1361394339.14,234.97596153846155
1361394339.14,33.76340482573727
1361394339.139,14.705882352941176
1361394341.17,441.1057692307692
1361394341.489,13.827054794520548
1361394341.489,12.602179836512262
1361394361.337,125.0
1361394358.904,113.63636363636363
1361394357.74,75.75757575757576
1361394357.866,80.64516129032258
1361394359.754,156.25
1361394360.01,72.44318181818183
1361394362.698,167.27941176470588
1361394360.134,97.84836065573771
1361394362.885,111.77884615384616
1361394355.01,118.125
1361394360.386,64.14473684210527
1361394360.489,101.40306122448979
1361394360.995,134.11458333333334
1361394358.847,96.15384615384616
1361394359.036,100.0
1361394358.972,121.09375
1361394361.654,138.88888888888889
1361394357.624,85.4779411764706
1361394359.285,125.0
1361394362.035,243.75
1361394362.52,247.59615384615387
1361394358.231,90.27777777777777
1361394360.017,25.87890625
1361394360.431,71.42857142857143
1361394363.81,62.5
1361394356.382,58.035714285714285
1361394349.62,22.17568728522337
1361394341.229,6.417410714285714
1361394341.543,85.14300847457628
1361394342.942,33.210551330798474
1361394342.996,37.45104438642298
1361394342.402,20.613456464379947
1361394340.993,13.61498786407767
1361394341.057,18.18181818181818
1361394341.305,15.398550724637682
1361394341.305,78.86904761904762
1361394342.903,19.36141304347826
1361394343.03,750.0
1361394341.429,67.1875
1361394343.07,16.961898395721924
1361394343.381,374.0234375
1361394343.444,17.796321525885556
1361394343.506,13.917349726775956
1361394342.196,169.83695652173913
1361394343.919,12.25328947368421
1361394342.186,136.85344827586206
1361394343.853,18.513997395833332
1361394342.414,534.1911764705882
1361394340.941,69.01041666666667
1361394341.067,27.027027027027028
1361394341.253,282.36607142857144
1361394341.187,718.75
1361394341.477,20.774647887323944
1361394343.205,20.982142857142854
1361394341.601,20.38921188630491
1361394343.391,8.746355685131196
1361394343.388,1500.0
1361394342.106,117.07427536231884
1361394341.913,156.25
1361394341.976,22.727272727272727
1361394344.932,72.63513513513513
1361394344.931,9.555785123966942
1361394344.995,70.72368421052632
1361394344.736,92.0138888888889
1361394345.499,20.681486880466473
1361394345.562,17.280910326086957
1361394345.289,271.4285714285714
1361394345.3,246.09375
1361394345.107,140.0
1361394345.546,17.19141604010025
1361394345.61,40.819377990430624
1361394345.608,823.4554597701149
1361394345.798,15.05442415730337
1361394345.797,500.0
1361394346.029,533.8541666666666
1361394346.218,476.81451612903226
1361394346.217,21.501068376068375
1361394346.341,11.585582386363637
1361394346.533,1500.0
1361394346.66,219.79166666666666
1361394346.658,21.97128851540616
1361394347.039,709.1346153846155
1361394347.084,500.0
1361394347.339,100.0
1361394344.991,159.98505976095618
1361394345.118,21.792763157894736
1361394345.118,20.070043103448278
1361394345.117,11.017628205128206
1361394345.117,16.1716472303207
1361394345.181,14.900662251655628
1361394345.56,750.0
1361394345.619,300.0
1361394346.034,102.94117647058823
1361394346.034,13.350474683544304
1361394346.097,16.16915422885572
1361394346.287,117.6470588235294
1361394346.223,19.50354609929078
1361394346.287,31.608166189111746
1361394346.413,750.0
1361394346.73,750.0
1361394346.856,305.05952380952385
1361394347.024,50.20680147058824
1361394348.277,13.294198895027625
1361394348.209,116.58653846153847
1361394348.524,128.03819444444446
1361394373.583,189.33823529411765
1361394366.078,78.125
1361394367.787,147.05882352941177
1361394367.658,147.05882352941177
1361394366.244,100.0
1361394362.723,134.48275862068965
1361394368.224,208.33333333333334
1361394366.366,100.0
1361394371.166,188.98809523809524
1361394368.348,132.21153846153845
1361394371.228,138.1578947368421
1361394366.616,113.63636363636363
1361394368.831,156.25
1361394372.089,79.16666666666666
1361394372.409,135.41666666666666
1361394364.408,58.13953488372093
1361394372.28,116.07142857142857
1361394372.343,138.88888888888889
1361394372.471,156.25
1361394372.722,187.5
1361394364.918,103.88513513513513
1361394364.981,67.58720930232558
1361394373.022,258.5227272727273
1361394366.811,131.57894736842104
1361394369.366,277.77777777777777
1361394365.402,65.78947368421052
1361394365.587,75.75757575757576
1361394369.873,312.5
1361394370.063,208.33333333333334
1361394367.436,63.70192307692307
1361394365.943,132.29166666666666
1361394367.666,101.1029411764706
1361394367.669,147.05882352941177
1361394371.114,268.2291666666667
1361394371.178,110.79545454545455
1361394366.441,113.63636363636363
1361394369.158,228.3653846153846
1361394364.546,64.1025641025641
1361394372.481,147.05882352941177
1361394364.8,65.78947368421052
1361394364.735,59.52380952380952
1361394364.799,42.96875
1361394352.913,49.15978773584906
1361394349.453,7.787539936102236
1361394349.453,6.911057692307692
1361394349.643,6.911057692307692
1361394352.543,64.66649159663866
1361394350.788,64.98374277456648
1361394350.85,36.02430555555555
1361394352.807,14.98422712933754
1361394348.899,15.194954128440369
1361394350.432,347.65625
1361394349.148,230.46875
1361394349.209,66.48936170212765
1361394349.337,8.823529411764707
1361394349.337,17.775974025974026
1361394350.869,81.04166666666667
1361394349.562,150.13586956521738
1361394351.034,40.76086956521739
1361394349.624,117.83854166666667
1361394349.686,162.30867346938777
1361394349.748,65.21739130434783
1361394351.218,35.15625
1361394351.344,63.82978723404255
1361394349.808,20.728643216080403
1361394349.872,59.375
1361394351.57,105.97826086956522
1361394351.761,320.83333333333337
1361394352.136,114.66733870967742
1361394352.263,85.9375
1361394352.258,101.22526978417267
1361394352.198,102.51524390243902
1361394352.197,61.03515625
1361394352.261,50.907258064516135
1361394349.024,7.281553398058253
1361394349.024,8.571428571428571
1361394349.086,305.02717391304344
1361394350.683,33.56481481481482
1361394350.254,8.875739644970414
1361394350.189,1968.75
1361394351.789,39.8936170212766
1361394350.377,117.47685185185185
1361394350.561,421.875
1361394352.348,70.3125
1361394352.378,750.0
1361394350.774,750.0
1361394350.903,118.65234375
1361394350.966,58.8235294117647
1361394350.965,19.717261904761905
1361394352.813,65.72420634920636
1361394353.256,118.11440677966102
1361394353.299,57.112068965517246
1361394353.358,15.819099378881988
1361394353.552,4.488482384823849
1361394353.952,87.52705627705627
1361394355.594,62.5
1361394353.631,122.72135416666667
1361394353.631,101.5625
1361394353.821,70.85755813953489
1361394353.945,7.177033492822967
1361394353.944,31.25
1361394354.366,51.724137931034484
1361394354.429,255.1369863013699
1361394354.685,7.137883008356546
1361394354.748,56.640625
1361394354.556,50.0
1361394354.619,60.416666666666664
1361394354.742,60.416666666666664
1361394354.872,7.157821229050279
1361394355.318,7.3005698005698
1361394355.381,82.38636363636363
1361394355.357,16.551906779661017
1361394355.739,75.52083333333333
1361394355.481,28.668478260869566
1361394355.671,156.6220238095238
1361394356.053,93.37797619047619
1361394356.116,75.52083333333333
1361394356.243,19.50354609929078
1361394355.794,7.259206798866855
1361394355.858,85.43882978723404
1361394356.431,4.885993485342019
1361394356.047,250.0
1361394356.622,72.5
1361394356.237,18.617021276595743
1361394356.492,10.82516339869281
1361394352.822,4.214376590330789
1361394353.389,53.57142857142857
1361394353.87,48.387096774193544
1361394354.996,65.21739130434783
1361394355.374,100.85227272727272
1361394355.375,750.0
1361394355.434,150.0
1361394355.885,10.38781163434903
1361394356.136,93.31597222222223
1361394356.136,20.462328767123285
1361394356.171,89.28571428571429
1361394356.235,79.3850806451613
1361394356.423,16.281512605042018
1361394356.487,1708.3333333333333
1361394356.549,15.625
1361394356.676,160.97383720930233
1361394356.675,125.66489361702126
1361394356.673,115.80882352941177
1361394356.673,78.80434782608695
1361394356.799,65.21739130434783
1361394356.862,23.4375
1361394357.181,18.907563025210084
1361394357.052,98.70426829268293
1361394357.179,21.459227467811157
1361394357.497,129.6875
1361394381.503,128.28947368421055
1361394381.565,131.57894736842104
1361394375.1,153.27380952380955
1361394375.351,83.33333333333333
1361394373.687,62.5
1361394378.101,166.66666666666666
1361394375.6,119.04761904761904
1361394375.6,156.25
1361394374.044,123.79807692307693
1361394378.332,65.87837837837837
1361394375.707,143.38235294117646
1361394378.771,119.04761904761904
1361394374.48,116.25
1361394374.542,134.11458333333334
1361394379.021,147.05882352941177
1361394379.336,162.5
1361394360.502,3257.626488095238
1361394377.138,107.421875
1361394377.073,135.41666666666666
1361394380.205,90.27777777777777
1361394380.715,108.69565217391305
1361394377.383,122.76785714285714
1361394369.542,132.5
1361394373.512,104.16666666666667
1361394377.734,71.69117647058823
1361394373.566,104.16666666666667
1361394377.919,189.33823529411765
1361394375.422,189.33823529411765
1361394378.3,97.5
1361394370.427,31.766528925619834
1361394378.422,125.0
1361394375.67,104.16666666666667
1361394374.186,96.15384615384616
1361394378.664,119.04761904761904
1361394378.471,62.5
1361394375.91,248.046875
1361394374.246,141.74107142857142
1361394378.661,178.81944444444446
1361394374.307,100.0
1361394376.099,135.41666666666666
1361394374.37,165.36458333333334
1361394376.288,188.98809523809524
1361394379.419,156.25
1361394379.225,128.28947368421055
1361394379.225,156.25
1361394376.665,105.97826086956522
1361394376.919,138.88888888888889
1361394380.156,146.99074074074073
1361394380.539,116.25
1361394357.405,1541.935011709602
1361394358.395,19.642857142857142
1361394358.394,19.50354609929078
1361394358.886,234.375
1361394358.994,19.211065573770494
1361394358.992,279.5566502463054
1361394357.517,203.125
1361394359.117,428.7109375
1361394359.245,440.625
1361394359.243,43.061023622047244
1361394359.306,22.772606382978722
1361394359.241,27.83203125
1361394359.304,40.76086956521739
1361394359.43,40.76086956521739
1361394359.492,37.234042553191486
1361394359.491,117.6470588235294
1361394359.554,750.0
1361394357.954,2250.0
1361394359.659,38.56382978723404
1361394359.786,61.05324074074074
1361394359.714,111.1111111111111
1361394359.91,1500.0
1361394359.782,142.85714285714286
1361394358.181,1125.0
1361394359.845,34.85576923076923
1361394359.966,20.206151832460733
1361394360.286,150.625
1361394360.603,322.1726190476191
1361394356.806,167.4679487179487
1361394358.776,290.7986111111111
1361394357.3,117.1875
1361394357.3,233.85416666666666
1361394357.275,81.52173913043478
1361394357.339,23.41741645244216
1361394359.251,19.642857142857142
1361394357.713,152.64423076923077
1361394359.312,6.437768240343348
1361394359.312,85.22727272727272
1361394359.312,1500.0
1361394360.373,39.8936170212766
1361394360.436,6.521739130434782
1361394360.494,6.666666666666667
1361394360.497,39.8936170212766
1361394360.665,6.696428571428571
1361394360.664,5.291533546325879
1361394360.725,1500.0
1361394359.188,270.5965909090909
1361394360.914,35.53921568627451
1361394360.914,115.625
1361394361.167,12.360074626865671
1361394361.484,17.566835260115607
1361394361.625,124.26470588235294
1361394362.321,2480.218596059113
1361394363.899,16.311813186813186
1361394361.446,9.724934895833334
1361394361.396,26.442307692307693
1361394361.523,486.9791666666667
1361394361.9,506.51041666666663
1361394362.321,20.602493074792246
1361394362.636,7.40606936416185
1361394363.01,500.0
1361394363.077,225.830078125
1361394363.434,3442.7083333333335
1361394363.434,19.642857142857142
1361394363.437,21.459227467811157
1361394363.437,18.617021276595743
1361394363.816,30.528846153846153
1361394364.002,4.10958904109589
1361394364.133,82.9326923076923
1361394364.638,132.9941860465116
1361394364.449,146.23397435897436
1361394364.68,164.52205882352942
1361394361.467,11.957159624413146
1361394361.906,318.8920454545455
1361394362.013,83.33333333333333
1361394362.076,353.8602941176471
1361394362.139,14.48074494949495
1361394364.19,27.434593023255815
1361394364.444,99.70238095238096
1361394364.316,164.4345238095238
1361394364.507,1500.0
1361394364.761,23.489238410596023
1361394364.504,106.28633720930232
1361394364.882,118.0889423076923
1361394385.403,416.6666666666667
1361394385.65,415.17857142857144
1361394383.219,113.63636363636363
1361394383.471,138.88888888888889
1361394383.533,118.48958333333333
1361394383.533,141.74107142857142
1361394386.263,223.55769230769232
1361394386.452,101.1029411764706
1361394386.64,208.33333333333334
1361394386.895,156.25
1361394386.958,71.69117647058823
1361394382.663,52.25409836065574
1361394382.726,113.63636363636363
1361394382.598,108.69565217391305
1361394387.501,166.66666666666666
1361394387.817,189.33823529411765
1361394387.752,147.05882352941177
1361394380.389,55.55555555555555
1361394388.64,131.57894736842104
1361394388.894,166.66666666666666
1361394389.149,166.66666666666666
1361394385.601,487.5
1361394385.663,203.125
1361394383.103,125.0
1361394383.356,134.29054054054055
1361394389.881,227.27272727272725
1361394386.166,187.5
1361394386.23,178.57142857142858
1361394386.527,247.59615384615387
1361394383.775,126.35869565217392
1361394383.902,1218.75
1361394386.654,269.8863636363636
1361394384.026,484.375
1361394384.089,643.75
1361394386.841,156.25
1361394386.84,119.04761904761904
1361394384.087,833.3333333333334
1361394382.422,68.32627118644068
1361394384.402,2437.5
1361394384.402,2500.0
1361394387.569,35.807291666666664
1361394387.82,147.05882352941177
1361394385.193,142.89772727272725
1361394387.945,131.57894736842104
1361394388.135,119.21296296296296
1361394388.894,212.05357142857142
1361394389.153,228.3653846153846
1361394367.526,250.0
1361394365.578,5.6161032028469755
1361394364.867,38.55846774193549
1361394366.653,19.45020746887967
1361394366.717,7.77475845410628
1361394366.78,125.0
1361394366.652,10.080645161290322
1361394365.178,28.389685792349724
1361394365.365,12.378246753246755
1361394367.37,662.4742445054945
1361394367.374,31.84931506849315
1361394365.771,57.69230769230769
1361394365.834,151.25
1361394367.69,7.962740384615384
1361394367.753,10.465116279069766
1361394367.752,12.305699481865286
1361394365.999,98.6842105263158
1361394367.977,33.125
1361394368.482,423.1770833333333
1361394366.365,15.124692118226601
1361394366.407,13.499685138539043
1361394366.407,19.50354609929078
1361394364.87,221.40957446808508
1361394364.934,17.742966751918157
1361394366.592,19.50354609929078
1361394365.429,12.042682926829269
1361394365.462,18.521341463414632
1361394365.653,247.39583333333334
1361394366.901,13.245558375634518
1361394367.004,117.1875
1361394367.066,11.847964376590332
1361394367.127,14.008620689655173
1361394369.487,19.642857142857142
1361394369.681,2783.7677725118483
1361394369.079,21.263774104683197
1361394369.267,10.61698717948718
1361394369.518,9.165051679586563
1361394369.772,19.962938005390836
1361394369.772,23.101478494623656
1361394369.835,9.977409638554215
1361394370.13,4.773054755043227
1361394370.193,12.531459731543624
1361394370.319,470.0
1361394370.318,4.678672316384181
1361394370.696,22.12532299741602
1361394370.76,15.867248062015504
1361394371.329,72.75390625
1361394371.81,11.677631578947368
1361394371.55,11.927480916030536
1361394372.188,95.58823529411764
1361394372.119,31.79824561403509
1361394368.762,23.98538961038961
1361394368.893,52.69607843137255
1361394369.018,4.2979942693409745
1361394369.397,136.36363636363635
1361394369.46,50.86436170212766
1361394370.196,26.777826855123674
1361394370.513,93.75
1361394370.703,15.052356020942408
1361394372.081,457.6822916666667
1361394372.318,504.5138888888889
1361394372.251,32.16911764705882
1361394372.695,15.625
1361394372.821,4.3604651162790695
1361394372.75,20.263671875
1361394373.262,22.59744623655914
1361394373.325,149.4140625
1361394373.068,377.6041666666667
1361394373.516,4.273504273504274
1361394373.614,9.316770186335404
1361394373.484,106.39880952380952
1361394373.547,11.26843163538874
1361394393.415,138.88888888888889
1361394385.415,163.61177884615387
1361394390.98,105.97826086956522
1361394389.697,132.10227272727275
1361394391.354,81.8452380952381
1361394390.01,307.78769841269843
1361394394.105,73.1534090909091
1361394391.416,131.57894736842104
1361394391.543,248.046875
1361394394.292,187.5
1361394394.292,166.66666666666666
1361394394.392,208.33333333333334
1361394391.893,192.30769230769232
1361394394.77,138.88888888888889
1361394394.958,208.8815789473684
1361394395.085,213.54166666666666
1361394392.33,220.48611111111111
1361394392.583,221.5909090909091
1361394390.879,63.65740740740741
1361394390.943,101.5625
1361394389.512,90.84302325581395
1361394391.047,108.69565217391305
1361394385.607,31.25
1361394393.983,143.38235294117646
1361394394.042,223.55769230769232
1361394394.046,242.1875
1361394394.171,243.75
1361394390.006,138.88888888888889
1361394390.009,125.0
1361394394.296,250.0
1361394395.095,110.79545454545455
1361394392.467,192.30769230769232
1361394392.467,243.75
1361394395.598,113.63636363636363
1361394392.949,156.25
1361394395.765,54.34782608695652
1361394373.449,110.69542253521126
1361394375.66,102.67857142857143
1361394374.448,140.625
1361394374.572,20.348837209302328
1361394373.158,15.999700239808154
1361394374.982,15.952225130890053
1361394374.982,14.936852331606216
1361394375.168,7.554429429429429
1361394373.751,11.841707021791768
1361394373.856,15.07120253164557
1361394375.773,253.9390756302521
1361394375.833,39.8936170212766
1361394375.769,2368.9853556485355
1361394375.833,237.35119047619045
1361394376.206,191.57608695652172
1361394376.5,321.1805555555556
1361394372.965,6.651606425702812
1361394372.964,37.68382352941176
1361394374.692,108.85416666666667
1361394374.067,9.293542654028435
1361394374.191,12.748756218905472
1361394377.482,77.11693548387098
1361394378.313,23.387738853503183
1361394378.747,23.912292817679557
1361394379.191,112.68472906403942
1361394380.27,22.705078125
1361394377.275,13.227513227513226
1361394377.591,19.642857142857142
1361394377.59,3090.625
1361394378.198,13.047680412371134
1361394378.385,43.49226804123711
1361394378.511,189.33823529411765
1361394378.637,15.224358974358974
1361394378.886,34.82929515418502
1361394379.206,20.875506072874494
1361394379.63,240.3846153846154
1361394379.881,38.22314049586777
1361394378.025,489.18269230769226
1361394378.151,226.5625
1361394378.721,3.9893617021276593
1361394378.764,88.76811594202898
1361394378.636,9109.375
1361394379.077,16.863810741687978
1361394379.268,4.0431266846361185
1361394379.328,37.83700980392157
1361394380.026,17.052872062663184
1361394380.064,148.93617021276594
1361394380.128,203.72596153846155
1361394380.38,95.23809523809523
1361394380.249,51.7578125
1361394380.312,22.807459677419356
1361394380.375,100.0
1361394380.689,1921.875
1361394381.429,159.22619047619045
1361394401.483,47.74305555555555
1361394399.173,113.63636363636363
1361394397.7,47.99107142857143
1361394399.3,180.39772727272725
1361394397.825,40.396341463414636
1361394399.36,121.875
1361394399.549,69.01041666666667
1361394402.475,56.15234375
1361394398.12,42.46794871794872
1361394400.035,83.984375
1361394400.16,833.3333333333334
1361394400.409,185.546875
1361394398.72,26.930894308943092
1361394400.892,39.97093023255814
1361394395.959,55.55555555555555
1361394401.552,61.29807692307692
1361394399.303,78.4438775510204
1361394397.956,40.89506172839506
1361394399.724,66.25
1361394399.786,61.29807692307692
1361394398.182,39.43452380952381
1361394400.411,80.64516129032258
1361394400.896,53.385416666666664
1361394395.964,75.36764705882352
1361394381.895,17.331932773109244
1361394384.431,357.6388888888889
1361394382.659,40.27777777777778
1361394381.058,31.762295081967213
1361394382.908,35.53921568627451
1361394383.082,32.95454545454545
1361394381.29,11.191860465116278
1361394381.29,107.08942819148936
1361394381.414,34.57446808510638
1361394381.478,36.114386792452834
1361394381.542,62.34681372549019
1361394381.534,107.37179487179486
1361394381.601,17.878973105134474
1361394381.726,85.65512048192771
1361394383.645,187.5
1361394381.724,9.527439024390244
1361394381.974,38.56382978723404
1361394383.871,8.991228070175438
1361394381.951,12.916143216080402
1361394383.934,13.738517060367455
1361394383.868,750.0
1361394383.931,20.011697860962567
1361394382.139,61.941964285714285
1361394384.689,166.66666666666666
1361394384.753,250.0
1361394380.821,167.79891304347828
1361394380.883,206.84523809523807
1361394383.541,3.926701570680628
1361394382.068,21.413438256658598
1361394383.731,12.170226130653267
1361394383.731,39.40217391304348
1361394382.128,18.9873417721519
1361394382.127,9.765625
1361394382.417,87.07264957264957
1361394382.417,296.741452991453
1361394384.335,16.412815126050422
1361394384.398,21.015835579514825
1361394382.667,35.53921568627451
1361394384.585,6.4841498559077815
1361394384.521,17.351274787535413
1361394382.665,5.905511811023622
1361394382.853,24.072966507177036
1361394382.917,94.84649122807018
1361394382.958,22.633575197889183
1361394382.892,28.846153846153847
1361394382.892,37.760416666666664
1361394382.892,5.754475703324808
1361394383.017,18.995098039215684
1361394383.017,32.95454545454545
1361394383.08,6.538722826086957
1361394385.379,33.73579545454545
1361394385.046,14.508928571428571
1361394385.301,1349.1327751196172
1361394385.618,115.83533653846153
1361394385.618,161.30514705882354
1361394384.884,166.66666666666666
1361394385.01,22.72002551020408
1361394385.194,12.862569060773481
1361394385.324,10.33266129032258
1361394385.513,24.59016393442623
1361394386.44,61.342592592592595
1361394386.44,20.044975186104217
1361394386.566,19.51058201058201
1361394386.816,46.7469262295082
1361394387.385,51.68269230769231
1361394387.304,18.958868894601544
1361394387.94,55.989583333333336
1361394387.94,277.9605263157895
1361394388.257,317.0955882352941
1361394388.129,291.9034090909091
1361394384.858,29.00064267352185
1361394385.02,17.60786802030457
1361394385.145,750.0
1361394385.145,14.84375
1361394385.208,430.14705882352945
1361394385.586,115.38461538461539
1361394385.586,136.36363636363635
1361394385.713,11.601027397260273
1361394385.777,18.169529262086513
1361394385.903,20.86218836565097
1361394386.029,18.91025641025641
1361394387.26,17.496943765281173
1361394387.323,20.5548128342246
1361394387.638,308.3881578947368
1361394387.574,22.62190934065934
1361394388.269,20.626653439153436
1361394388.268,20.791997354497354
1361394388.819,55.989583333333336
1361394388.819,122.98387096774194
1361394388.819,14.423076923076923
1361394389.072,50.18939393939394
1361394389.261,1166.1184210526317
1361394389.196,133.33333333333334
1361394389.575,16.218354430379748
1361394407.146,76.63690476190477
1361394410.147,56.81818181818181
1361394410.504,80.46875
1361394406.151,23.284313725490197
1361394403.326,43.58552631578947
1361394403.39,31.881313131313128
1361394403.389,44.166666666666664
1361394411.132,66.25
1361394408.376,103.515625
1361394403.83,31.25
1361394408.608,65.05102040816327
1361394408.607,69.97282608695653
1361394409.051,59.45121951219512
1361394409.241,62.5
1361394405.455,64.95098039215686
1361394406.989,58.13953488372093
1361394405.504,25.0
1361394407.102,48.07692307692308
1361394409.975,54.16666666666667
1361394406.004,60.22727272727273
1361394407.476,37.5
1361394410.292,58.035714285714285
1361394407.667,162.5
1361394410.544,67.81914893617021
1361394407.917,67.60204081632654
1361394398.289,85.72635135135135
1361394406.411,48.75
1361394406.471,38.9344262295082
1361394406.598,54.34782608695652
1361394411.141,85.77127659574468
1361394403.65,50.18939393939394
1361394403.713,50.96153846153846
1361394408.577,35.23936170212766
1361394408.639,58.13953488372093
1361394404.094,102.48161764705883
1361394403.966,51.7578125
1361394409.147,61.342592592592595
1361394404.391,50.18939393939394
1361394404.518,58.23863636363636
1361394404.962,58.1140350877193
1361394405.153,110.53240740740742
1361394409.086,76.4627659574468
1361394389.324,1161.3729508196723
1361394390.34,15.28367718446602
1361394388.992,750.0
1361394390.526,20.060741687979537
1361394389.18,303.7109375
1361394389.17,17.183788598574825
1361394389.428,1502.6041666666667
1361394389.299,7.936507936507936
1361394389.34,14.098419540229884
1361394389.467,16.149580335731414
1361394389.467,17.140858208955223
1361394389.462,20.036764705882355
1361394389.398,17.549261083743843
1361394391.063,55.568609022556394
1361394389.899,17.526455026455025
1361394391.54,101.40306122448979
1361394391.598,142.578125
1361394391.788,127.40384615384615
1361394391.914,81.43939393939394
1361394391.914,2220.108695652174
1361394390.185,13.838199513381996
1361394392.231,34.1025204359673
1361394392.23,20.60215404699739
1361394392.294,59.72222222222223
1361394392.229,95.23809523809523
1361394392.292,29.20081967213115
1361394392.356,25.3099173553719
1361394392.418,32.407407407407405
1361394389.937,20.54794520547945
1361394391.469,25.218588082901555
1361394391.595,19.642857142857142
1361394391.695,344.57236842105266
1361394391.944,19.510135135135133
1361394391.944,295.1388888888889
1361394390.533,68.18181818181817
1361394390.593,287.94642857142856
1361394390.592,223.7215909090909
1361394390.944,247.84482758620692
1361394392.857,19.50354609929078
1361394391.064,3.826530612244898
1361394392.92,39.8936170212766
1361394393.3,4.451038575667656
1361394393.34,117.6470588235294
1361394394.499,8.02139037433155
1361394392.834,7.246376811594203
1361394393.338,19.817073170731707
1361394393.334,14.517114914425427
1361394393.401,18.02308153477218
1361394393.528,97.42647058823529
1361394393.717,83.70535714285714
1361394393.716,10.003101736972706
1361394394.033,27.80785891089109
1361394394.142,12.957317073170731
1361394394.33,28.248152709359605
1361394394.456,7.775821596244132
1361394394.519,36.59119897959184
1361394394.646,5.956064356435643
1361394395.509,137.04427083333334
1361394395.509,104.16666666666667
1361394395.438,31.25
1361394395.505,17.009493670886076
1361394395.694,110.29411764705883
1361394395.949,39.8936170212766
1361394395.756,100.0
1361394396.391,15.25297619047619
1361394396.516,8.720930232558139
1361394393.839,117.1875
1361394393.902,259.0144230769231
1361394394.408,4.322766570605188
1361394394.597,19.18992718446602
1361394394.762,7.393973214285714
1361394394.765,28.289473684210527
1361394395.394,28.178418803418804
1361394395.583,148.73417721518987
1361394395.837,31.16644385026738
1361394396.695,115.38461538461539
1361394397.327,38.24626865671642
1361394397.3,18.75
1361394397.428,33.56481481481482
1361394397.491,18.558673469387756
1361394417.35,70.47872340425532
1361394415.172,65.05102040816327
1361394417.667,67.60204081632654
1361394417.73,53.191489361702125
1361394417.92,54.34782608695652
1361394413.758,90.46052631578948
1361394415.358,66.25
1361394417.982,55.55555555555555
1361394415.608,67.60204081632654
1361394414.175,92.0138888888889
1361394414.236,58.1140350877193
1361394419.16,54.036458333333336
1361394419.286,56.81818181818181
1361394414.546,69.50431034482759
1361394411.473,57.112068965517246
1361394416.82,67.60204081632654
1361394411.699,57.95454545454545
1361394417.01,103.515625
1361394412.077,59.151785714285715
1361394412.396,59.151785714285715
1361394412.523,60.22727272727273
1361394412.587,57.112068965517246
1361394414.993,75.89285714285714
1361394413.896,31.5625
1361394418.312,59.52380952380952
1361394415.495,61.342592592592595
1361394415.684,54.34782608695652
1361394418.564,59.45121951219512
1361394414.238,30.643203883495147
1361394419.102,58.13953488372093
1361394419.099,60.546875
1361394419.158,56.6860465116279
1361394416.471,59.02777777777778
1361394416.724,67.60204081632654
1361394412.473,59.151785714285715
1361394412.409,68.63839285714286
1361394412.599,59.151785714285715
1361394412.726,57.95454545454545
1361394412.981,67.1875
1361394397.394,49.69262295081967
1361394398.473,2926.039119804401
1361394396.911,40.67695961995249
1361394398.485,29.41176470588235
1361394397.011,34.57446808510638
1361394397.2,34.85576923076923
1361394398.924,38.56382978723404
1361394398.987,38.56382978723404
1361394398.963,64.26630434782608
1361394398.962,18.867924528301884
1361394399.025,83.33333333333333
1361394399.087,38.56382978723404
1361394399.086,7.853403141361256
1361394399.211,35.53921568627451
1361394397.733,54.54545454545454
1361394397.859,48.34905660377359
1361394398.211,34.198113207547166
1361394400.38,144.40524193548387
1361394396.902,6.043632075471699
1361394398.498,9.00900900900901
1361394400.099,21.634615384615383
1361394400.224,34.85576923076923
1361394400.349,39.40217391304348
1361394398.685,40.76086956521739
1361394400.348,6.5982404692082115
1361394398.936,23.809523809523807
1361394400.6,1193.181818181818
1361394400.536,1750.0
1361394400.535,332.5
1361394400.662,4.3604651162790695
1361394399.035,17.857142857142858
1361394399.098,39.8936170212766
1361394401.328,420.42824074074076
1361394401.391,77.9079861111111
1361394400.859,121.96180555555556
1361394400.986,127.95608108108108
1361394401.234,36.58536585365854
1361394401.106,76.5625
1361394401.301,102.61194029850746
1361394401.867,32.608695652173914
1361394401.994,2250.0
1361394402.288,33.56481481481482
1361394402.16,85.4301948051948
1361394402.601,1500.0
1361394402.919,15.84507042253521
1361394403.046,11.700913242009133
1361394403.362,13.368055555555555
1361394404.481,72.09429824561403
1361394400.885,9.74025974025974
1361394401.441,26.511270491803277
1361394401.949,80.46875
1361394401.883,19.64727722772277
1361394403.137,1125.0
1361394403.36,103.88513513513513
1361394403.931,32.95454545454545
1361394404.184,46.875
1361394404.564,85.59782608695653
1361394405.11,93.4938524590164
1361394422.987,80.64516129032258
1361394421.514,60.97560975609756
1361394423.114,76.171875
1361394423.177,109.82142857142857
1361394421.639,56.81818181818181
1361394423.239,40.25423728813559
1361394414.137,109.2529296875
1361394422.159,67.56756756756756
1361394422.347,134.29054054054055
1361394427.017,78.125
1361394422.473,75.75757575757576
1361394427.335,141.74107142857142
1361394424.58,65.78947368421052
1361394427.714,59.52380952380952
1361394427.713,60.97560975609756
1361394420.579,62.5
1361394420.387,56.81818181818181
1361394420.387,42.46794871794872
1361394420.896,71.52777777777777
1361394422.812,86.17424242424244
1361394421.339,60.97560975609756
1361394423.298,76.171875
1361394425.984,113.39285714285714
1361394422.011,78.5060975609756
1361394422.136,65.78947368421052
1361394426.677,132.54310344827584
1361394426.802,136.85344827586206
1361394424.049,101.15131578947368
1361394426.993,78.125
1361394422.556,75.75757575757576
1361394424.091,56.6860465116279
1361394422.618,62.5
1361394422.615,39.58333333333333
1361394427.475,83.33333333333333
1361394419.922,70.47872340425532
1361394419.986,57.2289156626506
1361394406.139,77.252538071066
1361394406.267,87.37664473684211
1361394407.97,83.99142599277978
1361394406.469,49.39516129032258
1361394407.472,62.08333333333333
1361394408.353,71.62332214765101
1361394408.415,10.822510822510822
1361394406.395,115.36711165048544
1361394406.342,67.28316326530611
1361394406.34,88.23529411764706
1361394406.466,11.97429906542056
1361394406.529,101.38081395348837
1361394405.054,10.065406976744185
1361394407.003,133.92857142857142
1361394405.522,116.47727272727272
1361394407.374,16.920336787564768
1361394407.436,64.73214285714286
1361394405.836,24.720149253731343
1361394407.499,164.9816176470588
1361394407.625,29.701576576576574
1361394406.186,4953.125
1361394406.186,42.46794871794872
1361394406.185,63.73762376237624
1361394409.459,150.5681818181818
1361394409.647,111.40046296296296
1361394407.466,62.5
1361394405.993,11.186913145539906
1361394408.191,328.125
1361394408.315,113.5204081632653
1361394406.762,95.98214285714286
1361394408.611,114.58333333333333
1361394407.007,39.8936170212766
1361394408.797,53.06603773584906
1361394407.068,42.857142857142854
1361394407.067,133.33333333333334
1361394408.983,101.39627659574468
1361394409.528,34.57446808510638
1361394409.527,140.625
1361394409.151,5.2209443099273605
1361394409.546,6.978155339805825
1361394410.629,157.08780160857907
1361394408.907,50.34722222222222
1361394409.096,4.182449494949495
1361394409.095,500.0
1361394409.158,41.666666666666664
1361394409.347,33.125
1361394409.411,99.73404255319149
1361394409.6,947.3852040816327
1361394409.789,30.26107594936709
1361394409.979,105.46875
1361394409.978,18.072289156626507
1361394410.083,17.857142857142858
1361394410.65,9.629360465116278
1361394411.281,18.98177749360614
1361394411.345,119.70338983050847
1361394411.706,69.77370689655173
1361394411.832,167.52049180327867
1361394411.895,82.03125
1361394412.021,73.10267857142857
1361394412.211,90.56712962962963
1361394412.337,83.14732142857143
1361394408.875,151.04166666666666
1361394408.875,52.951388888888886
1361394409.851,15.046296296296296
1361394409.978,38.56382978723404
1361394409.978,15.462239583333334
1361394410.037,12.769255874673629
1361394410.041,17.810880829015545
1361394410.041,17.441860465116278
1361394410.23,10.211614173228346
1361394410.605,24.78309768637532
1361394410.672,18.072289156626507
1361394410.924,17.857142857142858
1361394411.241,133.33333333333334
1361394411.113,141.90051020408163
1361394411.281,90.24234693877551
1361394411.344,1500.0
1361394412.229,75.0
1361394412.709,27.27272727272727
1361394412.839,1566.9642857142858
1361394412.901,80.31798245614036
1361394413.154,6.180037313432836
1361394413.47,37.760416666666664
1361394413.47,92.70833333333334
1361394413.47,60.09615384615385
1361394413.593,10.48259493670886
1361394433.407,52.59146341463414
1361394433.407,56.6860465116279
1361394433.407,53.191489361702125
1361394433.595,69.97282608695653
1361394431.158,66.25
1361394434.161,55.55555555555555
1361394430.251,58.13953488372093
1361394431.637,55.55555555555555
1361394430.292,62.5
1361394431.825,58.13953488372093
1361394430.794,64.1025641025641
1361394435.59,55.55555555555555
1361394432.454,64.1025641025641
1361394435.653,110.41666666666666
1361394432.622,60.97560975609756
1361394427.756,67.60204081632654
1361394432.748,62.5
1361394427.881,71.18055555555556
1361394433.191,58.13953488372093
1361394433.255,70.1219512195122
1361394428.198,55.55555555555555
1361394428.516,69.01041666666667
1361394428.516,69.97282608695653
1361394428.516,52.98913043478261
1361394428.835,56.81818181818181
1361394429.026,54.34782608695652
1361394433.31,61.170212765957444
1361394433.566,56.81818181818181
1361394433.794,56.81818181818181
1361394425.921,22.560160427807485
1361394433.921,56.81818181818181
1361394429.945,54.34782608695652
1361394434.487,67.60204081632654
1361394430.071,59.52380952380952
1361394430.614,127.40384615384615
1361394435.286,54.34782608695652
1361394435.539,56.81818181818181
1361394435.664,115.55232558139535
1361394432.4,59.52380952380952
1361394435.727,58.13953488372093
1361394433.14,58.035714285714285
1361394433.075,118.10661764705883
1361394433.139,70.1219512195122
1361394433.139,70.1219512195122
1361394428.78,83.984375
1361394428.907,101.40306122448979
1361394415.283,70.56902985074628
1361394415.981,96.51442307692308
1361394416.299,99.74489795918367
1361394415.744,1710.8561197916667
1361394413.087,23.4375
1361394413.211,134.32017543859646
1361394415.167,750.0
1361394415.351,5.829015544041451
1361394415.35,116.47727272727272
1361394415.537,220.53571428571428
1361394416.833,133.09151785714286
1361394414.976,124.44196428571429
1361394417.461,77.1484375
1361394417.524,124.6811224489796
1361394417.524,176.2152777777778
1361394415.512,98.53316326530611
1361394414.035,40.76086956521739
1361394414.161,3.480278422273782
1361394414.223,6.016042780748663
1361394416.114,83.0078125
1361394414.572,36.98979591836735
1361394414.636,132.25446428571428
1361394419.743,104.35450819672131
1361394420.687,97.79094827586208
1361394417.416,85.61197916666667
1361394417.407,147.56944444444446
1361394417.598,71.33152173913044
1361394417.595,6.189613526570048
1361394417.658,143.11079545454544
1361394418.273,104.91071428571429
1361394418.336,14.85148514851485
1361394418.463,174.36079545454544
1361394418.716,104.28779069767442
1361394418.779,170.01488095238096
1361394419.407,63.125
1361394419.895,750.0
1361394419.829,23.527817919075144
1361394420.393,96.18055555555556
1361394417.849,750.0
1361394418.038,1500.0
1361394418.1,101.72872340425532
1361394419.34,200.52083333333334
1361394419.78,16.42520215633423
1361394419.907,214.28571428571428
1361394421.214,66.66666666666667
1361394421.214,270.3804347826087
1361394421.53,98.6842105263158
1361394421.465,81.52173913043478
1361394420.764,81.32102272727272
1361394437.633,45.37671232876713
1361394441.664,69.44444444444444
1361394439.419,174.63235294117646
1361394437.819,435.26785714285717
1361394439.732,138.88888888888889
1361394442.332,120.1171875
1361394438.298,73.52941176470588
1361394438.422,67.56756756756756
1361394440.337,54.83490566037736
1361394442.833,75.75757575757576
1361394438.734,52.083333333333336
1361394436.014,65.02016129032258
1361394436.203,83.88157894736842
1361394436.33,53.125
1361394443.625,113.63636363636363
1361394444.135,87.05357142857143
1361394444.262,81.25
1361394437.029,89.38953488372094
1361394437.329,50.25337837837838
1361394441.423,120.1171875
1361394439.239,131.57894736842104
1361394439.302,138.88888888888889
1361394439.365,138.88888888888889
1361394437.827,138.88888888888889
1361394438.112,39.43452380952381
1361394439.839,108.69565217391305
1361394442.334,45.87765957446808
1361394438.36,75.75757575757576
1361394442.899,134.11458333333334
1361394438.651,59.45121951219512
1361394436.149,50.96153846153846
1361394443.569,116.07142857142857
1361394436.401,50.18939393939394
1361394444.396,80.64516129032258
1361394444.46,83.33333333333333
1361394444.524,103.83064516129033
1361394444.715,86.20689655172414
1361394444.587,83.33333333333333
1361394421.009,101.953125
1361394422.981,40.69210122699386
1361394422.389,18.910452322738386
1361394420.977,15.361445783132531
1361394422.575,142.85714285714286
1361394420.975,14.492753623188406
1361394422.637,39.8936170212766
1361394422.637,14.439363143631438
1361394421.412,117.6470588235294
1361394423.054,56.640625
1361394421.452,19.642857142857142
1361394421.577,150.4934210526316
1361394421.513,141.82692307692307
1361394422.113,26.546952736318406
1361394422.169,94.47115384615384
1361394425.408,79.73130841121495
1361394423.331,2469.2307692307695
1361394423.393,251.1574074074074
1361394421.982,87.0028409090909
1361394421.981,138.63031914893617
1361394422.336,121.0171568627451
1361394423.935,17.064144736842106
1361394423.934,20.65033783783784
1361394423.933,201.4358108108108
1361394422.333,112.8048780487805
1361394422.396,750.0
1361394424.241,40.76086956521739
1361394422.706,19.927536231884055
1361394422.831,105.58712121212122
1361394423.053,171.09375
1361394424.904,37.00436827956989
1361394425.03,219.57236842105263
1361394425.03,82.11436170212765
1361394424.978,2542.747641509434
1361394426.183,68.10735887096773
1361394427.195,76.62458609271523
1361394425.134,188.76689189189187
1361394425.258,183.79934210526315
1361394426.119,110.88709677419355
1361394426.054,138.54166666666669
1361394426.434,141.0590277777778
1361394426.747,124.0530303030303
1361394426.875,325.10080645161287
1361394426.811,176.72413793103448
1361394427.361,60.51713197969543
1361394429.053,107.04787234042554
1361394429.306,150.0
1361394429.305,23.892195767195766
1361394429.369,144.61436170212767
1361394429.347,135.30585106382978
1361394429.473,17.31418918918919
1361394429.473,83.75
1361394429.788,119.31818181818183
1361394426.073,68.45238095238096
1361394426.199,40.76318027210885
1361394426.449,128.03819444444446
1361394428.361,98.07180851063829
1361394428.55,118.87254901960783
1361394429.093,34.198113207547166
1361394429.285,153.87228260869566
1361394429.283,151.49456521739128
1361394429.282,68.39622641509433
1361394445.455,86.20689655172414
1361394437.455,10.628172588832488
1361394445.517,107.29166666666666
1361394447.053,57.112068965517246
1361394447.237,58.1140350877193
1361394446.019,97.53787878787878
1361394439.87,504.1977611940298
1361394439.846,514.0086206896551
1361394440.662,478.8306451612903
1361394445.36,110.99137931034484
1361394446.957,28.311965811965813
1361394447.317,54.303278688524586
1361394447.316,56.14406779661017
1361394445.842,120.1171875
1361394448.047,47.8125
1361394440.546,543.0536684782609
1361394445.181,50.53191489361702
1361394445.121,80.64516129032258
1361394428.864,34.090909090909086
1361394430.459,375.0
1361394429.112,2250.0
1361394428.984,38.56382978723404
1361394430.583,135.9375
1361394430.811,97.48641304347825
1361394430.874,6.122773536895674
1361394430.874,38.55846774193549
1361394431.933,10.75487012987013
1361394430.652,7.264254385964913
1361394432.059,3.75
1361394432.183,17.334605597964376
1361394430.962,98.6842105263158
1361394430.957,11.42521676300578
1361394431.128,87.109375
1361394432.851,159.05448717948718
1361394433.166,750.0
1361394433.357,6.578947368421052
1361394433.356,7.157821229050279
1361394431.328,9.882478632478632
1361394429.791,138.9627659574468
1361394429.916,3.5971223021582737
1361394429.979,7.32853982300885
1361394430.041,219.05048076923077
1361394431.615,3.740648379052369
1361394431.739,39.8936170212766
1361394430.392,150.4360465116279
1361394432.047,113.00872093023257
1361394430.703,89.28571428571429
1361394430.765,79.8611111111111
1361394432.34,105.26315789473684
1361394430.995,115.78525641025641
1361394432.656,1500.0
1361394432.718,42.5531914893617
1361394432.781,21.360759493670887
1361394432.844,95.61011904761904
1361394432.844,78.88719512195122
1361394432.971,116.796875
1361394433.034,89.28571428571429
1361394433.157,142.85714285714286
1361394433.288,8.875739644970414
1361394433.517,67.15425531914894
1361394436.787,205.22388059701493
1361394435.548,5.310457516339869
1361394435.611,14.262602179836513
1361394435.691,10.23550724637681
1361394435.434,19.11231884057971
1361394435.562,21.324685534591193
1361394432.911,136.96808510638297
1361394433.099,87.5
1361394433.226,36.75426136363636
1361394433.351,7.409037558685446
1361394433.541,30.72331460674157
1361394433.73,572.9166666666666
1361394433.984,122.00797872340425
1361394434.153,113.5204081632653
1361394434.656,16.617892976588628
1361394434.72,15.625
1361394434.72,19.28191489361702
1361394434.972,61.01190476190476
1361394435.099,19.489247311827956
1361394435.226,123.18313953488372
1361394436.965,34.198113207547166
1361394437.026,37.760416666666664
1361394437.47,32.95454545454545
1361394437.47,6.959033613445379
1361394437.659,9.49074074074074
1361394437.786,38.56382978723404
1361394433.943,3.667481662591687
1361394434.369,163.51744186046514
1361394434.369,39.8936170212766
1361394434.495,38.24240331491713
1361394434.558,8.458646616541353
1361394434.749,93.75
1361394434.812,750.0
1361394434.875,9.072580645161292
1361394434.875,101.40306122448979
1361394435.002,58.8235294117647
1361394435.001,13.982371794871796
1361394435.064,19.50354609929078
1361394435.604,6.540697674418605
1361394435.725,37.94642857142857
1361394435.919,25.48076923076923
1361394436.046,12.440557065217392
1361394436.424,35.53921568627451
1361394436.844,32.95454545454545
1361394437.224,94.89889705882352
1361394449.455,30.113636363636363
1361394453.549,32.16019417475728
1361394448.698,30.389908256880737
1361394452.189,25.9375
1361394452.123,33.125
1361394452.696,22.40953947368421
1361394453.013,16.267123287671232
1361394453.14,47.8125
1361394453.52,31.547619047619047
1361394449.678,30.671296296296298
1361394449.782,31.547619047619047
1361394449.841,76.62259615384616
1361394453.812,30.357142857142858
1361394439.725,308.1696428571429
1361394450.792,30.957943925233646
1361394451.205,31.25
1361394449.151,29.789719626168225
1361394448.894,31.547619047619047
1361394448.894,30.957943925233646
1361394451.516,30.64903846153846
1361394437.945,6.164383561643835
1361394440.859,48.25949367088607
1361394436.953,797.2803655660377
1361394437.258,76.80288461538461
1361394438.403,18.083756345177665
1361394438.653,33.948467966573816
1361394437.053,14.763779527559056
1361394437.052,12.50853825136612
1361394438.84,50.18939393939394
1361394437.301,17.546791443850267
1361394438.943,427.63157894736844
1361394437.406,33.56481481481482
1361394437.405,140.625
1361394439.131,96.63915094339623
1361394438.655,33.56481481481482
1361394440.254,4378.0032467532465
1361394440.443,64.21493902439023
1361394440.506,193.1818181818182
1361394440.629,8.541666666666666
1361394440.863,75.0
1361394440.926,12.093926553672317
1361394440.797,155.0
1361394440.797,2243.2432432432433
1361394441.303,197.65625
1361394441.682,46.00694444444445
1361394439.483,1882.8125
1361394437.945,37.760416666666664
1361394439.481,22.5
1361394439.668,181.15234375
1361394439.667,10.692970822281167
1361394439.73,89.16666666666667
1361394439.793,19.485294117647058
1361394438.129,33.56481481481482
1361394439.854,749.0808823529411
1361394439.854,12.48899647887324
1361394438.418,16.39851485148515
1361394440.143,757.1924603174604
1361394440.206,17.92763157894737
1361394438.666,43.821839080459775
1361394438.729,33.56481481481482
1361394438.726,16.35263480392157
1361394440.577,27.34375
1361394438.85,5.87467362924282
1361394440.767,65.21739130434783
1361394440.936,147.72727272727275
1361394441.125,258.5227272727273
1361394441.315,125.0
1361394441.309,324.65277777777777
1361394441.705,112.84722222222223
1361394441.279,1357.3467548076924
1361394442.169,48.23190789473684
1361394442.741,26.60891089108911
1361394440.89,33.74677835051546
1361394440.885,185.6060606060606
1361394441.076,110.67708333333333
1361394441.139,1442.6136363636365
1361394441.265,940.4865967365968
1361394441.642,128.52822580645162
1361394441.641,222.78225806451613
1361394441.641,15.207219251336898
1361394441.768,15.202702702702704
1361394442.807,119.19642857142858
1361394442.933,249.13194444444446
1361394442.997,161.29032258064515
1361394443.375,124.72098214285714
1361394443.688,282.5520833333333
1361394444.428,158.08823529411765
1361394444.362,128.67647058823528
1361394444.617,23.863636363636363
1361394444.425,27.21497252747253
1361394444.425,133.52272727272725
1361394444.744,239.78365384615387
1361394444.995,49.76851851851852
1361394445.058,12.35079575596817
1361394445.096,92.15561224489797
1361394445.538,8.532801418439716
1361394445.538,50.0
1361394441.758,99.43181818181817
1361394441.822,463.5416666666667
1361394442.005,1252.232142857143
1361394442.136,2202.371987951807
1361394442.135,496.09375
1361394442.197,188.05671021377674
1361394442.374,179.91071428571428
1361394442.562,41.40625
1361394442.56,16.74937965260546
1361394442.999,340.625
1361394443.254,277.9947916666667
1361394443.125,150.5681818181818
1361394443.313,750.0
1361394443.506,215.74519230769232
1361394443.544,77.11693548387098
1361394443.416,13.205901015228427
1361394443.67,175.78125
1361394443.731,17.923940149625935
1361394443.795,45.572916666666664
1361394443.917,13.203125
1361394443.984,15.118453865336658
1361394443.984,59.72222222222223
1361394443.984,39.0625
1361394444.111,18.51851851851852
1361394444.529,19.571109693877553
1361394445.477,162.6602564102564
1361394461.444,36.401098901098905
1361394461.755,87.56868131868131
1361394457.787,34.31919642857143
1361394466.042,53.42741935483871
1361394455.224,26.08267716535433
1361394458.101,20.17195767195767
1361394455.536,31.994047619047617
1361394455.767,26.08267716535433
1361394455.957,32.51008064516129
1361394462.677,28.180803571428573
1361394462.676,46.875
1361394462.739,41.93037974683544
1361394464.463,49.91883116883117
1361394464.591,44.763513513513516
1361394459.407,29.575892857142858
1361394464.527,163.60294117647058
1361394459.534,27.836134453781515
1361394452.458,21.004098360655735
1361394461.095,37.21910112359551
1361394461.287,24.949596774193548
1361394465.382,48.007246376811594
1361394457.381,32.574152542372886
1361394465.507,48.007246376811594
1361394457.57,27.960526315789473
1361394463.114,60.52215189873418
1361394461.769,37.64204545454545
1361394455.049,24.709302325581394
1361394461.895,92.65988372093022
1361394455.361,26.28968253968254
1361394458.556,67.41071428571428
1361394458.491,33.797554347826086
1361394458.553,26.785714285714285
1361394455.801,25.1937984496124
1361394462.456,40.89506172839506
1361394455.705,26.28968253968254
1361394455.958,16.73054245283019
1361394455.83,17.558787128712872
1361394454.549,25.09469696969697
1361394456.083,19.255050505050505
1361394462.674,51.028481012658226
1361394456.016,27.151639344262293
1361394464.4,163.60294117647058
1361394464.399,77.9367469879518
1361394456.461,26.5625
1361394456.395,27.151639344262293
1361394456.839,27.478448275862068
1361394465.202,45.535714285714285
1361394457.201,25.678294573643413
1361394460.269,31.850961538461537
1361394461.093,30.757874015748033
1361394461.097,36.401098901098905
1361394445.677,46.37714460784314
1361394445.05,55.693655303030305
1361394446.372,48.56178977272727
1361394446.427,87.85377358490567
1361394446.676,25.28479064039409
1361394446.675,101.00446428571429
1361394446.675,102.7542372881356
1361394446.799,12.4609375
1361394446.799,1500.0
1361394446.923,10.896381578947368
1361394446.923,95.51411290322581
1361394446.986,102.34375
1361394445.491,35.912298387096776
1361394447.085,81.25
1361394447.148,20.54794520547945
1361394447.148,1256.6964285714287
1361394447.337,771.551724137931
1361394447.336,19.642857142857142
1361394447.335,46.875
1361394447.335,38.26530612244898
1361394447.398,750.0
1361394447.461,19.642857142857142
1361394448.692,12.711864406779663
1361394448.817,40.17857142857143
1361394449.068,45.73170731707317
1361394449.131,750.0
1361394449.194,61.63194444444445
1361394449.321,41.39957264957265
1361394447.377,119.17372881355932
1361394445.963,85.79545454545455
1361394447.935,25.0
1361394446.31,97.53787878787878
1361394446.559,13.091216216216216
1361394448.286,101.25811688311688
1361394448.348,37.5
1361394448.283,40.76086956521739
1361394446.938,97.65625
1361394449.268,54.322429906542055
1361394449.58,61.76985981308411
1361394450.338,15.407986111111112
1361394451.425,15.267175572519083
1361394449.473,248.51973684210526
1361394449.472,71.72619047619047
1361394449.661,59.436274509803916
1361394449.723,21.773921832884096
1361394449.723,43.0453431372549
1361394449.786,45.0
1361394451.647,11.18995633187773
1361394451.9,150.0
1361394451.771,42.15801886792453
1361394452.069,64.00240384615384
1361394452.196,46.72330097087379
1361394452.444,68.4375
1361394452.951,24.59016393442623
1361394452.951,49.33894230769231
1361394453.142,22.216796875
1361394453.434,30.0
1361394453.434,43.91339869281045
1361394453.497,24.166666666666668
1361394453.623,37.326388888888886
1361394450.893,14.705882352941176
1361394451.873,65.17857142857143
1361394451.936,8.007117437722421
1361394452.318,51.25
1361394452.544,33.18452380952381
1361394452.672,228.6184210526316
1361394452.735,22.727272727272727
1361394452.799,1049.1314713896459
1361394453.24,42.708333333333336
1361394471.207,228.6931818181818
1361394471.332,82.96130952380952
1361394471.394,189.14473684210526
1361394463.455,15.625
1361394466.399,44.763513513513516
1361394470.046,39.81164383561644
1361394466.459,25.56818181818182
1361394470.17,44.8943661971831
1361394458.522,459.3380905511811
1361394466.883,40.348101265822784
1361394467.005,49.27884615384615
1361394470.588,46.13095238095239
1361394467.196,40.86538461538461
1361394472.315,41.93037974683544
1361394467.194,38.403614457831324
1361394472.378,479.1666666666667
1361394472.442,1078.125
1361394472.632,48.65506329113924
1361394475.639,71.875
1361394473.011,41.40625
1361394473.243,41.40625
1361394468.566,23.731203007518797
1361394469.139,27.12264150943396
1361394469.139,46.00694444444445
1361394470.927,92.91666666666666
1361394471.116,228.6931818181818
1361394469.643,45.37671232876713
1361394469.834,54.13732394366197
1361394466.227,42.46794871794872
1361394470.125,44.763513513513516
1361394466.349,54.47635135135135
1361394470.0,46.00694444444445
1361394471.727,39.43452380952381
1361394466.667,27.99079754601227
1361394466.793,47.74844720496895
1361394470.63,41.93037974683544
1361394472.165,38.8719512195122
1361394470.563,41.93037974683544
1361394467.339,42.46794871794872
1361394467.589,50.57565789473684
1361394468.099,22.07167832167832
1361394468.735,46.00694444444445
1361394468.99,45.37671232876713
1361394453.111,1341.4489311163895
1361394455.019,20.21416083916084
1361394468.709,45.37671232876713
1361394454.373,102.27272727272728
1361394452.9,46.875
1361394454.494,49.66085271317829
1361394455.844,44.1468253968254
1361394455.906,750.0
1361394454.625,40.65040650406504
1361394454.809,1125.0
1361394456.217,60.0
1361394454.871,53.57142857142857
1361394456.215,58.779761904761905
1361394454.934,37.234042553191486
1361394456.341,67.1875
1361394456.34,18.200549450549453
1361394456.387,75.0
1361394455.042,17.31687898089172
1361394456.511,42.151162790697676
1361394456.636,11.904761904761903
1361394456.764,65.625
1361394456.763,324.8820754716981
1361394457.141,33.482142857142854
1361394457.496,481.25
1361394457.489,30.737704918032787
1361394457.62,56.919642857142854
1361394455.371,52.81007751937984
1361394455.599,68.18181818181817
1361394454.317,68.39923469387756
1361394455.786,160.41666666666669
1361394455.658,33.87850467289719
1361394455.784,44.20731707317073
1361394455.972,67.42527173913044
1361394454.625,39.625
1361394456.262,15.0
1361394454.917,36.885245901639344
1361394456.7,30.147058823529413
1361394456.863,40.76086956521739
1361394456.864,41.666666666666664
1361394457.497,19.50354609929078
1361394458.542,61.89066852367688
1361394457.542,40.17857142857143
1361394457.732,11.538461538461538
1361394457.796,11.538461538461538
1361394456.899,29.296875
1361394457.089,85.36980968858133
1361394457.341,12.0
1361394457.404,39.8936170212766
1361394457.91,6.327160493827161
1361394458.016,35.36184210526316
1361394458.267,373.6979166666667
1361394458.33,450.0
1361394458.394,52.03804347826087
1361394459.392,47.38051470588235
1361394459.644,162.94642857142858
1361394459.898,67.04545454545455
1361394459.961,528.6458333333334
1361394459.957,6.485849056603774
1361394459.96,59.52380952380952
1361394460.024,67.79891304347827
1361394460.277,34.090909090909086
1361394460.277,99.365234375
1361394460.277,37.5
1361394460.389,85.3658536585366
1361394461.524,55.536684782608695
1361394457.848,14.396067415730338
1361394458.288,51.846590909090914
1361394458.351,39.0625
1361394458.793,39.8936170212766
1361394458.792,128.67647058823528
1361394458.855,19.50354609929078
1361394458.918,100.0
1361394459.215,102.27272727272728
1361394459.149,250.0
1361394459.847,17.647058823529413
1361394459.847,56.06617647058824
1361394459.717,87.17105263157895
1361394460.093,53.57142857142857
1361394460.264,124.0530303030303
1361394477.485,28.409090909090907
1361394481.643,92.59259259259258
1361394479.142,45.37671232876713
1361394473.894,53.52393617021277
1361394479.58,50.595238095238095
1361394479.77,55.20833333333333
1361394483.011,277.77777777777777
1361394478.402,86.61684782608695
1361394480.002,25.09469696969697
1361394475.514,24.906015037593985
1361394480.57,119.04761904761904
1361394483.895,96.15384615384616
1361394480.951,83.55978260869564
1361394484.022,128.125
1361394481.141,71.69117647058823
1361394472.99,33.55263157894737
1361394484.38,103.83064516129033
1361394476.057,26.08267716535433
1361394476.568,28.609154929577464
1361394477.014,59.791666666666664
1361394481.87,625.0
1361394473.806,113.83928571428571
1361394473.869,35.61827956989248
1361394473.864,121.2797619047619
1361394479.244,53.42741935483871
1361394482.164,143.38235294117646
1361394482.29,178.57142857142858
1361394482.354,178.57142857142858
1361394474.289,38.76201923076923
1361394474.288,31.547619047619047
1361394479.599,52.57936507936508
1361394482.921,296.875
1361394474.919,56.76424050632911
1361394483.361,67.70833333333333
1361394483.475,60.97560975609756
1361394483.474,103.83064516129033
1361394475.472,24.51923076923077
1361394483.727,89.28571428571429
1361394463.443,63.92663043478261
1361394463.57,8.133561643835616
1361394461.179,23.46014492753623
1361394463.52,12.640449438202246
1361394464.156,17.663043478260867
1361394460.961,40.54054054054054
1361394460.96,31.69014084507042
1361394461.084,82.76098901098901
1361394462.396,57.39795918367347
1361394462.522,56.25
1361394462.564,63.93045774647887
1361394464.156,96.03658536585365
1361394463.06,77.54629629629629
1361394463.06,72.8515625
1361394463.122,79.50949367088607
1361394464.831,88.23529411764706
1361394464.829,727.1686422413793
1361394464.956,101.9847972972973
1361394464.956,56.58783783783784
1361394465.269,841.1847014925373
1361394465.399,660.15625
1361394463.219,16.6044776119403
1361394461.874,36.58536585365854
1361394461.907,68.9709595959596
1361394463.376,38.56382978723404
1361394462.155,64.27556818181817
1361394462.213,53.57142857142857
1361394462.276,67.22383720930232
1361394462.404,56.25
1361394462.572,4.049511002444987
1361394462.635,13.874658469945356
1361394463.979,57.69230769230769
1361394464.166,6.6765578635014835
1361394462.821,118.70335820895522
1361394464.164,39.8936170212766
1361394464.228,2250.0
1361394462.883,87.46189024390245
1361394464.351,23.05506993006993
1361394464.643,56.25
1361394464.643,39.8936170212766
1361394464.643,75.69444444444444
1361394464.834,40.76086956521739
1361394464.77,88.23529411764706
1361394464.832,71.45833333333333
1361394465.024,1160.15625
1361394465.15,17.938198324022345
1361394465.148,1304.6875
1361394465.592,88.16964285714286
1361394465.349,665.1942172897196
1361394465.836,95.56159420289855
1361394465.836,130.11363636363637
1361394465.899,82.9326923076923
1361394466.402,25.625
1361394466.46,88.01020408163265
1361394466.59,11.899330900243308
1361394466.717,67.70833333333333
1361394466.715,85.13621794871796
1361394467.207,106.61764705882352
1361394467.205,31.25
1361394467.268,91.37658227848101
1361394467.394,16.304347826086957
1361394467.585,44.11764705882353
1361394467.837,24.59016393442623
1361394468.026,89.84375
1361394468.025,31.65409482758621
1361394468.213,134.1711956521739
1361394468.69,179.19303797468356
1361394468.812,40.76086956521739
1361394469.196,9.148550724637682
1361394469.195,750.0
1361394469.45,111.94029850746269
1361394469.513,88.32465277777777
1361394469.449,111.94029850746269
1361394469.576,33.909574468085104
1361394469.639,58.59375
1361394465.711,65.21739130434783
1361394465.71,19.45823598130841
1361394465.836,71.42857142857143
1361394466.086,31.25
1361394466.276,105.6547619047619
1361394466.402,135.26119402985074
1361394466.592,18.696581196581196
1361394466.782,99.8263888888889
1361394466.782,57.69230769230769
1361394466.846,76.64695945945945
1361394466.908,87.12121212121212
1361394466.908,62.33974358974359
1361394467.015,48.90422077922078
1361394467.136,31.25
1361394467.204,31.914893617021274
1361394467.203,54.931640625
1361394467.266,22.894965277777775
1361394467.329,86.25
1361394467.582,6.6765578635014835
1361394467.644,24.193548387096772
1361394467.707,29.41176470588235
1361394467.897,22.727272727272727
1361394467.833,10.543313069908816
1361394467.895,38.86217948717949
1361394467.895,85.8497191011236
1361394468.023,23.076923076923077
1361394468.212,20.0
1361394468.314,61.688311688311686
1361394468.378,54.28685897435898
1361394468.442,95.83333333333334
1361394468.761,57.291666666666664
1361394469.011,29.759877384196187
1361394469.137,99.05660377358491
1361394469.452,64.85445205479452
1361394469.456,231.5264745308311
1361394469.328,357.1068548387097
1361394469.519,42.5531914893617
1361394493.479,116.07142857142857
1361394493.479,153.27380952380955
1361394493.479,119.04761904761904
1361394481.51,1202.2508741258741
1361394489.573,86.20689655172414
1361394473.635,218.25238853503186
1361394487.136,128.28947368421055
1361394477.788,28.409090909090907
1361394487.324,110.79545454545455
1361394487.26,74.70703125
1361394469.914,63.99700598802395
1361394478.042,23.83093525179856
1361394485.914,121.875
1361394486.041,166.66666666666666
1361394490.624,103.79464285714286
1361394490.623,83.33333333333333
1361394487.615,131.57894736842104
1361394490.62,89.28571428571429
1361394486.46,250.0
1361394486.46,143.22916666666666
1361394478.332,24.17883211678832
1361394487.802,139.94565217391306
1361394488.119,89.28571428571429
1361394475.568,14.204545454545453
1361394491.737,103.83064516129033
1361394481.048,131.6002155172414
1361394488.856,120.1171875
1361394491.861,136.85344827586206
1361394492.562,85.4779411764706
1361394486.792,192.30769230769232
1361394481.42,201.80921052631578
1361394473.546,218.25238853503186
1361394489.609,96.15384615384616
1361394485.702,78.62903225806451
1361394487.215,46.875
1361394487.15,89.28571428571429
1361394489.902,49.744897959183675
1361394489.965,89.28571428571429
1361394485.932,73.86363636363637
1361394490.28,105.46875
1361394478.372,25.09469696969697
1361394486.372,227.27272727272725
1361394487.906,119.21296296296296
1361394483.232,74.28571428571429
1361394491.206,86.20689655172414
1361394488.193,100.0
1361394488.452,76.171875
1361394491.331,86.20689655172414
1361394491.394,106.77083333333333
1361394488.829,78.62903225806451
1361394488.893,71.42857142857143
1361394489.02,73.86363636363637
1361394484.603,46.69117647058824
1361394492.577,137.5
1361394492.703,93.75
1361394493.023,97.5
1361394493.151,110.79545454545455
1361394468.835,1172.6108033240996
1361394471.622,18.2140261627907
1361394493.873,78.125
1361394473.841,35.326086956521735
1361394471.276,750.0
1361394471.343,31.944444444444443
1361394471.343,70.51809210526316
1361394469.87,83.33333333333333
1361394469.869,95.9201388888889
1361394469.869,321.42857142857144
1361394470.119,2250.0
1361394471.654,61.266447368421055
1361394471.653,106.875
1361394471.715,4.451038575667656
1361394471.777,42.151162790697676
1361394471.777,140.625
1361394471.84,74.08088235294117
1361394470.285,665.6586021505376
1361394471.881,80.94879518072288
1361394470.534,835.9375
1361394470.657,91.6095890410959
1361394470.847,253.94275700934583
1361394472.383,62.5
1361394472.676,58.59375
1361394472.675,18.125
1361394472.738,58.59375
1361394473.37,72.69736842105263
1361394473.559,16.878342245989305
1361394473.622,84.41310975609755
1361394469.818,150.0
1361394471.538,1718.75
1361394470.065,51.7578125
1361394471.537,56.81818181818181
1361394470.127,60.0
1361394470.062,80.81896551724138
1361394471.725,42.151162790697676
1361394470.184,122.19311377245509
1361394470.124,107.14285714285714
1361394471.849,1500.0
1361394471.825,80.72916666666667
1361394472.075,63.61607142857142
1361394470.603,12.096774193548386
1361394472.138,4.10958904109589
1361394470.789,35.53921568627451
1361394472.32,42.151162790697676
1361394472.511,50.05081300813008
1361394472.806,46.47435897435898
1361394472.869,56.615259740259745
1361394471.077,4.054054054054054
1361394471.076,5.557885906040268
1361394473.313,51.388888888888886
1361394473.44,45.0
1361394473.503,53.90625
1361394473.501,36.76470588235294
1361394473.664,19.736842105263158
1361394475.445,12.032085561497325
1361394475.623,18.8953488372093
1361394473.501,2118.838028169014
1361394475.337,40.53004143646409
1361394472.923,39.42307692307692
1361394474.108,36.11111111111111
1361394474.49,48.728813559322035
1361394474.741,29.41176470588235
1361394474.804,750.0
1361394474.969,1125.0
1361394475.097,31.25
1361394475.412,39.8936170212766
1361394476.233,9.20138888888889
1361394476.232,45.200892857142854
1361394476.359,59.05720338983051
1361394476.406,12.5
1361394476.659,219.79166666666666
1361394477.423,6.4655172413793105
1361394477.55,5.0495426829268295
1361394477.55,41.003184713375795
1361394477.546,13.134057971014492
1361394473.994,1125.0
1361394474.24,54.26747311827957
1361394474.304,81.50773195876289
1361394474.37,37.234042553191486
1361394474.433,59.14135514018692
1361394474.496,46.37096774193549
1361394474.623,44.921875
1361394475.003,44.921875
1361394475.105,40.49295774647887
1361394475.484,11.71875
1361394475.545,53.90625
1361394475.798,184.0277777777778
1361394475.862,24.404761904761905
1361394475.926,29.71311475409836
1361394475.987,61.60714285714286
1361394476.367,23.23717948717949
1361394476.918,35.86538461538462
1361394476.918,21.716101694915256
1361394476.978,45.5827067669173
1361394477.105,22.09051724137931
1361394477.296,17.31418918918919
1361394477.549,20.177165354330707
1361394477.356,23.085585585585587
1361394477.483,750.0
1361394494.878,143.38235294117646
1361394494.878,135.41666666666666
1361394495.002,131.57894736842104
1361394495.065,172.55434782608694
1361394495.128,47.79411764705882
1361394498.07,71.42857142857143
1361394494.096,90.27777777777777
1361394498.512,93.75
1361394498.931,59.52380952380952
1361394494.764,125.0
1361394496.427,125.0
1361394499.75,96.15384615384616
1361394497.166,226.10294117647058
1361394500.555,101.5625
1361394500.683,208.8815789473684
1361394500.619,208.8815789473684
1361394493.065,62.5
1361394501.065,96.15384615384616
1361394494.791,135.41666666666666
1361394494.917,62.5
1361394497.985,62.5
1361394493.865,60.9375
1361394498.216,55.39772727272727
1361394495.461,60.9375
1361394494.115,131.57894736842104
1361394498.658,64.14473684210527
1361394495.713,108.69565217391305
1361394498.848,141.96428571428572
1361394494.431,162.5
1361394495.839,67.70833333333333
1361394494.493,201.171875
1361394494.557,125.0
1361394499.228,132.29166666666666
1361394480.091,7.558664259927798
1361394483.227,134.90657216494844
1361394499.267,103.88513513513513
1361394496.574,113.63636363636363
1361394499.708,100.0
1361394496.828,169.4078947368421
1361394499.708,104.16666666666667
1361394499.898,113.63636363636363
1361394496.954,177.734375
1361394497.272,147.05882352941177
1361394500.598,68.75
1361394493.139,128.75
1361394479.322,34.07012195121951
1361394479.322,277.5735294117647
1361394478.038,6.502890173410405
1361394479.692,34.85576923076923
1361394479.692,27.952261306532662
1361394478.22,19.642857142857142
1361394480.047,36.25
1361394480.109,38.56382978723404
1361394480.36,38.56382978723404
1361394478.695,19.71153846153846
1361394480.422,37.760416666666664
1361394480.779,89.28571428571429
1361394480.905,750.0
1361394480.839,43.47826086956522
1361394481.538,36.25
1361394481.664,28.846153846153847
1361394481.408,5.28169014084507
1361394479.803,21.370515695067265
1361394479.99,37.5
1361394478.516,19.50354609929078
1361394480.238,37.760416666666664
1361394480.463,76.84075342465754
1361394480.463,39.40217391304348
1361394480.589,12.76595744680851
1361394480.652,4.065040650406504
1361394481.223,37.760416666666664
1361394481.03,36.98979591836735
1361394481.286,66.12042682926828
1361394481.54,28.846153846153847
1361394481.284,36.98979591836735
1361394481.516,39.0625
1361394483.612,7.833787465940054
1361394481.919,6.057919621749409
1361394481.918,18.597146739130437
1361394482.045,6.521739130434782
1361394482.044,264.13690476190476
1361394482.296,500.0
1361394483.092,9.176587301587302
1361394483.218,1150.8861940298507
1361394483.786,25.0
1361394483.975,286.62790697674416
1361394483.974,130.5443548387097
1361394484.524,6.556539509536784
1361394484.648,213.37890625
1361394484.711,2039.0625
1361394485.027,237.0689655172414
1361394481.924,6.115751789976134
1361394481.923,38.65346858638743
1361394481.985,20.97902097902098
1361394482.807,125.0
1361394482.91,15.957446808510637
1361394482.973,16.340648854961835
1361394483.287,13.871571072319203
1361394483.666,16.40625
1361394484.471,29.05701754385965
1361394484.657,750.0
1361394484.72,10.032894736842104
1361394485.391,51.546391752577314
1361394501.546,73.52941176470588
1361394501.546,4290.625
1361394501.546,85.60267857142857
1361394501.546,85.60267857142857
1361394501.546,85.60267857142857
1361394501.609,73.52941176470588
1361394505.893,58.13953488372093
1361394503.266,67.56756756756756
1361394506.144,69.01041666666667
1361394501.983,137.27678571428572
1361394503.518,43.526785714285715
1361394503.517,113.05147058823529
1361394506.396,108.01630434782608
1361394503.866,83.55978260869564
1361394504.435,71.42857142857143
1361394501.457,85.60267857142857
1361394501.457,85.60267857142857
1361394505.553,56.81818181818181
1361394502.924,59.45121951219512
1361394505.552,69.97282608695653
1361394495.089,5529.249237804878
1361394506.342,53.191489361702125
1361394506.533,70.47872340425532
1361394506.722,60.22727272727273
1361394502.494,240.234375
1361394502.658,138.88888888888889
1361394503.937,62.5
1361394504.189,36.93181818181819
1361394504.316,69.44444444444444
1361394504.38,67.56756756756756
1361394504.698,80.64516129032258
1361394504.697,53.7109375
1361394504.884,83.33333333333333
1361394505.142,78.125
1361394486.125,165.0
1361394486.942,2562.5
1361394487.702,44.44781553398058
1361394489.819,15.727124183006536
1361394487.444,17.823492462311556
1361394487.444,65.21739130434783
1361394487.444,106.57649253731344
1361394487.505,18.073694029850746
1361394486.033,104.16666666666667
1361394487.504,559.3664148351648
1361394486.223,77.11693548387098
1361394486.095,14.77340047393365
1361394487.63,14.511670761670763
1361394487.694,37.317576142131976
1361394486.286,15.96223021582734
1361394486.45,15.314826302729529
1361394486.449,12.454710144927535
1361394487.857,41.40625
1361394486.701,500.0
1361394488.353,21.23397435897436
1361394486.945,32.127808988764045
1361394486.987,15.47547846889952
1361394486.987,13.826726342710998
1361394487.049,3.8167938931297707
1361394488.644,131.25
1361394488.959,99.75961538461539
1361394487.139,25.139664804469277
1361394489.699,197.39583333333331
1361394485.791,3195.3125
1361394487.45,235.67708333333334
1361394487.638,105.078125
1361394487.637,16.83291770573566
1361394487.636,14.74056603773585
1361394486.19,21.83677370030581
1361394486.44,39.473684210526315
1361394487.847,54.30825242718446
1361394487.84,48.713235294117645
1361394486.563,15.909090909090908
1361394486.563,17.21335697399527
1361394487.906,35.650839793281655
1361394486.625,13.546798029556651
1361394488.158,130.78703703703704
1361394486.75,14.366883116883116
1361394486.749,3265.625
1361394488.221,281.25
1361394488.216,19.50354609929078
1361394486.812,18.564356435643564
1361394486.748,9.25925925925926
1361394488.156,194.19642857142858
1361394486.788,24.564302884615383
1361394488.39,9.81800766283525
1361394488.261,146.76339285714286
1361394488.705,122.4563953488372
1361394489.147,163.39285714285714
1361394489.274,259.375
1361394489.441,172.88306451612902
1361394489.128,129.07608695652172
1361394490.397,13.91882183908046
1361394490.655,57.680348258706466
1361394492.455,27.3119918699187
1361394490.279,17.336829836829835
1361394490.279,13.481200527704484
1361394490.406,1336.3970588235295
1361394490.784,182.09134615384613
1361394490.848,16.72979797979798
1361394490.911,15.93364197530864
1361394491.645,98.6842105263158
1361394491.645,1500.0
1361394491.644,1500.0
1361394491.772,1125.0
1361394491.835,121.52777777777777
1361394491.834,18.766534391534393
1361394492.084,21.73913043478261
1361394492.087,107.6388888888889
1361394492.15,169.3548387096774
1361394492.213,65.89496073298429
1361394492.765,214.58333333333331
1361394492.571,81.8452380952381
1361394492.95,442.3524844720497
1361394493.521,148.0978260869565
1361394493.521,3135.869565217391
1361394493.647,264.945652173913
1361394493.647,92.5
1361394493.709,6.540697674418605
1361394489.908,12.114197530864198
1361394490.034,9.535498489425983
1361394490.032,62.918526785714285
1361394490.223,48.387096774193544
1361394490.095,16.8359375
1361394490.349,17.759146341463413
1361394490.601,28.584123222748815
1361394490.472,111.1111111111111
1361394490.597,125.0
1361394490.831,16.5992206235012
1361394491.528,89.28571428571429
1361394491.59,157.32758620689654
1361394491.588,750.0
1361394491.778,9.593465045592705
1361394492.141,235.99137931034483
1361394492.897,202.00892857142858
1361394493.086,45.91836734693878
1361394493.211,163.30645161290323
1361394493.658,232.8125
1361394493.569,167.96875
1361394509.427,80.078125
1361394513.58,72.01086956521739
1361394509.677,56.81818181818181
1361394513.836,29.633620689655174
1361394511.147,69.01041666666667
1361394509.739,66.05113636363637
1361394514.087,50.96153846153846
1361394514.151,50.595238095238095
1361394514.278,55.20833333333333
1361394511.525,73.1534090909091
1361394514.276,27.721774193548388
1361394511.588,58.13953488372093
1361394510.178,58.13953488372093
1361394511.821,59.52380952380952
1361394510.536,70.47872340425532
1361394510.599,38.306451612903224
1361394510.789,53.191489361702125
1361394512.259,59.52380952380952
1361394507.704,54.303278688524586
1361394513.127,55.55555555555555
1361394513.127,70.47872340425532
1361394508.767,59.151785714285715
1361394508.83,59.151785714285715
1361394513.688,61.342592592592595
1361394513.751,64.17410714285714
1361394513.981,102.9094827586207
1361394511.227,67.58720930232558
1361394514.359,105.58712121212122
1361394510.131,58.13953488372093
1361394510.194,56.6860465116279
1361394511.729,58.13953488372093
1361394511.791,59.52380952380952
1361394507.283,52.57936507936508
1361394512.339,55.55555555555555
1361394512.588,121.1890243902439
1361394512.592,55.28846153846153
1361394512.84,85.77127659574468
1361394508.042,73.29545454545453
1361394508.229,58.1140350877193
1361394508.293,59.151785714285715
1361394508.547,75.68359375
1361394508.61,99.47916666666666
1361394508.902,67.4342105263158
1361394508.966,61.342592592592595
1361394508.902,114.78365384615384
1361394504.407,57.249493927125506
1361394493.041,1531.1773255813955
1361394495.189,131.72238372093022
1361394495.507,50.01996805111821
1361394493.497,354.1666666666667
1361394495.244,17.951302729528535
1361394493.836,44.3014705882353
1361394495.244,3563.4765625
1361394495.243,16.483516483516485
1361394494.083,3517.3199152542375
1361394494.147,17.11829836829837
1361394494.147,7.516399416909621
1361394495.968,350.78125
1361394494.559,11.850649350649352
1361394495.9,14.53939205955335
1361394494.683,4.201680672268908
1361394496.025,18.30357142857143
1361394494.808,37.119289340101524
1361394494.808,166.66666666666666
1361394496.341,192.52232142857142
1361394494.93,13.49245406824147
1361394496.314,310.7638888888889
1361394496.754,236.71875
1361394497.007,308.8942307692308
1361394497.133,5.87467362924282
1361394495.307,17.059948979591837
1361394495.555,5.952380952380952
1361394494.375,101.79924242424244
1361394494.564,21.670854271356784
1361394494.811,14.55860534124629
1361394494.915,45.42731629392971
1361394494.978,18.10897435897436
1361394496.764,166.66666666666666
1361394496.827,200.1008064516129
1361394497.394,22.817460317460316
1361394499.667,345.1704545454545
1361394497.087,10.881696428571429
1361394497.278,12.5
1361394497.467,78.02013422818791
1361394500.063,114.27696078431372
1361394498.284,46.875
1361394498.473,50.0
1361394498.723,34.883720930232556
1361394499.205,57.69230769230769
1361394499.899,43.26923076923077
1361394500.089,170.67307692307693
1361394500.152,30.30778894472362
1361394500.212,349.7983870967742
1361394500.148,211.53846153846155
1361394500.216,19.462719298245617
1361394500.216,7.731958762886598
1361394500.384,128.63372093023256
1361394500.384,139.14473684210526
1361394500.384,57.52284595300261
1361394500.82,197.69021739130434
1361394501.583,28.802710843373493
1361394498.349,141.07142857142858
1361394498.344,14.6484375
1361394498.727,36.80390995260664
1361394498.727,174.54268292682926
1361394498.853,36.115269461077844
1361394499.718,41.666666666666664
1361394500.644,5.890052356020942
1361394500.512,750.0
1361394500.702,158.03367579908675
1361394500.828,15.957446808510637
1361394500.891,93.75
1361394501.338,190.50480769230768
1361394501.081,79.6875
1361394501.208,59.151785714285715
1361394517.419,24.720149253731343
1361394521.895,134.11458333333334
1361394519.519,53.42741935483871
1361394517.791,28.81205673758865
1361394518.044,23.61111111111111
1361394519.579,56.14406779661017
1361394522.946,2968.75
1361394514.946,38.51744186046511
1361394518.273,45.45454545454545
1361394523.384,1609.375
1361394515.639,41.93037974683544
1361394515.639,43.01948051948052
1361394520.502,125.0
1361394515.638,40.348101265822784
1361394512.694,794.6550546448088
1361394512.757,524.3055555555555
1361394512.757,514.6484375
1361394520.501,119.04761904761904
1361394520.487,104.01119402985074
1361394516.638,43.58552631578947
1361394521.116,61.342592592592595
1361394524.697,69.01041666666667
1361394522.163,108.69565217391305
1361394522.162,92.59259259259258
1361394514.352,44.270833333333336
1361394518.438,61.342592592592595
1361394522.959,406.25
1361394523.15,609.375
1361394523.4,1250.0
1361394512.647,615.5646135265702
1361394515.719,43.01948051948052
1361394512.645,793.7047101449275
1361394512.645,640.9269323671497
1361394515.969,354.1666666666667
1361394524.033,424.10714285714283
1361394516.223,41.40625
1361394516.967,26.713709677419356
1361394524.452,174.7159090909091
1361394517.218,102.48161764705883
1361394525.217,125.0
1361394524.62,236.60714285714286
1361394500.994,1803.3561093247588
1361394500.676,60.4470802919708
1361394503.319,281.25
1361394501.968,92.70833333333334
1361394502.035,51.95961995249406
1361394501.969,36.98979591836735
1361394502.094,75.41666666666667
1361394502.094,277.34375
1361394503.627,19.6533203125
1361394502.346,125.82236842105263
1361394503.626,161.73986486486487
1361394503.689,34.505208333333336
1361394503.625,112.06896551724138
1361394503.625,25.638204225352112
1361394502.342,18.045774647887324
1361394502.47,24.029783393501805
1361394503.849,2023.4375
1361394503.976,105.18292682926828
1361394503.847,156.25
1361394503.975,39.43452380952381
1361394502.566,17.441860465116278
1361394504.226,60.0
1361394504.413,37.5
1361394503.111,108.07291666666667
1361394504.829,8.963178294573643
1361394501.786,124.73366477272728
1361394502.158,21.25314861460957
1361394503.565,276.0416666666667
1361394502.218,30.77770780856423
1361394502.281,25.008608815427
1361394503.855,100.0
1361394503.854,87.70161290322581
1361394504.104,107.51488095238096
1361394502.886,291.29464285714283
1361394504.64,13.485270700636944
1361394505.019,29.97159090909091
1361394507.998,94.84649122807018
1361394505.024,22.21513605442177
1361394505.09,3.9247630331753554
1361394505.466,166.66666666666666
1361394506.138,100.0
1361394506.137,100.98379629629629
1361394506.389,15.957446808510637
1361394506.516,45.0
1361394506.955,376.09649122807014
1361394508.44,37.760416666666664
1361394508.63,77.55681818181819
1361394508.884,11.33849557522124
1361394509.008,281.25
1361394509.199,167.5
1361394509.262,81.19419642857143
1361394509.453,88.23529411764706
1361394509.517,129.62962962962962
1361394505.842,500.0
1361394505.842,88.23529411764706
1361394505.905,87.35795454545455
1361394505.967,81.59722222222223
1361394506.031,31.850961538461537
1361394506.787,136.88858695652172
1361394507.264,69.91525423728812
1361394507.52,9.318181818181818
1361394507.771,75.26041666666666
1361394509.142,97.82608695652175
1361394509.558,9.375
1361394509.61,12.876884422110553
1361394518.986,24.720149253731343
1361394527.049,131.57894736842104
1361394511.047,70.25709219858156
1361394529.735,86.20689655172414
1361394529.798,92.59259259259258
1361394527.487,146.3068181818182
1361394526.142,905.7565789473684
1361394526.205,192.1875
1361394530.428,114.95535714285714
1361394526.267,119.04761904761904
1361394530.724,84.05172413793103
1361394528.099,977.5502873563219
1361394526.815,67.85714285714285
1361394531.292,121.875
1361394512.474,10.575457317073171
1361394528.855,75.75757575757576
1361394532.603,119.04761904761904
1361394532.731,141.74107142857142
1361394532.665,138.88888888888889
1361394533.049,138.88888888888889
1361394526.962,128.28947368421055
1361394527.15,138.88888888888889
1361394527.213,147.05882352941177
1361394527.212,50.53191489361702
1361394530.132,128.0241935483871
1361394525.908,193.75
1361394525.971,205.09868421052633
1361394526.221,119.04761904761904
1361394519.624,24.17883211678832
1361394530.632,75.75757575757576
1361394530.568,83.33333333333333
1361394526.538,121.875
1361394528.071,47.5
1361394531.142,188.98809523809524
1361394528.448,92.59259259259258
1361394518.596,23.660714285714285
1361394531.204,119.04761904761904
1361394528.515,125.0
1361394528.874,83.33333333333333
1361394528.617,788.5044642857143
1361394529.128,81.25
1361394532.322,85.9375
1361394532.448,135.41666666666666
1361394532.958,108.69565217391305
1361394510.595,10.284251412429379
1361394512.337,40.91850828729282
1361394510.231,136.71875
1361394510.603,141.27604166666666
1361394511.897,76.78571428571429
1361394511.958,27.573529411764707
1361394512.144,58.93640350877193
1361394510.604,38.19444444444445
1361394512.207,459.6354166666667
1361394510.797,321.42857142857144
1361394512.331,31.25
1361394510.922,46.875
1361394512.394,153.27380952380955
1361394513.183,419.4758858267716
1361394513.183,170.99252491694352
1361394513.372,51.28205128205128
1361394511.177,79.12234042553192
1361394509.955,72.56944444444446
1361394511.424,115.38461538461539
1361394512.08,31.914893617021274
1361394510.674,42.63117283950618
1361394512.497,94.49404761904762
1361394512.495,750.0
1361394512.811,115.69940476190477
1361394513.002,155.04807692307693
1361394513.127,19.642857142857142
1361394513.062,9.146341463414634
1361394513.188,132.48697916666666
1361394514.899,68.52064220183486
1361394513.143,2015.3712296983758
1361394513.84,47.79411764705882
1361394512.943,234.08018867924528
1361394512.942,135.78869047619045
1361394513.258,7.0754716981132075
1361394513.384,39.8936170212766
1361394513.51,44.44444444444444
1361394513.572,19.3131345177665
1361394513.699,5.7251908396946565
1361394513.698,19.164156626506024
1361394513.888,74.80134474327627
1361394514.204,72.76785714285715
1361394514.5,25.122549019607845
1361394514.499,94.85035211267606
1361394514.627,375.0
1361394514.627,2459.844559585492
1361394514.689,10.869565217391305
1361394514.812,15.345982142857142
1361394514.941,83.3984375
1361394516.067,361.7613636363636
1361394516.066,627.9046474358975
1361394517.501,41.487068965517246
1361394517.373,9.49367088607595
1361394517.69,22.478070175438596
1361394513.893,122.22222222222221
1361394513.893,26.62037037037037
1361394513.893,166.10054347826087
1361394513.957,158.85416666666666
1361394513.956,130.0872093023256
1361394514.398,18.75
1361394514.333,56.19131455399061
1361394514.461,47.17741935483871
1361394514.46,84.6774193548387
1361394514.396,123.84259259259258
1361394514.587,124.7438524590164
1361394514.708,113.40725806451613
1361394514.775,59.50342465753425
1361394515.282,13.93581081081081
1361394515.635,66.3716814159292
1361394515.698,74.89224137931035
1361394515.825,29.41176470588235
1361394515.951,14.563106796116505
1361394515.951,79.70727848101265
1361394516.013,11.138613861386139
1361394515.821,130.63226744186045
1361394516.512,2343.75
1361394516.746,57.926829268292686
1361394516.81,85.44303797468355
1361394516.809,91.24228395061729
1361394516.932,62.29707792207792
1361394517.125,65.87837837837837
1361394517.628,23.085585585585587
1361394533.703,55.55555555555555
1361394534.016,56.81818181818181
1361394534.015,76.63690476190477
1361394534.015,60.97560975609756
1361394535.422,67.56756756756756
1361394538.301,81.25
1361394535.547,78.125
1361394538.489,83.33333333333333
1361394538.973,92.59259259259258
1361394539.036,90.27777777777777
1361394534.556,128.3623417721519
1361394534.555,78.5060975609756
1361394535.96,78.125
1361394536.339,67.56756756756756
1361394536.908,84.70394736842105
1361394537.08,69.64285714285714
1361394533.169,64.1025641025641
1361394537.518,124.21875
1361394537.772,63.00403225806451
1361394533.737,52.083333333333336
1361394533.801,59.52380952380952
1361394534.027,59.52380952380952
1361394534.026,65.78947368421052
1361394538.503,92.59259259259258
1361394538.755,86.20689655172414
1361394538.944,96.15384615384616
1361394539.07,89.28571428571429
1361394539.261,87.05357142857143
1361394520.1,30.91276978417266
1361394520.096,29.839409722222225
1361394539.426,93.75
1361394536.734,60.97560975609756
1361394537.179,141.96428571428572
1361394539.93,91.73387096774194
1361394533.139,55.55555555555555
1361394533.203,70.47872340425532
1361394533.266,59.13461538461538
1361394517.996,25.625
1361394518.94,17.056297709923662
1361394518.699,15.625
1361394516.989,24.404761904761905
1361394518.589,86.53846153846153
1361394518.049,35.011574074074076
1361394518.173,31.914893617021274
1361394518.401,19.230769230769234
1361394520.25,24.174528301886795
1361394520.057,39.40217391304348
1361394518.455,44.11764705882353
1361394518.71,21.370274914089347
1361394520.469,21.634615384615383
1361394518.993,20.66532258064516
1361394519.119,19.41287878787879
1361394520.906,37.760416666666664
1361394521.095,150.0
1361394521.335,107.14285714285714
1361394521.396,60.74766355140187
1361394521.777,35.326086956521735
1361394519.276,14.240506329113924
1361394517.867,19.108280254777068
1361394517.867,67.11065573770492
1361394519.338,53.90625
1361394517.865,14.331210191082803
1361394517.99,40.90909090909091
1361394519.627,12.162162162162163
1361394518.278,45.91836734693878
1361394518.462,18.125
1361394520.162,41.51785714285714
1361394518.689,102.63480392156862
1361394520.596,21.22641509433962
1361394520.658,36.25
1361394520.722,38.56382978723404
1361394520.913,34.198113207547166
1361394520.885,29.575892857142858
1361394520.758,95.83333333333334
1361394521.202,234.375
1361394521.329,313.9204545454545
1361394521.517,1053.125
1361394521.394,173.90625
1361394521.531,1198.118932038835
1361394521.911,76.42045454545455
1361394522.419,73.5383064516129
1361394523.174,146.93509615384613
1361394520.887,6.057919621749409
1361394520.951,38.56382978723404
1361394520.95,36.76470588235294
1361394521.39,6.101190476190476
1361394521.959,95.14925373134328
1361394522.377,25.105337078651683
1361394522.503,20.971485411140584
1361394524.515,19.89412568306011
1361394524.939,5338.483146067416
1361394525.002,495.78125
1361394524.996,2219.7916666666665
1361394521.853,6.296068796068796
1361394521.896,19.50354609929078
1361394521.896,2943.412162162162
1361394521.956,29.37057783018868
1361394521.959,13.109110169491526
1361394522.084,3.926701570680628
1361394522.083,23.4375
1361394522.147,23.729556074766354
1361394522.715,10.48951048951049
1361394522.905,25.862068965517242
1361394523.575,19.3951072386059
1361394523.638,12.860254691689008
1361394523.827,601.5625
1361394524.273,16.306089743589745
1361394524.525,19.98355263157895
1361394524.634,557.2916666666666
1361394524.825,5724.3975903614455
1361394524.821,280.80357142857144
1361394524.885,2258.209745762712
1361394525.199,80.49436475409837
1361394525.39,309.97983870967744
1361394525.707,5.958333333333334
1361394525.643,13.629415760869566
1361394542.945,93.75
1361394543.133,104.16666666666667
1361394545.821,71.42857142857143
1361394545.82,78.125
1361394545.884,71.69117647058823
1361394545.884,116.7279411764706
1361394541.915,53.97727272727273
1361394543.259,47.79411764705882
1361394543.322,73.86363636363637
1361394546.073,62.5
1361394541.977,83.33333333333333
1361394543.735,45.990566037735846
1361394546.613,78.125
1361394546.866,53.7109375
1361394547.054,73.52941176470588
1361394544.424,71.42857142857143
1361394547.495,39.97093023255814
1361394547.727,58.13953488372093
1361394541.125,78.5472972972973
1361394541.188,54.34782608695652
1361394545.705,73.52941176470588
1361394541.608,73.52941176470588
1361394541.923,78.62903225806451
1361394546.147,71.42857142857143
1361394543.394,50.390625
1361394543.52,78.125
1361394542.044,110.99137931034484
1361394546.942,127.40384615384615
1361394547.32,56.81818181818181
1361394547.32,55.55555555555555
1361394539.926,60.97560975609756
1361394526.279,94.78865606936417
1361394528.049,170.65746753246754
1361394526.405,18.811425061425062
1361394526.654,20.549007444168733
1361394526.653,196.875
1361394526.716,16.119722955145118
1361394526.307,14.564043209876544
1361394527.841,19.50354609929078
1361394527.841,111.1111111111111
1361394526.598,17.146381578947366
1361394528.444,831.25
1361394528.379,180.46875
1361394528.673,403.6458333333333
1361394528.987,223.68421052631578
1361394529.114,136.40202702702703
1361394528.986,370.0657894736842
1361394529.555,179.16666666666666
1361394525.887,4.901960784313726
1361394527.416,5.617977528089887
1361394525.947,6.016042780748663
1361394526.199,8.547008547008549
1361394527.541,63.70192307692307
1361394527.949,19.642857142857142
1361394528.135,111.1111111111111
1361394526.854,39.8936170212766
1361394526.784,88.23529411764706
1361394528.447,66.13372093023257
1361394529.441,179.41810344827584
1361394529.18,17.511482939632547
1361394529.144,1627.1205357142858
1361394529.78,7.55718954248366
1361394529.906,13.966480446927374
1361394529.602,153.16358024691357
1361394529.166,15.58698296836983
1361394529.228,11.214114832535884
1361394529.417,4.587155963302752
1361394529.859,190.4296875
1361394531.594,18.375611246943762
1361394531.655,19.963144963144963
1361394531.718,36.58536585365854
1361394531.846,19.560768261964732
1361394532.287,6.666666666666667
1361394532.518,930.3463855421686
1361394532.581,128.67647058823528
1361394532.771,88.54166666666667
1361394533.534,4171.875
1361394533.341,735.3219696969697
1361394533.467,118.30357142857143
1361394530.301,5.890052356020942
1361394530.807,55.20833333333333
1361394530.871,12.714460784313726
1361394531.851,1027.1915584415585
1361394531.849,226.27314814814815
1361394532.018,332.8804347826087
1361394532.713,310.7638888888889
1361394532.584,456.4732142857143
1361394532.712,134.69827586206898
1361394532.775,53.42741935483871
1361394533.09,29.05701754385965
1361394533.153,89.38626126126125
1361394533.153,9.17514534883721
1361394533.216,727.96875
1361394533.28,184.24479166666666
1361394533.276,9.095821325648416
1361394533.386,31.914893617021274
1361394533.563,162.2869318181818
1361394549.276,99.609375
1361394553.372,37.5
1361394553.435,67.40196078431372
1361394553.435,46.875
1361394553.435,101.86298076923077
1361394553.435,101.86298076923077
1361394549.653,80.625
1361394554.38,53.191489361702125
1361394551.753,56.81818181818181
1361394554.674,63.75
1361394552.173,93.75
1361394555.052,112.92613636363637
1361394552.295,53.191489361702125
1361394552.361,85.41666666666667
1361394552.361,55.55555555555555
1361394555.305,67.60204081632654
1361394555.431,67.60204081632654
1361394552.87,64.95098039215686
1361394552.805,35.845588235294116
1361394555.663,70.47872340425532
1361394549.132,108.01630434782608
1361394553.35,76.06132075471699
1361394549.318,51.861702127659576
1361394553.892,67.60204081632654
1361394554.332,60.546875
1361394550.232,58.13953488372093
1361394550.169,55.55555555555555
1361394550.36,74.85465116279069
1361394550.423,59.52380952380952
1361394550.654,56.6860465116279
1361394555.133,65.05102040816327
1361394555.512,62.5
1361394547.576,64.95098039215686
1361394553.079,77.52403846153847
1361394553.204,62.5
1361394548.723,65.05102040816327
1361394533.652,133.2908163265306
1361394533.587,1503.9414414414414
1361394533.773,106.59722222222221
1361394533.895,156.25
1361394533.96,81.59722222222223
1361394535.777,184.6590909090909
1361394535.841,18.74157681940701
1361394535.901,173.29545454545456
1361394536.068,8.928571428571429
1361394534.852,102.56410256410255
1361394536.89,103.125
1361394536.952,201.14889705882354
1361394537.311,93.30357142857143
1361394533.47,743.8668224299065
1361394534.998,95.01689189189189
1361394533.778,21.948433420365532
1361394533.876,11.309143222506394
1361394535.346,86.57094594594594
1361394534.062,40.3874269005848
1361394534.06,99.91776315789473
1361394535.596,130.97426470588235
1361394534.668,19.590736040609137
1361394536.323,108.94097222222223
1361394536.386,29.2312661498708
1361394536.511,136.4329268292683
1361394536.7,51.68269230769231
1361394539.213,66.66666666666667
1361394541.601,139.84375
1361394541.601,105.26315789473684
1361394541.601,156.25
1361394537.949,145.0320512820513
1361394538.2,107.14285714285714
1361394538.388,238.7820512820513
1361394538.451,1215.7628676470588
1361394538.576,17.63980263157895
1361394538.936,153.5560344827586
1361394538.995,287.7604166666667
1361394539.313,38.56382978723404
1361394539.376,234.375
1361394539.692,250.0
1361394540.051,204.0719696969697
1361394540.114,52.083333333333336
1361394540.304,113.63636363636363
1361394541.06,25.415348101265824
1361394541.421,115.78525641025641
1361394541.548,159.0909090909091
1361394541.548,40.54054054054054
1361394541.61,173.5641891891892
1361394538.272,137.40808823529412
1361394538.397,10.825892857142858
1361394538.628,1290.1082677165355
1361394538.628,250.0
1361394538.817,5.921052631578948
1361394539.007,177.66203703703704
1361394539.639,11.415155440414509
1361394540.115,110.29411764705883
1361394541.231,96.09375
1361394541.294,26.083333333333332
1361394541.294,974.7340425531916
1361394561.619,625.0
1361394561.75,625.0
1361394561.876,227.27272727272725
1361394557.46,55.20833333333333
1361394557.585,70.72368421052632
1361394562.255,250.0
1361394562.439,138.88888888888889
1361394558.084,56.14406779661017
1361394562.992,131.57894736842104
1361394563.118,245.8079268292683
1361394559.79,1142.857142857143
1361394560.106,304.6875
1361394558.756,153.75
1361394563.751,100.0
1361394563.814,92.59259259259258
1361394560.421,581.25
1361394563.876,89.28571428571429
1361394560.419,3182.2916666666665
1361394564.063,128.125
1361394560.798,357.14285714285717
1361394564.298,71.69117647058823
1361394561.098,192.39738805970148
1361394561.161,3646.875
1361394561.16,5445.746527777777
1361394564.74,80.64516129032258
1361394564.74,107.29166666666666
1361394564.804,86.20689655172414
1361394556.992,60.22727272727273
1361394561.662,1484.375
1361394558.909,90.27777777777777
1361394562.081,459.82142857142856
1361394562.208,114.95535714285714
1361394562.458,198.4375
1361394562.522,113.63636363636363
1361394561.072,147.62126865671644
1361394555.568,69.88636363636364
1361394565.139,153.75
1361394181.299,810.9051832856903
1361394564.14,117.1875
1361394541.097,69.8529411764706
1361394541.107,4171.189376443418
1361394542.25,19.581202046035806
1361394541.181,112.28197674418605
1361394541.308,30.788177339901477
1361394542.388,10.913337628865978
1361394545.731,250.48828125
1361394543.421,60.505319148936174
1361394542.075,8.429276315789474
1361394542.43,44.72477064220184
1361394542.43,14.72787081339713
1361394542.555,20.99236641221374
1361394544.154,445.5870607028754
1361394544.217,44.11764705882353
1361394542.68,133.33333333333334
1361394544.279,187.5
1361394545.389,160.51136363636365
1361394543.182,66.10576923076923
1361394541.837,1110.1821955719558
1361394541.961,230.58712121212122
1361394543.557,15.086206896551724
1361394542.149,116.00378787878788
1361394543.666,125.40064102564102
1361394542.632,19.50354609929078
1361394542.632,199.375
1361394542.82,19.639157458563535
1361394544.287,42.857142857142854
1361394544.568,97.76785714285714
1361394545.139,59.57259953161592
1361394545.202,15.113901869158878
1361394545.887,32.07020997375328
1361394546.139,178.7683823529412
1361394546.138,42.22623966942149
1361394546.266,31.25
1361394546.328,17.441860465116278
1361394546.391,25.76844262295082
1361394546.454,40.57835820895522
1361394546.812,16.304347826086957
1361394547.256,17.857142857142858
1361394547.567,132.35294117647058
1361394547.825,16.40430174563591
1361394547.952,274.55357142857144
1361394548.079,129.72383720930233
1361394548.078,30.26107594936709
1361394547.95,129.59558823529412
1361394548.62,89.58333333333333
1361394549.13,27.777777777777775
1361394545.834,183.23863636363635
1361394546.335,9.746287128712872
1361394546.713,4.235933503836317
1361394546.951,183.18965517241378
1361394547.202,8.379888268156424
1361394547.329,430.05952380952385
1361394547.455,108.49056603773585
1361394547.833,15.194954128440369
1361394548.375,19.736842105263158
1361394548.437,55.908203125
1361394569.896,127.40384615384615
1361394570.022,291.6666666666667
1361394567.205,83.33333333333333
1361394570.084,60.97560975609756
1361394567.33,78.125
1361394566.176,83.75
1361394570.399,69.44444444444444
1361394566.239,137.27678571428572
1361394570.589,71.42857142857143
1361394566.59,119.21296296296296
1361394552.118,7.090336134453781
1361394571.758,38.51744186046511
1361394568.814,91.07142857142857
1361394560.813,6484.019886363637
1361394560.621,488.79253926701574
1361394560.811,157.77439024390245
1361394561.043,91.98113207547169
1361394569.925,135.34007352941177
1361394565.764,158.75
1361394565.807,123.79807692307693
1361394557.991,27.63605442176871
1361394570.532,109.82142857142857
1361394566.371,80.64516129032258
1361394567.714,115.55232558139535
1361394566.496,123.99193548387098
1361394570.972,55.39772727272727
1361394571.201,64.95098039215686
1361394571.327,110.41666666666666
1361394560.699,174.3827160493827
1361394568.826,71.42857142857143
1361394568.953,177.08333333333334
1361394560.694,31150.827205882353
1361394560.948,188.76953125
1361394561.012,82.2172619047619
1361394565.274,73.86363636363637
1361394548.818,50.43859649122807
1361394567.561,29.367469879518072
1361394570.426,91.46341463414635
1361394552.823,18.84664948453608
1361394549.002,1529.5058139534883
1361394549.001,54.99708624708625
1361394565.784,96.15384615384616
1361394553.623,40.76086956521739
1361394551.127,115.27777777777779
1361394553.622,105.61342592592592
1361394549.902,109.375
1361394549.899,13.208762886597938
1361394550.088,95.05208333333333
1361394550.148,12.716090425531915
1361394550.19,37.94642857142857
1361394550.44,78.95220588235294
1361394552.229,21.428571428571427
1361394550.689,148.2558139534884
1361394550.973,133.33333333333334
1361394550.908,44.11764705882353
1361394552.572,4.934210526315789
1361394553.011,23.9501312335958
1361394553.013,156.25
1361394553.394,353.8602941176471
1361394553.202,39.8936170212766
1361394553.501,19.50354609929078
1361394553.5,39.0625
1361394553.5,105.46875
1361394553.5,39.8936170212766
1361394553.625,37.5
1361394553.625,300.0
1361394551.129,4.2979942693409745
1361394551.315,27.604166666666664
1361394549.779,9.74770642201835
1361394549.778,112.5
1361394551.376,10.209986772486774
1361394551.564,63.70192307692307
1361394551.627,85.22727272727272
1361394551.668,58.27702702702703
1361394551.604,8.02139037433155
1361394551.667,78.125
1361394551.663,116.83238636363637
1361394551.919,30.0
1361394552.044,32.95454545454545
1361394551.98,8.809840425531915
1361394550.377,30.26107594936709
1361394552.295,163.26530612244898
1361394550.565,37.5
1361394552.398,83.75
1361394550.862,111.19186046511628
1361394552.648,25.862068965517242
1361394552.584,156.25
1361394552.775,105.86734693877551
1361394552.838,170.45454545454544
1361394552.964,65.21739130434783
1361394552.835,200.4310344827586
1361394552.898,130.6818181818182
1361394552.961,39.8936170212766
1361394553.151,117.76620370370371
1361394554.081,73.23554421768708
1361394554.525,43.58552631578947
1361394556.355,66.2202380952381
1361394557.596,35.53921568627451
1361394557.594,750.0
1361394553.88,93.75
1361394553.88,43.26923076923077
1361394554.194,83.89945652173914
1361394554.256,187.5
1361394555.37,150.0
1361394555.558,38.125
1361394555.557,150.0
1361394555.682,129.07608695652172
1361394555.746,85.2004716981132
1361394556.229,110.10174418604652
1361394556.164,33.81002824858757
1361394556.861,148.4375
1361394557.047,26.348039215686274
1361394557.051,43.81613756613756
1361394557.089,19.50354609929078
1361394557.656,8.439171122994653
1361394557.783,90.9090909090909
1361394557.718,58.94308943089431
1361394554.067,65.97222222222223
1361394554.193,3333.8428442028985
1361394554.192,11.012300531914894
1361394554.256,1718.75
1361394555.786,134.6409574468085
1361394555.976,27.34375
1361394556.611,4.600694444444445
1361394556.419,8.982035928143713
1361394556.778,103.125
1361394556.773,57.65537709497207
1361394557.283,33.56481481481482
1361394557.147,59.151785714285715
1361394573.583,118.30357142857143
1361394577.746,55.55555555555555
1361394569.934,250.57565789473685
1361394573.899,64.95098039215686
1361394575.241,78.125
1361394573.958,63.70192307692307
1361394578.563,55.55555555555555
1361394575.491,65.87837837837837
1361394578.627,34.375
1361394578.753,121.1890243902439
1361394574.336,138.18993506493507
1361394578.858,48.46938775510204
1361394574.314,71.42857142857143
1361394575.657,115.55232558139535
1361394574.312,125.0
1361394574.374,141.96428571428572
1361394579.11,64.14473684210527
1361394579.173,69.64285714285714
1361394579.236,69.44444444444444
1361394576.16,85.41666666666667
1361394576.54,43.44512195121951
1361394580.058,83.33333333333333
1361394576.857,64.14473684210527
1361394580.228,146.99074074074073
1361394577.216,62.5
1361394580.48,92.59259259259258
1361394572.54,54.34782608695652
1361394572.923,52.98913043478261
1361394573.05,83.55978260869564
1361394573.05,58.13953488372093
1361394573.432,59.52380952380952
1361394577.59,56.14406779661017
1361394575.026,73.52941176470588
1361394578.387,59.52380952380952
1361394574.284,71.42857142857143
1361394575.943,62.5
1361394579.382,73.52941176470588
1361394579.634,69.55645161290322
1361394576.433,65.78947368421052
1361394576.496,65.78947368421052
1361394577.067,40.25423728813559
1361394572.073,162.01171875
1361394577.385,55.55555555555555
1361394580.456,89.28571428571429
1361394580.455,80.64516129032258
1361394572.805,59.52380952380952
1361394573.06,56.81818181818181
1361394573.375,145.1740506329114
1361394559.453,89.80978260869566
1361394560.277,10.385479041916168
1361394573.719,55.55555555555555
1361394557.905,20.491803278688522
1361394559.376,50.0
1361394558.03,6.311576354679803
1361394557.964,197.1409574468085
1361394559.564,21.61871693121693
1361394558.155,6.029411764705882
1361394559.788,6.032171581769437
1361394560.1,4.347112860892389
1361394560.036,16.593992248062015
1361394558.753,16.666666666666668
1361394558.816,53.325688073394495
1361394559.043,11.805555555555555
1361394561.086,6.097560975609756
1361394561.272,20.44235924932976
1361394559.131,39.8936170212766
1361394559.131,39.8936170212766
1361394559.38,22.51476377952756
1361394558.16,10.207286432160805
1361394558.223,6.015258215962441
1361394558.325,18.880208333333332
1361394559.982,375.0
1361394558.697,9.554140127388534
1361394558.884,27.777777777777775
1361394560.529,20.11873350923483
1361394561.034,17.697281167108752
1361394561.283,193109.375
1361394561.474,11.582485465116278
1361394562.285,2146.25
1361394563.921,51.75
1361394564.429,91.25664893617021
1361394562.424,3577.0833333333335
1361394563.429,59.46048632218845
1361394562.141,108.14347290640394
1361394562.327,7.140207715133531
1361394562.329,18.083756345177665
1361394562.52,32.66006097560976
1361394562.451,19.021739130434785
1361394562.582,138.02083333333334
1361394562.645,9.868421052631579
1361394562.77,125.0
1361394562.896,71.42857142857143
1361394563.022,6.41025641025641
1361394563.126,6.5982404692082115
1361394563.19,88.23529411764706
1361394563.317,17.13335396039604
1361394563.442,75.0
1361394563.505,12.747762148337596
1361394563.505,78.94736842105263
1361394563.757,25.26105651105651
1361394564.011,36.25
1361394564.01,18.783244680851062
1361394564.259,21.120689655172413
1361394564.262,217.5
1361394564.434,146.23397435897436
1361394564.56,100.0
1361394564.748,1636.1607142857142
1361394564.999,173.38709677419357
1361394565.062,125.71022727272727
1361394565.247,179.39814814814815
1361394565.25,326.7857142857143
1361394565.502,62.5
1361394565.565,65.21739130434783
1361394565.668,18.229166666666668
1361394561.954,77.11693548387098
1361394561.952,31.598189415041784
1361394562.269,125.9469696969697
1361394562.269,187.5
1361394562.882,75.0
1361394563.262,16.76065162907268
1361394563.325,83.33333333333333
1361394563.133,114.09883720930232
1361394563.133,75.0
1361394563.451,78.94736842105263
1361394563.829,18.559644670050762
1361394564.021,21.428571428571427
1361394564.21,48.387096774193544
1361394564.427,95.58823529411764
1361394564.299,164.8706896551724
1361394564.619,57.69230769230769
1361394565.438,126.00806451612902
1361394565.564,116.14583333333334
1361394565.628,125.0
1361394565.671,202.56696428571428
1361394581.582,73.91826923076923
1361394585.676,56.14406779661017
1361394583.423,59.52380952380952
1361394586.113,112.61792452830188
1361394586.556,61.342592592592595
1361394587.294,60.22727272727273
1361394584.412,53.191489361702125
1361394584.475,55.55555555555555
1361394581.174,71.42857142857143
1361394581.174,67.56756756756756
1361394574.899,90.09009009009009
1361394583.025,61.29807692307692
1361394585.813,62.5
1361394585.941,66.25
1361394587.011,126.99468085106383
1361394587.055,59.151785714285715
1361394584.364,85.77127659574468
1361394584.873,60.22727272727273
1361394572.13,94.73536036036036
1361394577.441,75.06793478260869
1361394580.868,106.77083333333333
1361394581.314,655.1682692307692
1361394566.186,232.07720588235296
1361394567.42,36.58536585365854
1361394566.075,17.21335697399527
1361394567.419,182.45967741935485
1361394566.323,239.58333333333334
1361394567.606,12.214467005076143
1361394567.668,34.883720930232556
1361394567.668,20.0
1361394567.756,36.58536585365854
1361394566.723,132.421875
1361394566.722,118.75
1361394566.849,131.4102564102564
1361394566.848,53.57142857142857
1361394568.358,67.06040669856459
1361394568.989,500.0
1361394568.988,101.23239436619718
1361394569.241,3116.25
1361394569.241,48.86363636363637
1361394569.62,38.55846774193549
1361394565.816,10.0
1361394567.16,113.28125
1361394567.223,134.30059523809524
1361394567.286,7.460585585585585
1361394565.941,9.56483644859813
1361394565.941,12.861143867924527
1361394566.064,22.677364864864867
1361394566.314,53.955078125
1361394567.574,38.51744186046511
1361394567.949,70.0
1361394567.949,104.72074468085106
1361394566.856,33.333333333333336
1361394570.213,70.55594900849859
1361394569.017,3103.1016209476306
1361394571.039,6.4655172413793105
1361394570.107,21.915584415584416
1361394570.17,109.6830985915493
1361394570.233,98.61111111111111
1361394570.485,156.65064102564102
1361394570.612,187.5
1361394571.29,81.52173913043478
1361394571.604,80.078125
1361394571.984,2029.0032679738563
1361394572.237,88.23529411764706
1361394572.339,75.0
1361394572.466,62.5
1361394572.781,110.39402173913044
1361394572.587,63.92045454545455
1361394572.907,136.80555555555557
1361394572.65,25.43218085106383
1361394572.969,133.33333333333334
1361394573.151,97.8422619047619
1361394573.513,197.61029411764704
1361394573.577,126.38888888888889
1361394570.489,39.43452380952381
1361394570.615,60.0
1361394570.678,46.875
1361394570.741,151.19485294117646
1361394571.29,17.080269607843135
1361394571.29,37.760416666666664
1361394571.544,77.47395833333333
1361394571.543,1718.75
1361394571.67,73.50852272727272
1361394571.797,423.780487804878
1361394571.795,2950.4243827160494
1361394572.026,32.608695652173914
1361394572.846,37.141393442622956
1361394572.91,36.58536585365854
1361394572.845,39.40217391304348
1361394573.036,105.97826086956522
1361394573.162,33.869219653179194
1361394591.027,48.007246376811594
1361394582.442,290.51598837209303
1361394590.739,61.342592592592595
1361394587.405,55.20833333333333
1361394587.532,51.7578125
1361394587.952,70.72368421052632
1361394588.078,55.921052631578945
1361394588.395,58.1140350877193
1361394588.586,60.22727272727273
1361394589.858,57.112068965517246
1361394581.665,14.495481927710843
1361394591.3,43.66438356164384
1361394590.275,63.01229508196721
1361394591.55,38.51744186046511
1361394591.612,35.61827956989248
1361394590.65,235.49107142857142
1361394590.649,58.1140350877193
1361394591.923,39.43452380952381
1361394592.346,126.05337078651685
1361394587.226,53.42741935483871
1361394592.536,36.637931034482754
1361394587.415,61.01190476190476
1361394595.989,43.56060606060606
1361394587.923,58.1140350877193
1361394588.366,22.09821428571429
1361394573.425,36.90294715447155
1361394573.677,142.4418604651163
1361394573.502,11.103479853479854
1361394575.092,148.64864864864865
1361394575.153,21.732954545454543
1361394575.216,44.11764705882353
1361394574.182,137.6689189189189
1361394575.587,734.0883027522935
1361394575.696,34.31165540540541
1361394574.477,41.666666666666664
1361394575.82,44.11764705882353
1361394574.539,86.71875
1361394574.602,185.26785714285714
1361394574.602,173.828125
1361394574.538,840.3253424657535
1361394576.008,201.171875
1361394574.789,148.2469512195122
1361394574.783,9757.61217948718
1361394576.321,25.880584192439866
1361394574.88,229.56730769230768
1361394576.538,55.989583333333336
1361394577.107,117.1875
1361394577.654,140.27777777777777
1361394573.995,113.17567567567568
1361394574.058,39.473684210526315
1361394573.993,47.1875
1361394574.056,105.76923076923077
1361394575.504,133.92857142857142
1361394575.568,99.43181818181817
1361394574.411,142.578125
1361394574.408,32.835144927536234
1361394576.126,140.625
1361394576.103,117.1875
1361394576.231,107.14285714285714
1361394574.882,21.428571428571427
1361394576.417,93.75
1361394576.475,5.0189393939393945
1361394576.86,113.48684210526316
1361394576.796,105.26315789473684
1361394576.923,68.359375
1361394577.113,133.92857142857142
1361394576.985,83.59375
1361394578.169,845.9749190938511
1361394577.548,1403.5650357995225
1361394579.01,47.54239949748744
1361394580.595,9.39306358381503
1361394580.781,7.605820105820105
1361394578.195,17.638530927835053
1361394578.259,118.82267441860465
1361394578.763,16.81774809160305
1361394578.889,93.75
1361394579.688,108.45588235294117
1361394579.623,142.41071428571428
1361394579.751,599.4664634146342
1361394579.747,168.44512195121953
1361394579.747,42.857142857142854
1361394579.812,12.547348484848484
1361394580.129,200.89285714285714
1361394580.552,23.944256756756754
1361394580.552,13.325953678474114
1361394580.678,22.849025974025974
1361394580.805,119.41964285714286
1361394580.933,32.32020547945205
1361394580.933,8.982035928143713
1361394580.612,20.5078125
1361394580.675,58.467741935483865
1361394581.122,208.33333333333334
1361394581.119,24.434840425531913
1361394581.182,145.66532258064515
1361394581.5,4.500679347826087
1361394581.436,135.97972972972974
1361394581.5,47.69736842105264
1361394581.436,142.6282051282051
1361394581.69,32.837566844919785
1361394581.754,117.6470588235294
1361394581.625,41.666666666666664
1361394581.625,179.01785714285714
1361394581.753,36.005434782608695
1361394578.018,1410.8952702702702
1361394578.018,44.53125
1361394578.209,93.00595238095238
1361394578.525,27.22679640718563
1361394578.65,72.56944444444446
1361394578.776,116.66666666666667
1361394579.029,39.8936170212766
1361394579.133,39.8936170212766
1361394579.26,156.66118421052633
1361394579.576,107.53676470588236
1361394579.635,37.760416666666664
1361394579.765,94.1722972972973
1361394579.892,60.046487603305785
1361394580.628,468.75
1361394580.628,53.57142857142857
1361394580.755,57.69230769230769
1361394580.945,6.521739130434782
1361394581.072,196.77734375
1361394581.135,125.0
1361394581.451,257.61217948717945
1361394581.322,42.857142857142854
1361394581.322,96.55448717948718
1361394581.512,196.69117647058823
1361394250.566,38712.6214664311
1361394593.73,25.286259541984734
1361394602.422,108.69565217391305
1361394602.612,119.04761904761904
1361394600.472,52.57936507936508
1361394600.408,35.23936170212766
1361394600.536,53.42741935483871
1361394600.599,54.303278688524586
1361394603.603,459.82142857142856
1361394593.107,26.713709677419356
1361394593.524,27.604166666666664
1361394601.46,55.28846153846153
1361394603.956,2437.5
1361394596.659,33.04303278688524
1361394596.719,26.12704918032787
1361394596.655,25.5
1361394604.207,552.0833333333334
1361394604.274,1218.75
1361394597.042,25.5
1361394593.707,25.87890625
1361394602.953,108.69565217391305
1361394600.196,49.8046875
1361394592.324,71.42857142857143
1361394592.833,25.678294573643413
1361394593.126,26.5
1361394603.813,355.1136363636364
1361394603.876,276.0416666666667
1361394604.383,363.28125
1361394604.574,363.28125
1361394604.893,180.39772727272725
1361394581.625,200.40760869565216
1361394582.324,56.79381127450981
1361394583.352,78.45744680851064
1361394582.134,750.0
1361394582.32,67.70833333333333
1361394582.32,101.5625
1361394582.32,101.5625
1361394582.382,150.78125
1361394584.082,16.304347826086957
1361394584.268,44.11764705882353
1361394582.924,86.11111111111111
1361394584.872,29.05701754385965
1361394585.061,41.48065476190476
1361394585.188,26.349431818181817
1361394585.567,116.4504716981132
1361394585.819,94.27966101694915
1361394581.851,375.0
1361394583.24,129.28921568627453
1361394582.21,75.0
1361394582.21,97.5
1361394582.21,76.171875
1361394582.209,101.5625
1361394583.616,19.230769230769234
1361394582.46,22.727272727272727
1361394582.618,84.57880434782608
1361394584.09,5.7397959183673475
1361394584.278,90.01358695652175
1361394582.868,11.758207070707071
1361394584.782,704.1666666666667
1361394585.068,38.56382978723404
1361394585.068,38.56382978723404
1361394585.161,74.89894278606965
1361394585.989,2239.5833333333335
1361394586.304,74.6875
1361394586.68,1390.625
1361394586.87,129.71698113207546
1361394586.868,125.0
1361394587.229,33.80102040816327
1361394587.228,32.90610599078341
1361394587.417,282.79320987654324
1361394587.416,95.23809523809523
1361394587.543,73.00646551724138
1361394587.414,90.40178571428571
1361394587.985,180.55555555555554
1361394588.533,34.85576923076923
1361394588.66,73.7390350877193
1361394589.163,60.483870967741936
1361394589.226,114.58333333333333
1361394589.605,57.69230769230769
1361394589.782,1125.0
1361394586.128,58.80681818181818
1361394586.631,79.13669064748201
1361394587.11,41.666666666666664
1361394587.49,32.36607142857143
1361394587.617,4375.0
1361394587.489,29.175884955752213
1361394587.743,104.98046875
1361394587.807,30.720338983050848
1361394587.805,14.985380116959064
1361394587.868,95.16189759036145
1361394588.058,17.52021563342318
1361394588.473,78.42548076923077
1361394588.719,137.55580357142858
1361394589.293,130.7565789473684
1361394589.419,39.8936170212766
1361394589.419,39.8936170212766
1361394605.758,59.45121951219512
1361394597.757,26.903973509933774
1361394609.788,186.45833333333334
1361394610.041,160.15625
1361394605.945,71.69117647058823
1361394610.041,96.15384615384616
1361394599.411,27.534965034965037
1361394595.052,14.304577464788732
1361394606.616,96.15384615384616
1361394595.096,14.406028368794326
1361394610.904,57.5
1361394598.613,27.449324324324326
1361394608.464,131.57894736842104
1361394611.408,59.52380952380952
1361394611.472,58.13953488372093
1361394608.845,160.9375
1361394611.725,3015.625
1361394609.163,100.0
1361394600.907,75.89285714285714
1361394609.324,100.0
1361394612.14,2859.375
1361394609.388,75.75757575757576
1361394601.386,37.21910112359551
1361394609.695,128.28947368421055
1361394598.879,28.409090909090907
1361394599.069,64.52338129496403
1361394597.975,28.211805555555557
1361394607.491,135.41666666666666
1361394606.464,97.5
1361394610.686,89.28571428571429
1361394594.942,14.666064981949459
1361394610.813,80.64516129032258
1361394611.19,53.191489361702125
1361394607.99,147.05882352941177
1361394608.435,192.1875
1361394611.486,87.35795454545455
1361394611.484,58.13953488372093
1361394611.61,81.8452380952381
1361394611.609,61.04651162790697
1361394611.673,54.34782608695652
1361394609.172,84.05172413793103
1361394609.172,100.0
1361394612.177,158.48214285714286
1361394605.066,57.45967741935483
1361394605.065,83.33333333333333
1361394605.129,100.2155172413793
1361394591.625,825.9447674418606
1361394591.51,17.977627840909093
1361394591.763,64.31062231759657
1361394589.932,324.65277777777777
1361394590.121,97.09821428571429
1361394590.057,163.56981981981983
1361394590.121,750.0
1361394590.12,750.0
1361394590.183,70.85129310344827
1361394591.267,71.55797101449275
1361394591.396,40.76086956521739
1361394591.457,250.0
1361394591.457,300.0
1361394591.646,346.59900284900283
1361394590.596,115.38461538461539
1361394590.783,117.89772727272728
1361394591.934,39.8936170212766
1361394591.997,107.14285714285714
1361394592.855,23.076923076923077
1361394593.043,4.411764705882353
1361394593.295,58.59375
1361394593.421,65.10416666666667
1361394593.547,61.47540983606557
1361394593.587,45.125
1361394589.811,91.36652542372882
1361394589.875,27.777777777777775
1361394589.875,4.885993485342019
1361394590.0,140.625
1361394591.15,133.92857142857142
1361394590.062,170.61491935483872
1361394590.125,201.27118644067795
1361394591.211,73.21428571428572
1361394591.275,95.51056338028168
1361394590.25,72.24770642201834
1361394591.446,56.25
1361394591.75,39.8936170212766
1361394591.875,73.99425287356321
1361394592.001,56.25
1361394592.164,77.05479452054794
1361394592.164,25.892857142857146
1361394592.411,55.14705882352941
1361394592.92,13.043478260869565
1361394592.982,68.0379746835443
1361394593.045,166.54829545454544
1361394593.341,50.8130081300813
1361394593.34,46.106557377049185
1361394593.403,71.02272727272728
1361394593.593,44.270833333333336
1361394593.547,1108.2866915422887
1361394594.566,60.21341463414634
1361394594.234,105.0
1361394594.486,11.194029850746269
1361394594.991,102.61194029850746
1361394595.407,12.319711538461538
1361394595.663,24.364406779661017
1361394596.971,4.900147928994083
1361394597.097,22.282608695652172
1361394594.058,16.505934718100892
1361394594.372,150.0
1361394594.436,29.296875
1361394594.815,16.96428571428571
1361394595.383,17.65422077922078
1361394595.547,540.2057926829268
1361394596.247,18.36993243243243
1361394596.562,20.97902097902098
1361394596.794,19.14612676056338
1361394596.982,21.716101694915256
1361394597.299,49.59239130434782
1361394597.362,53.87931034482758
1361394618.253,46.65492957746479
1361394618.316,169.6105072463768
1361394615.307,66.25
1361394614.697,86.93181818181817
1361394615.849,67.60204081632654
1361394615.849,67.60204081632654
1361394616.102,105.71808510638297
1361394616.482,56.81818181818181
1361394611.806,69.01041666666667
1361394612.482,60.97560975609756
1361394612.29,55.55555555555555
1361394617.597,94.7420634920635
1361394613.751,59.151785714285715
1361394615.157,47.91666666666667
1361394613.941,52.57936507936508
1361394614.003,55.20833333333333
1361394615.283,121.57738095238095
1361394615.39,67.60204081632654
1361394614.425,69.50431034482759
1361394614.615,82.4353448275862
1361394615.889,67.60204081632654
1361394616.017,72.01086956521739
1361394611.703,69.88636363636364
1361394617.329,62.98828125
1361394612.27,56.81818181818181
1361394612.716,64.1025641025641
1361394604.268,5105.425824175824
1361394605.666,1547.2417840375588
1361394618.395,22.854477611940297
1361394596.998,1053.8497506234414
1361394597.82,149.49436339522546
1361394597.775,13.80420054200542
1361394597.856,26.62037037037037
1361394597.856,31.043046357615893
1361394597.981,11.71875
1361394598.044,25.219298245614034
1361394598.043,9.800295857988166
1361394599.32,23.4375
1361394599.508,4.393236074270557
1361394598.354,18.00496688741722
1361394598.226,30.688622754491018
1361394598.289,88.54166666666667
1361394598.478,18.704379562043798
1361394598.639,41.19318181818181
1361394598.701,121.02754237288136
1361394598.636,18.36993243243243
1361394598.943,108.01630434782608
1361394600.582,36.98979591836735
1361394600.649,38.56382978723404
1361394600.901,59.5703125
1361394601.091,36.98979591836735
1361394601.155,54.08653846153847
1361394601.281,1500.0
1361394601.344,35.19736842105263
1361394601.344,36.401098901098905
1361394601.344,41.46634615384615
1361394601.471,39.0625
1361394597.78,23.94859813084112
1361394597.779,1112.3652291105122
1361394599.244,6.988396624472574
1361394599.411,20.01953125
1361394598.192,18.08176100628931
1361394598.255,9.742647058823529
1361394598.318,10.476878612716764
1361394598.563,9.050546448087431
1361394600.328,34.57446808510638
1361394601.023,57.39795918367347
1361394601.019,53.24074074074074
1361394601.057,19.50354609929078
1361394601.311,43.47826086956522
1361394601.373,35.53921568627451
1361394601.017,52.083333333333336
1361394602.161,164.47368421052633
1361394602.787,50.67567567567568
1361394603.548,33.15972222222222
1361394602.065,45.73170731707317
1361394602.381,6.41025641025641
1361394602.632,38.56382978723404
1361394602.695,187.5
1361394602.758,37.760416666666664
1361394602.859,49.588815789473685
1361394602.924,6.41025641025641
1361394603.05,41.19318181818181
1361394602.986,32.89473684210526
1361394603.111,78.125
1361394603.111,6.198347107438017
1361394603.11,19.736842105263158
1361394603.11,7.575757575757576
1361394603.236,101.99652777777777
1361394603.744,9.760498687664041
1361394603.551,8.240861618798956
1361394603.551,828.125
1361394603.743,12.083333333333334
1361394604.164,4636.71875
1361394605.271,117.6470588235294
1361394605.271,46.00694444444445
1361394605.525,198.66071428571428
1361394605.46,82.68805309734513
1361394605.588,172.32142857142858
1361394601.933,9.51776649746193
1361394602.185,15.022590361445783
1361394602.294,6.976744186046512
1361394602.297,7.772020725388601
1361394602.424,7.978723404255319
1361394602.486,32.36607142857143
1361394602.672,36.98979591836735
1361394602.735,27.007728494623656
1361394602.99,39.0625
1361394603.115,8.875739644970414
1361394603.529,750.0
1361394603.78,16.875
1361394604.829,19.695378151260503
1361394604.765,382.8125
1361394604.892,20.107938718662954
1361394604.954,93.75
1361394605.522,169.70486111111111
1361394618.296,21.908967391304348
1361394618.74,24.398395721925134
1361394618.867,38.51744186046511
1361394618.993,33.45959595959596
1361394627.54,59.895833333333336
1361394624.337,130.6818181818182
1361394619.729,27.376033057851238
1361394620.109,27.012711864406782
1361394620.108,27.836134453781515
1361394620.171,27.604166666666664
1361394620.171,25.286259541984734
1361394621.165,11.582167832167832
1361394621.292,23.266423357664234
1361394630.404,4312.5
1361394620.483,24.906015037593985
1361394628.801,9216.619318181818
1361394621.375,39.439655172413794
1361394606.393,840.7645781637717
1361394605.654,46.1328125
1361394608.74,13.70389344262295
1361394607.076,3.896103896103896
1361394605.983,167.73897058823528
1361394607.388,104.16666666666667
1361394607.511,77.35402960526316
1361394606.293,50.0
1361394606.292,250.0
1361394606.355,10.567632850241546
1361394606.417,6.072274881516588
1361394606.715,10.817307692307692
1361394607.739,75.0
1361394607.863,18.569409547738694
1361394607.863,20.16267123287671
1361394608.049,16.78388746803069
1361394608.048,321.875
1361394608.048,259.375
1361394608.047,293.1547619047619
1361394608.302,20.071801566579634
1361394608.492,211.875
1361394608.492,241.875
1361394608.723,109.375
1361394608.976,98.6842105263158
1361394609.04,177.08333333333334
1361394609.039,172.65625
1361394609.166,272.7272727272727
1361394609.229,23.077574525745256
1361394609.483,12.852112676056338
1361394609.355,233.33333333333334
1361394609.673,181.89102564102564
1361394605.83,187.05357142857142
1361394605.829,33.075747282608695
1361394607.171,3289.0625
1361394607.206,24.892550143266476
1361394606.121,117.94354838709678
1361394607.337,5.897671568627451
1361394607.399,11.439732142857142
1361394606.181,6.001170960187354
1361394607.46,30.003324468085108
1361394606.308,17.964975845410628
1361394606.306,38.13559322033898
1361394606.431,198.91826923076923
1361394607.518,269.3452380952381
1361394606.557,4.214376590330789
1361394607.87,12.179487179487179
1361394608.061,15.823286802030458
1361394608.124,652.5735294117648
1361394608.188,87.17105263157895
1361394608.379,143.125
1361394608.443,14.005829015544041
1361394608.378,275.625
1361394609.186,125.0
1361394609.249,24.286684782608695
1361394609.626,290.08152173913044
1361394609.757,20.72704081632653
1361394610.71,71.94562146892655
1361394611.269,42.46794871794872
1361394610.362,257.8125
1361394610.741,163.54166666666666
1361394610.741,211.69354838709677
1361394611.286,111.1111111111111
1361394611.664,110.49107142857143
1361394612.044,123.64130434782608
1361394612.107,65.21739130434783
1361394612.487,1625.0
1361394612.551,19.48051948051948
1361394612.59,138.0813953488372
1361394613.478,127.05592105263158
1361394609.883,12.492541766109785
1361394610.056,18.617021276595743
1361394610.246,117.1875
1361394610.246,5.357142857142857
1361394610.623,218.75
1361394611.127,81.52173913043478
1361394611.611,127.23214285714285
1361394611.922,89.84375
1361394612.687,98.95833333333333
1361394612.856,76.87014248704662
1361394630.971,57.5
1361394629.691,62.718531468531474
1361394625.786,48.46398305084746
1361394623.345,28.409090909090907
1361394626.799,24.537037037037038
1361394631.886,130.6818181818182
1361394627.338,27.449324324324326
1361394624.01,24.720149253731343
1361394627.592,15.234375
1361394624.199,29.017857142857142
1361394632.389,24.78448275862069
1361394624.452,25.48076923076923
1361394628.097,28.017241379310345
1361394625.322,27.376033057851238
1361394629.41,27.825342465753426
1361394629.597,28.409090909090907
1361394630.876,87.12121212121212
1361394625.692,27.243589743589745
1361394621.785,20.833333333333332
1361394622.935,28.81205673758865
1361394622.998,28.017241379310345
1361394623.164,28.211805555555557
1361394626.678,66.43518518518518
1361394623.541,23.660714285714285
1361394626.803,24.720149253731343
1361394626.866,63.60815602836879
1361394623.601,23.660714285714285
1361394627.055,26.379870129870127
1361394627.182,28.072033898305087
1361394623.918,42.998120300751886
1361394632.17,52.59146341463414
1361394625.355,27.836134453781515
1361394621.382,47.1875
1361394629.382,27.825342465753426
1361394636.715,359.375
1361394636.902,143.75
1361394613.469,29.19407894736842
1361394614.858,21.06741573033708
1361394613.293,38.793103448275865
1361394613.866,62.63279036827195
1361394614.245,38.86912128712871
1361394615.318,96.31598240469208
1361394613.915,183.79237288135593
1361394613.912,27.777777777777775
1361394614.037,45.91836734693878
1361394615.38,750.0
1361394614.288,83.17307692307692
1361394615.629,85.49528301886792
1361394615.755,124.14772727272727
1361394614.586,130.7565789473684
1361394615.802,1125.0
1361394615.987,40.76086956521739
1361394616.048,7.2325327510917035
1361394616.237,95.12405778894473
1361394616.3,104.27989130434783
1361394616.488,147.13541666666666
1361394616.653,140.9970238095238
1361394616.716,153.76420454545456
1361394617.729,85.9375
1361394613.823,34.72222222222222
1361394615.451,99.0625
1361394614.296,108.61895161290322
1361394615.702,115.88541666666667
1361394614.422,38.26530612244898
1361394615.701,80.75495049504951
1361394614.485,2250.0
1361394615.805,39.8936170212766
1361394616.116,41.891163793103445
1361394616.179,2250.0
1361394616.433,84.13461538461539
1361394616.748,109.375
1361394616.979,13.346354166666666
1361394617.105,109.375
1361394617.887,2828.125
1361394618.142,32.430730478589425
1361394618.715,61.95652173913044
1361394620.103,20.865091463414636
1361394618.16,36.73330745341615
1361394618.991,43.49529780564263
1361394617.962,92.54807692307693
1361394618.402,46.875
1361394618.591,31.25
1361394618.654,35.277061855670105
1361394618.844,80.47945205479452
1361394618.907,88.04898648648648
1361394618.907,120.09803921568628
1361394619.097,111.86079545454545
1361394619.076,3.9787798408488064
1361394619.386,25.17361111111111
1361394619.386,86.80555555555556
1361394619.518,46.21848739495798
1361394620.338,26.515151515151516
1361394620.338,47.44614882506527
1361394620.82,32.18283582089553
1361394620.884,34.30451127819549
1361394621.006,216.56976744186045
1361394621.073,43.38942307692307
1361394621.2,52.56782945736435
1361394621.391,43.47826086956522
1361394621.707,15.360169491525424
1361394617.992,39.8936170212766
1361394618.032,1125.0
1361394618.159,46.875
1361394618.223,479.4218299711815
1361394618.474,7.982866043613706
1361394618.473,71.12873134328358
1361394618.663,197.4431818181818
1361394618.916,81.09177215189874
1361394618.978,73.70923913043478
1361394619.105,32.01013513513514
1361394619.232,62.78669724770643
1361394619.232,96.79878048780488
1361394619.359,33.61344537815126
1361394619.423,8.064516129032258
1361394619.402,51.52376033057851
1361394619.717,6.454659949622166
1361394619.97,61.45833333333333
1361394620.663,39.80383211678832
1361394621.27,35.39823008849557
1361394637.689,89.84375
1361394633.784,27.63605442176871
1361394639.031,130.6818181818182
1361394637.877,89.0625
1361394631.092,25.735294117647058
1361394631.092,33.63970588235294
1361394646.13,473.9583333333333
1361394646.128,625.0
1361394642.477,65.3409090909091
1361394634.413,26.552287581699346
1361394634.476,26.25
1361394630.251,24.17883211678832
1361394639.531,19.166666666666664
1361394639.531,119.79166666666667
1361394639.719,93.75
1361394630.48,45.048701298701296
1361394634.895,27.26510067114094
1361394642.958,63.70192307692307
1361394635.02,27.34375
1361394635.146,28.211805555555557
1361394635.145,28.211805555555557
1361394635.209,27.534965034965037
1361394632.2,25.286259541984734
1361394638.786,161.30952380952382
1361394640.768,28.186274509803923
1361394628.095,52.14088397790055
1361394641.066,66.86046511627906
1361394636.521,31.494140625
1361394636.648,18.75
1361394637.285,29.05701754385965
1361394637.603,29.3141592920354
1361394645.857,2500.0
1361394639.008,34.77822580645161
1361394629.854,28.81205673758865
1361394634.078,27.534965034965037
1361394629.954,28.409090909090907
1361394630.017,22.767857142857142
1361394634.24,26.25
1361394630.08,22.569444444444443
1361394634.24,31.875
1361394634.365,27.63605442176871
1361394631.42,11.017628205128206
1361394642.55,63.70192307692307
1361394631.482,26.726973684210527
1361394642.805,61.29807692307692
1361394631.732,70.068359375
1361394638.579,37.326388888888886
1361394643.058,62.5
1361394632.049,70.62007874015748
1361394635.057,28.211805555555557
1361394638.704,31.547619047619047
1361394643.312,61.342592592592595
1361394632.239,23.61111111111111
1361394635.225,71.14779874213836
1361394635.603,37.6233552631579
1361394633.102,37.87251655629139
1361394633.482,27.26510067114094
1361394636.615,27.376033057851238
1361394636.935,27.836134453781515
1361394644.174,28.176229508196723
1361394623.142,52.19184027777778
1361394621.926,185.0328947368421
1361394623.204,10.635829207920793
1361394621.988,39.8936170212766
1361394622.363,33.482142857142854
1361394623.032,35.12931034482759
1361394624.246,53.75466417910447
1361394625.227,69.14370078740157
1361394625.543,33.854166666666664
1361394621.808,24.379432624113477
1361394623.147,33.46631205673759
1361394623.208,55.38793103448276
1361394622.183,32.65765765765766
1361394622.596,13.192806603773585
1361394622.72,10.344827586206897
1361394624.727,47.843992248062015
1361394625.419,39.90185950413223
1361394626.255,219.21641791044777
1361394627.327,23.844401041666668
1361394627.513,263.25757575757575
1361394625.63,1549.4117647058822
1361394625.922,27.74234693877551
1361394626.11,39.93055555555555
1361394626.426,45.45454545454545
1361394626.614,58.883101851851855
1361394626.741,2562.5
1361394626.804,37.80241935483871
1361394627.114,28.917910447761194
1361394627.223,45.33450704225352
1361394627.218,39.39260563380282
1361394627.729,23.53896103896104
1361394628.045,52.083333333333336
1361394628.045,695.7720588235294
1361394628.045,17.526455026455025
1361394628.044,30.280172413793103
1361394628.594,44.01408450704225
1361394629.099,54.29406474820144
1361394629.604,34.80489417989418
1361394625.889,51.24080882352941
1361394626.695,31.365740740740744
1361394626.757,39.23611111111111
1361394627.325,16.63961038961039
1361394627.553,34.61538461538462
1361394627.552,33.163265306122454
1361394627.679,37.03703703703704
1361394627.615,8.138820638820638
1361394627.806,24.166666666666668
1361394627.933,9.250902527075812
1361394628.059,31.994047619047617
1361394628.123,133.68055555555554
1361394628.567,6.57051282051282
1361394629.238,34.85576923076923
1361394629.553,51.90496575342466
1361394645.646,55.20833333333333
1361394639.113,30.265748031496063
1361394641.991,24.90234375
1361394650.181,161.45833333333334
1361394639.424,25.286259541984734
1361394646.335,284.2881944444444
1361394650.62,116.25
1361394639.966,26.930894308943092
1361394651.293,104.16666666666667
1361394643.228,63.75
1361394648.662,178.57142857142858
1361394643.733,50.595238095238095
1361394648.916,227.27272727272725
1361394640.851,26.08267716535433
1361394643.965,633.4425403225806
1361394649.149,321.875
1361394649.339,277.77777777777777
1361394649.466,292.6136363636364
1361394652.601,193.75
1361394652.728,165.36458333333334
1361394652.728,131.57894736842104
1361394644.279,59.02777777777778
1361394652.854,65.3409090909091
1361394641.712,25.297619047619047
1361394649.837,152.34375
1361394646.227,256.0763888888889
1361394650.513,104.16666666666667
1361394650.89,65.3409090909091
1361394639.752,26.5
1361394651.207,89.28571428571429
1361394651.142,104.16666666666667
1361394646.79,313.0580357142857
1361394646.79,132.21153846153845
1361394639.878,26.28968253968254
1361394639.877,26.930894308943092
1361394648.003,110.06944444444444
1361394651.379,119.04761904761904
1361394648.051,322.9166666666667
1361394651.506,128.75
1361394643.374,51.7578125
1361394648.811,187.5
1361394649.002,193.75
1361394643.88,68.32627118644068
1361394644.072,54.025423728813564
1361394641.191,24.720149253731343
1361394649.319,208.33333333333334
1361392735.93,18784.4731999128
1361394629.21,31.40394088669951
1361394630.287,63.27543424317618
1361394630.533,80.57336182336182
1361394630.659,62.81043046357616
1361394631.675,66.96428571428571
1361394630.482,80.57336182336182
1361394631.057,57.63319672131147
1361394631.627,66.96428571428571
1361394645.803,76.171875
1361394629.882,37.36888111888112
1361394629.945,44.14335664335664
1361394630.132,32.95454545454545
1361394631.472,68.64381067961165
1361394631.597,39.40217391304348
1361394630.38,47.69736842105264
1361394631.721,72.5
1361394631.822,477.16346153846155
1361394630.726,50.34722222222222
1361394630.665,48.986486486486484
1361394632.131,125.0
1361394632.194,752.335258152174
1361394632.614,31.25
1361394632.553,41.666666666666664
1361394632.681,46.875
1361394632.615,57.904411764705884
1361394632.741,19.50354609929078
1361394632.741,22.388059701492537
1361394632.931,15.306122448979592
1361394633.183,250.0
1361394633.311,41.04477611940298
1361394633.374,21.323529411764707
1361394633.437,821.875
1361394633.308,14.85148514851485
1361394633.5,1500.0
1361394633.435,90.625
1361394633.499,17.083333333333332
1361394633.562,4.416666666666667
1361394633.625,18.125
1361394633.752,35.699503311258276
1361394631.043,257.4164746543779
1361394629.827,45.126748251748246
1361394629.886,53.493923611111114
1361394629.886,4914.772727272728
1361394629.952,139.89825581395348
1361394631.291,12.685643564356436
1361394631.542,107.5
1361394631.667,72.5
1361394630.428,35.6339928057554
1361394630.61,23.93617021276596
1361394630.676,50.34722222222222
1361394630.74,325.0
1361394631.891,16.304347826086957
1361394630.801,17.431972789115644
1361394631.953,141.44736842105263
1361394631.951,36.376953125
1361394632.14,19.642857142857142
1361394630.987,1500.0
1361394632.437,38.13559322033898
1361394632.625,57.594476744186046
1361394632.688,35.64814814814815
1361394633.066,6.164383561643835
1361394633.129,16.129032258064516
1361394633.508,106.61764705882352
1361394634.13,31.01145038167939
1361394635.059,49.3421052631579
1361394636.07,64.1025641025641
1361394637.02,12.083923512747875
1361394637.843,51.861702127659576
1361394634.064,23.076923076923077
1361394634.254,22.388059701492537
1361394634.38,27.9991610738255
1361394634.444,10.135135135135135
1361394634.569,22.058823529411764
1361394634.633,15.957446808510637
1361394634.823,66.69207317073172
1361394635.18,56.558098591549296
1361394635.305,17.857142857142858
1361394635.495,55.009664948453604
1361394635.683,14.705882352941176
1361394636.864,65.21177685950413
1361394636.928,13.827054794520548
1361394637.116,28.125
1361394636.923,30.612244897959183
1361394637.179,38.793103448275865
1361394637.243,83.06962025316456
1361394637.558,38.658405172413794
1361394633.754,17.578125
1361394633.947,21.12676056338028
1361394634.073,3.9164490861618795
1361394634.136,2545.1388888888887
1361394634.198,52.92693661971831
1361394634.74,31.914893617021274
1361394635.055,20.27027027027027
1361394635.181,54.79600694444445
1361394635.181,30.05642361111111
1361394635.244,17.945544554455445
1361394635.37,52.083333333333336
1361394636.608,12.711864406779663
1361394636.735,31.914893617021274
1361394636.922,390.625
1361394636.861,47.69736842105264
1361394636.988,23.4375
1361394636.987,82.03125
1361394637.179,60.416666666666664
1361394637.05,42.9359243697479
1361394637.41,10.804521276595745
1361394637.41,40.35326086956522
1361394637.474,24.59016393442623
1361394654.929,103.79464285714286
1361394657.743,96.15384615384616
1361394653.9,104.16666666666667
1361394655.242,86.20689655172414
1361394658.184,86.20689655172414
1361394655.618,86.20689655172414
1361394654.4,83.33333333333333
1361394658.816,128.75
1361394654.463,91.75531914893617
1361394654.458,78.125
1361394654.509,105.20833333333333
1361394659.115,246.96180555555554
1361394659.174,80.64516129032258
1361394659.113,66.55092592592592
1361394659.426,89.28571428571429
1361394656.548,174.64717741935485
1361394656.676,101.15131578947368
1361394657.055,73.52941176470588
1361394660.096,58.035714285714285
1361394657.653,241.8478260869565
1361394655.281,69.44444444444444
1361394658.16,95.83333333333334
1361394655.407,86.20689655172414
1361394655.506,92.59259259259258
1361394654.294,128.0241935483871
1361394655.698,92.59259259259258
1361394655.953,113.63636363636363
1361394658.961,75.75757575757576
1361394659.088,107.29166666666666
1361394659.214,106.77083333333333
1361394659.214,83.33333333333333
1361394654.794,105.97826086956522
1361394656.202,62.5
1361394640.137,14.508928571428571
1361394656.558,58.13953488372093
1361394659.694,89.28571428571429
1361394656.748,73.52941176470588
1361394656.748,73.52941176470588
1361394650.872,27.858527131782946
1361394637.72,1437.4264705882354
1361394638.483,30.402131782945734
1361394640.265,18.366228070175442
1361394639.031,750.0
1361394639.157,3.8461538461538463
1361394639.156,88.23529411764706
1361394639.338,1500.0
1361394639.342,750.0
1361394638.313,65.67796610169492
1361394639.634,31.25
1361394638.539,10.204081632653061
1361394639.754,53.79746835443038
1361394639.817,20.13422818791946
1361394638.537,5.514705882352941
1361394639.816,19.50354609929078
1361394639.874,19.50354609929078
1361394639.94,25.122549019607845
1361394639.94,19.50354609929078
1361394639.939,30.76923076923077
1361394640.065,24.174528301886795
1361394640.366,15.444015444015445
1361394638.893,26.580991124260354
1361394640.429,19.230769230769234
1361394640.744,22.589631782945734
1361394641.185,25.0
1361394641.375,1125.0
1361394641.375,22.879464285714285
1361394641.309,19.50354609929078
1361394637.819,1125.0
1361394639.349,19.736842105263158
1361394639.284,1500.0
1361394639.348,60.0
1361394638.132,54.129464285714285
1361394639.347,12.087264150943398
1361394639.406,18.00496688741722
1361394638.173,20.930232558139533
1361394639.572,19.50354609929078
1361394639.759,19.36619718309859
1361394639.82,1125.0
1361394639.82,6.6765578635014835
1361394639.883,166.66666666666666
1361394639.942,24.87864077669903
1361394639.945,19.50354609929078
1361394640.072,19.642857142857142
1361394640.072,19.642857142857142
1361394638.728,41.33064516129032
1361394640.173,25.122549019607845
1361394640.236,18.617021276595743
1361394640.233,33.057851239669425
1361394640.296,19.642857142857142
1361394640.359,187.5
1361394640.359,22.282608695652172
1361394641.159,34.375
1361394641.353,19.642857142857142
1361394641.224,750.0
1361394641.352,12.319711538461538
1361394641.478,15.306122448979592
1361394641.349,10.202205882352942
1361394643.365,58.98085585585586
1361394644.193,17.44378306878307
1361394641.934,19.50354609929078
1361394641.996,19.50354609929078
1361394642.06,10.575457317073171
1361394642.249,24.639423076923077
1361394642.564,22.478070175438596
1361394642.815,5.985696517412935
1361394643.112,37.760416666666664
1361394643.427,48.78048780487805
1361394643.489,18.29268292682927
1361394643.616,34.85576923076923
1361394644.187,38.56382978723404
1361394644.293,36.98979591836735
1361394644.677,57.39795918367347
1361394644.676,2687.5
1361394644.419,11.846405228758169
1361394644.865,90.50324675324676
1361394644.671,750.0
1361394644.991,85.06944444444444
1361394645.304,29.76190476190476
1361394645.368,105.76923076923077
1361394642.008,5.836575875486381
1361394642.07,5.9760956175298805
1361394642.07,5.836575875486381
1361394642.133,23.726851851851855
1361394642.196,21.716101694915256
1361394642.196,7.142857142857142
1361394642.385,64.28571428571428
1361394642.573,64.28571428571428
1361394642.7,66.17647058823529
1361394642.888,28.481012658227847
1361394643.249,95.05208333333333
1361394643.121,52.84233668341708
1361394644.516,43.26923076923077
1361394644.614,38.56382978723404
1361394644.678,39.8936170212766
1361394644.742,57.70348837209302
1361394644.291,34.72222222222222
1361394644.542,32.95454545454545
1361394644.542,37.234042553191486
1361394644.538,39.8936170212766
1361394644.731,33.56481481481482
1361394645.43,34.85576923076923
1361394662.924,56.50684931506849
1361394665.739,70.1219512195122
1361394665.739,65.05102040816327
1361394661.834,97.84836065573771
1361394665.798,69.87847222222223
1361394663.359,43.56060606060606
1361394662.333,44.642857142857146
1361394666.62,77.11693548387098
1361394663.672,35.326086956521735
1361394662.614,54.956896551724135
1361394659.026,69.58575581395348
1361394664.842,75.21802325581395
1361394665.03,119.375
1361394665.542,66.25
1361394661.059,49.440298507462686
1361394661.376,49.8046875
1361394661.821,52.57936507936508
1361394665.98,61.342592592592595
1361394663.034,26.52310924369748
1361394666.072,54.025423728813564
1361394666.135,49.440298507462686
1361394663.189,73.91826923076923
1361394662.1,73.5576923076923
1361394662.289,76.06132075471699
1361394662.287,59.02777777777778
1361394663.565,85.77127659574468
1361394662.473,70.72368421052632
1361394663.983,58.13953488372093
1361394664.422,65.05102040816327
1361394665.182,53.191489361702125
1361394660.32,70.47872340425532
1361394660.94,33.223684210526315
1361394661.004,46.19565217391304
1361394661.129,49.440298507462686
1361394665.654,110.57692307692307
1361394646.055,13.139204545454547
1361394647.186,11.479591836734695
1361394647.615,87.30709876543209
1361394647.798,328.125
1361394647.864,112.5475888324873
1361394646.903,45.0
1361394648.408,12.208454810495626
1361394649.165,495.3125
1361394649.228,390.625
1361394649.594,13.490437158469945
1361394647.027,6.556539509536784
1361394645.875,19.50354609929078
1361394647.026,28.917910447761194
1361394645.937,16.91176470588235
1361394646.125,966.1458333333334
1361394646.182,14.037433155080215
1361394647.273,10.070332480818415
1361394646.249,14859.375
1361394646.37,11.634744623655914
1361394647.436,19.642857142857142
1361394646.474,18.07029177718833
1361394647.62,243.96008403361344
1361394648.414,26.01156069364162
1361394648.602,429.50258875739644
1361394648.665,302.45535714285717
1361394648.855,414.0625
1361394648.982,450.2840909090909
1361394649.299,436.38392857142856
1361394649.92,20.140016233766232
1361394649.983,96.20535714285715
1361394650.046,3.981370192307692
1361394650.109,310.7638888888889
1361394650.361,192.25543478260872
1361394650.739,15.274314214463839
1361394651.225,19.026898734177216
1361394651.665,20.650584795321638
1361394651.729,10.11029411764706
1361394652.235,220.90517241379308
1361394652.043,88.23529411764706
1361394652.723,313.5416666666667
1361394652.911,58.423913043478265
1361394652.975,237.5
1361394653.034,22.36842105263158
1361394653.038,172.41379310344828
1361394653.101,66.86827956989247
1361394653.1,125.0
1361394653.164,50.70754716981132
1361394649.936,15.665796344647518
1361394650.252,8.134920634920636
1361394650.504,248.69791666666666
1361394651.071,88.23529411764706
1361394651.197,281.25
1361394651.301,11.950904392764857
1361394651.301,17.806154822335024
1361394651.364,9.79799723756906
1361394651.427,11.686991869918698
1361394652.435,342.3295454545455
1361394652.601,49.479166666666664
1361394652.728,15.086206896551724
1361394652.791,242.83854166666666
1361394653.235,78.75
1361394653.489,2250.0
1361394669.766,30.357142857142858
1361394669.891,35.92289719626168
1361394666.678,34.357734806629836
1361394666.867,37.29838709677419
1361394671.713,35.3483606557377
1361394667.356,35.61827956989248
1361394675.483,205.35714285714286
1361394675.735,63.41911764705882
1361394668.282,33.125
1361394669.742,29.789719626168225
1361394669.905,31.547619047619047
1361394671.121,30.113636363636363
1361394671.181,49.72826086956521
1361394667.494,31.862745098039213
1361394672.101,31.850961538461537
1361394668.248,38.392857142857146
1361394668.311,31.547619047619047
1361392754.652,21648.51723794009
1361394659.391,53.94345238095239
1361394653.654,7.497030878859857
1361394653.158,48.72532894736842
1361394653.285,2257.4090375586857
1361394655.113,8.61922554347826
1361394657.813,111.1111111111111
1361394653.964,8.092948717948719
1361394653.96,18.0316091954023
1361394655.491,750.0
1361394655.49,18.58108108108108
1361394654.206,112.39035087719299
1361394655.552,16.317733990147783
1361394654.495,5.639097744360902
1361394655.838,40.09046052631579
1361394654.619,46.174823113207545
1361394656.216,74.70703125
1361394656.274,748.2638888888888
1361394656.442,10.990813648293964
1361394656.502,14.564295039164492
1361394656.632,183.38815789473685
1361394657.011,52.28365384615385
1361394657.07,106.61764705882352
1361394654.996,7.605421686746988
1361394657.812,678.5714285714286
1361394655.184,40.59436274509804
1361394653.839,55.20833333333333
1361394655.242,17.333333333333332
1361394655.369,3.7037037037037037
1361394655.495,17.525851581508515
1361394655.491,2664.0625
1361394655.601,8.113753213367609
1361394654.255,23.58983286908078
1361394654.314,5.625
1361394656.185,120.42682926829268
1361394656.311,19.642857142857142
1361394656.435,11.627906976744185
1361394656.435,161.85897435897436
1361394656.625,42.46794871794872
1361394656.687,41.666666666666664
1361394657.067,32.625
1361394658.65,11.021600566572237
1361394658.469,3.8363171355498724
1361394658.659,10.516109785202863
1361394659.016,195.625
1361394659.142,143.75
1361394659.33,102.67857142857143
1361394659.517,64.59153543307086
1361394659.9,42.267628205128204
1361394660.089,6.064690026954178
1361394660.152,200.40760869565216
1361394660.34,6.0
1361394660.382,64.28571428571428
1361394660.445,2238.3261494252874
1361394660.507,29.05701754385965
1361394660.507,132.1875
1361394660.507,213.0681818181818
1361394660.507,96.50735294117648
1361394660.95,9.81675392670157
1361394661.14,39.8936170212766
1361394661.075,78.64583333333333
1361394661.202,1125.0
1361394661.454,44.11764705882353
1361394661.691,51.724137931034484
1361394661.562,750.0
1361394661.562,120.0
1361394658.83,4.587155963302752
1361394659.087,133.33333333333334
1361394659.086,20.207111436950147
1361394659.401,5.926724137931034
1361394659.779,146.76339285714286
1361394659.968,8.771929824561402
1361394661.148,62.27355072463768
1361394661.274,1307.2916666666667
1361394661.401,115.38461538461539
1361394661.4,109.130859375
1361394678.922,56.14406779661017
1361394682.372,54.910714285714285
1361394674.308,35.61827956989248
1361394679.739,62.5
1361394679.967,62.5
1361394680.031,62.5
1361394675.42,38.07471264367816
1361394683.929,989.5833333333334
1361394675.673,41.40625
1361394675.8,40.89506172839506
1361394680.599,61.342592592592595
1361394672.406,32.47549019607843
1361394680.79,76.4627659574468
1361394675.924,43.01948051948052
1361394676.178,42.46794871794872
1361394673.105,34.14948453608247
1361394673.105,24.658203125
1361394676.479,44.166666666666664
1361394684.799,126.35869565217392
1361394673.533,34.505208333333336
1361394685.116,152.64423076923077
1361394673.596,34.868421052631575
1361394685.498,147.05882352941177
1361394676.985,44.166666666666664
1361394681.909,46.65492957746479
1361394677.876,60.167910447761194
1361394679.09,46.00694444444445
1361394678.381,44.8943661971831
1361394682.861,96.15384615384616
1361394683.049,73.52941176470588
1361394679.783,62.5
1361394678.759,57.112068965517246
1361394680.034,85.37946428571429
1361394675.301,39.43452380952381
1361394680.292,32.95454545454545
1361394675.744,87.5
1361394681.16,57.58928571428571
1361394672.838,88.50806451612902
1361394673.027,33.80102040816327
1361394676.418,89.84375
1361394681.601,51.7578125
1361394673.47,25.049603174603178
1361394676.926,46.00694444444445
1361394683.901,718.75
1361394661.162,10.8642578125
1361394665.86,2250.0
1361394663.106,132.40131578947367
1361394661.953,44.11764705882353
1361394662.015,38.793103448275865
1361394662.202,45.0
1361394662.133,84.42540322580645
1361394662.201,96.875
1361394662.388,90.9090909090909
1361394662.324,81.68859649122807
1361394662.49,7.4264705882352935
1361394662.555,43.26923076923077
1361394662.617,148.4375
1361394662.678,113.41594827586208
1361394662.741,125.82236842105263
1361394662.741,6.7975830815709966
1361394664.335,78.83522727272728
1361394664.332,75.2840909090909
1361394664.692,25.13227513227513
1361394665.444,162.76041666666666
1361394665.444,129.8828125
1361394665.571,375.0
1361394665.614,5937.5
1361394665.615,86.25
1361394665.805,63.80208333333333
1361394661.96,5.583126550868486
1361394663.357,400.64858490566036
1361394663.462,933.5639312977098
1361394663.462,4.601226993865031
1361394662.496,750.0
1361394662.496,17.1875
1361394662.495,187.5
1361394663.774,124.14772727272727
1361394662.62,45.0
1361394663.898,549.6794871794872
1361394663.893,21.367521367521366
1361394664.088,138.88888888888889
1361394664.123,209.42252851711027
1361394664.692,45.206310679611654
1361394664.69,1500.0
1361394665.299,83.33333333333333
1361394665.613,108.09948979591836
1361394665.552,750.0
1361394665.615,40.76086956521739
1361394665.87,1475.3925120772947
1361394667.637,12.780448717948717
1361394667.639,6.25
1361394665.851,7.957559681697613
1361394665.915,98.01136363636363
1361394665.977,12.194113756613758
1361394666.102,39.8936170212766
1361394666.229,114.87268518518519
1361394666.228,1125.0
1361394666.354,3000.0
1361394666.67,74.35344827586208
1361394666.796,2320.3125
1361394666.731,34.2340848806366
1361394666.859,36.32478632478633
1361394666.922,96.5909090909091
1361394666.985,62.5
1361394667.024,65.3409090909091
1361394667.276,62.5
1361394667.591,22.550675675675674
1361394668.036,39.8936170212766
1361394668.288,26.31578947368421
1361394668.522,6.659122562674095
1361394668.457,40.76086956521739
1361394668.71,65.15066964285714
1361394668.899,53.35022522522523
1361394665.818,89.6796218487395
1361394665.984,1125.0
1361394665.983,65.21739130434783
1361394666.045,9.49367088607595
1361394666.171,12.195121951219512
1361394666.234,3070.3125
1361394666.297,83.95522388059702
1361394666.486,9.933774834437086
1361394666.549,205.35714285714286
1361394666.611,63.41911764705882
1361394666.675,47.01086956521739
1361394666.738,75.65789473684211
1361394666.864,79.8611111111111
1361394666.991,15.957446808510637
1361394667.098,18.142361111111114
1361394667.35,206.31377551020407
1361394667.35,84.94015957446808
1361394667.917,750.0
1361394667.98,113.59375
1361394668.715,220.26209677419357
1361394668.778,39.0625
1361394669.544,44.20955882352941
1361394689.906,110.41666666666666
1361394685.809,113.83928571428571
1361394690.409,64.1025641025641
1361394687.716,119.72402597402596
1361394688.077,58.035714285714285
1361394688.393,60.97560975609756
1361394691.398,60.97560975609756
1361394689.154,136.85344827586206
1361394689.47,121.1890243902439
1361394689.47,58.13953488372093
1361394689.597,63.17934782608696
1361394689.596,54.34782608695652
1361394686.102,65.78947368421052
1361394686.229,62.5
1361394687.38,60.97560975609756
1361394687.615,138.8561320754717
1361394690.623,74.35344827586208
1361394688.054,58.035714285714285
1361394683.7,78.3811475409836
1361394691.314,58.13953488372093
1361394688.816,67.70833333333333
1361394691.821,109.82142857142857
1361394685.388,165.36458333333334
1361394689.781,39.97093023255814
1361394669.855,127.36858190709047
1361394669.932,71.6997663551402
1361394670.118,64.58333333333334
1361394670.181,18.880208333333332
1361394670.18,6.015258215962441
1361394670.475,36.458333333333336
1361394670.661,69.81382978723404
1361394670.784,354.6080508474576
1361394670.784,43.26923076923077
1361394672.122,141.9491525423729
1361394672.122,163.6904761904762
1361394672.603,42.03125
1361394672.666,63.446969696969695
1361394672.983,24.82876712328767
1361394673.172,34.85576923076923
1361394673.594,51.1968085106383
1361394671.027,7.16991341991342
1361394671.152,67.16008771929823
1361394671.215,42.53472222222222
1361394671.214,12.931034482758621
1361394671.338,66.8859649122807
1361394670.289,11.439732142857142
1361394671.502,107.1875
1361394672.062,62.5
1361394672.926,62.174479166666664
1361394673.405,74.83552631578948
1361394673.125,21.365676795580107
1361394673.951,20.247186495176848
1361394674.714,71.72995780590718
1361394674.013,77.28494623655914
1361394674.201,6.57051282051282
1361394674.201,28.3203125
1361394674.269,562.5
1361394674.584,20.833333333333332
1361394675.257,23.076923076923077
1361394675.89,170.3202736318408
1361394675.953,83.73397435897435
1361394675.889,92.0138888888889
1361394675.952,24.193548387096772
1361394676.332,59.92879746835443
1361394676.396,68.18181818181817
1361394676.433,27.27272727272727
1361394676.563,54.79166666666667
1361394676.627,27.777777777777775
1361394677.194,76.14436619718309
1361394677.572,52.29591836734694
1361394677.699,463.5416666666667
1361394674.024,750.0
1361394674.024,500.0
1361394674.151,29.233870967741932
1361394674.34,31.79824561403509
1361394674.461,7.737138263665595
1361394675.02,21.428571428571427
1361394675.081,31.25
1361394675.396,18.98148148148148
1361394675.46,31.25
1361394675.523,18.29268292682927
1361394676.089,40.54054054054054
1361394676.093,750.0
1361394676.537,66.34615384615384
1361394676.824,70.6967213114754
1361394677.014,750.0
1361394676.566,66.34615384615384
1361394676.88,28.30188679245283
1361394676.944,4.201680672268908
1361394694.951,65.78947368421052
1361394693.921,155.2734375
1361394695.076,67.70833333333333
1361394693.987,71.42857142857143
1361394695.576,75.75757575757576
1361394694.551,69.44444444444444
1361394694.676,62.5
1361394695.997,63.70192307692307
1361394696.378,44.166666666666664
1361394696.377,45.37671232876713
1361394696.567,44.8943661971831
1361394692.822,59.52380952380952
1361394692.949,30.545112781954884
1361394693.521,67.56756756756756
1361394694.024,46.875
1361394694.381,101.15131578947368
1361394694.32,67.70833333333333
1361394695.841,49.00568181818181
1361394696.033,50.18939393939394
1361394696.226,43.66438356164384
1361394697.156,42.46794871794872
1361394692.732,44.81132075471698
1361394692.604,39.97093023255814
1361394693.369,73.52941176470588
1361394679.012,43.9523381294964
1361394677.922,117.10164835164835
1361394677.984,81.6271551724138
1361394679.135,129.46428571428572
1361394679.135,8.26243455497382
1361394678.107,86.25
1361394678.107,98.80514705882352
1361394679.195,295.5729166666667
1361394678.295,86.25
1361394678.295,87.65243902439023
1361394679.509,49.515845070422536
1361394678.484,90.72580645161291
1361394679.507,19.93534482758621
1361394678.518,85.56547619047619
1361394678.582,58.467741935483865
1361394678.582,89.34859154929578
1361394678.705,83.57558139534883
1361394679.852,4.310344827586206
1361394680.526,103.271484375
1361394680.65,1002.6041666666667
1361394680.776,105.97826086956522
1361394680.966,33.125
1361394681.218,112.24489795918367
1361394681.638,4.189944134078212
1361394677.797,87.65243902439023
1361394677.859,87.65243902439023
1361394677.982,83.57558139534883
1361394678.109,30.46875
1361394679.132,106.98784722222223
1361394679.132,9.860436893203884
1361394679.32,116.01027397260275
1361394678.231,89.84375
1361394678.422,97.12837837837837
1361394679.382,134.00423728813558
1361394678.401,94.57236842105263
1361394678.396,128.52822580645162
1361394678.523,1500.0
1361394678.395,56.25
1361394678.646,22.67699115044248
1361394678.708,60.416666666666664
1361394680.788,19.642857142857142
1361394680.721,19.50354609929078
1361394680.72,8.893280632411068
1361394680.72,167.06730769230768
1361394681.037,115.38461538461539
1361394681.227,24.356617647058822
1361394681.458,15.333488805970148
1361394681.306,2816.333333333333
1361394683.584,13.294198895027625
1361394681.915,39.8936170212766
1361394682.042,7.7942890442890445
1361394682.041,176.3771186440678
1361394682.103,37.760416666666664
1361394682.356,28.30188679245283
1361394682.607,39.8936170212766
1361394682.735,1500.0
1361394682.735,1500.0
1361394682.798,4.373177842565598
1361394682.923,27.604166666666664
1361394683.176,117.1875
1361394683.345,39.8936170212766
1361394683.597,27.853260869565215
1361394684.04,206.25
1361394684.103,424.1401627218935
1361394684.522,187.5
1361394685.152,96.61989795918367
1361394685.152,46.59090909090909
1361394685.151,20.491803278688522
1361394685.531,191.66666666666669
1361394681.815,34.85576923076923
1361394681.879,49.67570754716981
1361394682.005,42.151162790697676
1361394682.424,260.9936377245509
1361394682.551,34.198113207547166
1361394682.614,46.875
1361394682.677,36.458333333333336
1361394682.74,34.505208333333336
1361394682.802,11.029411764705882
1361394682.866,38.56382978723404
1361394683.117,35.53921568627451
1361394683.92,17.857142857142858
1361394683.984,1251.0734732824426
1361394683.92,190.50480769230768
1361394684.11,29.623287671232877
1361394684.489,11.480437665782492
1361394684.68,257.29166666666663
1361394685.479,298.7132352941176
1361394685.479,327.20588235294116
1361394685.668,15.194954128440369
1361394685.475,1478.076550387597
1361394685.475,208.33333333333334
1361394685.666,150.5681818181818
1361394697.827,38.970588235294116
1361394697.949,38.51744186046511
1361394698.881,110.60855263157895
1361394699.068,22.83653846153846
1361394699.322,49.76851851851852
1361394699.633,88.54166666666667
1361394700.433,48.65506329113924
1361394700.624,52.353896103896105
1361394636.622,4181.3960537918865
1361394698.848,46.00694444444445
1361394699.842,37.64204545454545
1361394699.842,38.51744186046511
1361394697.598,38.970588235294116
1361394685.509,36.10557768924303
1361394687.339,366.796875
1361394687.53,14.145710059171597
1361394685.899,23.4375
1361394686.025,119.02573529411764
1361394686.086,4.512942779291553
1361394687.302,34.883720930232556
1361394686.081,192.70833333333334
1361394687.364,189.53804347826087
1361394686.209,51.724137931034484
1361394686.273,100.5859375
1361394687.675,20.366094986807386
1361394688.699,1125.0
1361394688.764,214.28571428571428
1361394689.269,176.41129032258067
1361394689.395,103.72340425531915
1361394689.394,91.14583333333333
1361394689.584,110.29411764705883
1361394689.583,23.082386363636363
1361394689.646,145.48611111111111
1361394685.925,21.367521367521366
1361394686.041,108.94097222222223
1361394687.316,60.0
1361394686.226,105.32407407407408
1361394686.352,125.0
1361394687.503,113.1859756097561
1361394687.755,15.957446808510637
1361394687.754,35.714285714285715
1361394687.852,113.75
1361394688.039,45.45454545454545
1361394688.163,78.47222222222221
1361394688.285,50.84073604060914
1361394688.416,50.70754716981132
1361394688.897,141.0590277777778
1361394689.09,198.66071428571428
1361394689.337,1125.0
1361394689.468,1125.0
1361394693.622,236.875
1361394689.717,19.78920990566038
1361394689.717,100.91463414634147
1361394693.684,66.61931818181819
1361394693.81,20.63679245283019
1361394689.842,750.0
1361394689.903,6.521739130434782
1361394690.218,11.803057553956833
1361394690.345,44.763513513513516
1361394690.699,11.667754569190599
1361394690.762,31.25
1361394690.825,100.69444444444444
1361394690.952,19.230769230769234
1361394690.952,109.375
1361394691.014,152.08333333333331
1361394691.014,98.6842105263158
1361394691.078,74.85465116279069
1361394691.14,25.34722222222222
1361394691.266,145.83333333333334
1361394691.942,141.02564102564102
1361394692.258,32.608695652173914
1361394692.317,25.098425196850393
1361394692.321,119.09722222222221
1361394692.321,6.7164179104477615
1361394692.32,85.9375
1361394692.51,18.814718934911244
1361394692.7,69.98890532544378
1361394694.634,154.296875
1361394690.73,40.396341463414636
1361394691.282,1125.0
1361394691.281,750.0
1361394691.408,62.5
1361394691.471,16.455696202531648
1361394691.471,2250.0
1361394691.535,91.42287234042554
1361394691.598,26.505235602094242
1361394691.597,113.11141304347825
1361394691.66,130.90277777777777
1361394691.66,21.90806878306878
1361394691.66,23.03479381443299
1361394691.787,27.79605263157895
1361394693.149,22.727272727272727
1361394693.021,85.22727272727272
1361394693.148,125.35511363636364
1361394693.211,26.31578947368421
1361394693.211,125.42229729729729
1361394693.506,47.69736842105264
1361394693.506,47.79829545454545
1361394693.629,12.648809523809524
1361394693.755,19.153225806451612
1361394702.699,40.55477528089887
1361394705.368,10.833333333333334
1361394705.684,7.665094339622642
1361394693.007,39.04188654353562
1361394693.33,1111.2973186119875
1361394696.595,246.7315051020408
1361394693.886,202.38095238095238
1361394693.881,90.9090909090909
1361394695.097,150.5681818181818
1361394694.615,19.50354609929078
1361394695.889,7.8125
1361394696.374,97.54464285714286
1361394697.006,73.39638157894737
1361394693.829,39.8936170212766
1361394693.89,1125.0
1361394695.225,19.50354609929078
1361394694.141,106.32621951219512
1361394695.291,95.23809523809523
1361394695.291,195.07575757575756
1361394695.393,39.8936170212766
1361394695.705,43.47826086956522
1361394695.899,39.8936170212766
1361394695.833,63.75
1361394696.022,86.27717391304347
1361394696.34,39.8936170212766
1361394697.316,372.1875
1361394697.505,81.59722222222223
1361394698.015,233.66477272727275
1361394697.758,21.979166666666668
1361394696.939,13.985058309037901
1361394697.951,51.041666666666664
1361394698.014,756.2626518218624
1361394698.014,43.95443925233645
1361394700.8,55.98404255319149
1361394698.016,79.90506329113924
1361394698.205,119.31818181818183
1361394698.52,77.91666666666666
1361394698.833,42.96875
1361394698.878,87.99342105263158
1361394699.129,61.848958333333336
1361394699.572,127.94811320754718
1361394699.824,53.08948863636364
1361394699.822,71.6594827586207
1361394700.14,63.81777108433735
1361394700.441,80.12820512820514
1361394700.566,56.69070512820513
1361394700.756,71.95216049382717
1361394700.819,653.3203125
1361394701.073,18.246644295302016
1361394700.941,17.886513157894736
1361394701.071,20.44172932330827
1361394701.677,10.504201680672269
1361394701.613,59.840425531914896
1361394701.739,35.82802547770701
1361394701.739,20.118025751072963
1361394698.782,16.18705035971223
1361394698.717,89.84375
1361394698.781,101.875
1361394698.759,9.148550724637682
1361394700.444,19.736842105263158
1361394703.988,10.575457317073171
1361394703.844,10.543313069908816
1361394701.665,7.732371794871796
1361394703.243,3.7144702842377257
1361394703.238,26.9281914893617
1361394705.624,750.0
1361394705.701,6.540697674418605
1361394701.917,38.56382978723404
1361394703.068,16.96428571428571
1361394703.068,412.9723837209303
1361394701.916,15.84507042253521
1361394703.13,24.193548387096772
1361394701.978,11.836027713625866
1361394703.128,42.151162790697676
1361394703.191,18.494897959183675
1361394702.166,16.96428571428571
1361394702.165,17.769607843137255
1361394703.381,30.821917808219176
1361394703.546,16.96428571428571
1361394703.671,19.45020746887967
1361394703.733,40.90909090909091
1361394703.667,16.843971631205672
1361394702.514,7.851368159203981
1361394703.857,18.318965517241377
1361394702.513,16.843971631205672
1361394703.792,21.709070796460175
1361394702.639,103.77358490566039
1361394704.046,18.75
1361394704.109,17.21014492753623
1361394704.108,18.621575342465754
1361394705.158,26.223776223776223
1361394702.634,2250.0
1361394702.698,17.886513157894736
1361394705.576,10.932944606413994
1361394705.639,16.725352112676056
1361394702.886,7.605421686746988
1361394702.821,7.550837320574163
1361394702.881,9.148550724637682
1361394702.948,1619.7916666666667
1361394702.948,18.75
1361394703.011,17.0863309352518
1361394702.946,16.843971631205672
1361394703.073,10.59322033898305
1361394703.2,826.171875
1361394703.263,285.9375
1361394703.424,23.28020134228188
1361394702.394,18.36993243243243
1361394702.52,15.957446808510637
1361394702.52,29.641544117647058
1361394703.927,16.843971631205672
1361394704.371,16.96428571428571
1361394704.546,36.25
1361394704.413,35.53921568627451
1361394704.48,45.0
1361394704.735,24.59016393442623
1361394704.606,16.608391608391607
1361394705.24,19.642857142857142
1361394705.174,412.109375
1361394705.361,18.494897959183675
1361394705.389,44.704861111111114
1361394705.833,7.772020725388601
1361394707.345,18.621575342465754
1361394709.606,16.843971631205672
1361394706.078,18.36993243243243
1361394706.646,15.957446808510637
1361394706.645,18.246644295302016
1361394706.835,15.957446808510637
1361394706.899,6.4338235294117645
1361394706.878,17.857142857142858
1361394707.192,16.07142857142857
1361394707.51,18.36993243243243
1361394707.827,11.32930513595166
1361394707.697,90.9090909090909
1361394707.76,16.96428571428571
1361394708.271,16.18705035971223
1361394707.95,88.23529411764706
1361394708.178,16.608391608391607
1361394708.685,23.4375
1361394708.682,27.41935483870968
1361394709.126,16.96428571428571
1361394709.568,15.957446808510637
1361394709.568,16.843971631205672
1361394705.893,16.96428571428571
1361394706.208,20.089285714285715
1361394706.208,20.54794520547945
1361394706.524,41.891891891891895
1361394706.65,39.40217391304348
1361394707.009,34.85576923076923
1361394707.576,15.957446808510637
1361394707.575,9.798728813559322
1361394707.575,57.69230769230769
1361394707.893,17.769607843137255
1361394708.51,16.18705035971223
1361394708.827,16.96428571428571
1361394709.017,17.54032258064516
1361394708.567,16.843971631205672
1361394708.883,16.843971631205672
1361394711.189,34.198113207547166
1361394712.077,18.00496688741722
1361394713.728,46.875
1361394711.096,18.621575342465754
1361394710.07,16.843971631205672
1361394711.51,18.494897959183675
1361394711.569,16.07142857142857
1361394711.634,15.789473684210527
1361394710.608,17.54032258064516
1361394710.608,16.96428571428571
1361394711.885,15.734265734265735
1361394711.922,7.098337950138504
1361394712.424,21.54503105590062
1361394712.804,19.9468085106383
1361394712.99,16.843971631205672
1361394713.349,14.927455357142858
1361394710.844,17.886513157894736
1361394710.842,16.843971631205672
1361394711.132,16.96428571428571
1361394711.318,14.216188524590164
1361394710.356,28.716216216216218
1361394712.738,59.840425531914896
1361394713.052,17.886513157894736
1361394713.115,16.96428571428571
1361394713.114,26.37061403508772
1361394713.304,44.797687861271676
1361394713.43,31.25
1361394713.619,16.725352112676056
1361394713.973,16.96428571428571
1361394713.973,19.14612676056338
1361394714.036,16.07142857142857
1361394714.223,18.125
1361394713.934,36.62109375
1361394712.913,9.406094527363184
1361394713.541,181.6860465116279
1361394715.874,9.20138888888889
1361394717.008,27.604166666666664
1361394714.092,16.725352112676056
1361394714.658,36.25
1361394714.658,16.843971631205672
1361394714.658,18.125
1361394714.825,8.264462809917356
1361394715.137,47.5453795379538
1361394715.267,7.177033492822967
1361394715.392,9.036144578313253
1361394715.708,6.41025641025641
1361394715.961,16.07142857142857
1361394715.896,7.142857142857142
1361394716.191,27.68729641693811
1361394716.254,34.85576923076923
1361394717.014,16.96428571428571
1361394717.077,17.65422077922078
1361394717.138,18.246644295302016
1361394717.237,16.96428571428571
1361394717.483,17.335766423357665
1361394713.81,16.493055555555557
1361394713.936,8.522727272727272
1361394714.123,16.843971631205672
1361394714.437,17.857142857142858
1361394715.5,35.550458715596335
1361394715.563,9.09090909090909
1361394715.689,35.15625
1361394716.307,64.28571428571428
1361394716.37,18.621575342465754
1361394716.684,16.725352112676056
1361394717.281,16.96428571428571
1361394717.66,16.96428571428571
1361394717.91,16.843971631205672
1361394717.909,16.96428571428571
1361394718.293,7.142857142857142
1361394718.396,7.978723404255319
1361394718.139,7.425742574257425
1361394718.451,17.769607843137255
1361394717.812,18.36993243243243
1361394717.991,16.608391608391607
1361394718.153,18.880208333333332
1361394718.919,37.760416666666664
1361394718.149,15.957446808510637
1361394719.07,15.410958904109588
1361394719.194,16.96428571428571
1361394720.543,19.9468085106383
1361394720.985,17.31687898089172
1361394721.274,41.223404255319146
1361394721.522,16.96428571428571
1361394722.515,9.00900900900901
1361394719.782,17.65422077922078
1361394719.769,27.553763440860216
1361394719.83,16.843971631205672
1361394719.89,17.886513157894736
1361394719.954,12.295081967213115
1361394719.312,38.56382978723404
1361394720.18,7.059228650137741
1361394720.557,17.769607843137255
1361394720.557,19.50354609929078
1361394720.624,18.10344827586207
1361394720.852,6.666666666666667
1361394721.228,18.00496688741722
1361394721.292,16.96428571428571
1361394721.226,16.843971631205672
1361394721.672,38.56382978723404
1361394721.862,18.36993243243243
1361394722.084,39.40217391304348
1361394722.211,38.96604938271605
1361394722.147,16.843971631205672
1361394722.21,19.35483870967742
1361394723.848,10.813782991202347
1361394722.14,95.44334975369458
1361394722.001,8.211678832116789
1361394722.442,18.621575342465754
1361394722.924,8.849557522123893
1361394722.923,16.843971631205672
1361394723.297,16.843971631205672
1361394723.679,30.375874125874123
1361394724.096,3.968253968253968
1361394724.474,20.032051282051285
1361394724.474,18.125
1361394724.79,36.29032258064517
1361394725.589,16.18705035971223
1361394722.314,11.152826855123674
1361394722.797,36.25
1361394722.99,16.96428571428571
1361394723.179,18.75
1361394723.179,27.331189710610932
1361394723.304,16.843971631205672
1361394723.723,22.67156862745098
1361394723.913,11.398176291793312
1361394724.165,5.597014925373134
1361394725.546,17.0863309352518
1361394726.274,18.621575342465754
1361394726.587,16.843971631205672
1361394735.432,54.478609625668454
1361394727.309,20.006613756613756
1361394725.904,18.125
1361394726.088,5.084745762711864
1361394726.92,5.172413793103448
1361394726.982,16.96428571428571
1361394726.981,18.75
1361394726.333,12.705592105263158
1361394726.336,16.843971631205672
1361394726.69,28.716216216216218
1361394726.626,5.263157894736842
1361394727.768,141.40625
1361394727.957,33.56481481481482
1361394728.19,18.36993243243243
1361394728.253,17.46323529411765
1361394728.444,28.716216216216218
1361394728.633,38.56382978723404
1361394728.696,33.56481481481482
1361394728.758,17.769607843137255
1361394729.677,98.1359649122807
1361394726.792,49.125
1361394726.792,15.957446808510637
1361394726.184,17.441860465116278
1361394726.433,5.813953488372093
1361394727.45,18.880208333333332
1361394729.499,55.228960396039604
1361394730.555,17.886513157894736
1361394730.555,31.914893617021274
1361394730.619,38.56382978723404
1361394729.793,17.65422077922078
1361394729.84,16.843971631205672
1361394730.655,17.54032258064516
1361394730.909,19.9468085106383
1361394730.952,28.846153846153847
1361394730.951,15.734265734265735
1361394731.077,20.54794520547945
1361394731.329,36.58536585365854
1361394731.77,17.769607843137255
1361394732.02,18.36993243243243
1361394732.0,31.914893617021274
1361394732.19,22.98050139275766
1361394732.185,40.17857142857143
1361394732.312,43.26923076923077
1361394732.248,24.456521739130437
1361394732.821,19.230769230769234
1361394732.947,41.891891891891895
1361394733.328,16.96428571428571
1361394733.455,16.96428571428571
1361394733.135,16.07142857142857
1361394733.494,39.818548387096776
1361394733.558,17.54032258064516
1361394729.968,35.53921568627451
1361394730.534,16.843971631205672
1361394731.078,16.156462585034014
1361394732.519,15.957446808510637
1361394732.772,38.56382978723404
1361394732.877,17.857142857142858
1361394733.191,39.473684210526315
1361394733.382,16.843971631205672
1361394733.505,15.011160714285715
1361394733.508,4.477611940298508
1361394733.821,16.129032258064516
1361394734.43,16.96428571428571
1361394750.678,35.58168316831683
1361392835.773,708.4066681125088
1361392839.677,5117.219628707078
1361394733.301,17.769607843137255
1361394733.49,17.886513157894736
1361394734.886,38.56382978723404
1361394734.73,37.760416666666664
1361394734.854,9.032534246575342
1361394734.917,17.886513157894736
1361394734.081,18.246644295302016
1361394734.457,12.171052631578947
1361394735.225,24.507705479452056
1361394735.256,16.493055555555557
1361394734.615,16.843971631205672
1361394735.445,17.46323529411765
1361394735.505,16.843971631205672
1361394736.074,17.886513157894736
1361394736.874,38.56382978723404
1361394736.874,126.87499999999999
1361394737.255,93.75
1361394733.831,25.122549019607845
1361394733.895,555.8035714285714
1361394735.136,38.56382978723404
1361394734.556,16.129032258064516
1361394735.322,33.333333333333336
1361394737.121,18.246644295302016
1361394737.502,15.957446808510637
1361394737.88,16.96428571428571
1361394738.388,10.873824451410657
1361394738.362,264.9739583333333
1361394740.546,13.851950354609928
1361394737.938,18.75
1361394737.938,15.957446808510637
1361394738.126,27.777777777777775
1361394738.378,16.843971631205672
1361394738.631,34.403669724770644
1361394738.63,17.65422077922078
1361394738.63,16.843971631205672
1361394739.17,16.843971631205672
1361394740.66,17.886513157894736
1361394741.041,16.843971631205672
1361394741.039,18.621575342465754
1361394741.038,18.621575342465754
1361394738.256,17.427884615384617
1361394738.255,18.494897959183675
1361394738.732,16.96428571428571
1361394738.732,16.96428571428571
1361394738.794,28.8135593220339
1361394739.109,20.089285714285715
1361394739.423,17.63034759358289
1361394739.909,16.96428571428571
1361394740.971,17.427884615384617
1361394741.097,9.146341463414634
1361394741.538,16.843971631205672
1361394741.664,9.67741935483871
1361394741.791,37.760416666666664
1361394741.701,20.089285714285715
1361394741.827,19.9468085106383
1361394741.891,17.28723404255319
1361394741.954,21.69552364864865
1361394744.016,18.125
1361394742.727,16.96428571428571
1361394743.163,40.76086956521739
1361394743.099,16.608391608391607
1361394744.211,16.96428571428571
1361394744.692,30.724789915966387
1361394745.007,16.96428571428571
1361394745.386,37.760416666666664
1361394745.575,18.75
1361394745.574,22.524350649350648
1361394742.982,18.246644295302016
1361394742.271,16.843971631205672
1361394743.292,16.843971631205672
1361394743.401,14.987244897959183
1361394743.527,17.65422077922078
1361394744.161,34.198113207547166
1361394744.161,16.843971631205672
1361394744.159,17.31687898089172
1361394744.477,36.25
1361394745.704,16.96428571428571
1361394745.703,426.68269230769226
1361394746.019,17.341549295774648
1361394746.083,16.96428571428571
1361394746.456,39.8936170212766
1361394746.857,25.15560165975104
1361394748.811,32.95454545454545
1361394745.842,16.843971631205672
1361394745.842,16.608391608391607
1361394745.905,10.867214532871973
1361394746.598,17.886513157894736
1361394746.912,16.843971631205672
1361394746.912,17.65422077922078
1361394747.04,17.886513157894736
1361394747.039,16.96428571428571
1361394747.039,16.96428571428571
1361394747.209,18.494897959183675
1361394747.65,16.96428571428571
1361394747.777,27.331189710610932
1361394748.216,39.40217391304348
1361394748.282,17.335766423357665
1361394748.391,34.57446808510638
1361394748.391,4.416666666666667
1361394748.454,16.725352112676056
1361394748.706,16.843971631205672
1361394749.022,16.96428571428571
1361394749.016,15.734265734265735
1361394749.211,17.869475138121548
1361394745.915,31.380208333333332
1361394746.104,7.536764705882353
1361394746.986,16.96428571428571
1361394748.219,11.838737201365188
1361394748.535,17.769607843137255
1361394748.662,16.843971631205672
1361394748.784,42.119565217391305
1361394748.977,16.843971631205672
1361394749.1,16.96428571428571
1361394749.358,16.96428571428571
1361394749.393,18.246644295302016
1361394749.646,16.96428571428571
1361394749.707,17.54032258064516
1361394750.086,16.843971631205672
1361394750.276,45.3125
1361394750.276,17.769607843137255
1361394758.444,19.904458598726112
1361394751.194,16.96428571428571
1361394752.211,38.09306569343065
1361394752.847,28.61952861952862
1361394749.928,22.971854304635762
1361394750.88,15.202702702702704
1361394750.884,27.584876543209877
1361394751.486,38.56382978723404
1361394751.611,13.773148148148149
1361394751.863,16.843971631205672
1361394751.99,16.96428571428571
1361394751.99,35.53921568627451
1361394751.925,16.96428571428571
1361394752.114,15.957446808510637
1361394752.911,38.56382978723404
1361394753.292,46.875
1361394753.227,16.900510204081634
1361394753.481,41.666666666666664
1361394753.652,18.36993243243243
1361394753.586,38.56382978723404
1361394753.65,16.96428571428571
1361394750.887,16.725352112676056
1361394750.949,16.07142857142857
1361394750.115,20.032051282051285
1361394751.405,16.96428571428571
1361394751.468,27.243589743589745
1361394753.984,18.494897959183675
1361394754.278,42.77012711864406
1361394754.588,16.843971631205672
1361394755.025,20.833333333333332
1361394754.96,16.96428571428571
1361394753.845,18.880208333333332
1361394753.97,17.663043478260867
1361394754.092,3.9718225419664264
1361394755.265,18.36993243243243
1361394755.454,16.96428571428571
1361394755.897,15.081521739130434
1361394756.024,4.451038575667656
1361394756.021,18.494897959183675
1361394756.444,18.246644295302016
1361394756.826,17.427884615384617
1361394756.889,34.85576923076923
1361394757.078,16.843971631205672
1361394757.137,16.843971631205672
1361394753.966,34.198113207547166
1361394754.154,11.398176291793312
1361394754.471,20.032051282051285
1361394755.953,34.090909090909086
1361394756.2,3.8860103626943006
1361394756.33,16.843971631205672
1361394756.814,8.603896103896103
1361394757.194,16.96428571428571
1361394757.194,38.56382978723404
1361394757.573,16.96428571428571
1361394757.823,17.886513157894736
1361394758.44,38.56382978723404
1361394760.457,17.54032258064516
1361394760.775,59.840425531914896
1361394758.863,18.246644295302016
1361394758.343,26.785714285714285
1361394758.406,18.36993243243243
1361394758.406,18.25657894736842
1361394758.406,16.96428571428571
1361394759.171,16.725352112676056
1361394759.28,17.54032258064516
1361394759.722,16.96428571428571
1361394760.457,16.07142857142857
1361394760.645,16.96428571428571
1361394761.214,16.96428571428571
1361394761.341,16.96428571428571
1361394761.531,17.65422077922078
1361394761.53,88.23529411764706
1361394761.53,18.36993243243243
1361394758.684,36.25
1361394758.868,34.85576923076923
1361394759.931,16.96428571428571
1361394759.413,54.92424242424242
1361394759.457,38.56382978723404
1361394760.22,33.163265306122454
1361394760.848,16.843971631205672
1361394761.335,16.843971631205672
1361394761.713,19.9468085106383
1361394762.093,18.125
1361394762.473,17.54032258064516
1361394764.115,37.760416666666664
1361394762.407,25.22590361445783
1361394765.83,61.141304347826086
1361394761.942,17.427884615384617
1361394762.446,17.0863309352518
1361394762.445,16.96428571428571
1361394763.184,18.125
1361394763.184,16.725352112676056
1361394763.251,22.67156862745098
1361394763.376,22.67156862745098
1361394763.566,36.25
1361394764.135,19.9468085106383
1361394764.261,36.98979591836735
1361394764.363,16.96428571428571
1361394765.374,18.450797872340427
1361394765.438,20.54794520547945
1361394765.565,16.843971631205672
1361394761.826,19.50354609929078
1361394762.078,16.96428571428571
1361394762.141,16.843971631205672
1361394762.329,18.880208333333332
1361394762.329,16.843971631205672
1361394762.392,18.246644295302016
1361394764.128,16.267123287671232
1361394764.254,16.96428571428571
1361394764.254,7.118055555555555
1361394764.822,16.843971631205672
1361394765.012,16.96428571428571
1361394765.139,16.96428571428571
1361394765.623,16.96428571428571
1361394766.131,16.96428571428571
1361394765.743,16.843971631205672
1361394766.441,17.65422077922078
1361394765.937,15.47029702970297
1361394767.845,37.760416666666664
1361394766.862,16.96428571428571
1361394766.218,18.125
1361394766.529,28.556034482758623
1361394767.457,39.40217391304348
1361394768.406,16.96428571428571
1361394768.533,16.96428571428571
1361394768.533,18.36993243243243
1361394768.697,37.760416666666664
1361394769.39,15.735815602836878
1361394769.517,16.96428571428571
1361394769.516,16.843971631205672
1361394769.388,7.048501577287067
1361394766.633,14.887339055793992
1361394767.03,36.98979591836735
1361394767.028,16.843971631205672
1361394767.091,16.843971631205672
1361394768.654,16.843971631205672
1361394768.718,16.96428571428571
1361394769.285,18.246644295302016
1361394769.349,18.00496688741722
1361394769.349,16.843971631205672
1361394769.349,16.843971631205672
1361394769.6,16.843971631205672
1361394769.641,8.0078125
1361394769.831,207.03125
1361394770.085,16.96428571428571
1361394770.463,14.679394812680115
1361394770.842,19.230769230769234
1361394772.29,15.526107594936708
1361394769.89,6.90136476426799
1361394771.76,12.715242346938776
1361394772.391,16.843971631205672
1361394772.689,16.07142857142857
1361394773.003,16.96428571428571
1361394773.065,16.843971631205672
1361394773.188,18.36993243243243
1361394773.509,18.246644295302016
1361394773.699,16.843971631205672
1361394770.461,16.608391608391607
1361394770.587,21.12676056338028
1361394770.903,34.85576923076923
1361394772.389,16.843971631205672
1361394772.768,18.125
1361394773.527,16.18705035971223
1361394774.387,18.494897959183675
1361394774.025,18.246644295302016
1361394774.088,15.410958904109588
1361394774.339,17.886513157894736
1361394774.275,13.636363636363635
1361394774.338,11.194029850746269
1361394774.399,12.605042016806722
1361394775.895,16.304347826086957
1361394776.697,17.886513157894736
1361394776.695,16.725352112676056
1361394775.092,16.843971631205672
1361394776.296,40.575916230366495
1361394776.296,19.844890510948904
1361394776.653,25.122549019607845
1361394776.905,8.196721311475411
1361394776.904,15.84507042253521
1361394777.538,55.70652173913043
1361394777.665,16.843971631205672
1361394777.639,38.56382978723404
1361394777.892,16.843971631205672
1361394778.527,5.0
1361394778.286,7.741691842900302
1361394780.568,14.698093220338984
1361394780.882,16.843971631205672
1361394778.349,39.40217391304348
1361394778.413,32.14285714285714
1361394778.411,45.0
1361394778.854,16.96428571428571
1361394779.172,34.61538461538462
1361394779.04,18.125
1361394779.279,17.0863309352518
1361394779.908,13.341346153846153
1361394781.408,18.75
1361394781.47,28.8135593220339
1361394781.533,16.725352112676056
1361394777.945,16.843971631205672
1361394778.492,30.821917808219176
1361394778.683,15.84507042253521
1361394778.868,27.331189710610932
1361394779.317,18.125
1361394781.107,16.07142857142857
1361394781.613,20.089285714285715
1361394781.993,16.843971631205672
1361394782.289,16.843971631205672
1361394782.412,17.31687898089172
1361394289.355,7802.521916285961
1361394784.591,33.56481481481482
1361394781.918,18.125
1361394783.003,44.11764705882353
1361394783.066,39.94845360824742
1361394783.065,16.725352112676056
1361394782.105,18.125
1361394783.128,21.9017094017094
1361394783.254,16.843971631205672
1361394783.415,18.246644295302016
1361394783.539,18.00496688741722
1361394783.538,17.769607843137255
1361394782.576,48.387096774193544
1361394783.791,36.25
1361394783.917,11.846405228758169
1361394783.977,17.886513157894736
1361394784.294,18.125
1361394784.294,16.96428571428571
1361394785.654,17.65422077922078
1361394785.842,15.957446808510637
1361394785.906,19.012237762237763
1361394785.969,19.97626582278481
1361394785.967,4.3604651162790695
1361394786.031,16.843971631205672
1361394782.819,21.777849740932645
1361394782.798,28.61952861952862
1361394783.943,39.40217391304348
1361394784.132,18.36993243243243
1361394784.195,28.145695364238414
1361394784.67,16.608391608391607
1361394784.922,16.843971631205672
1361394785.492,20.089285714285715
1361394785.555,16.843971631205672
1361394785.555,27.68729641693811
1361394785.913,36.25
1361394786.103,16.843971631205672
1361394785.924,17.410714285714285
1361394786.555,16.96428571428571
1361394787.126,38.56382978723404
1361394787.126,17.0863309352518
1361394787.542,33.56481481481482
1361394787.606,16.96428571428571
1361394787.67,18.494897959183675
1361394788.174,16.96428571428571
1361394788.364,17.769607843137255
1361394788.555,35.53921568627451
1361394788.662,19.14612676056338
1361394789.231,17.54032258064516
1361394789.101,16.843971631205672
1361394789.672,18.246644295302016
1361394785.828,18.880208333333332
1361394787.06,4.143646408839778
1361394787.503,27.597402597402596
1361394788.008,20.032051282051285
1361394788.422,18.125
1361394788.485,16.843971631205672
1361394788.991,18.125
1361394789.243,15.517241379310345
1361394789.667,16.96428571428571
1361394790.549,16.07142857142857
1361394792.209,118.1640625
1361394793.83,37.760416666666664
1361394793.829,19.14612676056338
1361394790.692,16.07142857142857
1361394790.169,16.843971631205672
1361394791.255,41.891891891891895
1361394791.126,16.725352112676056
1361394791.251,17.341040462427745
1361394791.612,17.20727848101266
1361394791.673,40.78947368421053
1361394792.118,36.98979591836735
1361394792.117,18.494897959183675
1361394792.244,38.56382978723404
1361394793.784,17.65422077922078
1361394793.912,16.843971631205672
1361394794.545,15.517241379310345
1361394792.138,18.880208333333332
1361394792.872,16.843971631205672
1361394792.998,18.494897959183675
1361394792.997,18.617021276595743
1361394793.692,16.843971631205672
1361394793.691,16.843971631205672
1361394794.05,19.50354609929078
1361394794.154,16.843971631205672
1361394793.95,18.00496688741722
1361394793.948,16.96428571428571
1361394794.706,42.151162790697676
1361394795.019,17.769607843137255
1361394795.32,17.769607843137255
1361394795.89,16.96428571428571
1361394795.888,18.36993243243243
1361394796.332,16.843971631205672
1361394796.459,15.957446808510637
1361394796.522,17.886513157894736
1361394796.585,18.00496688741722
1361394797.875,28.333333333333332
1361394798.001,18.00496688741722
1361394798.506,18.125
1361394795.042,35.53921568627451
1361394794.978,6.40625
1361394795.105,16.96428571428571
1361394795.041,18.125
1361394795.649,16.843971631205672
1361394797.021,16.07142857142857
1361394797.338,39.40217391304348
1361394797.401,16.07142857142857
1361394797.464,17.886513157894736
1361394797.4,39.8936170212766
1361394798.069,619.7916666666666
1361394798.388,16.96428571428571
1361394800.899,38.56382978723404
1361394798.178,33.56481481481482
1361394799.266,16.96428571428571
1361394799.391,17.886513157894736
1361394799.487,16.843971631205672
1361394800.18,18.246644295302016
1361394800.562,18.00496688741722
1361394800.731,16.843971631205672
1361394800.855,16.843971631205672
1361394802.485,16.843971631205672
1361394799.645,22.727272727272727
1361394798.997,16.96428571428571
1361394799.06,16.07142857142857
1361394800.079,18.549465240641712
1361394799.058,18.125
1361394800.334,17.769607843137255
1361394800.334,16.843971631205672
1361394800.378,38.56382978723404
1361394801.613,16.843971631205672
1361394801.739,18.36993243243243
1361394802.118,18.75
1361394802.496,20.089285714285715
1361394802.496,17.886513157894736
1361394803.075,36.15196078431373
1361394801.876,16.96428571428571
1361394802.758,38.56382978723404
1361394802.947,18.125
1361394803.749,18.00496688741722
1361394803.748,16.07142857142857
1361394803.875,16.843971631205672
1361394804.066,16.96428571428571
1361394804.251,17.769607843137255
1361394804.318,18.125
1361394805.353,18.246644295302016
1361394806.303,270.5792682926829
1361394803.136,16.96428571428571
1361394803.326,18.36993243243243
1361394803.894,19.36619718309859
1361394805.008,8.032915360501567
1361394805.198,16.843971631205672
1361394806.255,17.769607843137255
1361394806.211,16.07142857142857
1361394807.525,94.89329268292683
1361394806.816,18.75
1361394806.88,18.617021276595743
1361394806.941,38.56382978723404
1361394806.17,18.246644295302016
1361394807.064,38.56382978723404
1361394807.441,38.56382978723404
1361394807.544,18.246644295302016
1361394806.58,16.843971631205672
1361394808.85,16.843971631205672
1361394808.785,38.56382978723404
1361394809.1,8.083596214511042
1361394807.826,6.708115183246074
1361394807.95,34.57446808510638
1361394808.387,31.25
1361394808.809,16.96428571428571
1361394808.808,18.880208333333332
1361394809.987,18.494897959183675
1361394810.05,23.596938775510203
1361394810.24,16.96428571428571
1361394810.619,16.843971631205672
1361394812.732,38.56382978723404
1361394810.834,18.246644295302016
1361394811.885,16.608391608391607
1361394812.263,19.9468085106383
1361394812.263,13.875
1361394812.814,16.07142857142857
1361394813.318,25.122549019607845
1361394813.635,18.125
1361394811.023,16.843971631205672
1361394811.906,17.886513157894736
1361394812.771,17.427884615384617
1361394812.642,6.944444444444444
1361394813.149,16.843971631205672
1361394813.957,19.012237762237763
1361394813.7,17.54032258064516
1361394814.02,20.089285714285715
1361394814.526,16.96428571428571
1361394814.459,11.904761904761903
1361394813.875,18.125
1361394813.875,15.957446808510637
1361394814.705,16.843971631205672
1361394814.767,17.769607843137255
1361394815.559,16.843971631205672
1361394815.748,17.65422077922078
1361394815.999,16.843971631205672
1361394816.317,16.843971631205672
1361394817.557,38.56382978723404
1361394815.716,17.769607843137255
1361394815.84,16.96428571428571
1361394815.899,16.96428571428571
1361394817.936,20.032051282051285
1361394818.062,16.379310344827587
1361394818.44,16.843971631205672
1361394818.58,31.914893617021274
1361394819.258,16.96428571428571
1361394819.321,7.718373493975903
1361394819.825,16.96428571428571
1361394819.952,16.725352112676056
1361394820.491,16.843971631205672
1361394820.874,16.843971631205672
1361394821.124,16.96428571428571
1361394818.893,45.32163742690058
1361394819.396,18.36993243243243
1361394819.46,17.099056603773583
1361394819.65,18.494897959183675
1361394819.838,16.07142857142857
1361394820.261,38.56382978723404
1361394820.386,16.96428571428571
1361394820.702,18.880208333333332
1361394820.828,18.36993243243243
1361394820.891,17.769607843137255
1361394821.017,18.246644295302016
1361394821.017,16.843971631205672
1361394821.629,17.769607843137255
1361394822.133,14.029255319148936
1361394823.032,21.99074074074074
1361394823.571,18.00496688741722
1361394824.329,17.886513157894736
1361394824.456,35.53921568627451
1361394824.456,16.96428571428571
1361394823.083,18.125
1361394824.478,15.957446808510637
1361394824.478,16.843971631205672
1361394825.086,17.427884615384617
1361394825.845,16.843971631205672
1361394826.456,17.54032258064516
1361394826.582,39.40217391304348
1361394826.581,18.75
1361394827.089,34.198113207547166
1361394827.512,16.96428571428571
1361394827.89,17.886513157894736
1361394828.017,38.56382978723404
1361394828.207,18.880208333333332
1361394828.397,16.843971631205672
1361394828.753,16.843971631205672
1361394829.195,12.246621621621621
1361394826.112,16.96428571428571
1361394827.345,16.96428571428571
1361394827.534,18.246644295302016
1361394827.534,16.493055555555557
1361394828.897,16.843971631205672
1361394828.768,15.957446808510637
1361394829.465,16.96428571428571
1361394829.335,18.00496688741722
1361394829.461,28.61952861952862
1361394848.496,27.12912087912088
1361394831.327,7.735148514851485
1361394831.169,38.56382978723404
1361394831.84,16.07142857142857
1361394831.903,7.449127906976744
1361394832.029,16.843971631205672
1361394832.47,16.304347826086957
1361394832.66,35.53921568627451
1361394833.699,18.621575342465754
1361394833.639,16.96428571428571
1361394833.956,38.56382978723404
1361394834.525,16.725352112676056
1361394830.81,18.36993243243243
1361394831.805,16.96428571428571
1361394831.804,16.843971631205672
1361394831.799,19.419642857142858
1361394831.279,42.119565217391305
1361394832.113,18.00496688741722
1361394832.238,38.56382978723404
1361394833.795,20.089285714285715
1361394834.091,39.8936170212766
1361394834.853,38.56382978723404
1361394835.504,39.40217391304348
1361394833.887,11.11111111111111
1361394834.014,16.843971631205672
1361394834.202,20.089285714285715
1361394835.505,37.760416666666664
1361394837.255,16.96428571428571
1361394835.779,18.125
1361394836.574,41.666666666666664
1361394837.017,61.342592592592595
1361394838.135,16.843971631205672
1361394838.134,17.769607843137255
1361394855.027,18.973214285714285
1361394839.089,15.734265734265735
1361394839.147,18.00496688741722
1361394840.8,16.843971631205672
1361394840.989,6.8181818181818175
1361394841.604,14.98868778280543
1361394842.234,39.40217391304348
1361394842.36,16.493055555555557
1361394842.55,39.40217391304348
1361394839.001,17.0863309352518
1361394839.958,16.843971631205672
1361394840.02,16.843971631205672
1361394841.51,15.734265734265735
1361394841.637,16.843971631205672
1361394841.759,15.84507042253521
1361394841.933,5.434782608695652
1361394843.927,19.9468085106383
1361394844.831,18.125
1361394842.015,18.125
1361394842.078,17.20727848101266
1361394842.078,16.843971631205672
1361394842.709,16.96428571428571
1361394842.831,16.843971631205672
1361394844.009,33.56481481481482
1361394844.136,16.843971631205672
1361394844.136,18.246644295302016
1361394844.263,16.801075268817204
1361394844.325,37.760416666666664
1361394845.633,16.843971631205672
1361394843.592,18.880208333333332
1361394844.581,36.98979591836735
1361394845.717,17.65422077922078
1361394846.078,16.96428571428571
1361394850.589,18.494897959183675
1361394847.732,19.28191489361702
1361394847.859,15.734265734265735
1361394848.971,18.75
1361394849.851,16.843971631205672
1361394848.245,18.00496688741722
1361394850.088,16.96428571428571
1361394852.566,66.33771929824562
1361394850.75,13.392857142857142
1361394854.646,17.427884615384617
1361394851.183,18.00496688741722
1361394851.435,39.40217391304348
1361394853.226,17.886513157894736
1361394853.603,15.957446808510637
1361394854.236,16.843971631205672
1361394854.171,33.56481481481482
1361394850.815,35.53921568627451
1361394850.815,17.769607843137255
1361394850.877,17.886513157894736
1361394852.551,34.57446808510638
1361394853.122,16.96428571428571
1361394853.04,16.96428571428571
1361394871.595,68.18181818181817
1361394858.793,15.625
1361394854.948,33.854166666666664
1361394855.775,16.843971631205672
1361394857.755,32.36607142857143
1361394856.398,18.00496688741722
1361394857.692,18.36993243243243
1361394858.197,16.843971631205672
1361394860.441,16.843971631205672
1361394862.602,16.96428571428571
1361394860.633,16.843971631205672
1361394861.074,15.213815789473685
1361394862.251,36.98979591836735
1361394862.737,17.886513157894736
1361394859.529,18.246644295302016
1361394859.656,31.79824561403509
1361394859.972,31.914893617021274
1361394860.248,16.96428571428571
1361394860.438,18.125
1361394860.501,15.957446808510637
1361394861.429,9.221311475409836
1361394863.186,168.9732142857143
1361394865.22,27.331189710610932
1361394865.22,18.00496688741722
1361394865.283,8.522727272727272
1361394865.818,7.142857142857142
1361394863.922,36.98979591836735
1361394863.089,17.0863309352518
1361394864.97,16.96428571428571
1361394865.582,38.56382978723404
1361394867.814,17.987804878048777
1361394869.708,10.204081632653061
1361394867.105,39.40217391304348
1361394867.23,16.07142857142857
1361394868.472,17.65422077922078
1361394869.836,16.96428571428571
1361394870.025,16.96428571428571
1361394870.595,19.9468085106383
1361394870.699,16.843971631205672
1361394867.046,16.843971631205672
1361394867.298,12.623152709359607
1361394868.162,38.56382978723404
1361394869.592,26.785714285714285
1361394870.814,16.843971631205672
1361394870.197,16.843971631205672
1361394872.486,31.914893617021274
1361394872.357,15.957446808510637
1361394872.8,18.621575342465754
1361394872.864,16.07142857142857
1361394872.799,37.760416666666664
1361394872.986,17.886513157894736
1361394874.549,18.00496688741722
1361394874.613,16.725352112676056
1361394870.743,16.725352112676056
1361394870.743,16.9921875
1361394871.824,36.98979591836735
1361394871.18,17.886513157894736
1361394873.129,20.089285714285715
1361394874.118,17.769607843137255
1361394874.117,54.52127659574468
1361394875.169,41.891891891891895
1361394875.549,16.725352112676056
1361394875.611,17.427884615384617
1361394875.93,17.0863309352518
1361394876.183,16.96428571428571
1361394876.054,37.760416666666664
1361394876.857,16.96428571428571
1361394878.416,27.331189710610932
1361394875.076,15.957446808510637
1361394875.178,17.65422077922078
1361394875.308,38.56382978723404
1361394875.751,16.843971631205672
1361394876.004,17.769607843137255
1361394876.575,33.56481481481482
1361394876.739,19.9468085106383
1361394877.179,16.843971631205672
1361394877.876,16.843971631205672
1361394878.294,18.36993243243243
1361394051.016,9720.045783565165
1361394878.641,16.843971631205672
1361394879.746,36.98979591836735
1361394879.936,16.843971631205672
1361394880.124,16.843971631205672
1361394880.743,18.246644295302016
1361394880.743,15.957446808510637
1361394881.313,16.843971631205672
1361394881.599,32.95454545454545
1361394881.663,18.125
1361394881.662,38.56382978723404
1361394882.357,16.18705035971223
1361394882.673,39.36298076923077
1361394882.672,16.843971631205672
1361394879.278,16.96428571428571
1361394879.635,16.725352112676056
1361394879.634,17.65422077922078
1361394879.697,18.621575342465754
1361394879.697,18.494897959183675
1361394880.372,18.75
1361394880.94,18.494897959183675
1361394882.238,16.96428571428571
1361394885.833,16.843971631205672
1361394886.402,34.198113207547166
1361394886.402,16.843971631205672
1361394883.74,16.843971631205672
1361394885.359,18.880208333333332
1361394885.839,18.125
1361394890.819,39.40217391304348
1361394887.099,17.769607843137255
1361394889.335,18.125
1361394886.724,41.666666666666664
1361394887.486,38.56382978723404
1361394887.483,15.957446808510637
1361394889.267,18.00496688741722
1361394889.897,38.56382978723404
1361394889.896,16.843971631205672
1361394889.959,17.769607843137255
1361394889.959,16.843971631205672
1361394890.996,17.21014492753623
1361394891.373,16.07142857142857
1361394891.563,16.96428571428571
1361394892.195,17.65422077922078
1361394892.803,16.843971631205672
1361394894.174,18.125
1361394890.902,16.18705035971223
1361394891.069,28.523489932885905
1361394892.14,16.96428571428571
1361394892.691,18.75
1361394892.944,17.21014492753623
1361394893.802,17.65422077922078
1361394894.06,16.843971631205672
1361394894.44,16.843971631205672
1361394919.153,389.13690476190476
1361394895.593,34.198113207547166
1361394895.207,34.198113207547166
1361394897.275,16.96428571428571
1361394897.63,18.246644295302016
1361394895.088,18.75
1361394896.042,17.54032258064516
1361394897.536,16.96428571428571
1361394898.523,40.78947368421053
1361394901.345,18.36993243243243
1361394899.604,37.760416666666664
1361394900.153,19.28191489361702
1361394901.584,6.944444444444444
1361394902.025,18.880208333333332
1361394902.025,16.608391608391607
1361394902.655,16.843971631205672
1361394900.052,30.612244897959183
1361394900.915,34.198113207547166
1361394901.587,18.36993243243243
1361394901.839,16.843971631205672
1361394902.158,18.880208333333332
1361394902.157,18.410852713178297
1361394902.221,17.886513157894736
1361394902.22,16.96428571428571
1361394903.881,16.843971631205672
1361394903.447,18.880208333333332
1361394903.829,38.56382978723404
1361394904.963,18.00496688741722
1361394904.036,15.84507042253521
1361394905.762,18.125
1361394906.524,20.032051282051285
1361394903.098,17.886513157894736
1361394904.17,19.9468085106383
1361394906.088,17.65422077922078
1361394906.793,39.40217391304348
1361394907.245,15.957446808510637
1361394907.309,18.75
1361394907.876,36.25
1361394909.115,16.96428571428571
1361394909.92,16.725352112676056
1361394906.9,31.914893617021274
1361394907.253,17.54032258064516
1361394907.758,17.54032258064516
1361394907.758,18.246644295302016
1361394908.553,35.53921568627451
1361394909.438,16.96428571428571
1361394910.368,40.27777777777778
1361394911.53,6.6214470284237725
1361394911.91,13.089622641509434
1361394911.443,16.843971631205672
1361394911.506,17.53597122302158
1361394911.569,18.36993243243243
1361394911.818,18.36993243243243
1361394912.301,16.96428571428571
1361394913.121,38.56382978723404
1361394914.304,17.769607843137255
1361394911.452,16.843971631205672
1361394912.443,38.56382978723404
1361394912.632,16.843971631205672
1361394912.695,18.880208333333332
1361394913.011,16.843971631205672
1361394916.683,28.61952861952862
1361394914.846,18.125
1361394915.413,16.96428571428571
1361394915.413,17.427884615384617
1361394915.476,17.427884615384617
1361394916.594,17.54032258064516
1361394916.849,16.96428571428571
1361394916.72,15.517241379310345
1361394917.419,16.96428571428571
1361394917.545,19.012237762237763
1361394917.474,32.95454545454545
1361394918.403,16.96428571428571
1361394919.723,16.843971631205672
1361394920.901,30.612244897959183
1361394921.405,18.246644295302016
1361394921.893,18.621575342465754
1361394922.78,16.843971631205672
1361394919.924,18.125
1361394920.598,17.65422077922078
1361394921.23,16.96428571428571
1361394921.862,17.21014492753623
1361394922.988,18.246644295302016
1361394924.288,16.843971631205672
1361394924.923,206.0546875
1361394924.794,18.36993243243243
1361394925.112,9.225398936170214
1361394925.471,16.843971631205672
1361394925.79,16.96428571428571
1361394925.85,16.07142857142857
1361394925.851,36.25
1361394923.317,17.769607843137255
1361394924.136,19.806338028169016
1361394924.681,16.843971631205672
1361394926.049,16.843971631205672
1361394926.046,17.769607843137255
1361394926.554,38.56382978723404
1361393032.025,1459.212046273437
1361394252.171,500.11571957575205
1361394256.84,9006.38106425331
1361394927.734,16.96428571428571
1361394927.749,16.843971631205672
1361394928.292,20.118025751072963
1361394928.61,8.179012345679013
1361394928.545,18.36993243243243
1361394930.735,18.621575342465754
1361394928.194,19.14612676056338
1361394928.577,16.843971631205672
1361394928.812,18.00496688741722
1361394928.939,18.36993243243243
1361394930.623,16.843971631205672
1361394931.681,22.67156862745098
1361394932.501,18.00496688741722
1361394932.88,38.56382978723404
1361394933.261,16.843971631205672
1361394933.324,16.843971631205672
1361394933.747,17.0863309352518
1361394933.747,17.65422077922078
1361394934.309,16.96428571428571
1361394930.914,207.03125
1361394931.082,34.403669724770644
1361394931.078,17.886513157894736
1361394932.323,19.50354609929078
1361394932.386,16.843971631205672
1361394932.449,17.769607843137255
1361394932.638,37.760416666666664
1361394933.523,16.96428571428571
1361394933.394,18.246644295302016
1361394934.516,16.96428571428571
1361393303.828,7586.099091932167
1361394934.887,27.331189710610932
1361394935.613,18.36993243243243
1361394935.795,16.493055555555557
1361394935.982,17.0863309352518
1361394937.163,16.96428571428571
1361394937.776,28.8135593220339
1361394938.28,16.96428571428571
1361394938.343,18.617021276595743
1361394935.041,17.886513157894736
1361394935.868,18.494897959183675
1361394936.608,16.843971631205672
1361394936.734,39.40217391304348
1361394937.114,17.769607843137255
1361394936.858,16.843971631205672
1361394937.048,16.96428571428571
1361394941.133,16.843971631205672
1361394940.62,9.149239543726235
1361394939.183,17.697704081632654
1361394938.896,16.843971631205672
1361394939.081,16.843971631205672
1361394939.715,18.125
1361394939.905,19.153225806451612
1361394940.894,18.494897959183675
1361394940.894,17.427884615384617
1361394942.45,4.488482384823849
1361394938.798,18.125
1361394939.403,17.31687898089172
1361394939.783,21.40748031496063
1361394940.964,28.42809364548495
1361394941.215,16.96428571428571
1361394941.279,18.125
1361394941.45,36.98979591836735
1361394942.585,16.96428571428571
1361394226.555,5158.021615324877
1361394942.701,18.246644295302016
1361394942.648,16.96428571428571
1361394943.356,16.843971631205672
1361394943.789,16.843971631205672
1361394944.335,14.315642458100559
1361394945.154,39.0625
1361394944.274,18.880208333333332
1361394945.196,16.843971631205672
1361394945.954,38.56382978723404
1361394946.669,15.957446808510637
1361394948.814,16.843971631205672
1361394947.084,16.843971631205672
1361394947.713,34.403669724770644
1361394947.839,17.0863309352518
1361394947.902,18.125
1361394948.323,18.621575342465754
1361394950.443,16.608391608391607
1361394946.833,28.61952861952862
1361394947.017,19.04296875
1361394947.773,16.96428571428571
1361394948.642,17.886513157894736
1361394950.253,17.769607843137255
1361394951.827,18.494897959183675
1361394953.652,16.843971631205672
1361394951.113,16.96428571428571
1361394951.808,18.36993243243243
1361394952.295,40.364583333333336
1361394952.673,19.14612676056338
1361394952.673,17.0863309352518
1361394953.052,16.843971631205672
1361394954.608,28.42809364548495
1361394951.879,38.56382978723404
1361394952.811,17.769607843137255
1361394952.874,39.40217391304348
1361394952.872,17.769607843137255
1361394954.462,16.96428571428571
1361394954.939,18.494897959183675
1361394957.504,16.96428571428571
1361394957.738,19.14612676056338
1361394958.685,16.96428571428571
1361394957.512,17.54032258064516
1361394957.639,18.485915492957748
1361394958.385,19.36619718309859
1361393059.406,190.17207704741378
1361394958.073,16.96428571428571
1361394961.336,16.843971631205672
1361394960.156,10.479607250755286
1361394961.332,23.28020134228188
1361394962.725,16.843971631205672
1361394962.36,19.50354609929078
1361394962.678,17.886513157894736
1361394964.781,16.96428571428571
1361394965.086,16.843971631205672
1361394962.867,16.843971631205672
1361394964.739,22.606382978723406
1361394962.902,18.621575342465754
1361394963.633,16.96428571428571
1361394963.637,18.621575342465754
1361394964.206,18.00496688741722
1361394964.523,18.494897959183675
1361394966.57,18.494897959183675
1361394967.062,16.843971631205672
1361394967.439,33.56481481481482
1361394969.246,25.122549019607845
1361394969.792,16.843971631205672
1361394969.981,15.734265734265735
1361394970.36,16.96428571428571
1361394966.875,16.07142857142857
1361394970.245,36.25
1361394970.432,16.843971631205672
1361394972.18,16.96428571428571
1361394972.347,16.843971631205672
1361394973.59,15.957446808510637
1361394974.475,38.56382978723404
1361394971.12,18.75
1361394971.373,27.597402597402596
1361394971.563,16.843971631205672
1361394974.58,16.843971631205672
1361394974.323,28.716216216216218
1361394974.859,18.36993243243243
1361394977.535,38.56382978723404
1361394975.213,16.423357664233578
1361394975.787,21.106020942408378
1361394975.976,16.843971631205672
1361394977.091,15.957446808510637
1361394975.262,41.19318181818181
1361394976.661,18.494897959183675
1361394979.582,34.85576923076923
1361394980.32,39.8936170212766
1361394980.887,18.75
1361394982.32,16.843971631205672
1361394982.14,37.760416666666664
1361394982.455,16.96428571428571
1361393085.305,161.65050708388543
1361393952.644,2778.124051593323
1361394985.177,16.07142857142857
1361394983.671,20.887305699481868
1361394984.239,16.96428571428571
1361394985.61,39.40217391304348
1361394984.128,16.843971631205672
1361394984.445,19.9468085106383
1361394985.815,18.621575342465754
1361394986.419,15.84507042253521
1361394300.983,6765.198511166253
1361394986.999,17.769607843137255
1361394986.904,16.843971631205672
1361394987.894,36.98979591836735
1361394989.33,16.843971631205672
1361395000.437,20.01231527093596
1361394363.027,2540.1476485599705
1361394990.276,42.349726775956285
1361394991.42,16.843971631205672
1361394991.543,18.125
1361394991.92,16.96428571428571
1361394994.401,19.012237762237763
1361394994.396,38.56382978723404
1361394993.235,18.880208333333332
1361394993.36,33.56481481481482
1361394994.666,36.25
1361394996.314,15.734265734265735
1361394996.881,39.0625
1361394998.378,17.886513157894736
1361394998.378,15.84507042253521
1361394995.838,28.523489932885905
1361394996.322,38.56382978723404
1361394998.201,17.65422077922078
1361394998.513,18.246644295302016
1361394999.9,16.843971631205672
1361395000.129,16.843971631205672
1361395000.192,17.335766423357665
1361395000.322,16.07142857142857
1361395001.271,16.843971631205672
1361395001.521,16.843971631205672
1361394999.085,16.843971631205672
1361394999.149,17.769607843137255
1361394999.596,16.843971631205672
1361395002.484,18.75
1361395004.958,31.914893617021274
1361395005.442,16.843971631205672
1361395005.547,19.77848101265823
1361395003.26,18.36993243243243
1361395003.861,18.494897959183675
1361395006.864,19.806338028169016
1361395008.504,18.125
1361395009.497,17.427884615384617
1361395009.498,16.843971631205672
1361395010.509,18.75
1361395011.128,35.53921568627451
1361395011.128,36.98979591836735
1361395014.244,18.125
1361395011.011,38.56382978723404
1361395011.01,16.843971631205672
1361395011.074,32.608695652173914
1361395013.131,17.886513157894736
1361395014.122,16.843971631205672
1361395014.314,16.843971631205672
1361395014.568,16.608391608391607
1361395017.377,18.621575342465754
1361395018.243,18.00496688741722
1361395018.243,15.957446808510637
1361395015.512,16.96428571428571
1361395017.865,16.96428571428571
1361395020.998,37.760416666666664
1361395020.997,16.843971631205672
1361395021.074,35.53921568627451
1361395021.62,16.843971631205672
1361395022.989,27.156549520766774
1361395026.103,16.96428571428571
1361395026.167,27.50809061488673
1361395023.571,16.96428571428571
1361395029.045,18.494897959183675
1361395030.052,38.56382978723404
1361395027.126,33.56481481481482
1361395028.454,27.50809061488673
1361395030.056,34.198113207547166
1361394251.082,1697.7525463515558
1361395033.668,18.125
1361395034.303,18.125
1361395034.366,41.891891891891895
1361395031.012,16.96428571428571
1361395031.011,16.07142857142857
1361395035.466,16.96428571428571
1361395036.595,16.89189189189189
1361395035.165,37.760416666666664
1361395035.29,41.666666666666664
1361395036.973,16.843971631205672
1361395036.973,18.246644295302016
1361395037.289,16.843971631205672
1361395038.404,16.96428571428571
1361395038.595,16.843971631205672
1361395036.988,18.00496688741722
1361395037.53,24.00662251655629
1361395038.473,18.125
1361395039.636,34.57446808510638
1361395040.26,16.843971631205672
1361395039.081,16.843971631205672
1361395040.034,38.56382978723404
1361395041.213,17.769607843137255
1361395041.339,16.843971631205672
1361395041.699,16.843971631205672
1361395038.975,18.246644295302016
1361395040.048,17.886513157894736
1361395040.781,16.07142857142857
1361395040.716,37.760416666666664
1361395041.092,15.957446808510637
1361395041.602,16.725352112676056
1361395041.538,16.07142857142857
1361395041.601,18.36993243243243
1361395043.442,23.4375
1361395044.769,16.725352112676056
1361395042.246,16.843971631205672
1361395043.366,15.957446808510637
1361395043.681,18.00496688741722
1361395045.727,16.843971631205672
1361395045.859,33.333333333333336
1361395043.065,17.54032258064516
1361395044.604,18.880208333333332
1361395045.108,15.957446808510637
1361395045.395,16.725352112676056
1361395046.464,16.843971631205672
1361395049.29,15.957446808510637
1361395048.518,39.40217391304348
1361395048.77,16.843971631205672
1361395050.329,16.843971631205672
1361395047.98,32.608695652173914
1361395048.345,16.96428571428571
1361395050.921,17.886513157894736
1361395051.173,17.21014492753623
1361395052.794,6.487341772151899
1361395053.785,16.96428571428571
1361395053.6,16.96428571428571
1361395054.105,16.96428571428571
1361395057.083,28.716216216216218
1361395058.258,16.843971631205672
1361395058.32,16.843971631205672
1361395058.447,19.862288135593218
1361395055.143,27.41935483870968
1361395056.96,36.98979591836735
1361395058.033,38.56382978723404
1361395058.136,17.65422077922078
1361395058.936,16.843971631205672
1361395059.252,27.868852459016395
1361395058.878,16.843971631205672
1361395059.319,16.843971631205672
1361395059.869,19.9468085106383
1361395060.436,16.843971631205672
1361395060.689,16.843971631205672
1361395060.878,20.032051282051285
1361395061.04,34.57446808510638
1361395063.723,16.96428571428571
1361395065.473,16.96428571428571
1361395063.159,20.089285714285715
1361395064.211,15.957446808510637
1361395065.224,19.9468085106383
1361395063.105,16.96428571428571
1361395064.098,38.56382978723404
1361395064.728,18.00496688741722
1361395066.033,18.00496688741722
1361395066.158,38.557213930348254
1361395067.476,17.0863309352518
1361395069.533,16.843971631205672
1361395070.209,36.25
1361395070.399,17.0863309352518
1361395066.871,59.840425531914896
1361395067.298,18.00496688741722
1361395067.298,16.96428571428571
1361395067.361,16.96428571428571
1361395067.424,17.769607843137255
1361395070.27,18.246644295302016
1361395073.094,16.96428571428571
1361395071.3,36.98979591836735
1361395071.361,18.125
1361395071.162,16.843971631205672
1361395071.162,17.427884615384617
1361395072.049,9.40040650406504
1361395072.346,18.621575342465754
1361395072.914,16.07142857142857
1361395073.04,16.725352112676056
1361395074.153,16.304347826086957
1361395074.468,16.843971631205672
1361395071.677,18.494897959183675
1361395071.675,15.957446808510637
1361395072.798,17.886513157894736
1361395074.033,18.494897959183675
1361395075.009,16.96428571428571
1361395075.889,17.427884615384617
1361395074.198,19.642857142857142
1361395075.005,16.843971631205672
1361395076.893,19.9468085106383
1361395077.619,16.843971631205672
1361395080.968,16.96428571428571
1361395079.736,16.843971631205672
1361395079.735,17.886513157894736
1361395085.647,16.968325791855204
1361395083.268,17.886513157894736
1361395084.264,16.96428571428571
1361395084.639,19.50354609929078
1361395086.013,35.53921568627451
1361395085.604,16.843971631205672
1361395088.674,35.326086956521735
1361395087.74,16.96428571428571
1361395089.91,19.9468085106383
1361395090.163,21.96969696969697
1361395088.45,20.032051282051285
1361395090.956,18.621575342465754
1361395092.195,15.957446808510637
1361395093.817,18.880208333333332
1361395090.959,19.9468085106383
1361395097.577,27.50809061488673
1361395097.334,17.427884615384617
1361395098.201,16.843971631205672
1361395098.517,34.198113207547166
1361395095.029,16.96428571428571
1361395096.969,19.14612676056338
1361395097.154,16.843971631205672
1361395098.093,18.246644295302016
1361395100.017,15.957446808510637
1361395097.881,14.570552147239264
1361395099.593,19.9468085106383
1361395100.579,17.54032258064516
1361395099.639,18.75
1361395104.513,36.25
1361395105.015,15.957446808510637
1361395104.828,16.843971631205672
1361395105.688,17.427884615384617
1361395106.319,17.886513157894736
1361395107.029,18.36993243243243
1361395107.785,15.957446808510637
1361395108.269,17.31687898089172
1361395109.595,19.9468085106383
1361395106.943,38.56382978723404
1361395107.669,17.886513157894736
1361395108.176,16.843971631205672
1361395108.301,18.621575342465754
1361395110.222,27.243589743589745
1361395111.413,16.843971631205672
1361395111.948,38.56382978723404
1361395114.372,17.427884615384617
1361395111.27,15.410958904109588
1361395113.386,15.957446808510637
1361395114.768,38.56382978723404
1361395116.687,10.543313069908816
1361395116.811,18.246644295302016
1361395117.935,16.843971631205672
1361395114.914,15.957446808510637
1361395116.698,16.843971631205672
1361395116.698,16.843971631205672
1361395118.572,12.797619047619047
1361393217.622,19340.160885167465
1361395119.447,18.621575342465754
1361395119.446,18.125
1361395119.632,18.36993243243243
1361395120.009,18.125
1361395120.302,36.98979591836735
1361395120.301,18.246644295302016
1361395120.365,66.02822580645162
1361395121.247,32.95454545454545
1361395121.92,34.85576923076923
1361395119.385,16.843971631205672
1361395119.0,16.843971631205672
1361395120.181,16.047297297297295
1361395121.551,16.96428571428571
1361395123.085,18.75
1361395125.679,16.96428571428571
1361395125.106,18.621575342465754
1361395125.866,35.550458715596335
1361395123.998,18.494897959183675
1361395124.667,18.125
1361395126.161,16.843971631205672
1361395126.223,16.96428571428571
1361395126.539,16.96428571428571
1361395126.538,18.125
1361395128.485,15.957446808510637
1361395129.409,20.28917910447761
1361395129.407,19.862288135593218
1361395127.312,17.54032258064516
1361395127.311,16.843971631205672
1361395127.981,16.96428571428571
1361395128.484,16.96428571428571
1361395131.224,16.96428571428571
1361395131.725,18.494897959183675
1361395131.827,18.36993243243243
1361395132.441,16.843971631205672
1361395135.639,28.8135593220339
1361395137.241,18.494897959183675
1361395137.556,17.54032258064516
1361395139.187,28.523489932885905
1361395140.17,64.98015873015873
1361395140.233,17.769607843137255
1361395140.974,19.28191489361702
1361395141.223,38.56382978723404
1361395142.271,38.56382978723404
1361395142.396,33.854166666666664
1361395144.659,16.968325791855204
1361395143.226,34.85576923076923
1361395143.354,18.00496688741722
1361395144.087,42.119565217391305
1361395144.15,16.07142857142857
1361395144.149,18.00496688741722
1361395146.205,17.427884615384617
1361395146.024,15.957446808510637
1361395146.151,16.843971631205672
1361395146.469,34.57446808510638
1361395147.522,34.57446808510638
1361395148.646,16.843971631205672
1361395150.709,16.725352112676056
1361395148.526,18.75
1361395150.273,37.760416666666664
1361395150.273,28.716216216216218
1361395151.42,16.843971631205672
1361395152.112,16.843971631205672
1361395152.281,36.25
1361395152.191,16.96428571428571
1361395153.237,15.957446808510637
1361395154.099,14.423076923076923
1361395154.985,16.843971631205672
1361395161.141,18.494897959183675
1361395161.518,36.98979591836735
1361395162.261,37.760416666666664
1361395161.031,16.96428571428571
1361395164.337,86.02272727272728
1361395165.895,16.18705035971223
1361395164.667,15.848214285714285
1361395165.966,18.246644295302016
1361395166.831,16.843971631205672
1361395167.401,20.596590909090907
1361395169.571,18.125
1361395168.715,16.96428571428571
1361395168.715,38.56382978723404
1361395170.143,17.886513157894736
1361395170.143,16.843971631205672
1361395170.269,16.96428571428571
1361393956.976,3591.492039733297
1361395171.989,38.56382978723404
1361395171.553,33.56481481481482
1361395172.716,18.125
1361395174.279,16.843971631205672
1361395174.275,17.769607843137255
1361395172.059,17.427884615384617
1361395172.604,16.96428571428571
1361395172.603,16.96428571428571
1361395172.792,16.843971631205672
1361395174.541,11.003521126760562
1361395177.131,38.56382978723404
1361395175.088,16.608391608391607
1361395175.846,16.622340425531913
1361395176.775,15.292553191489361
1361395178.583,17.0863309352518
1361395182.608,16.843971631205672
1361395182.496,18.36993243243243
1361395190.291,7.31981981981982
1361395184.374,15.957446808510637
1361395185.556,15.84507042253521
1361395188.563,16.843971631205672
1361395189.874,40.76086956521739
1361395187.019,16.96428571428571
1361395188.889,16.843971631205672
1361395190.127,19.012237762237763
1361395192.891,18.621575342465754
1361395193.628,18.00496688741722
1361395194.323,32.95454545454545
1361395191.22,18.36993243243243
1361395190.834,18.246644295302016
1361395191.532,18.246644295302016
1361395192.77,16.843971631205672
1361395193.148,18.125
1361395196.322,16.843971631205672
1361395197.08,16.843971631205672
1361395195.029,38.56382978723404
1361395195.282,33.56481481481482
1361395195.909,19.419642857142858
1361395199.345,18.75
1361395201.511,18.75
1361395201.511,16.843971631205672
1361395199.166,38.56382978723404
1361395200.718,17.886513157894736
1361395205.139,16.96428571428571
1361395205.888,18.494897959183675
1361395205.625,23.4375
1361395205.882,18.617021276595743
1361395204.136,18.246644295302016
1361395206.174,18.00496688741722
1361395208.517,28.716216216216218
1361395210.717,16.843971631205672
1361395207.257,16.96428571428571
1361395207.256,18.00496688741722
1361395209.868,38.56382978723404
1361395210.117,16.608391608391607
1361395210.561,18.00496688741722
1361395207.451,34.090909090909086
1361395207.64,16.725352112676056
1361395211.471,16.304347826086957
1361395212.268,18.36993243243243
1361395212.71,16.843971631205672
1361395214.202,19.0
1361395214.48,11.92434210526316
1361395211.751,17.886513157894736
1361395211.941,19.14612676056338
1361395214.92,19.14612676056338
1361395215.3,16.608391608391607
1361395215.373,17.54032258064516
1361395216.737,20.089285714285715
1361395216.8,18.494897959183675
1361395218.531,12.586805555555555
1361395215.071,17.54032258064516
1361395216.607,15.957446808510637
1361395218.616,16.843971631205672
1361395219.374,18.36993243243243
1361395219.179,17.0863309352518
1361395221.057,17.886513157894736
1361395223.176,16.89189189189189
1361395226.157,34.57446808510638
1361395223.357,16.96428571428571
1361395223.296,40.625
1361395223.801,33.56481481481482
1361395225.305,16.843971631205672
1361395225.719,28.716216216216218
1361395226.541,16.96428571428571
1361395223.683,16.843971631205672
1361395224.063,36.98979591836735
1361395224.917,18.75
1361395225.591,13.290229885057471
1361395225.776,17.886513157894736
1361395226.283,16.843971631205672
1361393796.693,3276.8514163992477
1361395227.609,73.10267857142857
1361395228.282,19.9468085106383
1361395229.737,16.843971631205672
1361395229.112,16.156462585034014
1361395229.744,17.769607843137255
1361395230.502,16.96428571428571
1361395231.45,18.36993243243243
1361395232.225,38.56382978723404
1361395232.603,17.54032258064516
1361395232.484,16.96428571428571
1361395233.243,18.246644295302016
1361395234.422,17.886513157894736
1361395234.917,16.843971631205672
1361395237.78,20.23381294964029
1361395234.821,37.760416666666664
1361395237.305,18.36993243243243
1361395238.239,16.843971631205672
1361395238.617,16.843971631205672
1361395239.737,16.96428571428571
1361395239.555,16.07142857142857
1361395242.86,16.843971631205672
1361395243.109,18.621575342465754
1361395243.808,16.843971631205672
1361395245.368,31.79824561403509
1361395246.042,36.98979591836735
1361395242.895,12.586805555555555
1361395243.508,16.843971631205672
1361395244.645,16.96428571428571
1361395245.952,16.96428571428571
1361395246.269,16.843971631205672
1361395248.02,19.14612676056338
1361395250.595,16.843971631205672
1361395247.038,16.843971631205672
1361395248.285,17.427884615384617
1361395250.313,16.843971631205672
1361395250.944,19.012237762237763
1361395251.511,18.125
1361395251.637,15.84507042253521
1361395252.498,36.98979591836735
1361395252.878,18.36993243243243
1361395251.395,16.96428571428571
1361395252.764,16.843971631205672
1361395252.764,38.56382978723404
1361395252.832,18.00496688741722
1361395255.345,16.608391608391607
1361395255.227,17.886513157894736
1361395255.792,16.843971631205672
1361395259.734,16.96428571428571
1361395262.089,20.118025751072963
1361395263.835,27.50809061488673
1361395265.649,17.21014492753623
1361395266.863,16.96428571428571
1361395263.274,16.843971631205672
1361395265.883,16.843971631205672
1361395263.886,16.843971631205672
1361395265.755,18.125
1361395271.902,16.843971631205672
1361395271.902,36.98979591836735
1361395272.567,16.843971631205672
1361395273.265,17.886513157894736
1361395273.326,27.331189710610932
1361395273.881,17.65422077922078
1361395274.766,17.769607843137255
1361395273.151,16.843971631205672
1361395273.214,18.621575342465754
1361395273.505,18.00496688741722
1361395273.505,27.331189710610932
1361395275.014,10.79136690647482
1361395275.328,18.125
1361395275.833,15.957446808510637
1361395279.677,16.96428571428571
1361395280.665,27.41935483870968
1361393909.201,2701.583112977277
1361395285.332,16.843971631205672
1361395285.149,16.96428571428571
1361395287.634,15.957446808510637
1361395287.633,28.523489932885905
1361395287.578,16.18705035971223
1361395291.19,15.957446808510637
1361395292.136,19.862288135593218
1361395293.967,18.75
1361395294.285,36.25
1361395300.181,16.96428571428571
1361395301.604,16.843971631205672
1361395301.731,17.427884615384617
1361395302.049,16.725352112676056
1361395304.216,16.96428571428571
1361395304.594,16.96428571428571
1361395306.093,16.843971631205672
1361395305.486,18.00496688741722
1361395305.718,16.843971631205672
1361395307.118,16.843971631205672
1361395311.817,18.00496688741722
1361395312.046,38.56382978723404
1361395311.499,17.54032258064516
1361395315.939,16.843971631205672
1361395316.68,18.125
1361395316.68,16.96428571428571
1361395316.997,16.843971631205672
1361395319.903,18.621575342465754
1361395319.903,16.96428571428571
1361395320.377,16.96428571428571
1361395324.691,16.843971631205672
1361395325.528,17.65422077922078
1361395325.971,15.625
1361395328.145,19.012237762237763
1361395332.684,17.65422077922078
1361395332.341,18.36993243243243
1361395332.573,16.843971631205672
1361395336.629,19.14612676056338
1361395338.121,18.246644295302016
1361395335.01,16.96428571428571
1361395335.01,15.625
1361395339.002,16.843971631205672
1361395341.074,16.96428571428571
1361395349.246,16.843971631205672
1361395349.818,16.18705035971223
1361395350.037,18.00496688741722
1361395350.526,39.8936170212766
1361395350.578,16.843971631205672
1361394148.763,7493.465331037722
1361395353.682,16.843971631205672
1361395354.545,16.725352112676056
1361395354.43,18.125
1361395357.97,18.617021276595743
1361395357.768,18.880208333333332
1361395361.415,16.843971631205672
1361395362.314,64.98015873015873
1361395359.967,17.769607843137255
1361395360.942,18.125
1361395364.524,16.843971631205672
1361395366.135,16.843971631205672
1361395365.717,18.246644295302016
1361395369.048,19.642857142857142
1361395373.521,16.07142857142857
1361393940.383,21368.12893497116
1361395382.139,45.32163742690058
1361395389.48,17.0863309352518
1361395391.162,38.56382978723404
1361395404.932,26.53769841269841
1361395393.777,18.00496688741722
1361395393.658,27.331189710610932
1361395406.702,19.9468085106383
1361395407.455,36.98979591836735
1361395407.027,16.18705035971223
1361395409.289,15.84507042253521
1361395409.605,17.769607843137255
1361395409.605,15.84507042253521
1361395418.704,16.18705035971223
1361395425.508,18.36993243243243
1361395426.971,16.96428571428571
1361395432.025,16.725352112676056
1361395435.411,18.36993243243243
1361395435.293,15.957446808510637
1361395438.6,17.427884615384617
1361395439.613,17.21014492753623
1361395439.738,16.36266094420601
1361395439.336,40.27777777777778
1361395440.165,39.40217391304348
1361395440.034,16.96428571428571
1361395440.546,16.07142857142857
1361395444.388,16.843971631205672
1361395444.278,17.65422077922078
1361395449.228,16.843971631205672
1361395451.891,16.96428571428571
1361395452.06,16.96428571428571
1361395462.959,18.246644295302016
1361395464.035,13.965201465201465
1361395465.24,38.56382978723404
1361395465.123,16.96428571428571
1361395465.289,17.427884615384617
1361395474.952,16.843971631205672
1361395478.722,18.00496688741722
1361395479.502,34.85576923076923
1361395481.296,16.96428571428571
1361395480.752,16.96428571428571
1361395480.752,17.54032258064516
1361395481.49,19.9468085106383
1361395482.194,39.8936170212766
1361395484.461,17.65422077922078
1361395486.519,45.058139534883715
1361395487.988,16.725352112676056
1361395496.951,17.769607843137255
1361395499.011,27.41935483870968
1361395504.234,16.07142857142857
1361395512.602,17.65422077922078
1361395513.846,18.246644295302016
1361395513.75,16.843971631205672
1361395521.87,38.56382978723404
1361395523.841,16.96428571428571
1361395528.069,16.96428571428571
1361395543.556,20.032051282051285
1361395545.421,18.880208333333332
1361395548.874,16.96428571428571
1361395563.707,16.96428571428571
1361395561.336,16.18705035971223
1361395580.496,38.56382978723404
1361395582.723,18.75
1361395580.274,28.716216216216218
1361395582.505,28.716216216216218
1361395587.456,33.854166666666664
1361395594.655,18.494897959183675
1361395595.147,17.28723404255319
1361395595.59,39.40217391304348
1361395595.59,16.843971631205672
1361395599.382,28.716216216216218
1361395605.348,18.880208333333332
1361395605.348,16.96428571428571
1361395609.689,16.843971631205672
1361395610.614,16.843971631205672
1361395610.5,18.00496688741722
1361395610.564,17.410714285714285
1361395616.626,19.153225806451612
1361395621.068,16.843971631205672
1361395620.04,16.843971631205672
1361395619.922,36.98979591836735
1361395623.91,16.843971631205672
1361395629.37,34.57446808510638
1361395643.719,16.843971631205672
1361395644.262,16.96428571428571
1361395644.95,17.54032258064516
1361395649.915,20.089285714285715
1361395661.748,16.843971631205672
1361395667.714,18.36993243243243
1361395667.714,16.843971631205672
1361395664.311,18.125
1361395668.998,27.156549520766774
1361395668.937,18.125
1361395670.371,16.725352112676056
1361395672.845,20.089285714285715
1361395677.275,16.96428571428571
1361395684.495,16.07142857142857
1361395688.397,17.769607843137255
1361395692.348,35.53921568627451
1361395692.221,16.843971631205672
1361395691.961,15.957446808510637
1361395697.348,17.410714285714285
1361395697.474,36.25
1361395702.916,17.410714285714285
1361395704.331,17.886513157894736
1361395706.813,15.465153452685422
1361395705.273,28.716216216216218
1361395714.312,17.21014492753623
1361395714.226,18.246644295302016
1361395717.406,16.843971631205672
1361395720.896,16.725352112676056
1361395723.996,17.65422077922078
1361395732.15,16.843971631205672
1361395742.943,18.621575342465754
1361395742.832,16.96428571428571
1361395760.31,16.801075268817204
1361395759.065,16.843971631205672
1361395767.223,15.957446808510637
1361395771.446,16.843971631205672
1361395793.186,16.843971631205672
1361395794.237,36.25
1361395794.143,16.96428571428571
1361395796.12,285.01506024096386
1361393992.776,1907.1794845016293
1361395810.884,49.125
1361395813.572,16.96428571428571
1361395818.531,16.843971631205672
1361395843.832,16.96428571428571
1361395843.791,19.28191489361702
1361395856.705,19.14612676056338
1361395860.977,31.25
1361395865.443,34.403669724770644
1361395865.456,16.07142857142857
1361395886.838,16.843971631205672
1361395912.651,19.9468085106383
1361395933.101,17.16549295774648
1361395944.778,16.96428571428571
1361395944.956,18.246644295302016
1361395946.635,19.14612676056338
1361395963.667,15.957446808510637
1361395963.828,40.27777777777778
1361395968.863,37.760416666666664
1361395972.934,15.957446808510637
1361395973.765,38.56382978723404
1361395990.514,17.769607843137255
1361395993.242,16.843971631205672
1361395993.126,37.760416666666664
1361395997.566,16.843971631205672
1361396005.297,16.96428571428571
1361396005.297,17.65422077922078
1361396009.115,16.96428571428571
1361396009.115,39.40217391304348
1361396019.85,64.98015873015873
1361396023.906,16.843971631205672
1361396024.475,17.410714285714285
1361396024.789,18.75
1361396036.992,16.96428571428571
1361396037.78,17.65422077922078
1361396055.289,32.95454545454545
1361396087.106,16.96428571428571
1361396088.495,16.96428571428571
1361396094.093,18.75
1361396094.091,38.56382978723404
1361396106.367,11.429794520547945
1361396110.695,132.05645161290323
1361396116.164,27.660472972972972
1361396126.797,38.56382978723404
1361396127.667,59.840425531914896
1361396132.377,59.840425531914896
1361396137.654,19.230769230769234
1361396135.058,41.19318181818181
1361396134.881,17.21014492753623
1361396146.976,16.18705035971223
1361396152.044,16.843971631205672
1361396158.363,16.843971631205672
1361396197.92,16.843971631205672
1361396217.107,16.843971631205672
1361396220.243,36.25
1361396224.839,16.843971631205672
1361396222.201,20.089285714285715
1361396222.835,18.125
1361396228.112,38.56382978723404
1361396230.839,16.96428571428571
1361396233.134,16.07142857142857
1361396233.198,36.98979591836735
1361396237.214,38.56382978723404
1361396242.729,20.23381294964029
1361396264.011,15.957446808510637
1361396287.907,18.621575342465754
1361396288.814,16.843971631205672
1361396298.709,20.118025751072963
1361396319.329,15.957446808510637
1361396322.967,34.198113207547166
1361396327.048,15.957446808510637
1361396333.962,20.089285714285715
1361396353.77,16.07142857142857
1361396368.698,16.843971631205672
1361396393.957,17.427884615384617
1361396394.898,16.96428571428571
1361396402.573,16.96428571428571
1361396429.733,17.36111111111111
1361396429.671,20.13888888888889
1361396498.14,39.40217391304348
1361396514.324,19.9468085106383
1361396512.352,36.98979591836735
1361396513.169,19.9468085106383
1361396527.557,18.125
1361396527.439,28.23920265780731
1361396529.434,27.41935483870968
1361396548.175,28.61952861952862
1361396548.085,37.760416666666664
1361396579.482,17.886513157894736
1361396591.827,21.323529411764707
1361396591.518,18.601190476190474
1361396596.534,33.56481481481482
1361396611.535,18.36993243243243
1361396611.423,16.843971631205672
1361396618.954,16.18705035971223
1361396633.256,16.18705035971223
1361396637.082,27.960526315789473
1361396636.966,18.125
1361396656.152,18.00496688741722
1361396659.843,28.61952861952862
1361396659.734,34.198113207547166
1361396687.008,16.843971631205672
1361396704.789,19.9468085106383
1361396725.353,18.246644295302016
1361396723.995,31.914893617021274
1361396725.236,16.843971631205672
1361396726.97,16.843971631205672
1361396726.875,32.95454545454545
1361396733.709,16.843971631205672
1361396733.709,18.246644295302016
1361396746.857,35.53921568627451
1361396760.67,16.843971631205672
1361396776.838,38.56382978723404
1361396799.831,42.119565217391305
1361396816.011,20.118025751072963
1361396820.967,37.760416666666664
1361396827.581,41.891891891891895
1361396828.463,17.769607843137255
1361396829.516,14.705882352941176
1361396831.816,35.53921568627451
1361396834.724,16.843971631205672
1361396844.577,16.96428571428571
1361396862.211,16.96428571428571
1361396862.211,38.56382978723404
1361396919.281,28.61952861952862
1361396919.158,18.36993243243243
1361396927.723,18.246644295302016
1361396927.721,28.145695364238414
1361396938.398,18.36993243243243
1361396938.266,41.891891891891895
1361396940.545,28.523489932885905
1361396940.411,37.760416666666664
1361396981.75,9.00248344370861
1361396981.75,8.078231292517007
1361396985.722,16.725352112676056
1361397004.865,16.304347826086957
1361397036.347,16.843971631205672
1361397041.921,13.4375
1361397060.56,19.9468085106383
1361397086.608,33.56481481481482
1361397091.385,16.843971631205672
1361397088.41,38.56382978723404
1361397130.326,16.843971631205672
1361397137.833,16.843971631205672
1361397137.896,18.246644295302016
1361397175.836,16.843971631205672
1361397185.895,38.56382978723404
1361397213.155,15.957446808510637
1361397213.035,38.56382978723404
1361397223.077,15.84507042253521
1361397233.348,42.119565217391305
1361397276.826,16.96428571428571
1361397275.885,37.760416666666664
1361397314.032,18.880208333333332
1361397320.137,16.96428571428571
1361397321.022,18.36993243243243
1361397335.669,19.9468085106383
1361397414.388,16.725352112676056
1361397435.294,18.246644295302016
1361397435.292,16.843971631205672
1361397438.473,18.00496688741722
1361397438.468,16.96428571428571
1361397450.176,39.40217391304348
1361397459.952,16.843971631205672
1361397502.935,3709.375
1361397496.676,15.957446808510637
1361397496.562,18.125
1361397499.149,1780.7904411764705
1361397503.528,9397.135416666666
1361397514.023,16.725352112676056
1361397513.84,18.246644295302016
1361397517.259,16.18705035971223
1361397530.666,18.125
1361397530.665,17.0863309352518
1361397538.815,18.621575342465754
1361397538.815,27.597402597402596
1361397562.898,2156.25
1361397551.621,16.843971631205672
1361397551.685,18.75
1361397569.956,17.65422077922078
1361397569.956,15.957446808510637
1361397570.716,18.494897959183675
1361397570.715,16.96428571428571
1361397578.223,18.617021276595743
1361397579.062,17.427884615384617
1361397586.711,16.843971631205672
1361397590.543,41.44385026737968
1361397590.543,17.769607843137255
1361397599.392,16.96428571428571
1361397599.392,37.760416666666664
1361397611.84,18.36993243243243
1361397611.795,16.96428571428571
1361397610.232,18.00496688741722
1361397610.208,15.957446808510637
1361397624.303,34.85576923076923
1361397624.184,16.843971631205672
1361397643.69,32.608695652173914
1361397649.231,18.36993243243243
1361397649.138,27.331189710610932
1361397662.879,18.246644295302016
1361397667.424,17.65422077922078
1361397667.427,17.0863309352518
1361397685.109,34.198113207547166
1361397708.112,16.843971631205672
1361397712.679,19.9468085106383
1361397720.542,18.00496688741722
1361397720.432,16.96428571428571
1361397723.516,16.96428571428571
1361397728.369,19.50354609929078
1361397728.254,39.40217391304348
1361397730.318,16.96428571428571
1361397730.119,18.00496688741722
1361397736.435,20.089285714285715
1361397769.067,18.125
1361397768.977,16.725352112676056
1361397785.531,18.75
1361397785.528,16.96428571428571
1361397794.909,34.85576923076923
1361397794.908,16.96428571428571
1361397797.91,38.56382978723404
1361397797.819,16.96428571428571
1361397814.712,16.725352112676056
1361397815.511,22.904829545454543
1361397814.601,34.85576923076923
1361397818.336,37.760416666666664
1361397818.336,18.835616438356162
1361397822.608,18.621575342465754
1361397822.489,16.96428571428571
1361397831.538,15.957446808510637
1361397836.091,16.608391608391607
1361397836.09,18.00496688741722
1361397842.845,14.431682577565631
1361397890.722,18.125
1361397892.396,16.843971631205672
1361397890.536,16.843971631205672
1361397892.279,37.760416666666664
1361397897.301,16.07142857142857
1361397897.301,18.621575342465754
1361397936.593,16.608391608391607
1361397936.972,18.621575342465754
1361397936.972,16.843971631205672
1361397937.494,17.65422077922078
1361397942.552,17.886513157894736
1361397942.552,16.843971631205672
1361397947.906,17.886513157894736
1361397976.266,88.2120253164557
1361397960.922,34.198113207547166
1361397960.922,16.843971631205672
1361397962.895,34.85576923076923
1361397986.79,16.843971631205672
1361397990.519,146.20535714285714
1361398023.342,36.25
1361398023.229,16.843971631205672
1361398050.648,33.56481481481482
1361398049.357,18.00496688741722
1361398050.533,16.96428571428571
1361398046.818,310.09615384615387
1361398049.234,16.493055555555557
1361398051.703,132.05645161290323
1361398064.08,17.65422077922078
1361398064.08,16.843971631205672
1361398078.299,17.886513157894736
1361398078.299,16.96428571428571
1361398082.592,27.41935483870968
1361398082.474,18.00496688741722
1361398104.112,98.49683544303797
1361398085.136,16.843971631205672
1361398085.135,17.65422077922078
1361398098.93,16.96428571428571
1361398121.662,39.40217391304348
1361398124.373,16.622340425531913
1361398136.175,17.21014492753623
1361398136.175,17.54032258064516
1361398180.778,16.96428571428571
1361398180.777,17.65422077922078
1361398187.927,16.843971631205672
1361398189.195,18.00496688741722
1361398189.193,16.96428571428571
1361398222.075,18.880208333333332
1361398221.954,16.843971631205672
1361398240.203,16.843971631205672
1361398240.203,19.012237762237763
1361398246.604,16.843971631205672
1361398246.485,18.880208333333332
1361398252.401,59.5703125
1361398289.814,42.229729729729726
1361398281.504,36.98979591836735
1361398306.689,16.96428571428571
1361398306.569,18.494897959183675
1361398338.871,39.8936170212766
1361398400.525,17.65422077922078
1361398400.525,16.493055555555557
1361398452.473,57.765151515151516
1361398586.356,16.843971631205672
1361398587.204,34.85576923076923
1361398679.832,34.198113207547166
1361398694.911,16.608391608391607
1361398797.235,16125.0
1361398805.303,23898.097826086956
1361398812.887,1198.6607142857142
1361398812.839,1255.2083333333333
1361398790.564,16.843971631205672
1361398794.242,248375.0
1361398794.743,8406.25
1361398794.743,8406.25
1361398794.124,162734.375
1361398794.63,8406.25
1361398794.628,58.07152406417113
1361398794.628,8406.25
1361398812.639,2716.0714285714284
1361398812.702,135.73042168674698
1361398820.765,2146.484375
1361398820.765,1564.3028846153845
1361398812.701,158.50903614457832
1361398820.765,1649.0384615384614
1361398821.264,17802.309782608696
1361398817.854,1248.5119047619046
1361398817.853,1696.6145833333333
1361398812.362,3122.4609375
1361398812.616,137.6953125
1361398812.615,158.32078313253012
1361398820.678,696.6145833333334
1361398812.804,1805.9475806451612
1361398821.027,53289.0625
1361398817.757,960.9375
1361398817.757,2484.86328125
1361398812.053,116.76747311827957
1361398797.026,1172.3684210526314
1361398797.45,2550.995879120879
1361398803.881,41812.5
1361398823.348,1388.9448924731182
1361398823.348,1398.1854838709678
1361398821.464,4876.793032786885
1361398818.004,124.50657894736842
1361398806.633,1267.4572475570033
1361398812.644,1964.4586267605634
1361398805.585,48125.0
1361398805.466,32282.36607142857
1361398805.463,9087.5
1361398805.463,16890.625
1361398818.253,24095.525568181816
1361398831.221,4.551820728291317
1361398838.541,17343.75
1361398876.696,647.549715909091
1361398875.648,44.38694267515923
1361398886.899,2156.25
1361398916.355,24187.5
1361398916.14,22507.8125
1361398925.692,1531.25
1361398922.122,27840.56712962963
1361398901.479,61.10074626865672
1361398933.194,11671.875
1361398925.189,346.02029914529913
1361398926.984,10744.557584269662
1361398929.286,192.30769230769232
1361398929.349,696.8149038461538
1361398929.349,515.0240384615385
1361398929.345,600.9615384615385
1361398929.345,627.7043269230769
1361398929.284,1370.2830188679245
1361398929.348,568.2091346153845
1361398929.979,619.2835365853658
1361398934.073,10921.875
1361398930.295,5465.711805555556
1361398927.799,4270.625
1361398927.848,9314.791666666666
1361398927.848,12876.458333333334
1361398934.247,12093.75
1361398927.91,9276.969178082192
1361398927.91,8012.996495327103
1361398927.91,13237.371575342466
1361398934.436,13203.125
1361398934.436,6380.208333333333
1361398934.436,7812.5
1361398934.499,2833.3333333333335
1361398934.37,5976.5625
1361398934.561,11942.708333333334
1361398930.848,151.12704918032787
1361398930.848,4750.0
1361398930.847,254.0983606557377
1361398930.847,415.47131147540983
1361398934.495,5960.9375
1361398930.911,1034.6354166666667
1361398930.974,1428.5714285714287
1361398934.749,11531.25
1361398928.539,4227.783203125
1361398928.539,10242.02806122449
1361398934.746,9765.625
1361398934.808,9031.25
1361398931.672,12470.663265306122
1361398931.671,176.43229166666666
1361398932.156,8750.0
1361398932.156,11635.416666666666
1361398932.405,1340.2777777777776
1361398932.792,11515.625
1361398932.855,8742.1875
1361398925.109,407.7190170940171
1361398929.2,1419.811320754717
1361398929.263,330.22836538461536
1361398929.263,506.91105769230774
1361398929.263,531.25
1361398929.327,251.83823529411765
1361398933.612,8773.4375
1361398925.612,112.81536697247705
1361398929.874,11171.875
1361398933.841,11682.291666666666
1361398933.84,8800.78125
1361398929.872,11171.875
1361398933.904,9500.0
1361398933.967,889.2045454545454
1361398927.757,4918.958333333333
1361398927.754,9948.125
1361398927.754,4854.583333333333
1361398927.754,9343.75
1361398930.439,5466.651119402985
1361398934.279,7726.5625
1361398934.278,5703.125
1361398922.63,20945.665322580644
1361398934.404,4239.583333333333
1361398934.34,3739.5833333333335
1361398930.756,247.43852459016395
1361398930.756,246.15778688524588
1361398934.404,4005.208333333333
1361398930.756,7433.59375
1361398934.466,3578.125
1361398930.754,151.12704918032787
1361398934.466,3287.5
1361398930.753,9625.504032258064
1361398931.072,43500.0
1361398934.528,4057.291666666667
1361398934.718,11015.625
1361398934.718,14937.5
1361398928.446,1670.4400510204082
1361398931.307,435.15625
1361398931.115,14265.625
1361398928.426,4165.338010204081
1361398931.56,1864.795918367347
1361398928.933,219.58705357142858
1361398932.068,11651.041666666666
1361398932.196,1859.7972972972973
1361398932.323,1323.3506944444443
1361398932.945,8742.1875
1361398929.987,2321.265243902439
1361398930.304,183.69932432432432
1361398932.604,2687.0404411764707
1361398929.972,90308.30792682928
1361398930.281,183.69932432432432
1361398930.281,4493.92361111111
1361398931.944,13373.611111111111
1361398929.696,70596.52777777778
1361398916.896,6485.394021739131
1361398917.081,3583.212209302326
1361398934.851,4593.75
1361398934.915,1141.6015625
1361398937.154,1185.546875
1361398934.914,4250.0
1361398934.973,680.2083333333333
1361398934.976,415.41466346153845
1361398934.976,1279.017857142857
1361398937.344,6193.75
1361398935.038,9500.0
1361398935.038,4137.5
1361398941.373,9500.0
1361398935.101,9078.125
1361398929.339,1826.3081395348836
1361398937.659,7542.96875
1361398937.658,1896.875
1361398935.288,14109.375
1361398937.975,1896.875
1361398933.75,3734.4942748091607
1361398941.685,948.4375
1361398941.681,1900.0
1361398941.684,6034.375
1361398938.291,1580.7291666666667
1361398929.97,146.3815789473684
1361398935.537,5151.041666666667
1361398935.536,4401.041666666667
1361398935.536,4479.166666666667
1361398935.6,3828.125
1361398938.651,10052.083333333334
1361398935.641,2221.875
1361398938.84,3161.4583333333335
1361398934.358,404.65561224489795
1361398935.894,6171.875
1361398935.894,3058.59375
1361398935.894,7875.0
1361398935.894,1710.9375
1361398935.894,3496.09375
1361398935.894,1185.546875
1361398935.893,2681.25
1361398939.029,7746.09375
1361398942.289,9500.0
1361398936.02,4218.75
1361398936.02,4250.0
1361398939.283,2371.09375
1361398939.282,7535.15625
1361398936.146,4542.96875
1361398936.144,3526.0416666666665
1361398939.535,4750.0
1361398942.543,9500.0
1361398934.798,4468.75
1361398936.206,3796.875
1361398936.27,4468.75
1361398936.333,4750.0
1361398936.396,10057.291666666666
1361398936.396,3257.8125
1361398939.916,4750.0
1361398934.795,7242.1875
1361398942.73,9500.0
1361398940.146,4424.107142857143
1361398940.081,3166.6666666666665
1361398940.144,1275.390625
1361398936.879,10052.083333333334
1361398936.879,3161.4583333333335
1361398940.969,6196.875
1361398937.064,10046.875
1361398934.824,2166.015625
1361398934.887,8437.5
1361398934.887,632.2916666666667
1361398937.254,3166.6666666666665
1361398934.886,6031.25
1361398934.95,6382.8125
1361398935.012,6101.5625
1361398941.284,7746.09375
1361398941.283,2550.78125
1361398937.57,9500.0
1361398937.824,4750.0
1361398937.872,6034.375
1361398938.186,9500.0
1361398935.433,288.0067567567567
1361398935.433,1992.1875
1361398935.433,4260.416666666667
1361398938.185,10328.125
1361398935.432,4750.0
1361398935.432,1901.0416666666667
1361398935.432,2296.875
1361398938.374,10328.125
1361398938.374,4750.0
1361398941.893,9500.0
1361398941.889,6031.25
1361398934.084,318.3001893939394
1361398938.564,9500.0
1361398938.563,3161.4583333333335
1361398938.753,10052.083333333334
1361398938.753,9500.0
1361398935.745,4875.0
1361398935.808,7984.375
1361398935.808,3003.90625
1361398935.808,3644.53125
1361398935.808,2683.59375
1361398935.808,10052.083333333334
1361398935.744,3166.6666666666665
1361398935.807,2125.0
1361398935.807,3421.875
1361398935.807,3179.6875
1361398935.807,2746.09375
1361398935.807,3953.125
1361398938.943,2371.09375
1361398934.27,420.8026960784313
1361398934.334,337.37244897959187
1361398942.206,2550.78125
1361398942.201,10312.5
1361398935.932,4286.458333333333
1361398935.996,6585.9375
1361398939.196,4750.0
1361398935.996,9267.361111111111
1361398939.429,1630.2083333333333
1361398936.101,43484.375
1361398939.492,6034.375
1361398934.628,4510.416666666667
1361398942.435,10057.291666666666
1361398942.435,3161.4583333333335
1361398939.808,10322.916666666666
1361398934.688,3953.125
1361398934.688,5156.25
1361398936.288,1354.9107142857142
1361398936.288,4593.75
1361398939.808,2371.09375
1361398934.687,155.92105263157896
1361398936.473,4750.0
1361398936.54,10057.291666666666
1361398936.794,9500.0
1361398936.983,9500.0
1361398940.565,9500.0
1361398940.565,6031.25
1361398940.629,2371.09375
1361398940.884,9500.0
1361398940.884,1896.875
1361398918.404,68.59756097560977
1361398949.107,10041.666666666666
1361398942.962,1896.875
1361398934.957,58.9874031007752
1361398949.296,10328.125
1361398945.516,1700.5208333333333
1361398945.515,9500.0
1361398945.514,15078.125
1361398945.642,9500.0
1361398943.273,15492.1875
1361398949.545,3161.4583333333335
1361398949.481,9500.0
1361398943.399,7742.1875
1361398946.083,9500.0
1361398946.083,2371.09375
1361398946.083,10312.5
1361398949.731,3161.4583333333335
1361398943.65,9500.0
1361398943.65,7742.1875
1361398946.336,3161.4583333333335
1361398950.09,10052.083333333334
1361398946.504,2371.09375
1361398946.758,1457.5892857142858
1361398950.277,4750.0
1361398950.277,7738.28125
1361398946.948,9500.0
1361398944.003,9500.0
1361398950.531,9500.0
1361398950.531,7742.1875
1361398947.201,10322.916666666666
1361398947.389,2371.09375
1361398947.644,2371.09375
1361398942.78,4742.1875
1361398944.764,9500.0
1361398944.763,10046.875
1361398942.715,10057.291666666666
1361398947.871,9500.0
1361398947.871,1896.875
1361398944.99,10322.916666666666
1361398948.443,7742.1875
1361398948.698,9500.0
1361398948.698,6025.0
1361398945.175,9500.0
1361398945.175,2371.09375
1361398942.871,7539.0625
1361398945.174,7531.25
1361398949.14,4750.0
1361398943.12,9500.0
1361398949.456,10057.291666666666
1361398943.184,4742.1875
1361398945.616,15070.3125
1361398945.786,9500.0
1361398945.786,3161.4583333333335
1361398945.786,10322.916666666666
1361398943.289,9500.0
1361398943.288,2550.78125
1361398949.623,9500.0
1361398949.623,10328.125
1361398949.812,10052.083333333334
1361398949.812,9500.0
1361398946.164,9500.0
1361398946.228,10322.916666666666
1361398949.874,1896.875
1361398943.538,2371.09375
1361398950.001,9500.0
1361398946.416,9500.0
1361398946.415,10057.291666666666
1361398946.605,9500.0
1361398946.669,10046.875
1361398934.188,108.68275316455696
1361398950.25,3161.4583333333335
1361398943.914,7742.1875
1361398943.914,948.4375
1361398950.437,2550.78125
1361398946.853,10322.916666666666
1361398947.11,9500.0
1361398947.11,3161.4583333333335
1361398944.165,2375.0
1361398944.165,5028.645833333333
1361398950.673,8781.25
1361398947.279,4750.0
1361398947.278,7539.0625
1361398944.46,9500.0
1361398944.524,1580.7291666666667
1361398947.468,9500.0
1361398947.532,7738.28125
1361398944.523,15070.3125
1361398947.781,7742.1875
1361398944.841,9500.0
1361398944.904,3401.0416666666665
1361398948.039,4750.0
1361398948.103,3161.4583333333335
1361398948.102,10046.875
1361398948.293,4750.0
1361398948.357,2371.09375
1361398948.612,1896.875
1361398948.931,9500.0
1361398948.931,1354.9107142857142
1361398932.143,134.23611111111111
1361398932.373,4700.0
1361398932.376,1663.2462686567164
1361398932.694,5712.5
1361398932.815,2273.2843137254904
1361398933.134,7163.75
1361398933.131,4950.892857142857
1361398929.898,10210.44921875
1361398932.613,3928.0024509803925
1361398933.057,4531.25
1361398933.12,14375.0
1361398933.184,24562.5
1361398953.272,1354.9107142857142
1361398951.096,3401.0416666666665
1361398951.22,9500.0
1361398953.46,9500.0
1361398953.524,15070.3125
1361398953.651,9500.0
1361398953.715,10057.291666666666
1361398953.713,2371.09375
1361398951.471,10317.708333333334
1361398953.902,9500.0
1361398953.965,15078.125
1361398951.658,9500.0
1361398954.089,10062.5
1361398954.451,9500.0
1361398954.451,6031.25
1361398954.448,1896.875
1361398952.079,2040.625
1361398954.766,3161.4583333333335
1361398952.141,10046.875
1361398954.765,10322.916666666666
1361398954.956,2371.09375
1361398955.209,7539.0625
1361398952.393,9500.0
1361398952.392,6196.875
1361398952.389,2040.625
1361398955.435,6028.125
1361398952.874,9500.0
1361398952.869,6034.375
1361398955.752,5101.5625
1361398952.935,2371.09375
1361398955.877,9500.0
1361398955.877,10052.083333333334
1361398955.877,1580.7291666666667
1361398956.26,1354.9107142857142
1361398956.259,9500.0
1361398956.451,7542.96875
1361398953.181,9500.0
1361398953.18,10328.125
1361398951.004,9500.0
1361398951.003,15484.375
1361398951.17,3401.0416666666665
1361398951.17,15484.375
1361398951.294,9500.0
1361398953.854,1896.875
1361398951.357,3161.4583333333335
1361398953.978,9500.0
1361398951.544,1580.7291666666667
1361398954.167,9500.0
1361398954.166,10052.083333333334
1361398951.542,5161.458333333333
1361398954.166,3161.4583333333335
1361398935.792,71.75245098039215
1361398951.899,4750.0
1361398954.587,9500.0
1361398954.841,9500.0
1361398954.841,7535.15625
1361398955.095,2371.09375
1361398950.678,7742.1875
1361398955.093,9500.0
1361398936.276,50.98684210526316
1361398955.348,9500.0
1361398950.739,3161.4583333333335
1361398955.347,1896.875
1361398952.593,9500.0
1361398952.593,10312.5
1361398952.593,3401.0416666666665
1361398955.598,9500.0
1361398955.662,15062.5
1361398955.917,9500.0
1361398956.173,15085.9375
1361398955.977,10052.083333333334
1361398956.3,4750.0
1361398931.446,1517.530487804878
1361398934.273,6867.1875
1361398935.216,9043.75
1361398935.347,94421.875
1361398932.39,1278.8722826086955
1361398932.389,2895.8333333333335
1361398934.591,722.4264705882352
1361398934.713,5097.916666666666
1361398933.172,1553.125
1361398935.539,2272.0588235294117
1361398936.588,1345.3125
1361398935.109,4750.0
1361398936.838,1464.5833333333333
1361398936.899,6804.6875
1361398936.898,2429.6875
1361398937.087,1312.5
1361398937.381,9015.625
1361398935.706,13449.21875
1361398935.928,71015.625
1361398935.928,10963.541666666666
1361398936.115,9695.3125
1361398936.114,59968.75
1361398934.931,1701.388888888889
1361398935.056,1724.431818181818
1361398935.056,640.625
1361398936.78,2429.6875
1361398935.369,1000.0
1361398935.369,11765.625
1361398935.304,1630.2083333333333
1361398935.411,859.375
1361398934.906,152062.5
1361398935.287,93261.16071428571
1361398935.6,550.3941441441441
1361398937.099,6437.5
1361398936.913,20.251820388349515
1361398936.98,57.765151515151516
1361398957.343,127.73840206185567
1361398958.076,3746.6911764705883
1361398962.935,387.15277777777777
1361398956.755,33.482142857142854
1361398961.422,152.1484375
1361398957.676,623.2443820224719
1361398956.664,10829.166666666668
1361398956.664,33.482142857142854
1361398942.769,117.1875
1361398930.919,2810.4125736738706
1361398961.364,2910.2299528301887
1361398960.71,1964.6381578947369
1361398960.999,36.25
1361398961.318,39237.77173913044
1361398961.759,40110.294117647056
1361398961.758,38735.294117647056
1361398961.885,23861.979166666668
1361398963.427,24496.651785714286
1361398964.163,18790.178571428572
1361398964.22,13348.4375
1361398962.191,11379.910714285714
1361398962.191,59493.055555555555
1361398962.633,8718.75
1361398962.613,39715.992647058825
1361398962.613,32843.75
1361398962.74,8750.279017857143
1361398963.306,8406.25
1361398963.306,18263.95089285714
1361398963.304,21583.0078125
1361398963.81,17605.625
1361398963.725,19720.76612903226
1361398964.165,18111.328125
1361398964.355,25531.25
1361398964.541,16687.5
1361398967.108,8755.208333333334
1361398991.328,2156.25
1361398981.979,16.843971631205672
1361399021.36,2156.25
1361399055.933,60325.0
1361399058.94,23150.0
1361399058.94,25102.678571428572
1361399058.939,12848.75
1361399056.058,13578.782894736842
1361399059.129,16390.625
1361399056.12,4260.416666666667
1361399059.256,3614.5833333333335
1361399056.12,10250.0
1361399056.12,7526.041666666667
1361399056.12,4937.5
1361399056.247,5453.125
1361399056.31,6570.3125
1361399056.31,6937.5
1361399056.31,7367.1875
1361399056.436,5015.625
1361399056.436,6291.666666666667
1361399056.563,11851.5625
1361399056.627,6726.5625
1361399056.627,30828.125
1361399056.626,11289.0625
1361399059.633,23898.4375
1361399056.689,10963.541666666666
1361399059.825,21236.11111111111
1361399056.753,7026.041666666667
1361399056.753,6682.291666666667
1361399056.753,37566.40625
1361399056.88,8203.125
1361399056.88,7335.9375
1361399059.949,8637.5
1361399060.013,6734.375
1361399060.182,7630.208333333333
1361399060.245,17475.260416666668
1361399060.373,5101.5625
1361399060.436,8039.0625
1361399062.064,4359.375
1361399058.851,5385.416666666667
1361399058.854,3296.875
1361399056.033,1266.7885638297873
1361399056.033,5307.291666666667
1361399059.169,4812.5
1361399056.225,28460.9375
1361399056.225,6960.9375
1361399059.36,5585.9375
1361399056.283,5203.125
1361399059.359,21526.041666666668
1361399059.55,33148.4375
1361399059.55,3835.9375
1361399056.35,7286.458333333333
1361399056.35,3718.75
1361399056.35,10750.0
1361399056.541,5414.0625
1361399056.54,6890.625
1361399059.784,7429.6875
1361399056.646,8911.458333333334
1361399059.91,16054.6875
1361399059.717,5320.3125
1361399059.717,25765.625
1361399059.973,19997.15909090909
1361399056.836,559.08203125
1361399060.096,13492.1875
1361399060.283,5578.125
1361399060.414,18703.125
1361399060.983,22039.772727272728
1361399039.578,3717.3295454545455
1361399058.927,752.5201612903227
1361399058.78,396.43429487179486
1361399073.432,34741.319444444445
1361399061.59,5964.429450757576
1361399077.839,18000.0
1361399077.839,12937.5
1361399074.002,68359.375
1361399078.343,7015.625
1361399058.998,210.01233552631578
1361399058.998,1405.8388157894738
1361399058.87,51.87908496732027
1361399058.934,4832.905016447368
1361399058.998,207.33963815789474
1361399058.934,566.2662866449512
1361399074.997,5763.88888888889
1361399074.997,6541.666666666667
1361399074.997,5848.958333333333
1361399074.997,6822.916666666667
1361399074.997,6192.708333333333
1361399075.061,7992.7662037037035
1361399075.061,2066.0377358490564
1361399075.187,4658.482142857143
1361399075.313,43500.0
1361399075.565,1529.1666666666665
1361399059.373,845.6900167785235
1361399075.882,625.390625
1361399057.128,2180.0863363363364
1361399061.003,666.1879595588235
1361399073.921,16836.70774647887
1361399073.919,683.7588028169014
1361399078.077,7531.25
1361399078.119,2637.5
1361399055.651,34.33098591549296
1361399078.431,5468.75
1361399058.782,432.8893442622951
1361399058.782,1161.968954248366
1361399074.908,6817.708333333333
1361399074.908,7992.7662037037035
1361399058.844,193.52532679738562
1361399058.908,69.3873355263158
1361399058.907,210.62911184210526
1361399074.907,5807.87037037037
1361399075.098,15505.514705882353
1361399075.096,3656.25
1361399075.477,1529.1666666666665
1361399075.728,240.85365853658536
1361399075.71,23570.121951219513
1361399076.665,12937.5
1361399060.918,1237.0848708487085
1361399057.223,369.06134686346866
1361399058.937,1049.0196078431372
1361399079.856,8541.666666666666
1361399078.576,2859.375
1361399078.766,5098.958333333333
1361399075.054,5622.017045454546
1361399076.426,506.39204545454544
1361399078.916,10218.75
1361399079.23,3013.0208333333335
1361399079.771,7014.171511627907
1361399080.361,202.8409090909091
1361399080.361,2665.3180803571427
1361399080.361,299.4318181818182
1361399075.623,301.3939950980392
1361399080.932,699.7159090909091
1361399078.853,130.90861344537817
1361399080.281,2691.3352272727275
1361399080.28,704.8295454545455
1361399074.05,7919.49533045977
1361399074.05,2423.4464798850577
1361399080.447,649.7238955823293
1361399075.066,288.3094879518072
1361399075.066,698.183358433735
1361399078.265,269.55895390070924
1361399078.393,213.9679715302491
1361399078.393,338.9123665480427
1361399078.457,341.3418458781362
1361399078.457,107.08705357142857
1361399078.841,78.35393772893772
1361399078.969,71.03321033210332
1361399074.038,4334.41091954023
1361399077.799,702.4762110726643
1361399081.254,83.42161016949153
1361399075.045,10059.53501506024
1361399078.437,106.75223214285714
1361399078.565,26.079136690647484
1361399078.821,78.35393772893772
1361399076.377,196.142578125
1361399076.441,199.94122257053291
1361399077.074,158.22208737864077
1361399077.073,150.2831715210356
1361399076.248,204.6434169278997
1361399076.312,183.43456112852667
1361399076.375,231.7300156739812
1361399076.247,197.412109375
1361399076.373,231.7300156739812
1361399076.942,158.3232200647249
1361399076.939,156.30056634304208
1361399077.843,76.01643598615918
1361399077.906,152.78979238754326
1361399077.906,17.517301038062286
1361399077.906,17.578125
1361399078.513,232.91890681003585
1361399078.763,220.68886861313868
1361399080.042,1120.8333333333333
1361399080.359,266.75451807228916
1361399077.814,28.917100694444443
1361399077.818,385.38062283737025
1361399078.07,82.01754385964912
1361399078.299,584.4083629893239
1361399078.362,373.4375
1361399079.831,84.44795719844359
1361399079.831,36.68212890625
1361399078.678,175.8667883211679
1361399078.678,414.8038321167883
1361399096.207,8390.625
1361399096.274,7242.1875
1361399096.401,8390.625
1361399080.273,403.36345381526104
1361399080.781,38.25207468879668
1361399095.666,42587.05357142857
1361399096.835,39687.5
1361399096.835,41140.625
1361399096.835,39546.875
1361399096.83,39750.0
1361399096.83,8406.25
1361399096.898,45468.75
1361399096.897,58734.375
1361399096.423,1690.1041666666667
1361399096.66,23304.6875
1361399096.724,40578.125
1361399096.724,36328.125
1361399096.723,36578.125
1361399096.787,19921.875
1361399096.722,43718.75
1361399096.722,4460.9375
1361399096.786,52625.0
1361399101.544,89.4927536231884
1361399125.692,2343.75
1361399101.86,11742.1875
1361399125.459,48.87820512820513
1361399127.418,2720.1704545454545
1361399127.209,812.5
1361399126.115,1384402.2193471338
1361399161.865,2156.25
1361399161.843,2156.25
1361399181.465,8551.5625
1361399181.74,22101.5625
1361399181.866,22601.5625
1361399182.313,45203.125
1361399182.096,1750.0
1361399181.903,21291.666666666668
1361399182.095,44203.125
1361399182.158,45203.125
1361399183.123,11820.3125
1361399183.312,22601.5625
1361399182.095,3358.3984375
1361399183.794,22507.8125
1361399186.865,2156.25
1361399190.062,4664.0625
1361399184.328,45203.125
1361399184.389,9512.5
1361399184.889,2622.970779220779
1361399184.825,22601.5625
1361399189.781,21229.166666666668
1361399206.342,28375.0
1361399205.99,9500.0
1361399204.943,50278.125
1361399205.259,14398.4375
1361399183.972,50.16447368421053
1361399205.468,648.046875
1361399190.182,2841.5798611111113
1361399192.49,43223.958333333336
1361399194.001,2634.375
1361399204.193,11468.75
1361399205.123,4739.0625
1361399205.123,8753.125
1361399204.97,20648.4375
1361399205.159,35730.46875
1361399207.932,11645.3125
1361399208.533,84906.25
1361399210.844,159.63955026455025
1361399211.082,7588.541666666667
1361399206.313,3198.417887029289
1361399271.472,2156.25
1361399271.381,2156.25
1361399078.569,147950.4116766467
1361399302.503,9500.0
1361399302.503,15898.4375
1361399302.629,24187.5
1361399302.754,5976.5625
1361399282.849,1297.6670506912442
1361399302.753,15437.5
1361399302.752,7007.8125
1361399302.812,6007.8125
1361399302.815,6359.375
1361399302.941,6117.1875
1361399302.94,9750.0
1361399303.004,11937.5
1361399303.003,4661.458333333333
1361399303.003,7617.1875
1361399303.003,4468.75
1361399303.065,6429.6875
1361399300.531,10195.3125
1361399300.53,3815.625
1361399301.903,16312.5
1361399302.666,11406.25
1361399302.729,9570.3125
1361399302.729,5773.4375
1361399302.728,5554.6875
1361399302.792,8500.0
1361399302.788,5796.875
1361399302.855,10578.125
1361399302.855,7289.0625
1361399302.832,5914.0625
1361399302.896,15734.375
1361399302.895,8437.5
1361399302.956,6101.5625
1361399300.865,41328.125
1361399301.181,4460.9375
1361399301.244,11226.5625
1361399301.37,7812.5
1361399280.328,4493.827160493827
1361399282.219,7547.346105527638
1361399283.707,8234.375
1361399302.741,168.87019230769232
1361399303.12,97.78225806451613
1361399311.309,5718.75
1361399311.309,3343.75
1361399308.462,4750.0
1361399308.462,6734.375
1361399308.462,3468.75
1361399308.651,1368.75
1361399308.905,8239.583333333334
1361399308.712,39703.125
1361399300.52,416.5396341463415
1361399308.901,4671.875
1361399309.284,4210.9375
1361399308.959,4557.291666666667
1361399309.41,7554.6875
1361399309.511,2281.25
1361399309.574,3682.2916666666665
1361399309.638,12281.25
1361399309.702,9773.4375
1361399302.654,125.24038461538461
1361399302.654,213.11773255813955
1361399302.906,73.04067460317461
1361399302.905,144.80807086614172
1361399303.074,87.77947154471545
1361399303.137,88.49897540983606
1361399308.368,6390.625
1361399308.498,14171.875
1361399308.561,1368.75
1361399309.168,4890.625
1361399301.106,102.01035031847134
1361399309.424,68234.375
1361399309.488,7789.0625
1361399310.062,1397.3214285714287
1361399302.317,76.14272388059702
1361399292.642,6781.25
1361399292.683,7583.333333333333
1361399311.277,649.2559523809523
1361399311.277,545.9821428571429
1361399311.277,1271.784855769231
1361399311.341,1024.6803977272727
1361399310.871,1088.5894495412845
1361399311.167,551.6826923076923
1361399311.165,857.1213942307693
1361399300.219,15640.625
1361399301.084,22250.0
1361399301.336,6203.125
1361399299.789,8176.551094890511
1361399299.789,7621.09375
1361399299.852,927.5045955882352
1361399300.099,33207.03125
1361399300.099,61651.78571428572
1361399300.167,53000.0
1361399300.858,722.2960992907801
1361399301.75,2436.5530303030305
1361399300.112,7298.243613138686
1361399302.199,19437.5
1361399302.262,19781.25
1361399302.261,9375.0
1361399302.325,6546.875
1361399302.324,7750.0
1361399303.838,71625.0
1361399301.955,16171.875
1361399302.141,7570.3125
1361399303.547,3163.825757575758
1361399302.202,948.4536082474226
1361399303.714,32890.625
1361399329.311,49578.125
1361399302.87,22898.4375
1361399307.809,3246.394230769231
1361399308.613,215437.5
1361399308.613,83968.75
1361399308.867,8593.75
1361399307.692,1451.891447368421
1361399307.945,1681.640625
1361399308.07,49062.5
1361399308.197,6812.5
1361399308.429,380640.625
1361399308.493,5863.28125
1361399308.556,6046.875
1361399308.747,9062.5
1361399308.81,14246.875
1361399308.81,11979.166666666666
1361399308.744,9062.5
1361399330.693,493223.4375
1361399335.332,14468.75
1361399333.81,14437.5
1361399308.541,38507.8125
1361399308.986,2000.0
1361399310.817,63476.5625
1361399310.817,150515.625
1361399308.047,296304.6875
1361399308.746,50608.10810810811
1361399309.128,43396.763392857145
1361399310.771,60320.3125
1361399310.771,65625.0
1361399310.249,8921.875
1361399310.483,25.12937898089172
1361399310.188,60.21075581395348
1361399338.539,2343.75
1361399338.539,2156.25
1361399338.727,2557.2916666666665
1361399338.79,2179.6875
1361399336.35,304.46428571428567
1361399336.663,15267.378826530612
1361399336.77,1406.5721649484537
1361399335.681,7978.472222222222
1361399300.474,6310.132575757576
1361399336.435,60006.25
1361399336.56,3802.0833333333335
1361399339.568,3682.2916666666665
1361399336.558,6938.775510204081
1361399336.558,1963.8073979591836
1361399336.686,850.4231770833334
1361399300.45,4286.9940978077575
1361399337.796,1627.1841397849462
1361399337.731,7041.40625
1361399334.074,15212.775735294117
1361399317.723,17343.75
1361399338.531,2103.577044025157
1361399339.35,99972.06038135593
1361399337.902,4386.424731182796
1361399337.899,4577.796052631579
1361399337.898,954.9534574468084
1361399337.312,458.88157894736844
1361399337.757,1946.875
1361399337.82,3109.7074468085107
1361399329.832,3348.4933035714284
1361399330.926,189968.75
1361399331.719,30088.068181818184
1361399332.397,138789.0625
1361399332.962,49186.458333333336
1361399332.961,2826.5086206896553
1361399330.422,500750.0
1361399330.802,226062.5
1361399332.28,86098.95833333333
1361399332.339,38576.43581081081
1361399332.844,350648.4375
1361399336.514,1082.2368421052631
1361399352.641,2156.25
1361399352.535,2156.25
1361399337.777,69.4888178913738
1361399337.833,53507.8125
1361399335.066,99911.45833333333
1361399336.72,44208.333333333336
1361399336.533,6671.875
1361399338.062,160968.75
1361399337.886,165062.5
1361399337.949,5947.916666666667
1361399337.755,11609.375
1361399337.818,15231.770833333334
1361399340.296,15.824044585987261
1361399343.835,92157.55208333333
1361399343.818,151049.47916666666
1361399342.433,45207.720588235294
1361399343.81,140136.71875
1361399344.059,13791.666666666666
1361399344.608,321156.25
1361399345.11,22585.227272727272
1361399343.788,170179.6875
1361399342.185,26941.40625
1361399342.31,36899.305555555555
1361399343.712,22300.78125
1361399343.942,13783.854166666666
1361399343.865,55777.34375
1361399343.865,128373.57954545453
1361399346.546,224851.5625
1361399346.546,239223.95833333334
1361399346.545,21031.25
1361399346.545,29125.0
1361399346.067,395302.0833333333
1361399346.491,38058.59375
1361399346.491,574375.0
1361399346.491,49093.75
1361399346.49,376375.0
1361399344.759,17296.875
1361399346.005,359460.9375
1361399346.005,171296.875
1361399346.005,15437.5
1361399348.145,8218.75
1361399348.022,8218.75
1361399371.124,4484.375
1361399369.607,3682.2916666666665
1361399353.997,6781.25
1361399354.185,7583.333333333333
1361399343.094,7746.009744623656
1361399331.381,3604.3610074626863
1361399390.697,2343.75
1361399390.633,2242.1875
1361399390.558,3015.625
1361399343.449,4185.111053719008
1361399370.521,15.824044585987261
1361399378.038,5656.25
1361399414.763,2156.25
1361399414.681,2156.25
1361399400.443,15.824044585987261
1361399428.944,1625.0
1361399435.602,1415.625
1361399436.373,15554.6875
1361399436.562,14265.625
1361399434.419,5468.75
1361399435.441,93.5617469879518
1361399433.168,688.875786163522
1361399433.294,61.98650234741784
1361399436.575,49.708104395604394
1361399450.225,416.3602941176471
1361399433.879,11151.209677419354
1361399433.879,20619.025735294115
1361399433.879,34190.716911764706
1361399433.879,2700.78125
1361399433.878,8589.613970588236
1361399433.878,2108.59375
1361399433.878,2494.959677419355
1361399433.878,34477.5641025641
1361399433.878,29738.075657894737
1361399433.878,6343.75
1361399433.878,13606.08552631579
1361399432.22,9933.475378787878
1361399432.405,13407.072368421053
1361399432.409,13954.24107142857
1361399433.783,51311.16071428571
1361399432.485,31.914893617021274
1361399433.213,3914.0625
1361399433.213,18684.758771929824
1361399433.212,32765.35087719298
1361399433.212,6801.618303571428
1361399433.212,10999.725877192983
1361399434.591,86569.79166666666
1361399434.591,11587.31617647059
1361399434.591,3135.4166666666665
1361399434.591,11078.125
1361399434.591,14915.865384615385
1361399433.894,47054.6875
1361399433.894,9264.112903225807
1361399433.894,8754.136029411764
1361399433.894,2360.15625
1361399433.894,45914.0625
1361399434.128,160968.75
1361399434.084,59875.0
1361399434.084,9057.291666666666
1361399433.857,3633.2908163265306
1361399434.802,11984.375
1361399435.722,33062.5
1361399435.72,4312.5
1361399436.099,6200.520833333333
1361399436.097,7440.625
1361399436.097,7440.625
1361399436.771,157750.0
1361399436.834,10656.25
1361399436.834,6203.125
1361399433.792,62071.75925925926
1361399434.801,10296.875
1361399436.6,9792.96875
1361399436.599,22134.765625
1361399436.599,33062.5
1361399436.851,60859.375
1361399436.977,7603.125
1361399436.977,7603.125
1361399436.955,7278.125
1361399465.238,442.3828125
1361399450.514,4281.25
1361399450.766,11734.375
1361399480.311,442.3828125
1361399434.489,8057.245879120879
1361399492.677,4484.375
1361399492.677,2343.75
1361399492.6,2343.75
1361399495.266,393.2291666666667
1361399510.156,416.3602941176471
1361399511.036,2156.25
1361399511.039,2156.25
1361399502.391,37.760416666666664
1361399525.19,393.2291666666667
1361399540.093,1415.625
1361399555.099,416.3602941176471
1361399570.124,442.3828125
1361399576.11,147.34968354430382
1361399576.11,7801.028481012659
1361399576.551,614.9129746835443
1361399576.029,310.9177215189873
1361399576.029,158.984375
1361399576.57,4359.375
1361399575.54,1156.6011235955057
1361399575.731,527.9796511627907
1361399575.666,1654.532967032967
1361399575.73,26695.3125
1361399576.483,2105.345911949685
1361399585.006,416.3602941176471
1361399575.995,10187.5
1361399576.304,24518.75
1361399600.162,416.3602941176471
1361399615.122,416.3602941176471
1361399605.182,2162.735849056604
1361399630.029,416.3602941176471
1361399635.867,1583.3333333333333
1361399638.056,23015.625
1361399638.117,7132.8125
1361399638.751,28964.84375
1361399637.205,416.3602941176471
1361399635.922,58.3984375
1361399637.429,223.1404958677686
1361399635.842,58.919270833333336
1361399638.159,49.43647540983607
1361399635.816,58.68055555555556
1361399652.191,2359.375
1361399634.44,10548.635563380281
1361399635.43,53656.25
1361399638.619,33031.25
1361399638.618,9097.65625
1361399638.68,12130.208333333334
1361399635.891,2802.0833333333335
1361399635.891,1457.03125
1361399635.891,2720.089285714286
1361399635.891,16801.953125
1361399635.891,38395.833333333336
1361399635.955,7418.619791666667
1361399635.889,252911.45833333334
1361399637.323,18734.375
1361399637.319,3732.03125
1361399637.319,18468.75
1361399637.318,3909.090909090909
1361399637.956,9390.625
1361399638.145,11421.875
1361399638.398,12125.0
1361399638.398,34460.9375
1361399638.204,7453.125
1361399638.395,42250.0
1361399638.395,20460.9375
1361399638.523,33031.25
1361399638.523,33031.25
1361399638.501,9503.90625
1361399638.563,12421.875
1361399638.562,12421.875
1361399635.77,39359.375
1361399635.77,2807.4448529411766
1361399635.766,81833.33333333333
1361399635.766,25883.203125
1361399635.83,38781.25
1361399635.77,114052.08333333333
1361399635.833,30343.75
1361399637.2,10875.0
1361399637.264,1214.4886363636365
1361399637.197,4664.772727272728
1361399637.197,6343.75
1361399637.64,5992.1875
1361399637.83,10296.875
1361399638.272,17953.125
1361399638.272,25296.875
1361399636.992,3916.6666666666665
1361399638.7,592406.25
1361399638.63,267937.5
1361399639.107,42171.875
1361399639.06,20140.625
1361399639.311,3359.375
1361399667.339,442.3828125
1361399680.031,90.29796511627906
1361399687.065,12958.333333333334
1361399680.829,4750.0
1361399680.955,1769.53125
1361399680.93,23015.625
1361399680.992,14265.625
1361399679.985,4324.132709251101
1361399679.024,2409.349173553719
1361399680.111,1054.861111111111
1361399691.628,53782.98611111112
1361399680.426,32.10227272727273
1361399692.072,10330.180921052632
1361399692.07,1395.8333333333333
1361399692.325,2973.9583333333335
1361399692.515,7812.5
1361399680.974,157.50888625592415
1361399680.97,177.6510663507109
1361399692.361,11414.0625
1361399680.973,48.356042654028435
1361399681.227,153.30615942028984
1361399681.227,150.7397342995169
1361399692.873,8148.4375
1361399681.48,243.99630541871923
1361399681.479,166.87192118226602
1361399681.607,131.68532338308458
1361399681.607,185.09017412935324
1361399681.67,70.546875
1361399694.182,17000.0
1361399694.182,42830.729166666664
1361399693.733,13468.75
1361399694.5,6375.0
1361399694.179,4570.3125
1361399694.435,9773.4375
1361399694.435,3421.875
1361399679.839,250.5482456140351
1361399679.839,137.54111842105263
1361399679.839,44.544956140350884
1361399679.839,1471.6968201754385
1361399679.839,2131.030701754386
1361399679.838,62.574052132701425
1361399695.319,1625.0
1361399680.341,92.54261363636364
1361399680.405,122.17194570135746
1361399680.341,236.78977272727272
1361399691.86,29288.671875
1361399691.859,32176.562500000004
1361399695.507,4890.625
1361399691.962,15172.697368421053
1361399691.965,14856.907894736842
1361399680.509,903.0097926267281
1361399680.572,59.17245370370371
1361399692.217,482.0772058823529
1361399680.888,123.07464454976304
1361399680.887,52.6510663507109
1361399681.142,102.80797101449275
1361399681.142,47.6298309178744
1361399681.14,2475.4679951690823
1361399681.14,629.0760869565217
1361399681.396,166.87192118226602
1361399681.523,189.13246268656715
1361399681.394,166.87192118226602
1361399681.393,166.87192118226602
1361399681.585,128.28125
1361399681.904,39.98397435897436
1361399693.776,3421.875
1361399693.776,8239.583333333334
1361399693.648,12781.25
1361399693.775,3421.875
1361399694.217,15140.625
1361399694.349,7781.25
1361399694.349,3682.2916666666665
1361399694.668,2156.25
1361399680.227,748.9872685185185
1361399695.913,966.7744252873564
1361399695.913,1006.7471590909091
1361399695.912,3539.0625
1361399695.976,3343.75
1361399695.743,1489.4097222222222
1361399695.883,2859.375
1361399695.78,984.015804597701
1361399695.78,983.4770114942529
1361399695.779,1890.0923295454545
1361399680.709,1217.9542824074074
1361399680.894,71.0495283018868
1361399681.277,401.09797297297297
1361399679.937,362.67141350210966
1361399695.905,39.59865196078431
1361399710.817,442.3828125
1361399693.762,59.98411016949152
1361399694.081,61.35997854077253
1361399687.316,9460.9375
1361399691.42,2425.78125
1361399692.788,44703.125
1361399693.454,17354.166666666668
1361399693.644,21927.083333333332
1361399694.218,41609.375
1361399694.723,17968.75
1361399694.211,47515.625
1361399694.461,215437.5
1361399694.656,17968.75
1361399693.55,59250.0
1361399693.649,6037.946428571428
1361399694.092,23453.125
1361399694.091,3023.4375
1361399694.341,380640.625
1361399694.28,200843.75
1361399694.28,8593.75
1361399694.47,16375.0
1361399692.604,11101.5625
1361399693.367,3994.7916666666665
1361399693.802,6562.5
1361399693.993,1808.59375
1361399696.315,9258.92857142857
1361399696.315,31500.0
1361399694.243,326414.0625
1361399696.213,17286.458333333332
1361399696.267,41041.666666666664
1361399696.267,18109.375
1361399696.263,35875.0
1361399697.364,512.900641025641
1361399724.385,3682.2916666666665
1361399740.631,416.3602941176471
1361399746.876,2156.25
1361399754.399,5523.4375
1361399757.114,2156.25
1361399769.182,9171.875
1361399769.294,9171.875
1361399775.728,87.109375
1361399791.268,9781.25
1361399791.264,3421.875
1361399791.264,8255.208333333334
1361399785.657,393.2291666666667
1361399789.429,6231.25
1361399770.903,406.96914225941424
1361399791.183,3421.875
1361399791.183,57152.77777777778
1361399791.477,8421.875
1361399791.541,7570.3125
1361399791.604,5187.5
1361399789.193,11414.0625
1361399789.827,8117.1875
1361399790.656,6718.75
1361399790.656,6375.0
1361399768.793,81778.27380952382
1361399768.857,50469.9074074074
1361399768.92,78008.68055555556
1361399770.476,57335.9375
1361399767.826,16128.90625
1361399767.89,27077.665441176472
1361399767.89,4183.307926829269
1361399768.677,29973.4375
1361399768.677,48168.89880952381
1361399768.741,11197.916666666666
1361399768.741,14393.75
1361399768.868,9164.0625
1361399769.785,128449.99999999999
1361399770.289,15242.1875
1361399771.42,320.92696629213486
1361399792.124,1765.625
1361399792.691,3343.75
1361399791.713,3421.875
1361399789.141,104.39888535031847
1361399792.591,2859.375
1361399800.578,4015.625
1361399800.577,2156.25
1361399800.577,2156.25
1361399800.64,479.1666666666667
1361399767.871,4299.7798434442275
1361399767.478,4666.132736943907
1361399800.538,2156.25
1361399800.474,2156.25
1361399785.752,95.09615384615384
1361399785.943,7822.916666666667
1361399788.524,285738.28125
1361399789.961,6203.125
1361399790.403,17370.404411764706
1361399790.717,3514.3229166666665
1361399788.923,53000.0
1361399789.447,14901.041666666666
1361399790.394,58515.625
1361399807.899,566.0511363636364
1361399809.899,22085.72048611111
1361399809.834,25507.575757575756
1361399809.834,58586.626838235294
1361399809.898,14198.076923076924
1361399814.088,1399.3055555555557
1361399808.186,2455.3571428571427
1361399809.172,45817.204301075275
1361399809.746,7144.642857142857
1361399789.903,1089.236111111111
1361399790.848,14802.083333333334
1361399791.799,21468.75
1361399791.369,93261.16071428571
1361399791.693,14375.0
1361399791.693,14375.0
1361399790.975,23359.375
1361399791.332,430875.0
1361399791.331,380640.625
1361399791.576,8593.75
1361399790.916,1919.642857142857
1361399790.982,16271.875000000002
1361399790.982,19625.0
1361399791.045,8656.25
1361399791.148,6796.875
1361399791.211,23453.125
1361399791.274,6046.875
1361399792.424,3359.375
1361399811.784,290.12345679012344
1361399811.784,295.1388888888889
1361399816.647,30500.0
1361399811.783,327.9320987654321
1361399811.68,415.70216049382714
1361399811.68,242.28395061728395
1361399816.543,4114.583333333333
1361399811.679,456.21141975308643
1361399809.931,8172.499999999999
1361399830.623,2156.25
1361399830.623,1171.875
1361399830.516,2156.25
1361399811.607,195.02597799511
1361399811.799,41343.75
1361399814.207,270859.375
1361399814.582,23.4375
1361399811.314,6247.2148791540785
1361399816.746,41.13418530351438
1361399845.902,2156.25
1361399826.956,26.62037037037037
1361399827.462,17312.5
1361399831.33,1078.125
1361399860.651,442.3828125
1361399842.368,75.121996996997
1361399851.878,135.41666666666666
1361399875.297,22828.125
1361399875.359,7812.5
1361399877.108,12367.1875
1361399877.043,6734.375
1361399877.779,3682.2916666666665
1361399877.782,9781.25
1361399877.91,7554.6875
1361399877.974,6835.9375
1361399877.974,4843.75
1361399878.038,3421.875
1361399875.717,16296.875
1361399875.716,2156.25
1361399876.962,6390.625
1361399877.216,2588.5416666666665
1361399877.19,3882.8125
1361399877.698,9539.0625
1361399877.695,4210.9375
1361399877.887,7781.25
1361399878.142,5718.75
1361399878.142,3343.75
1361399875.245,104.39888535031847
1361399867.361,126.58227848101266
1361399875.423,380984.375
1361399875.734,1139.8982558139535
1361399876.497,11101.5625
1361399874.94,26812.5
1361399875.568,44703.125
1361399876.176,5838.541666666667
1361399876.934,46734.375
1361399876.934,3516.9270833333335
1361399876.932,40679.6875
1361399877.668,11726.5625
1361399877.859,11979.166666666666
1361399877.857,11979.166666666666
1361399876.639,6203.125
1361399878.103,1343.75
1361399878.485,13578.125
1361399878.416,8406.25
1361399878.543,41656.25
1361399878.264,296304.6875
1361399907.373,3682.2916666666665
1361399892.701,7395.833333333333
1361399893.768,7583.333333333333
1361399920.524,2156.25
1361399920.448,2343.75
1361399907.071,7.31981981981982
1361399938.477,3682.2916666666665
1361399927.588,39.40217391304348
1361399952.89,2156.25
1361399953.785,2156.25
1361399952.819,32.608695652173914
1361399996.308,416.3602941176471
1361399998.244,3682.2916666666665
1361400118.115,3682.2916666666665
1361400133.137,28828.125
1361400133.263,8742.1875
1361400136.032,45750.0
1361400132.804,12093.75
1361400133.307,2929.6875
1361400141.12,6250.0
1361400141.628,16312.5
1361400142.486,6734.375
1361400142.55,17006.25
1361400142.74,3421.875
1361400142.739,4210.9375
1361400142.866,15140.625
1361400142.866,6526.041666666667
1361400142.993,7781.25
1361400143.694,6687.5
1361400143.502,4890.625
1361400140.978,22890.625
1361400140.913,2963.5416666666665
1361400142.475,11312.5
1361400142.414,6375.0
1361400142.669,89738.28125
1361400142.668,3421.875
1361400142.919,19640.625
1361400142.919,3421.875
1361400143.113,12281.25
1361400143.112,3682.2916666666665
1361400143.623,5718.75
1361400140.293,3661.2448770491806
1361400143.493,1024.5535714285713
1361400143.492,1131.8558673469388
1361400143.492,946.6540404040404
1361400140.84,104.79697452229298
1361400143.417,1052.455357142857
1361400143.288,1334.7772277227723
1361400143.416,1005.9974747474747
1361400136.283,7975.0
1361400136.228,64470.2380952381
1361400140.288,11671.875
1361400140.416,1993.75
1361400141.401,20022.321428571428
1361400141.781,10550.78125
1361400142.033,40687.5
1361400142.286,215437.5
1361400142.285,190320.3125
1361400142.644,16375.0
1361400139.984,53000.0
1361400140.61,22335.9375
1361400140.865,6203.125
1361400141.474,16445.3125
1361400141.728,41609.375
1361400141.918,46500.0
1361400141.918,11726.5625
1361400141.916,1221.5909090909092
1361400142.17,4770.833333333333
1361400142.677,12114.583333333334
1361400142.741,14375.0
1361400141.337,11304.6875
1361400141.971,5145.833333333333
1361400141.922,296304.6875
1361400142.303,6562.5
1361400142.494,750.0
1361400172.97,3682.2916666666665
1361400159.187,2084.375
1361400180.49,10407.552083333334
1361400180.49,5539.663461538462
1361400180.936,6355.46875
1361400181.507,8371.39423076923
1361400181.44,6143.973214285715
1361400177.855,11197.916666666666
1361400181.948,5100.142045454546
1361400182.006,3594.460227272727
1361400181.867,33926.432291666664
1361400182.058,10388.541666666666
1361400178.728,37366.666666666664
1361400178.727,40117.1875
1361400178.919,37671.875
1361400179.237,44584.82142857143
1361400182.499,3580.2556818181815
1361400182.624,31388.020833333332
1361400180.253,11617.708333333332
1361400183.355,4111.979166666667
1361400183.546,4139.756944444444
1361400180.848,14291.193181818182
1361400177.071,2480.46875
1361400177.453,11754.595588235294
1361400181.419,90543.87019230769
1361400181.355,12108.25892857143
1361400177.938,11807.291666666666
1361400181.775,3318.6141304347825
1361400181.838,104216.84451219512
1361400181.838,3983.664772727273
1361400178.635,13575.231481481482
1361400178.635,3928.819444444445
1361400178.635,3815.7552083333335
1361400178.635,9203.776041666666
1361400182.025,7718.070652173913
1361400182.403,3591.6193181818185
1361400180.134,32751.838235294115
1361400182.949,4040.2960526315787
1361400183.268,5587.67361111111
1361400183.778,5813.701923076924
1361400183.776,5563.701923076924
1361400184.597,16976.5625
1361400185.041,11324.21875
1361400189.449,7355.46875
1361400185.737,6592.329545454546
1361400186.117,7826.5625
1361400186.117,6075.721153846154
1361400186.435,16069.602272727274
1361400186.795,19082.8125
1361400186.858,9802.556818181818
1361400187.55,14895.3125
1361400187.553,7544.034090909091
1361400187.744,15296.875
1361400188.059,9332.8125
1361400188.251,4264.756944444444
1361400188.426,6595.588235294118
1361400184.068,3529.5138888888887
1361400184.574,7751.5625
1361400184.574,14506.009615384615
1361400188.734,8723.6328125
1361400184.96,14929.086538461539
1361400185.146,11537.760416666666
1361400185.214,3685.416666666667
1361400184.765,14688.541666666668
1361400185.404,4884.375
1361400189.43,16951.5625
1361400186.006,6592.329545454546
1361400186.074,8348.011363636364
1361400186.326,17007.102272727272
1361400186.706,14895.3125
1361400186.833,15520.3125
1361400190.352,8576.5625
1361400187.087,17022.56944444444
1361400187.087,17976.5625
1361400187.342,26476.5625
1361400187.404,19251.5625
1361400187.701,17575.28409090909
1361400188.019,58435.546875
1361400188.081,55034.80113636363
1361400188.398,6392.36111111111
1361400178.79,797.166149068323
1361400200.278,6250.0
1361400200.051,11445.3125
1361400176.934,130.6818181818182
1361400178.046,18559.6875
1361400176.754,119.79166666666667
1361400177.866,3844.4767441860463
1361400180.69,200175.0
1361400180.69,12192.708333333334
1361400181.239,386187.5
1361400181.298,5515.625
1361400181.553,12119.140625
1361400181.741,252.27272727272725
1361400181.567,42018.75
1361400182.31,249.25149700598803
1361400182.487,1353.125
1361400182.485,4139.1369047619055
1361400200.767,16296.875
1361400201.912,4489.583333333333
1361400201.975,8260.416666666666
1361400202.102,2281.25
1361400202.102,2281.25
1361400203.35,19640.625
1361400203.413,7554.6875
1361400203.917,3343.75
1361400203.917,2859.375
1361400201.868,6390.625
1361400203.263,8421.875
1361400203.327,2761.71875
1361400203.517,3421.875
1361400203.388,7781.25
1361400203.452,3260.4166666666665
1361400185.409,79177.734375
1361400190.367,14352.430555555555
1361400212.675,16437.5
1361400212.99,4164.0625
1361400213.053,30330.528846153848
1361400213.242,6140.625
1361400211.986,3668.75
1361400199.31,104.67425847457628
1361400199.948,104.13370253164557
1361400212.22,4585.9375
1361400190.479,18437.5
1361400190.431,207390.625
1361400196.043,105.6592987804878
1361400198.61,174398.4375
1361400200.792,22335.9375
1361400199.852,17666.666666666668
1361400200.547,14802.083333333334
1361400199.477,1050.1802884615386
1361400200.205,6203.125
1361400200.703,11768.06640625
1361400200.958,58281.25
1361400201.182,46500.0
1361400201.249,40687.5
1361400201.184,1833.5597826086955
1361400203.61,11726.5625
1361400203.613,105.55069930069929
1361400203.74,9015.625
1361400202.318,611.5056818181818
1361400203.453,6804.6875
1361400203.496,6046.875
1361400201.421,296304.6875
1361400213.036,181.82963709677418
1361400209.641,1623.8982371794873
1361400214.788,53.20411392405063
1361400211.651,2084.0556569343066
1361400211.645,672.103102189781
1361400212.957,76.23487903225806
1361400213.973,1033.2112970711298
1361400211.568,1657.7326642335765
1361400211.568,1161.9525547445255
1361400209.435,12000.0
1361400238.148,2343.75
1361400238.147,2156.25
1361400238.147,4484.375
1361400181.757,5788.068181818182
1361400181.756,6483.771306818181
1361400238.071,2156.25
1361400253.507,416.3602941176471
1361400277.025,11253.90625
1361400277.279,45203.125
1361400276.889,62875.0
1361400277.265,19588.541666666668
1361400277.458,3100.694444444445
1361400278.508,6453.125
1361400278.762,2156.25
1361400285.415,11000.0
1361400285.665,7390.625
1361400285.665,7390.625
1361400285.858,8500.0
1361400283.392,257.90895061728395
1361400283.392,257.52314814814815
1361400285.713,15687.5
1361400285.713,15687.5
1361400285.776,8492.1875
1361400284.356,303.24074074074076
1361400281.147,96.89465408805032
1361400283.607,413.0859375
1361400282.724,24946.09375
1361400283.341,7889.307228915663
1361400283.341,3908.697289156626
1361400278.604,3167.0673076923076
1361400279.525,73190.10416666667
1361400283.226,11984.375
1361400283.652,134515.625
1361400283.656,11546.875
1361400281.115,11031.25
1361400283.304,7546.875
1361400283.557,133015.625
1361400285.931,22250.0
1361400285.737,12562.5
1361400285.001,37278.645833333336
1361400301.13,20671.875
1361400321.534,3233.0729166666665
1361400322.245,2168.724798387097
1361400330.156,14210.9375
1361400330.411,5083.333333333333
1361400330.601,2201.4802631578946
1361400340.727,61093.75
1361400340.791,421.05263157894734
1361400340.979,4601.5625
1361400341.612,1186.3839285714287
1361400341.612,10843.75
1361400341.612,35651.041666666664
1361400341.61,5539.0625
1361400341.61,14026.041666666666
1361400341.865,22418.75
1361400341.732,507.8125
1361400342.347,2894.53125
1361400342.218,67041.66666666667
1361400339.204,8626.302083333334
1361400339.264,3437.5
1361400343.041,15601.5625
1361400343.653,105822.91666666667
1361400343.843,3166.6666666666665
1361400343.585,9500.0
1361400344.413,8390.625
1361400344.541,6273.4375
1361400344.603,14734.375
1361400344.603,8781.25
1361400340.76,51514.705882352944
1361400340.887,34244.140625
1361400341.077,10875.0
1361400341.497,12929.6875
1361400341.497,4789.0625
1361400341.497,12750.0
1361400341.497,3473.9583333333335
1361400341.684,115026.78571428571
1361400341.686,50856.25
1361400342.127,2902.34375
1361400342.445,24189.144736842107
1361400342.423,1803.8194444444443
1361400320.42,31223.958333333332
1361400342.805,1741.3194444444443
1361400343.563,1637.019230769231
1361400343.627,3546.875
1361400343.69,3692.7083333333335
1361400343.753,6057.291666666667
1361400344.072,6496.875
1361400320.382,4800.611413043479
1361400320.382,16741.525423728814
1361400320.242,5105.6547619047615
1361400320.369,77098.95833333333
1361400343.451,4976.5625
1361400322.25,160927.08333333334
1361400323.386,1036.4583333333333
1361400323.386,26484.375
1361400323.492,16158.854166666668
1361400324.695,4320.3125
1361400322.158,5815.9375
1361400323.274,3987.5
1361400323.337,887.8676470588235
1361400324.393,16187.5
1361400324.393,8421.875
1361400324.391,8421.875
1361400321.882,3671.875
1361400321.882,441.72297297297297
1361400322.97,315444.1964285714
1361400322.967,91697.91666666667
1361400322.967,1925.78125
1361400323.158,2276.909722222222
1361400323.158,21171.875
1361400324.3,111105.46875
1361400324.3,4523.4375
1361400324.36,138062.5
1361400324.294,35994.140625
1361400324.294,58679.6875
1361400324.294,38210.9375
1361400324.294,59083.333333333336
1361400321.844,910.7142857142857
1361400321.84,803.8194444444445
1361400321.84,836.1486486486486
1361400322.924,40757.8125
1361400322.988,7623.5119047619055
1361400323.052,277475.4464285714
1361400323.115,10062.5
1361400323.115,17562.5
1361400324.262,51945.3125
1361400324.262,100196.18055555556
1361400324.261,50223.958333333336
1361400324.261,51765.625
1361400324.261,70929.6875
1361400324.261,111699.21875
1361400324.325,92984.375
1361400325.472,6162.109375
1361400344.732,3656.5020161290327
1361400345.938,29429.6875
1361400341.649,7039.955357142858
1361400342.83,19427.637411347518
1361400343.968,686.491935483871
1361400343.634,2054.248595505618
1361400344.591,42750.0
1361400341.569,1711.9902482269504
1361400341.633,6677.710843373494
1361400341.569,4626.512096774194
1361400342.492,1636.7924528301887
1361400343.615,707.2916666666666
1361400332.137,6992.708333333334
1361400333.241,72549.47916666667
1361400333.746,5476.5625
1361400355.832,5021.875
1361400356.214,3115.625
1361400356.105,3656.5020161290327
1361400356.104,1135.4166666666667
1361400340.594,132437.5
1361400341.833,324.8600746268657
1361400342.212,43796.875
1361400344.385,13875.0
1361400368.606,9500.0
1361400368.295,25109.375
1361400368.486,6718.75
1361400358.752,556.6964285714286
1361400344.558,203.2930107526882
1361400343.812,16118.303571428572
1361400345.261,368.04624664879356
1361400345.059,181687.5
1361400368.266,119.70766129032258
1361400357.862,3333.8315217391305
1361400357.371,233.07291666666666
1361400378.876,25109.375
1361400379.132,9500.0
1361400379.003,117.80753968253968
1361400379.003,3359.375
1361400380.396,2242.1875
1361400322.603,8203.295951859956
1361400323.818,5313.198324022346
1361400324.903,2649.7366173120727
1361400321.187,2498.8481570512818
1361400323.793,3395.5656424581002
1361400323.793,5808.7639664804465
1361400323.793,8218.61033519553
1361400321.162,3578.74265491453
1361400321.162,3451.1384882478633
1361400389.469,25109.375
1361400389.66,6718.75
1361400389.825,9500.0
1361400389.681,54.532284768211916
1361400400.067,12554.6875
1361400400.176,3359.375
1361400400.303,9500.0
1361400379.333,398.130664652568
1361400379.766,359.18674698795184
1361400400.105,117.80753968253968
1361400390.133,136.24237804878047
1361400390.261,26.888420245398773
1361400390.386,8671.875
1361400410.537,25109.375
1361400410.585,119.70766129032258
1361400410.585,6718.75
1361400415.918,49869.791666666664
1361400410.625,9500.0
1361400417.521,2179.6875
1361400417.966,2557.2916666666665
1361400417.067,300.5990932642487
1361400417.044,1764.6381578947369
1361400410.987,43843.75
1361400411.343,19875.0
1361400438.97,45015.625
1361400438.997,32343.75
1361400417.667,160968.75
1361400416.881,21830.729166666668
1361400417.124,35.68262411347518
1361400417.124,36067.708333333336
1361400416.883,48476.5625
1361400416.751,40953.125
1361400417.069,15234.375
1361400446.468,1762.5
1361400446.468,12976.5625
1361400446.468,7841.145833333333
1361400446.973,15619.791666666666
1361400446.973,17848.557692307695
1361400447.335,32877.9296875
1361400443.686,1540.625
1361400447.397,4132.8125
1361400444.384,15744.791666666666
1361400448.026,2428.125
1361400448.158,1856.7708333333333
1361400448.348,4962.5
1361400448.346,2428.125
1361400448.536,4931.25
1361400448.535,4962.5
1361400448.663,4956.25
1361400448.854,4953.125
1361400448.982,6132.8125
1361400448.854,4962.5
1361400448.981,4962.5
1361400449.172,4962.5
1361400449.364,12000.0
1361400449.364,11914.0625
1361400446.393,1762.5
1361400446.393,37495.53571428572
1361400446.392,18545.572916666668
1361400446.773,13200.520833333334
1361400446.9,40642.70833333333
1361400447.256,52289.0625
1361400447.511,2228.125
1361400443.924,57380.95238095238
1361400447.764,4943.75
1361400447.761,4953.125
1361400444.304,13243.75
1361400444.304,23195.833333333332
1361400448.08,2067.7083333333335
1361400444.304,22132.8125
1361400444.304,13536.458333333334
1361400447.951,2406.25
1361400448.269,4868.75
1361400448.077,4130.208333333333
1361400444.621,16234.375
1361400448.46,2228.125
1361400448.778,6132.8125
1361400448.905,4946.875
1361400449.097,6074.21875
1361400448.585,6195.3125
1361400448.584,4906.25
1361400449.095,4940.625
1361400449.159,4884.375
1361400449.315,8000.0
1361400453.59,6160.15625
1361400453.589,4959.375
1361400449.493,4962.5
1361400449.684,6148.4375
1361400453.715,3646.875
1361400453.779,2941.40625
1361400449.809,6203.125
1361400453.905,4956.25
1361400453.841,4928.125
1361400449.873,4956.25
1361400450.063,4940.625
1361400454.031,4887.5
1361400450.318,6191.40625
1361400450.381,4956.25
1361400450.571,2468.75
1361400450.571,2393.75
1361400454.282,4425.0
1361400450.698,2337.5
1361400454.345,2114.5833333333335
1361400454.344,1916.6666666666667
1361400450.824,4953.125
1361400450.824,4946.875
1361400450.888,1929.6875
1361400451.015,4956.25
1361400451.015,4962.5
1361400451.143,6148.4375
1361400451.138,2475.0
1361400451.269,6179.6875
1361400454.661,6187.5
1361400451.333,4953.125
1361400454.724,4900.0
1361400454.724,4825.0
1361400451.46,4878.125
1361400454.846,3132.8125
1361400451.582,6203.125
1361400451.65,2929.6875
1361400454.913,4962.5
1361400455.019,6195.3125
1361400455.018,4896.875
1361400455.145,6199.21875
1361400452.136,4962.5
1361400452.071,4962.5
1361400455.334,4959.375
1361400452.39,3027.34375
1361400455.27,2509.375
1361400452.262,4934.375
1361400455.396,4956.25
1361400455.46,4928.125
1361400452.579,4937.5
1361400452.643,4117.1875
1361400455.587,2325.0
1361400455.586,4956.25
1361400452.77,6199.21875
1361400452.705,4865.625
1361400455.713,4934.375
1361400452.896,4906.25
1361400455.903,4928.125
1361400456.093,4846.875
1361400453.021,1856.7708333333333
1361400453.212,6187.5
1361400453.404,2953.125
1361400456.22,4940.625
1361400453.34,6191.40625
1361400456.219,2587.5
1361400456.283,4962.5
1361400456.406,2093.75
1361400456.538,2825.0
1361400456.666,2440.625
1361400457.175,4956.25
1361400457.288,4956.25
1361400457.287,4575.0
1361400457.159,5628.90625
1361400457.41,5843.75
1361400449.414,4884.375
1361400449.605,6203.125
1361400453.573,2437.5
1361400449.476,4903.125
1361400453.699,4296.875
1361400449.667,4853.125
1361400449.73,4956.25
1361400453.888,2434.375
1361400449.92,3109.375
1361400453.952,4956.25
1361400449.92,4562.5
1361400449.983,4850.0
1361400450.047,2471.875
1361400453.95,3134.375
1361400450.11,4962.5
1361400450.238,6117.1875
1361400454.142,2574.21875
1361400454.077,2337.5
1361400450.301,4962.5
1361400450.428,4943.75
1361400450.428,4959.375
1361400454.268,2228.125
1361400454.395,4943.75
1361400450.619,2228.125
1361400450.809,2085.9375
1361400454.52,4896.875
1361400454.456,2456.25
1361400451.19,3253.90625
1361400454.646,4962.5
1361400451.254,4962.5
1361400451.381,2459.375
1361400451.508,6070.3125
1361400454.964,6144.53125
1361400451.55,3662.5
1361400451.676,4925.0
1361400451.676,2371.875
1361400454.812,3981.25
1361400455.131,3000.0
1361400451.739,4950.0
1361400455.126,2403.125
1361400451.734,4962.5
1361400451.866,2565.625
1361400451.866,4946.875
1361400451.992,4921.875
1361400452.056,2256.25
1361400455.447,6195.3125
1361400452.183,5618.75
1361400455.191,2318.75
1361400452.374,6113.28125
1361400452.373,6195.3125
1361400452.373,6203.125
1361400452.501,4953.125
1361400455.7,4921.875
1361400452.627,4959.375
1361400455.57,2303.125
1361400455.822,4903.125
1361400455.698,4962.5
1361400452.817,6199.21875
1361400456.017,2785.15625
1361400452.943,4656.25
1361400455.887,4962.5
1361400452.943,4132.8125
1361400453.007,6195.3125
1361400455.95,3693.75
1361400453.134,4962.5
1361400456.269,2287.5
1361400456.461,2359.375
1361400453.325,2972.65625
1361400453.325,6195.3125
1361400456.268,4962.5
1361400456.524,4959.375
1361400456.588,2825.0
1361400456.779,6179.6875
1361400456.843,4928.125
1361400456.651,3332.03125
1361400456.907,4962.5
1361400456.778,4959.375
1361400456.906,4956.25
1361400457.134,2631.25
1361400456.882,4953.125
1361400457.198,6156.25
1361400456.912,5164.0625
1361400434.099,16684.375
1361400440.419,58072.010869565216
1361400457.672,4903.125
1361400457.926,3179.6875
1361400458.238,4135.416666666667
1361400458.305,2403.125
1361400458.496,4946.875
1361400458.622,4962.5
1361400458.622,4962.5
1361400458.813,10865.625
1361400459.126,2678.125
1361400457.523,4953.125
1361400457.523,4934.375
1361400457.586,4962.5
1361400457.713,4956.25
1361400457.777,4918.75
1361400457.84,4953.125
1361400457.903,6164.0625
1361400457.967,4893.75
1361400458.029,2331.25
1361400458.093,2509.375
1361400458.157,4106.770833333333
1361400458.348,2328.125
1361400458.347,4067.708333333333
1361400458.538,4956.25
1361400462.31,2156.25
1361400458.665,2381.25
1361400458.729,4950.0
1361400458.856,162846.44396551725
1361400442.388,10937.5
1361400445.548,974.5111731843575
1361400445.611,472.61284722222223
1361400469.65,3835.9375
1361400467.611,59843.75
1361400469.132,2179.6875
1361400479.127,442.3828125
1361400469.041,2116.6930379746836
1361400462.5,83.79911924119241
1361400462.751,7828.125
1361400468.325,32317.708333333336
1361400469.151,21776.041666666668
1361400469.214,3044.6428571428573
1361400469.117,160968.75
1361400494.131,442.3828125
1361400494.822,2156.25
1361400508.86,416.3602941176471
1361400519.804,1171.875
1361400519.717,2625.0
1361400519.716,2242.1875
1361400497.959,17343.75
1361400538.906,416.3602941176471
1361400534.507,31.25
1361400554.663,2156.25
1361400539.106,16.843971631205672
1361400583.695,416.3602941176471
1361400637.487,17500.0
1361400638.525,6281.684027777777
1361400658.605,416.3602941176471
1361400675.849,76.953125
1361400735.235,34.883720930232556
1361400793.303,442.3828125
1361400869.189,2359.375
1361400860.818,20.032051282051285
1361400884.073,442.3828125
1361400913.789,442.3828125
1361400958.856,416.3602941176471
1361400973.767,409.9702380952381
1361401003.715,430.46875
1361401018.698,393.2291666666667
1361401048.649,442.3828125
1361401093.287,372.5328947368421
1361401123.295,416.3602941176471
1361401138.293,442.3828125
1361401154.281,442.3828125
1361401135.818,76.171875
1361401183.337,416.3602941176471
1361401214.184,416.3602941176471
1361401228.591,416.3602941176471
1361401244.135,416.3602941176471
1361401274.151,372.5328947368421
1361401261.582,31.25
1361401319.065,442.3828125
1361401394.085,442.3828125
1361401451.937,72.4264705882353
1361401447.199,43.71044303797468
1361401447.198,43.71044303797468
1361401546.173,165.22727272727272
1361401576.652,39.211783439490446
1361401590.661,16.843971631205672
1361401590.914,27.835264900662253
1361401590.722,17.51207729468599
1361401590.785,16.843971631205672
1361401590.848,19.9468085106383
1361401591.231,16.96428571428571
1361401591.227,28.592687074829932
1361401591.413,37.760416666666664
1361401591.543,16.96428571428571
1361401590.629,38.56382978723404
1361401590.564,28.987068965517242
1361401590.691,28.208892617449663
1361401590.866,16.96428571428571
1361401590.866,38.56382978723404
1361401591.055,27.29301948051948
1361401591.436,117.59868421052632
1361401602.516,12.78409090909091
1361401611.904,39.8936170212766
1361401622.583,19.9468085106383
1361401643.535,40.76086956521739
1361401653.479,18.00496688741722
1361401680.204,16.96428571428571
1361401680.204,18.125
1361401680.771,18.246644295302016
1361401680.688,16.843971631205672
1361401681.049,18.621575342465754
1361401694.558,18.621575342465754
1361401694.451,16.843971631205672
1361401703.403,13.121546961325967
1361401733.19,33.56481481481482
1361401733.19,16.843971631205672
1361401771.268,18.00496688741722
1361401827.617,117.1875
1361401832.517,18.246644295302016
1361401839.062,39.40217391304348
1361401842.037,16.843971631205672
1361401914.498,16.07142857142857
1361401952.551,18.621575342465754
1361401962.503,16.843971631205672
1361401965.122,18.880208333333332
1361401970.176,18.75
1361401970.176,16.96428571428571
1361401980.048,18.00496688741722
1361401979.939,16.843971631205672
1361401993.369,17.769607843137255
1361401993.278,16.96428571428571
1361402072.883,18.125
1361402072.883,17.0863309352518
1361402080.958,16.843971631205672
1361402131.631,16.843971631205672
1361402131.524,36.25
1361402353.104,88.2120253164557
1361402392.716,29.964398734177216
1361402392.714,29.964398734177216
1361402476.286,87.109375
1361403021.979,16.843971631205672
1361403021.874,18.246644295302016
1361403285.623,15.957446808510637
1361403286.501,17.886513157894736
1361403510.753,17.54032258064516
1361403511.594,16.07142857142857
1361403790.399,16.18705035971223
1361403790.317,18.246644295302016
1361404256.999,16.07142857142857
1361404370.534,16.18705035971223
1361404601.222,34.090909090909086
1361404669.181,453.125
1361404755.112,1208.3333333333333
1361404847.109,37.828947368421055
1361405084.378,16.18705035971223
1361405561.294,18.685567010309278
1361405845.984,56.06617647058824
1361405956.848,35.9375
1361406140.678,56.06617647058824
1361406247.21,36.98979591836735
1361406446.947,1224.780701754386
1361406448.962,4884.78150406504
1361406456.723,617.6835317460317
1361406539.512,40.76086956521739
1361406695.148,37921.875
1361406695.211,18890.625
1361406694.522,11109.375
1361406694.95,18898.4375
1361406690.694,4740.384615384615
1361406692.049,94.24603174603175
1361406694.844,1982.581967213115
1361406695.161,9776.041666666666
1361406700.912,160052.08333333334
1361406754.153,2156.25
1361406734.087,229132.8125
1361406740.858,103442.70833333333
1361406690.261,17794.475956050228
1361406826.184,8421.875
1361406827.5,641.6967509025271
1361406825.387,3513.7297843665765
1361406825.386,3154.2544157608695
1361406825.551,655.3582506203473
1361406825.989,38.115530303030305
1361406825.989,8421.875
1361406845.1,18369.791666666668
1361406845.799,43952.58620689656
1361406849.365,45343.75
1361406851.461,13098.958333333334
1361406844.899,24187.5
1361406845.217,16953.125
1361406846.594,37517.70833333333
1361406851.194,5468.75
1361406851.13,7937.5
1361406828.056,471.64351851851853
1361406851.824,1652.8532608695652
1361406847.981,6784.160539215686
1361406852.52,9750.0
1361406852.52,6992.1875
1361406852.52,5445.3125
1361406852.584,6703.125
1361406852.52,137.1527777777778
1361406852.52,1523.4375
1361406853.219,178.21782178217822
1361406853.091,8437.5
1361406853.155,606.25
1361406853.789,11906.25
1361406849.053,152.94117647058826
1361406853.724,107.59493670886076
1361406849.116,1431.3541666666667
1361406853.898,19320.3125
1361406854.471,6703.125
1361406854.406,9750.0
1361406849.542,4357.9358552631575
1361406854.406,7875.0
1361406854.533,1102.2727272727273
1361406846.723,3663.9979338842977
1361406855.235,8554.6875
1361406855.36,46790.17857142857
1361406847.424,433.6647727272727
1361406847.675,116.15566037735849
1361406852.443,15750.0
1361406852.443,42354.166666666664
1361406852.315,23796.875
1361406852.443,607.8125
1361406852.442,14578.125
1361406853.014,6429.6875
1361406853.203,180.0
1361406848.786,6015.2658045977005
1361406853.648,107.59493670886076
1361406854.025,11898.4375
1361406854.329,6992.1875
1361406854.329,5492.1875
1361406849.273,2508.5047468354433
1361406854.328,1409.855769230769
1361406854.392,8437.5
1361406854.136,20588.541666666668
1361406849.4,67.90865384615384
1361406854.136,3367.1875
1361406854.519,3203.125
1361406854.326,7289.0625
1361406854.326,8132.8125
1361406849.462,856.0855263157895
1361406854.389,22421.875
1361406854.453,6429.6875
1361406846.642,462.63020833333337
1361406846.642,26794.2923553719
1361406851.746,365.5598958333333
1361406851.746,1589.84375
1361406851.746,4370.1171875
1361406851.746,2639.9739583333335
1361406849.118,5481.566011235956
1361406849.566,3051.2576219512193
1361406851.737,522.7864583333334
1361406851.737,2338.2161458333335
1361406851.737,22828.776041666668
1361406852.622,21242.1875
1361406849.1,2272.998595505618
1361406849.1,4692.9424157303365
1361406862.051,105.13117283950616
1361406850.424,324.0521327014218
1361406845.408,7041.666666666667
1361406848.528,4121.4691558441555
1361406848.528,2351.0146103896104
1361406848.481,1440.4626623376623
1361406849.3,5336.491141732284
1361406849.808,661.0071163366337
1361406871.67,12093.75
1361406871.797,15562.5
1361406855.797,92.04545454545455
1361406855.861,28.56979927007299
1361406871.797,19320.3125
1361406871.86,10130.208333333334
1361406872.43,3375.0
1361406872.429,24187.5
1361406872.493,20442.708333333332
1361406872.556,6992.1875
1361406872.62,7617.1875
1361406853.164,460.2946993670886
1361406872.555,5492.1875
1361406868.971,181.38586956521738
1361406872.81,45156.25
1361406873.0,11679.6875
1361406873.225,24187.5
1361406873.351,13203.125
1361406873.351,11953.125
1361406873.351,7679.6875
1361406873.351,6380.208333333333
1361406873.414,4250.0
1361406873.478,11203.125
1361406873.478,6992.1875
1361406873.478,12343.75
1361406873.477,10890.625
1361406873.477,4468.75
1361406873.477,7242.1875
1361406873.477,5960.9375
1361406873.477,8054.6875
1361406873.604,10578.125
1361406873.604,19390.625
1361406870.339,112.36702127659575
1361406870.467,24187.5
1361406873.667,9523.4375
1361406874.362,5203.125
1361406874.362,26468.75
1361406855.668,301.8181818181818
1361406863.668,6060.120033112582
1361406872.089,18093.75
1361406872.469,7875.0
1361406872.469,9750.0
1361406872.532,6703.125
1361406872.468,7289.0625
1361406872.532,1524.7395833333333
1361406864.595,2335.7077205882356
1361406853.074,218.3049841772152
1361406872.658,6382.8125
1361406872.658,22421.875
1361406872.658,1212.5
1361406872.658,3203.125
1361406872.91,9500.0
1361406869.454,608.8453389830509
1361406873.334,5367.1875
1361406873.334,9750.0
1361406873.4,15656.25
1361406873.272,11406.25
1361406873.399,12625.0
1361406873.399,8437.5
1361406873.399,6132.8125
1361406873.399,5968.75
1361406873.463,4460.9375
1361406873.521,5710.9375
1361406873.46,6382.8125
1361406870.196,196.47606382978725
1361406870.196,10218.75
1361406854.324,270.4286317567567
1361406870.512,20713.541666666668
1361406874.348,12460.9375
1361406871.34,22421.875
1361406874.284,9500.0
1361406870.83,556.7255434782609
1361406851.754,1330.5777616279072
1361406869.929,782.8125
1361406853.545,1585.2946993670887
1361406853.539,23.585838607594937
1361406852.968,61.33515424164524
1361406852.053,932.1495037220844
1361406852.244,96.09375
1361406852.921,61.33515424164524
1361406851.946,690.5553836633663
1361406852.759,186.5625
1361406852.822,79.375
1361406854.577,409.54861111111114
1361406854.701,67.53108638743456
1361406852.711,134.12747524752476
1361406852.646,229.765625
1361406852.646,99.6875
1361406852.646,73.7109375
1361406854.269,300.46834625323
1361406854.904,253.01752645502646
1361406854.71,1292.639802631579
1361406854.774,270.6003289473684
1361406855.153,137.07386363636365
1361406857.523,529.8590504451039
1361406879.694,11914.0625
1361406879.758,7875.0
1361406879.758,7289.0625
1361406875.79,108.09948979591836
1361406879.757,830.2556818181818
1361406880.2,1750.0
1361406872.263,1792.0673076923076
1361406876.55,9500.0
1361406876.613,256.5104166666667
1361406876.74,19648.4375
1361406872.896,127.0220588235294
1361406881.024,8570.3125
1361406881.087,4661.458333333333
1361406881.087,9750.0
1361406881.087,5914.0625
1361406881.15,14578.125
1361406881.15,7617.1875
1361406873.022,106.31793478260869
1361406881.213,6429.6875
1361406869.561,1553.5714285714287
1361406873.261,776.278409090909
1361406873.324,252.33477011494253
1361406873.388,620.8692528735633
1361406878.06,7875.0
1361406873.388,195.941091954023
1361406878.06,5898.4375
1361406878.123,6703.125
1361406878.059,9750.0
1361406878.059,4510.416666666667
1361406878.123,1412.2596153846155
1361406873.515,189.91815476190476
1361406873.514,162.38839285714286
1361406878.25,19656.25
1361406878.314,125.9765625
1361406873.514,254.12326388888889
1361406878.695,147531.25
1361406878.885,1412.5
1361406874.147,611.4583333333334
1361406875.356,632.6704545454546
1361406879.618,4875.0
1361406879.682,5898.4375
1361406879.682,4661.458333333333
1361406879.681,5369.791666666667
1361406879.745,8812.5
1361406879.681,4468.75
1361406879.808,3734.375
1361406879.744,8437.5
1361406879.808,2571.875
1361406879.871,638.1578947368422
1361406880.121,11921.875
1361406880.124,22164.0625
1361406880.315,9656.25
1361406876.474,249.5777027027027
1361406876.474,11921.875
1361406868.983,5489.112903225807
1361406877.173,13755.859375
1361406881.009,3531.25
1361406872.881,1270.248724489796
1361406881.011,7875.0
1361406881.075,6703.125
1361406881.138,126191.40625
1361406873.33,237.6953125
1361406878.001,3203.125
1361406877.997,7289.0625
1361406878.128,15546.875
1361406878.0,7617.1875
1361406878.128,6429.6875
1361406878.064,8437.5
1361406878.128,1102.2727272727273
1361406873.559,175.72463768115944
1361406878.803,1412.5
1361406871.438,113.81172839506173
1361406870.837,902.1070075757576
1361406872.051,97.75995575221239
1361406876.145,419.32397959183675
1361406876.145,6880.4209183673465
1361406876.145,2021.6836734693877
1361406876.145,1385.204081632653
1361406874.413,1410.5674342105262
1361406876.972,201.38888888888889
1361406871.914,81.65760869565217
1361406876.135,1878.188775510204
1361406876.139,2338.6479591836733
1361406866.612,17328.125
1361406872.282,30.277237354085603
1361406880.344,107.37645348837209
1361406880.344,107.37645348837209
1361406884.949,3562.5
1361406885.649,3531.25
1361406873.168,160.17476303317534
1361406873.485,317.38744075829385
1361406881.74,282.4519230769231
1361406881.866,195.56451612903226
1361406879.21,735.8919902912622
1361406879.463,182.29166666666666
1361406880.262,257.9022988505747
1361406880.263,107.37645348837209
1361406880.263,107.37645348837209
1361406872.707,1794.4940476190477
1361406877.247,1287.2415413533836
1361406870.815,446.5890522875817
1361406879.388,182.29166666666666
1361406879.388,182.29166666666666
1361406870.732,762.0298672566371
1361406877.085,367.91134185303514
1361406895.787,3531.25
1361406878.698,568.1515957446809
1361406877.338,5545.454545454546
1361406879.707,1639.2045454545455
1361406879.77,1275.297619047619
1361406875.994,3495.9016393442625
1361406877.995,1968.75
1361406878.606,2535.8796296296296
1361406878.859,9475.54347826087
1361406878.922,4541.666666666667
1361406878.922,8187.5
1361406878.985,1875.0
1361406879.681,545.4545454545454
1361406879.68,726.1904761904761
1361406879.68,546.1309523809523
1361406878.825,5130.208333333333
1361406879.32,219177.08333333334
1361406879.828,20765.625
1361406880.146,10890.625
1361406879.531,60054.6875
1361406880.028,6502.717391304348
1361406880.203,8953.125
1361406880.388,3359.375
1361406880.456,6512.5
1361406880.583,30859.375
1361406880.262,6557.765151515151
1361406880.682,16359.375
1361406880.553,44953.125
1361406881.568,6421.875
1361406884.593,9459.635416666666
1361406855.193,3294.7817774261603
1361406893.236,51.00621727748691
1361406899.336,1958.984375
1361406927.765,78.56206293706295
1361406923.86,58091.3756127451
1361406928.712,211.4291958041958
1361406928.712,139.7508741258741
1361406928.711,188.70192307692307
1361406925.112,2084.877512562814
1361406924.415,239.60825358851676
1361406944.981,2156.25
1361407004.211,19250.0
1361407005.156,8823.170731707316
1361407009.437,937.6854599406528
1361407036.496,23750.0
1361407036.558,12869.791666666666
1361407032.104,3531.25
1361407036.426,10937.5
1361407040.574,6187.5
1361407037.05,195.6521739130435
1361407037.241,7078.125
1361407037.241,16265.625
1361407037.24,1839.0625
1361407037.24,11875.0
1361407037.622,19320.3125
1361407037.621,266.40625
1361407037.685,23750.0
1361407037.748,14921.875
1361407037.876,10890.625
1361407037.876,14578.125
1361407037.875,8437.5
1361407037.875,4468.75
1361407037.939,1102.2727272727273
1361407038.002,11875.0
1361407038.193,2250.0
1361407038.575,9750.0
1361407038.639,15750.0
1361407038.702,5898.4375
1361407038.638,3203.125
1361407038.637,7289.0625
1361407038.765,6703.125
1361407038.765,12859.375
1361407038.701,8437.5
1361407038.7,4510.416666666667
1361407039.13,12375.0
1361407032.149,8180.059523809524
1361407036.745,16035.714285714284
1361407036.745,3405.330882352941
1361407037.064,5914.0625
1361407037.128,6703.125
1361407037.064,266.6868932038835
1361407037.127,7875.0
1361407037.191,14578.125
1361407037.127,8437.5
1361407037.232,12859.375
1361407037.232,1347.2222222222224
1361407037.55,183.67346938775512
1361407037.805,15078.125
1361407037.741,9750.0
1361407037.741,4661.458333333333
1361407037.804,1527.34375
1361407038.059,13093.75
1361407038.25,50328.125
1361407038.569,7078.125
1361407038.632,7289.0625
1361407038.568,8132.8125
1361407038.568,5492.1875
1361407038.568,6187.5
1361407038.567,4468.75
1361407038.631,9750.0
1361407036.107,370.2445652173913
1361407032.101,276.4830508474576
1361407034.23,2262.697889182058
1361407034.928,22.905313351498638
1361407035.735,42.758498583569406
1361407032.019,50.452686915887845
1361407034.016,60.73943661971831
1361407034.757,781.734496124031
1361407034.757,192.51920391061452
1361407060.722,14578.125
1361407060.722,10984.375
1361407060.658,13098.958333333334
1361407060.722,6296.875
1361407060.722,15750.0
1361407060.722,6992.1875
1361407038.628,54.04031065088758
1361407038.691,54.757047477744806
1361407038.753,38.61940298507463
1361407059.204,11875.0
1361407059.711,11859.375
1361407059.838,19320.3125
1361407060.156,4661.458333333333
1361407060.156,9750.0
1361407060.156,7875.0
1361407060.156,7289.0625
1361407060.219,2613.839285714286
1361407060.283,13442.708333333334
1361407060.283,6429.6875
1361407060.347,3031.25
1361407060.601,9750.0
1361407060.665,8132.8125
1361407060.791,12046.875
1361407059.064,10937.5
1361407059.126,16075.892857142857
1361407059.253,20054.6875
1361407060.077,6406.25
1361407060.14,10984.375
1361407060.14,23750.0
1361407060.14,7617.1875
1361407060.14,4468.75
1361407060.14,8437.5
1361407060.395,3375.0
1361407060.395,18796.875
1361407060.342,11867.1875
1361407036.373,131.9738700564972
1361407036.435,92.6906779661017
1361407036.882,1378.5269028871392
1361407038.464,456125.0
1361407037.028,147.2861842105263
1361407038.356,534109.375
1361407038.482,5054.6875
1361407036.43,145.4485488126649
1361407036.493,115.4353562005277
1361407037.444,19781.25
1361407037.444,310.9546703296703
1361407037.987,2937.5
1361407038.302,32.13028169014084
1361407036.151,93050.0
1361407036.021,557.0045931758531
1361407036.276,263.41043307086613
1361407036.402,171.8342036553525
1361407036.398,108.05573878627968
1361407037.263,4753.125
1361407037.262,331.8067528735632
1361407038.211,3359.375
1361407038.209,8921.875
1361407043.364,7205.078125
1361407043.011,19563.802083333332
1361407060.793,3203.125
1361407061.43,8437.5
1361407061.429,4468.75
1361407061.429,1669.0340909090908
1361407061.556,12859.375
1361407061.556,1347.2222222222224
1361407059.587,2660.232843137255
1361407060.161,217.94458762886597
1361407060.353,348.9046391752577
1361407060.417,185.56701030927834
1361407060.607,1532.5520833333333
1361407060.734,1212.5
1361407061.287,9750.0
1361407061.351,7078.125
1361407061.351,7875.0
1361407061.287,3203.125
1361407061.351,7289.0625
1361407061.346,11734.375
1361407061.346,7617.1875
1361407060.592,126.86258278145695
1361407059.014,384.8870056497175
1361407060.065,431921.875
1361407061.37,608.2229262672811
1361407059.791,13984.375
1361407059.855,1442.0955882352941
1361407122.004,2156.25
1361407170.02,91.5743670886076
1361407169.952,91.5743670886076
1361407222.768,32015.625
1361407223.257,1625.0
1361407223.315,4080.2556818181815
1361407247.41,2507.8125
1361407247.41,2468.75
1361407247.409,2476.5625
1361407248.676,18898.4375
1361407247.361,2484.375
1361407247.361,2492.1875
1361407247.488,237.35119047619045
1361407247.359,2492.1875
1361407243.321,1650.568181818182
1361407243.212,1650.568181818182
1361407247.784,1293.4027777777776
1361407247.848,1800.1512096774193
1361407247.848,1550.1512096774193
1361407245.127,20.23381294964029
1361407247.739,6249.320652173913
1361407247.739,3777.217741935484
1361407247.676,2360.8630952380954
1361407283.137,2156.25
1361407302.853,2156.25
1361407329.008,11004.464285714286
1361407331.064,3815.1041666666665
1361407331.734,5609.375
1361407355.937,2484.375
1361407355.94,2507.8125
1361407355.94,2492.1875
1361407355.94,2492.1875
1361407355.866,1651.0416666666667
1361407355.866,2492.1875
1361407355.99,1645.8333333333333
1361407351.353,673.0217889908256
1361407356.138,324.9135375494071
1361407356.138,928.4832015810277
1361407356.138,590.723814229249
1361407356.138,443.98468379446643
1361407356.06,382.71986166007906
1361407356.06,570.9609683794466
1361407388.728,2156.25
1361407427.978,52.39661654135339
1361407441.16,54.418103448275865
1361407441.106,54.418103448275865
1361407447.144,40.769867549668874
1361407400.708,246789.338443063
1361407623.991,19.9468085106383
1361407878.54,66.19623655913978
1361407874.327,59.1796875
1361407874.371,30.155254777070063
1361408090.303,77.92721518987342
1361408328.463,76.953125
1361408380.561,19.806338028169016
1361408599.92,15255.208333333334
1361408748.597,19.806338028169016
1361408840.061,16.07142857142857
1361408883.331,372554.6875
1361408883.206,325453.125
1361408885.358,8421.875
1361408885.425,1270.4326923076924
1361408885.361,8421.875
1361408887.973,715.3430451127819
1361408885.18,8421.875
1361408885.18,8421.875
1361408885.244,8421.875
1361408887.313,1611.4969135802469
1361408887.85,1535.9975961538462
1361408888.292,1871.6947115384614
1361408893.607,593.9832089552239
1361408890.452,25601.5625
1361408892.93,1854.7614902506964
1361408895.313,535.7824427480916
1361408895.179,666.7239010989011
1361408895.114,4323.406040268456
1361408895.114,944.1686137071652
1361408897.477,7229.910714285715
1361408897.855,234.375
1361408898.847,9991.07142857143
1361408899.199,47750.0
1361408897.74,3822.802197802198
1361408899.081,19937.832446808512
1361408900.029,38394.53125
1361408900.027,108509.375
1361408901.153,15526.041666666666
1361408901.074,7283.854166666667
1361408904.689,201.86491935483872
1361408915.846,4425.347222222223
1361408915.352,135.96813725490196
1361408943.831,2625.0
1361408943.895,2968.75
1361408891.434,17034.237448418156
1361408943.818,2250.0
1361408945.947,2156.25
1361408931.566,15.80255681818182
1361408893.322,8473.991750687443
1361409005.691,2156.25
1361409006.798,13156.25
1361409025.253,20671.875
1361408893.096,959.2235631104434
1361409084.986,2156.25
1361409071.594,15578.125
1361409071.564,3958.938953488372
1361409080.036,3949.21875
1361409123.287,3437.5
1361409114.988,41.951497395833336
1361409139.806,7085.9375
1361409154.048,224406.21448863635
1361409182.089,45653.74599358974
1361409184.856,54.966517857142854
1361409199.647,141.54075091575092
1361409233.735,4750.0
1361409232.531,20906.25
1361409233.425,9019.53125
1361409233.425,8730.46875
1361409218.545,35.400390625
1361409233.28,19062.5
1361409233.408,2000.0
1361409233.472,14265.625
1361409233.435,15114.583333333334
1361409233.435,8726.5625
1361409233.435,8710.9375
1361409233.435,8710.9375
1361409241.664,23281.25
1361409233.92,4425.537109375
1361409233.727,1027.05223880597
1361409233.919,753.90625
1361409233.727,1506.7630597014925
1361409237.759,7312.5
1361409237.759,612.1794871794872
1361409229.759,654.4331395348837
1361409233.854,131.8655303030303
1361409233.79,135.02798507462688
1361409241.79,15375.0
1361409234.045,1399.0384615384614
1361409237.885,7660.15625
1361409237.885,2281.25
1361409237.881,2281.25
1361409238.074,10160.15625
1361409234.426,13416.666666666666
1361409238.197,43500.0
1361409238.328,10671.875
1361409234.87,17460.9375
1361409238.58,3788.5416666666665
1361409230.452,280.1906779661017
1361409227.442,98.20075757575758
1361409238.834,6804.6875
1361409238.961,6578.125
1361409235.376,11656.25
1361409238.96,6804.6875
1361409236.314,3645.235655737705
1361409239.513,3433.238636363636
1361409239.576,948.4375
1361409239.576,8328.125
1361409231.384,1760.0121359223301
1361409231.384,3685.0728155339807
1361409239.639,2498.2638888888887
1361409236.631,10062.5
1361409236.375,380.46875
1361409236.439,13234.375
1361409240.02,5703.125
1361409240.019,6380.208333333333
1361409237.075,3554.6875
1361409240.019,8476.5625
1361409240.147,6359.375
1361409231.89,538.3223684210526
1361409237.202,1255.9840425531913
1361409240.209,14578.125
1361409237.073,3531.25
1361409237.265,1354.1666666666667
1361409240.209,7875.0
1361409240.273,10578.125
1361409240.336,17218.75
1361409240.336,6429.6875
1361409237.328,2244.7916666666665
1361409237.328,446.1805555555556
1361409232.016,167.84274193548387
1361409232.015,163.64247311827955
1361409237.199,1416.8882978723404
1361409232.335,699.0411931818182
1361409237.326,2125.0
1361409232.974,2424.6794871794873
1361409240.334,3531.25
1361409233.42,130.06161971830986
1361409240.652,22598.958333333332
1361409240.524,7859.375
1361409241.035,8140.625
1361409233.354,620.6597222222222
1361409241.354,7289.0625
1361409241.289,11218.75
1361409241.289,9750.0
1361409241.353,7078.125
1361409241.353,7875.0
1361409241.353,5078.125
1361409241.353,4468.75
1361409241.417,8437.5
1361409241.417,44031.25
1361409233.864,2364.89898989899
1361409233.864,752.9296875
1361409241.608,23281.25
1361409233.864,792.236328125
1361409237.639,1510.0160256410256
1361409229.703,11182.776162790697
1361409229.703,1571.9476744186047
1361409233.671,126.39925373134328
1361409233.671,1854.7108208955224
1361409237.938,236.60714285714286
1361409234.161,13916.666666666666
1361409238.254,10671.875
1361409234.606,17453.125
1361409226.67,6511.008522727272
1361409234.605,17453.125
1361409230.38,1449.1525423728813
1361409238.572,4536.458333333333
1361409238.571,3402.34375
1361409234.923,11625.0
1361409234.923,8722.65625
1361409238.763,6890.625
1361409227.37,2556.344696969697
1361409235.433,17484.375
1361409235.56,17531.25
1361409239.016,2825.5208333333335
1361409235.623,11671.875
1361409235.75,984.1517857142858
1361409235.942,26038.602941176472
1361409236.001,2366.69921875
1361409231.333,885.9223300970874
1361409231.397,971.813725490196
1361409231.397,288.14338235294116
1361409236.196,2105.208333333333
1361409231.332,986.8021844660194
1361409231.332,4407.615291262136
1361409239.436,3433.238636363636
1361409231.436,326.88737623762376
1361409239.5,9500.0
1361409239.754,12093.75
1361409236.809,11807.291666666666
1361409239.944,11953.125
1361409239.944,7726.5625
1361409231.944,160.9543010752688
1361409239.879,7929.6875
1361409240.007,19093.75
1361409239.942,6601.5625
1361409240.065,8500.0
1361409240.065,12015.625
1361409240.065,5960.9375
1361409240.129,8132.8125
1361409240.129,9750.0
1361409240.129,5679.6875
1361409240.129,5773.4375
1361409240.129,7078.125
1361409240.197,1081.8014705882354
1361409237.253,2442.7083333333335
1361409240.261,17218.75
1361409240.068,6187.5
1361409240.132,10984.375
1361409231.94,161.45833333333334
1361409237.06,492.8385416666667
1361409240.196,6703.125
1361409240.195,5968.75
1361409240.259,1102.2727272727273
1361409240.323,5695.3125
1361409229.443,8649.976325757576
1361409232.194,284.7612359550562
1361409237.314,8218.75
1361409237.44,5479.166666666667
1361409233.279,620.6597222222222
1361409233.279,620.6597222222222
1361409240.83,6494.791666666667
1361409240.83,9742.1875
1361409241.086,26770.833333333332
1361409233.278,620.6597222222222
1361409233.342,130.06161971830986
1361409241.342,33023.4375
1361409241.277,11796.875
1361409241.277,4536.458333333333
1361409241.405,6429.6875
1361409238.737,2801.0110294117644
1361409233.42,771.9017094017095
1361409236.874,1885.9126984126983
1361409238.024,14525.347222222223
1361409238.731,2801.0110294117644
1361409234.826,1497.6946721311474
1361409233.081,323.5085227272727
1361409233.401,201.80722891566265
1361409233.528,105.2734375
1361409233.4,1093.4829059829058
1361409233.4,383.09487951807233
1361409217.944,3136.136968085106
1361409241.872,9515.625
1361409239.297,806.3650306748467
1361409244.327,3531.25
1361409239.974,231.89786585365854
1361409240.161,154.296875
1361409240.419,187.5
1361409240.798,1576.8229166666667
1361409240.989,1166.193181818182
1361409249.179,11473.958333333334
1361409241.984,9906.25
1361409238.394,820.4656862745097
1361409242.554,339.3132716049383
1361409240.897,263.8671875
1361409241.343,187.5
1361409242.238,652.34375
1361409250.172,6804.6875
1361409238.993,81.11702127659575
1361409243.024,1104.2906746031747
1361409240.782,944.8757763975156
1361409241.42,1339.5074503311257
1361409238.665,511.81994818652856
1361409238.984,213.68018617021275
1361409238.984,81.36635638297872
1361409238.984,386.63563829787233
1361409241.53,639.1568791946308
1361409227.673,50082.15725806452
1361409226.882,1446.4285714285713
1361409233.114,826.118119266055
1361409233.878,1207.395498392283
1361409253.48,7875.0
1361409253.48,7289.0625
1361409253.48,4718.75
1361409253.544,7617.1875
1361409241.768,75.44309701492537
1361409253.544,5710.9375
1361409253.607,6429.6875
1361409253.671,11390.625
1361409253.67,2425.0
1361409241.638,1203.5879629629628
1361409249.893,9500.0
1361409249.893,7746.09375
1361409249.893,1580.7291666666667
1361409253.86,6070.3125
1361409237.86,72.97036082474227
1361409241.763,75.44309701492537
1361409237.987,203.20638020833334
1361409250.145,14460.9375
1361409242.141,133.61220472440945
1361409238.113,74.93455497382199
1361409250.272,7726.5625
1361409250.272,5703.125
1361409250.272,284.1666666666667
1361409238.24,79.7872340425532
1361409238.24,99.58881578947368
1361409238.24,63.24800531914894
1361409250.335,1302.0833333333333
1361409250.399,5617.1875
1361409250.399,5765.625
1361409250.399,6085.9375
1361409250.398,5554.6875
1361409250.525,5289.0625
1361409250.525,4468.75
1361409250.521,389.9601063829787
1361409254.553,9500.0
1361409238.493,546.3654891304349
1361409250.843,288.69047619047615
1361409250.843,12859.375
1361409250.97,127.57120253164558
1361409239.128,204.4719827586207
1361409251.452,7320.3125
1361409251.58,7015.625
1361409239.671,421.0278614457831
1361409239.862,1179.4478527607362
1361409239.86,1178.872699386503
1361409236.98,1129.3780193236717
1361409252.404,22578.125
1361409240.052,211.5762578616352
1361409240.115,112.73734177215191
1361409240.114,244.4620253164557
1361409240.178,92.16772151898735
1361409252.594,9500.0
1361409252.594,5609.375
1361409252.594,6804.6875
1361409253.359,7726.5625
1361409253.359,5554.6875
1361409253.423,9750.0
1361409253.161,12093.75
1361409253.225,4010.416666666667
1361409241.004,172.73706896551724
1361409240.748,504.7189597315436
1361409254.466,12718.75
1361409254.466,12015.625
1361409254.466,6703.125
1361409254.465,8437.5
1361409242.493,82.95036764705883
1361409254.719,11937.5
1361409254.846,15906.25
1361409238.845,299.22279792746116
1361409255.037,2437.5
1361409251.195,6601.5625
1361409251.195,6380.208333333333
1361409251.195,11953.125
1361409239.163,46.70877659574468
1361409251.322,12718.75
1361409251.258,4250.0
1361409251.322,5367.1875
1361409251.381,9750.0
1361409251.449,6992.1875
1361409251.449,7289.0625
1361409251.449,6375.0
1361409251.448,7875.0
1361409251.448,3253.125
1361409251.448,5492.1875
1361409251.448,8437.5
1361409239.416,490.74388586956525
1361409239.48,328.4665300546448
1361409239.669,802.3998618784531
1361409251.765,12234.375
1361409240.05,165.4094827586207
1361409240.049,165.4094827586207
1361409240.111,48.22976878612717
1361409237.142,1155.1846590909092
1361409240.595,421.1219879518072
1361409241.039,82.27848101265822
1361409241.038,156.6430817610063
1361409253.518,9500.0
1361409253.518,7761.71875
1361409240.974,100.33411949685535
1361409241.164,438.29617834394907
1361409254.155,9500.0
1361409254.282,11953.125
1361409254.282,5703.125
1361409254.282,5765.625
1361409254.346,5773.4375
1361409254.346,5492.1875
1361409241.226,71.27016129032259
1361409254.281,14015.625
1361409254.281,6380.208333333333
1361409254.405,8500.0
1361409241.927,172.3060344827586
1361409242.055,226.6725352112676
1361409238.585,2153.782894736842
1361409238.836,699.6631736526946
1361409238.401,2301.053779069767
1361409240.531,677.5462962962963
1361409253.833,117.03821656050955
1361409250.307,228.1003937007874
1361409250.307,263.08139534883725
1361409250.561,118.5
1361409250.941,210.7469512195122
1361409248.345,86.47486772486772
1361409253.464,244.85294117647058
1361409249.663,1585.2736928104575
1361409250.235,311.76181102362204
1361409248.213,2204.0264423076924
1361409254.042,72.4811872909699
1361409253.544,59.69158496732027
1361409252.579,29.638671875
1361409250.917,3219.4148936170213
1361409250.746,962.890625
1361409250.809,804.5212765957447
1361409250.872,480.0531914893617
1361409250.872,292.5531914893617
1361409251.478,5746.09375
1361409252.109,18342.96875
1361409250.5,636.71875
1361409250.689,412.56648936170217
1361409250.753,261.3031914893617
1361409253.363,56.81022408963585
1361409253.363,157131.25
1361409253.426,5110.3515625
1361409253.594,4859.375
1361409253.592,9375.0
1361409254.755,26062.5
1361409254.882,589148.4375
1361409254.578,7625.0
1361409301.504,40.296052631578945
1361409308.797,1078.125
1361409361.429,14.109848484848486
1361409430.535,37.760416666666664
1361409438.54,45.3125
1361409440.099,8.756038647342995
1361409439.149,8.576498422712934
1361409447.707,8.67224880382775
1361409448.817,11.846405228758169
1361409481.698,7062.5
1361409482.501,32333.059210526317
1361409481.97,12595.170454545456
1361409481.969,36616.25
1361409481.968,60710.9375
1361409483.34,8421.875
1361409482.879,35634.27734375
1361409482.878,34734.86328125
1361409482.878,13517.663043478262
1361409484.984,28859.375
1361409518.61,35317.708333333336
1361409519.877,34303.819444444445
1361409517.356,47375.0
1361409520.427,34179.6875
1361409521.123,41328.125
1361409521.95,9648.4375
1361409521.95,20468.75
1361409520.987,43500.0
1361409521.877,20453.125
1361409522.26,5479.166666666667
1361409521.876,19625.0
1361409524.564,34203.125
1361409500.276,1206.907894736842
1361409522.943,682.9044117647059
1361409522.685,4206.163194444444
1361409523.005,6223.414179104478
1361409522.874,709.2391304347826
1361409523.321,12911.458333333334
1361409523.321,14202.872983870968
1361409523.384,711.6935483870967
1361409523.384,82.99180327868852
1361409523.384,1056.8647540983607
1361409523.447,1063.0208333333333
1361409523.447,1070.709745762712
1361409523.447,1005.5614406779661
1361409523.511,85.8050847457627
1361409523.575,7298.828125
1361409527.286,3003.125
1361409527.35,2796.875
1361409524.083,12181.640625
1361409524.337,1314.538043478261
1361409524.336,2470.7880434782605
1361409524.336,2276.8342391304345
1361409517.778,372.8125
1361409521.04,3256.1211340206182
1361409521.039,3208.923969072165
1361409521.039,3233.4085051546394
1361409521.103,8965.169270833334
1361409522.059,11929.97685185185
1361409522.059,19609.375
1361409522.315,893.6688311688313
1361409522.379,972.65625
1361409522.633,2771.3468309859154
1361409522.887,718.9797794117648
1361409522.887,683.3639705882352
1361409523.271,12911.458333333334
1361409523.27,354.08266129032256
1361409523.334,711.6935483870967
1361409523.334,1055.5840163934427
1361409523.572,19843.75
1361409523.826,9745.3125
1361409523.826,5468.75
1361409524.08,169.96173469387753
1361409524.016,10218.75
1361409524.079,1688.4375
1361409524.079,2068.125
1361409527.535,8390.625
1361409524.524,218.38662790697674
1361409525.287,9761.71875
1361409520.549,450.12019230769226
1361409520.994,1149.0885416666667
1361409518.092,1507.9210069444443
1361409520.97,2662.3711340206182
1361409521.99,11930.169753086418
1361409522.118,145.37183544303798
1361409522.245,893.6688311688313
1361409522.076,320.51282051282055
1361409522.14,935.7199367088608
1361409524.06,164.5408163265306
1361409523.868,1353.0649038461538
1361409523.868,1125.0
1361409523.868,805.2884615384615
1361409523.996,1904.6875
1361409520.54,24769.53125
1361409524.06,497.1301020408163
1361409524.316,475.3472222222222
1361409524.507,12084.449404761905
1361409524.57,15749.255952380952
1361409520.986,1192.3324742268042
1361409520.986,2783.182989690722
1361409533.081,9203.125
1361409533.209,4585.9375
1361409523.222,1669.6068548387098
1361409523.988,1904.6875
1361409524.052,164.5408163265306
1361409520.404,23488.06014150943
1361409520.978,1181.701030927835
1361409514.347,86.64772727272728
1361409514.346,65.3409090909091
1361409514.345,65.3409090909091
1361409514.345,65.3409090909091
1361409517.74,5530.381944444444
1361409521.528,10588.983050847459
1361409519.904,13512.090773809523
1361409521.484,10386.197916666668
1361409519.45,10421.875
1361409519.449,16046.875
1361409519.449,11341.517857142857
1361409519.891,17774.872448979593
1361409520.75,9396.875
1361409520.16,627.6041666666666
1361409520.347,13754.032258064515
1361409520.347,16255.208333333332
1361409520.347,16800.0
1361409521.214,5019.8479729729725
1361409521.653,65929.6875
1361409543.329,5703.125
1361409540.629,28937.5
1361409540.432,28875.0
1361409522.199,6812.5
1361409525.67,29282.8125
1361409525.487,8340.625
1361409525.251,5493.055555555556
1361409526.298,109347.65625
1361409526.261,53099.609375
1361409526.526,375.5580357142857
1361409526.525,8421.875
1361409526.525,45640.625
1361409526.525,8890.625
1361409526.525,8812.5
1361409526.525,9996.09375
1361409526.524,6191.964285714285
1361409526.524,13160.15625
1361409526.524,33875.0
1361409526.524,11296.875
1361409526.588,9144.53125
1361409526.587,13791.666666666666
1361409527.411,10519.53125
1361409527.411,7937.5
1361409527.411,7093.75
1361409527.411,10496.09375
1361409527.411,6065.104166666667
1361409527.41,10667.96875
1361409527.41,18085.9375
1361409527.725,17831.088362068964
1361409543.324,4957.826327433629
1361409545.529,1674.3607954545455
1361409543.193,13127.055921052632
1361409543.193,1689.830043859649
1361409543.192,1764.8026315789473
1361409543.255,1207.4115044247787
1361409545.456,7041.40625
1361409545.456,5243.430397727272
1361409545.456,675.3472222222222
1361409545.454,1025.0355113636365
1361409545.454,1713.7784090909092
1361409545.454,2395.8984375
1361409533.221,41938.4765625
1361409533.814,54493.30357142857
1361409534.447,113031.25
1361409534.445,94984.375
1361409543.11,1067.7422638436483
1361409538.588,47234.375
1361409539.095,58901.98863636363
1361409539.854,73799.10714285714
1361409539.854,69300.78125
1361409540.46,48365.30172413793
1361409540.463,120781.25
1361409540.463,39891.46959459459
1361409541.475,99916.66666666667
1361409542.145,406.25
1361409542.143,406.25
1361409545.861,70.77782131661442
1361409559.43,4994.346217105262
1361409569.185,3859.375
1361409565.98,4484.375
1361409559.228,39545.04870129871
1361409559.359,6291.324013157895
1361409559.359,8383.018092105263
1361409559.993,3953.2350352112676
1361409559.993,2909.330985915493
1361409560.12,595.5357142857143
1361409560.18,602.5669642857143
1361409565.91,3437.5
1361409546.446,39863.603547854786
1361409566.747,18215.37162162162
1361409559.45,16816.949503311258
1361409559.45,19406.870860927153
1361409559.45,4339.610927152318
1361409559.441,16639.693708609273
1361409559.441,6215.542218543046
1361409559.441,3336.920529801325
1361409560.333,4428.375912408759
1361409519.248,5254.968143203883
1361409566.365,40131.155303030304
1361409566.365,51035.36184210526
1361409567.06,1515.625
1361409567.568,4335.9375
1361409567.568,3851.5625
1361409567.568,2723.9583333333335
1361409567.568,9046.875
1361409567.567,10062.5
1361409568.447,185968.75
1361409568.511,576843.75
1361409568.51,180187.5
1361409568.51,143312.5
1361409566.248,31150.240384615383
1361409566.312,8994.318181818182
1361409566.312,117828.94736842105
1361409566.948,1570.0431034482758
1361409566.884,12684.659090909092
1361409567.011,1607.638888888889
1361409567.011,8653.716216216215
1361409567.52,32830.729166666664
1361409567.519,3851.5625
1361409567.519,2723.9583333333335
1361409567.519,372440.1041666667
1361409567.519,6403.645833333333
1361409568.86,305570.3125
1361409569.433,150671.875
1361409569.433,151265.625
1361409569.373,138062.5
1361409569.437,444421.875
1361409567.042,24238.28125
1361409567.106,1350.360576923077
1361409567.523,9976.5625
1361409568.838,4210.9375
1361409568.838,4210.9375
1361409569.409,8640.625
1361409569.768,12444.19642857143
1361409568.433,1496.7105263157894
1361409568.728,4210.9375
1361409568.724,4210.9375
1361409568.727,5395.833333333333
1361409590.853,2156.25
1361409533.897,3730.4142051557465
1361409570.211,296476.5625
1361409570.211,15437.5
1361409570.848,572500.0
1361409570.848,377625.0
1361409570.848,29125.0
1361409570.973,358835.9375
1361409570.175,265307.2916666667
1361409570.175,117135.41666666667
1361409570.802,64734.375
1361409570.802,125343.75
1361409570.801,25684.375
1361409570.8,17492.1875
1361409625.854,4484.375
1361409567.002,3523.3019251626897
1361409567.001,3554.0265726681127
1361409567.64,9030.958744517544
1361409568.214,5061.271456256922
1361409568.214,5631.367663344407
1361409568.214,5266.282530454042
1361409568.191,4561.444490586932
1361409568.191,3345.9302325581393
1361409656.143,7128.125
1361409656.465,9242.1875
1361409655.999,56996.197916666664
1361409747.691,2204.326923076923
1361409794.594,14359.375
1361409791.387,17476.5625
1361409791.386,11609.375
1361409791.513,17421.875
1361409791.64,4640.625
1361409792.082,11640.625
1361409792.272,11630.208333333334
1361409792.335,11635.416666666666
1361409792.633,17515.625
1361409792.699,17500.0
1361409792.763,8789.0625
1361409793.015,11656.25
1361409793.206,15515.625
1361409793.205,7812.5
1361409793.84,6804.6875
1361409793.776,6890.625
1361409793.904,16781.25
1361409791.244,11609.375
1361409791.307,29359.375
1361409791.307,4750.0
1361409791.37,14265.625
1361409791.306,12036.458333333334
1361409792.257,11645.833333333334
1361409792.189,11630.208333333334
1361409792.678,11692.708333333334
1361409793.819,11197.916666666666
1361409795.144,6375.0
1361409791.112,731.93359375
1361409791.239,512.6008064516129
1361409790.347,1325.0
1361409790.347,349.33035714285717
1361409794.697,4750.0
1361409794.761,3421.875
1361409798.408,31651.041666666668
1361409790.662,395.99609375
1361409798.598,7739.583333333333
1361409798.598,7739.583333333333
1361409795.012,711.1742424242424
1361409795.076,6804.6875
1361409795.011,7328.125
1361409795.583,6890.625
1361409795.646,6804.6875
1361409795.646,5227.272727272728
1361409791.422,1917.7476415094338
1361409791.422,159.78773584905662
1361409795.581,6890.625
1361409791.485,171.58018867924528
1361409787.58,13119.469026548673
1361409791.738,1756.875
1361409796.472,678.3854166666666
1361409788.556,4058.3118556701033
1361409797.003,28656.25
1361409797.129,17218.75
1361409800.393,11463.541666666666
1361409797.571,6494.791666666667
1361409789.762,155.84935897435898
1361409793.09,857.5721153846155
1361409797.762,16281.25
1361409798.082,9421.875
1361409798.082,9421.875
1361409789.89,6926.6036184210525
1361409790.081,263.91267123287673
1361409801.28,4479.166666666667
1361409790.208,1285.2112676056338
1361409798.271,16546.875
1361409801.471,3882.8125
1361409801.535,10626.953125
1361409794.56,2281.25
1361409794.686,11611.607142857143
1361409790.59,285.400390625
1361409798.462,7739.583333333333
1361409794.876,6804.6875
1361409794.876,898.4375
1361409795.003,10213.541666666666
1361409791.034,162.0065789473684
1361409791.034,162.0065789473684
1361409795.257,10671.875
1361409795.257,10671.875
1361409795.257,10671.875
1361409795.448,4536.458333333333
1361409795.448,6890.625
1361409791.287,1708.7264150943395
1361409795.575,6890.625
1361409791.287,1707.5471698113206
1361409791.287,875.5896226415094
1361409795.702,1148.0978260869565
1361409788.018,158.65384615384613
1361409796.338,632.1790540540541
1361409796.735,7929.6875
1361409800.252,6890.625
1361409796.987,17218.75
1361409796.987,17218.75
1361409797.177,15734.375
1361409797.241,22604.166666666668
1361409792.633,222.17987804878047
1361409797.431,6494.791666666667
1361409797.431,9742.1875
1361409797.685,26744.791666666668
1361409792.885,825.8101851851852
1361409797.94,9421.875
1361409789.939,142.3373287671233
1361409789.938,262.41438356164383
1361409801.138,4260.416666666667
1361409790.13,349.33035714285717
1361409801.329,3421.875
1361409801.581,6617.1875
1361409801.903,6375.0
1361409794.094,4959.375
1361409781.071,27421.875
1361409793.071,109.375
1361409793.006,108.37977707006368
1361409807.183,2156.25
1361409797.351,123.72076023391813
1361409792.807,252.86787974683546
1361409791.293,1987.784090909091
1361409791.293,1394.412878787879
1361409791.127,1436.5354938271603
1361409791.691,1225.0192901234568
1361409794.032,2842.3713235294117
1361409794.159,1691.89453125
1361409791.933,4373.475609756098
1361409793.911,988.6098130841121
1361409793.911,443.359375
1361409793.911,524.1477272727273
1361409793.975,4859.375
1361409794.038,3307.528409090909
1361409794.668,655.8119158878504
1361409791.812,2298.927919708029
1361409793.732,22996.09375
1361409793.795,4783.854166666667
1361409793.788,191.1839430894309
1361409794.36,5472.489316239316
1361409794.55,1970.9404205607477
1361409794.449,10963.541666666666
1361409798.915,244.3814212328767
1361409799.041,109.42887931034483
1361409799.483,60.291519434628974
1361409796.409,116.59743202416918
1361409796.408,116.59743202416918
1361409798.865,141.37414383561645
1361409798.847,141.32063356164383
1361409798.972,109.32112068965517
1361409796.341,116.59743202416918
1361409795.004,11334.65909090909
1361409794.953,93707.58928571429
1361409794.859,349.19724770642205
1361409794.922,19390.625
1361409795.242,357.6226635514019
1361409795.304,7625.0
1361409795.304,16528.846153846152
1361409795.428,13609.375
1361409795.427,257.28155339805824
1361409797.049,17527.34375
1361409797.113,17285.15625
1361409795.144,244.7429906542056
1361409795.144,2242.1875
1361409795.207,394.3089430894309
1361409795.207,1122.5
1361409795.207,13640.625
1361409795.207,1122.5
1361409795.207,19546.875
1361409796.995,17289.0625
1361409800.444,647046.875
1361409800.392,4695.3125
1361409808.59,27562.5
1361409847.622,2156.25
1361409847.542,2156.25
1361409868.142,2156.25
1361409953.787,31.25
1361410038.94,2493.4895833333335
1361410038.875,1625.0
1361410085.544,76.00308641975309
1361410098.791,2156.25
1361410135.519,8492.1875
1361410131.487,1288.1944444444443
1361410135.582,427.47641509433964
1361410131.931,944.9519230769231
1361410131.93,389.90384615384613
1361410135.961,4824.869791666667
1361410135.961,3402.34375
1361410135.897,6734.375
1361410136.025,2281.25
1361410135.961,13671.875
1361410132.12,8738.28125
1361410132.12,11619.791666666666
1361410136.088,5976.5625
1361410136.088,7007.8125
1361410136.084,2041.6666666666665
1361410136.084,369.2255434782609
1361410136.084,7726.5625
1361410136.215,9570.3125
1361410136.278,8500.0
1361410136.278,7984.375
1361410136.342,11203.125
1361410136.342,11109.375
1361410132.437,9500.0
1361410136.468,5710.9375
1361410136.532,11937.5
1361410132.624,3419.8495370370374
1361410136.528,6585.9375
1361410136.591,350.5067567567567
1361410132.627,1724.537037037037
1361410136.595,7289.0625
1361410132.691,1940.1533018867924
1361410136.595,9750.0
1361410136.594,4536.458333333333
1361410136.594,7289.0625
1361410136.658,2029.513888888889
1361410136.658,4661.458333333333
1361410136.722,12234.375
1361410136.722,1563.8020833333333
1361410136.785,6515.625
1361410136.785,15859.375
1361410133.008,11651.041666666666
1361410133.136,11651.041666666666
1361410136.975,1312.9734848484848
1361410137.102,5609.375
1361410137.206,7289.0625
1361410133.622,11682.291666666666
1361410133.494,11697.916666666666
1361410137.27,6703.125
1361410137.206,678.8194444444445
1361410133.557,11703.125
1361410133.749,826.8229166666666
1361410137.396,505.20833333333337
1361410137.395,7859.375
1361410134.127,224.0953947368421
1361410137.711,4536.458333333333
1361410134.254,373.28767123287673
1361410134.317,1398.4375
1361410137.773,3421.875
1361410134.637,3421.875
1361410134.7,84.65485074626866
1361410134.7,10192.708333333334
1361410134.504,14359.375
1361410134.824,3402.34375
1361410135.081,6476.5625
1361410134.761,23324.21875
1361410135.081,4593.75
1361410135.144,4593.75
1361410135.144,4733.072916666667
1361410135.271,1076.171875
1361410135.015,10687.5
1361410135.333,3024.8579545454545
1361410135.461,9500.0
1361410138.341,8140.625
1361410138.469,26786.458333333332
1361410135.397,559.9888392857143
1361410138.848,4875.0
1361410131.235,140.0
1361410131.235,140.0
1361410138.967,5914.0625
1361410131.411,1284.1880341880342
1361410131.475,344.41021126760563
1361410135.822,210.61197916666666
1361410135.885,18914.0625
1361410135.884,24187.5
1361410136.007,458.8994565217391
1361410132.043,11640.625
1361410135.947,9031.25
1361410132.043,8718.75
1361410136.074,383.8778409090909
1361410136.01,3802.0833333333335
1361410132.36,162.0065789473684
1361410136.264,11437.5
1361410136.264,12718.75
1361410132.424,11645.833333333334
1361410132.356,21875.0
1361410132.356,162.0065789473684
1361410132.423,175.43859649122805
1361410136.327,1664.4345238095236
1361410132.423,14265.625
1361410136.391,10734.375
1361410132.55,1723.0902777777776
1361410132.613,910.377358490566
1361410132.613,159.78773584905662
1361410136.452,3526.0416666666665
1361410136.516,5851.5625
1361410132.676,170.99056603773585
1361410136.579,4468.75
1361410132.867,1699.6875
1361410136.707,12859.375
1361410136.707,6703.125
1361410136.706,6515.625
1361410136.642,8437.5
1361410132.93,11645.833333333334
1361410132.93,6990.625
1361410136.706,11442.708333333334
1361410136.706,4041.666666666667
1361410133.056,11645.833333333334
1361410136.832,19119.791666666668
1361410137.125,9750.0
1361410137.125,4536.458333333333
1361410133.413,7028.125
1361410137.125,5898.4375
1361410137.125,7539.0625
1361410137.124,3496.09375
1361410137.06,8609.375
1361410137.123,7875.0
1361410137.186,8437.5
1361410133.794,11666.666666666666
1361410137.25,12859.375
1361410133.985,882.8125
1361410137.44,22619.791666666668
1361410134.108,7718.75
1361410137.567,13437.5
1361410137.567,12750.0
1361410137.693,3421.875
1361410134.429,12781.25
1361410134.429,7250.0
1361410137.693,9625.0
1361410137.693,9742.1875
1361410137.884,6476.5625
1361410134.552,3421.875
1361410134.683,662.9807692307692
1361410134.747,28572.916666666668
1361410134.747,11171.875
1361410134.81,3402.34375
1361410135.192,3401.0416666666665
1361410135.192,149.3969298245614
1361410130.775,6627.507716049383
1361410135.383,1053.8194444444443
1361410138.366,9066.40625
1361410131.134,144.16666666666666
1361410138.557,37546.875
1361410131.133,138.54166666666669
1361410131.133,145.625
1361410138.813,7867.1875
1361410138.685,2130.2083333333335
1361410131.32,339.6267361111111
1361410138.872,8437.5
1361410138.936,12859.375
1361410138.811,4468.75
1361410138.875,14578.125
1361410138.875,3496.09375
1361410136.732,444.71153846153845
1361410131.985,1399.5863970588236
1361410132.177,936.221590909091
1361410132.168,489.18269230769226
1361410136.914,294.29347826086956
1361410136.977,157.89473684210526
1361410137.338,69.91693037974683
1361410135.278,1301.5988372093025
1361410136.582,182.2467672413793
1361410138.993,51.59574468085106
1361410131.864,2788.9933628318586
1361410132.498,3028.1559405940593
1361410131.944,1454.4270833333333
1361410134.559,36497.89663461539
1361410134.75,1838.701923076923
1361410134.736,1279.1940789473683
1361410134.623,3315.66722972973
1361410134.687,3952.7925531914893
1361410134.687,1620.9239130434783
1361410134.813,1157.2066326530612
1361410135.002,646.3994565217391
1361410135.002,2334.9184782608695
1361410135.002,762.8676470588235
1361410134.998,383.44594594594594
1361410132.836,4621.835443037975
1361410134.396,11490.792410714286
1361410134.886,299.40878378378375
1361410135.077,855.6385869565217
1361410137.151,14250.0
1361410136.352,7714.74358974359
1361410137.807,103125.0
1361410136.022,668.1547619047618
1361410136.904,486.90878378378375
1361410136.968,533.7837837837837
1361410136.904,1553.2094594594594
1361410136.904,902.027027027027
1361410137.031,1759.8214285714287
1361410137.195,731.93359375
1361410137.389,980.46875
1361410138.818,79234.375
1361410139.39,9390.625
1361410135.78,928.066037735849
1361410135.842,829.985119047619
1361410136.409,1419.2708333333333
1361410136.726,684.0277777777778
1361410136.914,9015.625
1361410137.025,734.375
1361410138.705,333.9337175792507
1361410138.892,3075.8928571428573
1361410139.02,53.799198250728864
1361410150.011,2204.9278846153848
1361410190.777,2156.25
1361410190.699,2156.25
1361410239.575,2156.25
1361410326.113,33.333333333333336
1361410374.337,585.9375
1361410374.337,585.9375
1361410421.08,59.92879746835443
1361410421.311,29.964398734177216
1361410425.774,70.76149425287356
1361410510.676,31.914893617021274
1361410823.115,59.92879746835443
1361410824.063,59.92879746835443
1361410862.315,32.608695652173914
1361410985.366,76.953125
1361411326.15,97.265625
1361411386.923,50.16447368421053
1361411436.67,59.5703125
1361411885.856,54.966517857142854
1361411963.453,59.5703125
1361412077.269,15.517241379310345
1361412225.533,88.2120253164557
1361412307.049,34.57446808510638
1361412409.551,9.593465045592705
1361412785.517,111.93181818181819
1361413125.625,126.70454545454545
1361413164.441,3593.75
1361413215.839,122.4354103343465
1361413640.554,15434.375
1361413685.031,77.92721518987342
1361413700.067,2156.25
1361413905.76,15.84507042253521
1361414025.392,49.56210191082803
1361414084.111,5986.328125
1361414084.403,12958.333333333334
1361414084.835,8733.173076923076
1361414144.317,2156.25
1361414903.614,3470.0797872340427
1361414904.502,115.4296875
1361414904.502,115.4296875
1361414903.535,7934.507978723404
1361414903.6,12958.333333333334
1361414904.425,115.4296875
1361414904.425,115.4296875
1361414904.424,115.4296875
1361414900.04,3851.5625
1361414906.954,1836.379716981132
1361414904.42,8734.375
1361414954.092,3081.875
1361414961.888,3439.3382352941176
1361414966.332,2156.25
1361414968.748,3983.3333333333335
1361414971.203,4074.776785714286
1361414991.262,3272.3214285714284
1361414991.6,72.34848484848484
1361415035.608,22507.8125
1361415035.858,15005.208333333334
1361415036.173,9934.895833333334
1361415032.716,28382.8125
1361415032.907,1610.5182926829268
1361415036.613,63687.5
1361415036.914,44203.125
1361415037.04,22507.8125
1361415037.357,22601.5625
1361415037.989,5364.583333333333
1361415035.651,22507.8125
1361415032.0,6314.732142857143
1361415035.966,15854.166666666666
1361415032.443,45015.625
1361415036.344,8992.1875
1361415036.659,15005.208333333334
1361415037.104,15005.208333333334
1361415037.402,13933.59375
1361415037.655,18605.46875
1361415035.409,62875.0
1361415026.587,74512.5
1361415026.587,162734.375
1361415040.221,3909.903606965174
1361415029.277,8421.875
1361415029.19,8421.875
1361415029.19,8421.875
1361415059.787,8218.75
1361415057.953,6022.216796875
1361415059.835,8218.75
1361415059.957,18890.625
1361415056.5,7010.353915662651
1361415057.941,9500.0
1361415059.403,6863.839285714285
1361415038.447,5092.1875
1361415040.838,14765.625
1361415040.341,207.2704081632653
1361415040.341,9350.260416666666
1361415056.565,4692.708333333333
1361415057.879,886.0518292682927
1361415057.879,716.2422839506173
1361415057.879,868.8271604938271
1361415057.877,1035.2515243902437
1361415059.404,2577.949438202247
1361415062.857,417.96875
1361415059.593,10819.577991452992
1361415057.828,909.1494845360825
1361415057.828,718.1712962962963
1361415059.203,1771.5585443037976
1361415059.325,2463.834269662921
1361415044.057,13015.625
1361415045.045,485.6644417475728
1361415060.22,96.26807851239668
1361415056.315,1003.202296819788
1361415059.28,18.604343220338983
1361415056.792,44970.052083333336
1361415056.133,11656.25
1361415059.42,21809.895833333332
1361415039.294,6184.208276333789
1361415087.032,2625.0
1361415059.926,923.6111111111112
1361415059.836,1239.5833333333333
1361415060.57,20070.3125
1361415107.886,3902.34375
1361415104.653,2156.25
1361415108.22,17628.125
1361415108.539,24695.3125
1361415108.538,70914.0625
1361415096.857,167.693661971831
1361415097.277,1248.8636363636363
1361415119.006,48.44622905027933
1361415157.317,2156.25
1361415187.126,875.0
1361415187.126,875.0
1361415186.995,2097.65625
1361415187.57,5479.166666666667
1361415188.047,2943.75
1361415188.619,2097.65625
1361415165.54,16.96428571428571
1361415166.324,200.0
1361415171.631,36.66099221789884
1361415191.302,19862.263655462186
1361415172.812,16321.874999999998
1361415200.025,44203.125
1361415187.872,13567.708333333334
1361415187.872,11250.0
1361415187.872,10583.333333333334
1361415187.975,2105.46875
1361415187.842,14026.041666666666
1361415187.842,13632.8125
1361415187.969,11941.40625
1361415187.969,9152.34375
1361415187.969,2984.375
1361415186.992,274390.625
1361415187.752,9125.0
1361415187.752,12906.25
1361415187.752,14250.0
1361415187.751,14526.041666666666
1361415187.751,14208.333333333334
1361415187.751,16442.708333333332
1361415187.751,14843.75
1361415187.875,11286.458333333334
1361415187.875,8890.625
1361415187.878,9573.863636363636
1361415187.878,13447.916666666666
1361415186.038,98114.58333333333
1361415187.184,5367.1875
1361415186.171,52489.39732142857
1361415187.116,83921.875
1361415187.115,13476.5625
1361415212.31,14468.75
1361415210.918,1039.0625
1361415211.678,7062.5
1361415212.851,1468.75
1361415212.978,14375.0
1361415210.02,4619.791666666667
1361415210.147,48540.625
1361415220.077,6125.0
1361415220.266,18296.875
1361415207.27,813.2861635220125
1361415207.27,521.9541139240507
1361415220.582,82739.58333333333
1361415207.269,764.6422955974843
1361415207.269,540.9787735849056
1361415207.269,928.75393081761
1361415207.269,893.690664556962
1361415207.269,933.0778301886793
1361415220.645,3132.8125
1361415217.731,6097.65625
1361415218.557,6097.65625
1361415202.619,10508.590367965367
1361415218.747,399.6710526315789
1361415218.81,6097.65625
1361415210.937,3948.793316831683
1361415210.936,1608.59375
1361415211.063,82.54419191919192
1361415219.127,6097.65625
1361415203.445,199.61295871559633
1361415203.508,1415.538594470046
1361415211.764,1089.3609550561798
1361415211.699,380.859375
1361415220.319,13296.875
1361415207.196,1069.870283018868
1361415207.196,818.003144654088
1361415207.196,578.7146226415094
1361415207.195,946.3443396226415
1361415208.856,95.15977443609022
1361415212.883,206.7481884057971
1361415218.488,1169.0848214285713
1361415218.488,600.4464285714286
1361415218.911,6097.65625
1361415219.164,4878.125
1361415211.226,136.5427927927928
1361415211.864,193.4375
1361415211.864,9663.4375
1361415211.864,1008.9062499999999
1361415211.863,82.76608910891089
1361415220.309,4878.125
1361415212.5,649.7252747252747
1361415220.626,6097.65625
1361415211.668,1763.59375
1361415211.668,2920.0
1361415211.668,1778.4375
1361415211.668,2183.4375
1361415210.191,6012.195121951219
1361415211.66,1812.34375
1361415211.66,102.5
1361415210.184,5488.567073170731
1361415210.44,96.37605042016807
1361415220.801,7132.8125
1361415201.073,4900.0
1361415201.336,13.930722891566266
1361415220.048,323.8486842105263
1361415209.581,4701.418821839081
1361415209.581,10633.888473053892
1361415209.501,9300.377155172415
1361415209.501,4134.262724550898
1361415210.218,8685.763888888889
1361415212.452,840.4796511627907
1361415236.477,7078.125
1361415217.664,6096.077127659574
1361415217.623,1506.9444444444443
1361415218.066,15390.625
1361415218.192,6921.875
1361415218.192,1217.9487179487178
1361415218.148,4028.125
1361415218.271,669.034090909091
1361415219.475,15519.53125
1361415219.475,513.9802631578947
1361415217.875,24562.5
1361415218.001,1327.3809523809523
1361415218.0,1655.0
1361415218.127,805.3977272727273
1361415219.286,1138.671875
1361415219.286,605.2631578947369
1361415219.285,1401.0416666666667
1361415219.918,19390.625
1361415219.419,32193.75
1361415220.634,59875.0
1361415220.204,69546.875
1361415220.204,149328.125
1361415228.108,22679.6875
1361415262.808,2156.25
1361415270.601,8406.25
1361415248.216,17734.375
1361415271.499,3792.96875
1361415271.749,2156.25
1361415258.732,62.5
1361415271.881,1934.375
1361415272.649,2156.25
1361415274.248,37179.6875
1361415272.712,3785.15625
1361415272.647,2156.25
1361415272.647,2156.25
1361415274.436,23911.458333333332
1361415270.401,1571.6911764705883
1361415270.221,3414.0625
1361415272.246,717.2809829059829
1361415280.502,9500.0
1361415276.657,2480.7942708333335
1361415285.287,9500.0
1361415273.254,564.8205445544554
1361415285.222,4750.0
1361415273.252,912.5928217821782
1361415271.779,242.43951612903226
1361415279.779,389.08179012345676
1361415273.379,6816.13005050505
1361415279.843,6177.95138888889
1361415273.506,1911.3520408163265
1361415274.551,5264.322916666667
1361415280.823,484.765625
1361415280.887,870.0553797468355
1361415274.485,1988.0420918367347
1361415280.82,687.890625
1361415280.82,1366.2109375
1361415281.01,702.3026315789474
1361415281.01,564.3503289473684
1361415281.07,1453.125
1361415281.009,242.59868421052633
1361415270.64,2321.639150943396
1361415273.072,117.1875
1361415273.071,1653.4926470588236
1361415281.261,503.589527027027
1361415283.819,9500.0
1361415284.139,5479.166666666667
1361415276.329,5306.385869565218
1361415271.529,636.2847222222222
1361415276.311,112.77173913043478
1361415281.427,687.2767857142858
1361415277.583,10102.5390625
1361415281.679,742.1875
1361415277.709,9502.3193359375
1361415281.933,1791.078629032258
1361415277.961,1139.1715116279072
1361415280.738,4180.859375
1361415274.405,1993.3712121212122
1361415274.405,1246.6517857142858
1361415274.469,29092.2577247191
1361415272.868,145.40289256198346
1361415280.993,69.39935064935065
1361415280.993,69.39935064935065
1361415280.928,529.3996710526316
1361415280.928,504.93421052631584
1361415274.976,6546.875
1361415270.56,1016.5207006369428
1361415281.056,1804.5833333333335
1361415275.863,7844.1722972972975
1361415276.224,111.16071428571428
1361415276.222,111.16071428571428
1361415271.678,71.76339285714285
1361415276.67,1583.6693548387098
1361415276.925,2057.997881355932
1361415276.925,2286.71875
1361415270.542,5573.487903225806
1361415270.542,2901.612903225807
1361415270.542,7631.451612903226
1361415272.522,809.8538306451612
1361415272.522,623.7399193548388
1361415272.522,762.0967741935484
1361415272.521,686.7439516129033
1361415272.521,757.4344758064516
1361415272.521,663.75
1361415272.521,769.0
1361415272.521,460.55947580645164
1361415272.521,555.5695564516129
1361415272.521,4245.841733870968
1361415272.776,2695.052083333333
1361415272.84,1359.5063025210084
1361415280.904,155.61655405405406
1361415276.935,1856.0267857142858
1361415269.959,6291.063262195122
1361415281.479,1599.2788461538462
1361415270.406,1447.6512738853505
1361415270.406,2343.5509554140126
1361415270.406,565.983280254777
1361415270.41,4058.5609243697477
1361415274.442,489.8603723404255
1361415270.532,1691.9354838709678
1361415270.532,2282.258064516129
1361415270.532,1147.782258064516
1361415272.511,3367.25
1361415272.511,2862.6512096774195
1361415272.511,462.44959677419354
1361415272.511,1501.875
1361415272.511,673.3870967741935
1361415272.511,2000.3780241935485
1361415272.511,629.75
1361415272.511,987.9032258064516
1361415272.514,1034.148185483871
1361415272.502,550.9072580645161
1361415272.502,1037.046370967742
1361415280.885,255.7010135135135
1361415270.388,3286.3256369426754
1361415270.388,1057.5238853503183
1361415277.363,1984.0494791666667
1361415277.619,2436.434659090909
1361415266.459,140.57944606413994
1361415266.714,11726.5625
1361415268.256,8963.453389830509
1361415284.914,1800.9259259259259
1361415283.826,261.08284883720927
1361415284.084,121.09375
1361415283.892,55.41424418604651
1361415283.892,1498.5955056179776
1361415285.778,4057.6704545454545
1361415285.78,3610.227272727273
1361415285.844,1816.5509259259259
1361415285.907,802.7712264150944
1361415285.843,2012.1527777777776
1361415288.78,3539.0625
1361415288.97,2040.625
1361415283.816,612.393465909091
1361415283.878,2451.3494318181815
1361415289.866,152109.375
1361415283.599,654.2514534883721
1361415283.599,379.90552325581393
1361415283.599,551.5988372093024
1361415283.599,387.35465116279073
1361415283.854,4547.637195121952
1361415283.858,3511.2423780487807
1361415283.854,2780.868902439024
1361415283.854,1691.5015243902437
1361415283.854,1417.6829268292684
1361415280.526,1078.8246268656717
1361415289.1,12656.25
1361415285.577,11062.5
1361415285.577,3951.7045454545455
1361415285.641,359.375
1361415285.641,2003.4722222222224
1361415285.705,951.6509433962265
1361415285.705,762.6768867924528
1361415285.705,3879.127358490566
1361415285.705,6255.60141509434
1361415285.705,1152.4174528301887
1361415285.769,7170.372596153846
1361415285.385,2789.331896551724
1361415285.641,856.4814814814815
1361415285.641,1287.6157407407406
1361415285.961,340.24234693877554
1361415286.089,52224.06914893617
1361415283.526,633.9798850574713
1361415283.59,329.57848837209303
1361415283.526,298.67097701149424
1361415283.845,1528.5823170731708
1361415283.845,2232.8506097560976
1361415283.845,1071.4557926829268
1361415283.845,4300.114329268293
1361415283.845,1445.3125
1361415283.845,499.04725609756093
1361415280.516,2906.83302238806
1361415285.688,830.1886792452831
1361415285.688,3841.045673076923
1361415285.688,873.8207547169811
1361415285.688,11479.95283018868
1361415285.624,16269.675925925927
1361415285.624,1411.1689814814813
1361415285.624,21572.627314814814
1361415285.688,4100.825471698113
1361415285.688,366.15566037735846
1361415289.033,146.508487654321
1361415289.033,24.05631188118812
1361415301.571,7078.125
1361415289.015,20.8856783919598
1361415283.732,88.26013513513513
1361415283.796,58.28059071729958
1361415283.796,32.83227848101266
1361415283.284,4129.807692307692
1361415283.284,4478.766025641025
1361415283.114,442.8353658536585
1361415283.173,3749.866452991453
1361415283.173,4341.880341880342
1361415288.753,5955.528846153846
1361415288.684,20140.625
1361415288.348,9765.625
1361415288.598,45875.0
1361415288.484,25053.125
1361415287.886,5197.916666666667
1361415287.944,100078.125
1361415288.452,10859.375
1361415317.086,4359.375
1361415313.563,249.5777027027027
1361415317.339,15742.1875
1361415313.563,4671.875
1361415313.625,344.6180555555556
1361415317.4,24984.375
1361415311.64,14342.58395522388
1361415311.766,1537.5
1361415315.239,53765.625
1361415316.887,1769.53125
1361415316.951,1429.6875
1361415316.951,2343.75
1361415309.142,39.0625
1361415318.203,16429.6875
1361415314.549,365.8854166666667
1361415314.553,3140.625
1361415318.392,2859.375
1361415318.392,3343.75
1361415315.479,19531.25
1361415315.73,4020.833333333333
1361415311.628,153.7422839506173
1361415309.065,39.0625
1361415316.809,1671.875
1361415317.192,8945.3125
1361415311.755,2085.7319078947367
1361415314.246,565.0337837837837
1361415314.245,1667.6520270270269
1361415314.245,1308.6993243243244
1361415286.021,27525.59492677824
1361415314.225,1780.4054054054054
1361415314.225,620.777027027027
1361415314.225,25986.908783783783
1361415314.225,3492.8209459459463
1361415314.224,915.5405405405405
1361415316.872,19546.875
1361415316.773,5763.759328358209
1361415316.771,4402.518656716418
1361415313.563,964.8648648648649
1361415311.64,4876.679322429907
1361415311.64,10890.990070093458
1361415319.895,9500.0
1361415319.958,1800.0
1361415313.942,112.09620786516854
1361415320.021,77.37198795180723
1361415315.302,1886.5370639534883
1361415321.189,115.625
1361415323.747,3898.4375
1361415319.33,296.1582568807339
1361415327.072,2156.25
1361415319.71,326.75970873786406
1361415327.322,3843.75
1361415316.888,81.95153061224491
1361415316.888,2594.919217687075
1361415316.888,2594.919217687075
1361415316.951,48.564189189189186
1361415316.951,1170.0556506849316
1361415316.951,1357.7696917808219
1361415316.951,394.66411564625855
1361415317.652,228.125
1361415320.695,9500.0
1361415314.614,1819.8832417582419
1361415320.822,4718.75
1361415314.805,187.2381284916201
1361415314.805,136.87150837988827
1361415314.868,540.0663407821229
1361415320.884,112.90922619047619
1361415318.643,4636.55462184874
1361415319.024,4835.6164383561645
1361415326.993,2156.25
1361415326.993,12250.0
1361415319.374,1037.8212616822432
1361415319.628,1811.134708737864
1361415327.244,3843.75
1361415327.244,19453.125
1361415327.623,27442.708333333332
1361415316.679,1127.5167785234898
1361415316.807,339.8139312977099
1361415316.87,1347.7097602739727
1361415316.87,622.5385273972603
1361415316.678,182.6761744966443
1361415316.806,1232.4617346938776
1361415316.87,2290.881849315069
1361415316.87,640.1998299319728
1361415318.606,172.14209401709402
1361415318.606,2973.9583333333335
1361415312.394,1853.6068925233644
1361415312.394,6377.701518691589
1361415316.617,2526.2880067567567
1361415320.521,2792.9238505747126
1361415316.617,2917.5464527027025
1361415316.681,57.61054421768708
1361415316.68,1100.5527210884354
1361415320.648,262.68382352941177
1361415317.319,3673.5857664233577
1361415317.319,4552.007299270073
1361415314.245,3948.564189189189
1361415314.244,4047.8885135135138
1361415314.244,108.86824324324324
1361415314.244,7690.2027027027025
1361415314.244,993.5810810810812
1361415318.084,13927.125
1361415318.212,1409.8069105691059
1361415318.468,7090.073529411765
1361415317.828,69.0406976744186
1361415314.692,16055.828651685391
1361415315.011,5331.46676300578
1361415312.384,487.73364485981307
1361415316.608,2549.092060810811
1361415316.608,185.2829391891892
1361415316.608,2133.7626689189187
1361415320.639,190.25735294117646
1361415316.735,462.8638698630137
1361415317.297,6370.323905109489
1361415314.223,695.8614864864865
1361415314.287,431.47078804347825
1361415314.223,1042.3141891891892
1361415314.223,26678.20945945946
1361415314.223,8382.939189189188
1361415326.962,9359.375
1361415328.688,13095.238095238095
1361415327.088,87.34631147540983
1361415327.088,4634.349385245901
1361415327.088,6195.3125
1361415325.032,78.73376623376623
1361415327.589,634.046052631579
1361415327.589,3364.720394736842
1361415327.589,396.10745614035085
1361415327.585,304.96162280701753
1361415325.348,292.89010067114094
1361415325.348,364.40855704697987
1361415325.411,675.2533783783784
1361415327.651,6125.0
1361415325.475,285.82057823129253
1361415325.639,187.60850694444446
1361415325.702,3153.515625
1361415331.18,3843.75
1361415329.193,377.2536057692308
1361415329.382,1996.7512376237623
1361415327.333,4260.690789473684
1361415327.776,735.6150793650794
1361415327.776,465.27777777777777
1361415327.776,1563.6160714285713
1361415327.776,589.1617063492064
1361415329.608,2009.9871134020618
1361415329.608,13604.166666666666
1361415329.607,2206.5077319587626
1361415329.607,3678.479381443299
1361415328.069,6125.0
1361415328.129,29671.875
1361415328.131,3843.75
1361415330.051,3843.75
1361415328.321,6125.0
1361415326.335,293.70777027027026
1361415328.51,135.41666666666666
1361415328.51,231.22258771929825
1361415328.51,1464.6381578947369
1361415326.269,1038.3808724832215
1361415326.396,259.4600340136055
1361415326.396,1962.4787414965988
1361415326.588,1160.4817708333333
1361415328.826,12250.0
1361415326.689,2644.476232394366
1361415326.938,1246.490036231884
1361415324.119,54.42994505494506
1361415327.249,625.8223684210526
1361415327.696,1559.0277777777776
1361415327.696,711.1855158730159
1361415327.696,760.2926587301587
1361415327.696,157.73809523809524
1361415327.76,4875.0
1361415327.759,6125.0
1361415326.482,5318.111795774648
1361415326.482,1649.4755244755245
1361415326.482,6409.637237762237
1361415326.482,386.2543706293706
1361415326.546,4105.82890070922
1361415326.61,660.9375
1361415328.335,235.06637168141592
1361415328.335,285.39823008849555
1361415327.631,97.40423387096773
1361415328.531,1990.056818181818
1361415325.964,7566.432119205298
1361415326.092,3438.1334459459463
1361415326.092,3327.808277027027
1361415326.411,1123.4809027777776
1361415326.538,4025.709219858156
1361415326.793,738.4808394160583
1361415328.135,5366.244612068966
1361415328.327,939.2975663716813
1361415328.327,1171.1836283185842
1361415327.75,8774.462090163935
1361415327.75,7560.706967213115
1361415326.086,3862.6478040540537
1361415326.086,8146.078020134228
1361415326.022,8725.104166666666
1361415326.074,1363.914695945946
1361415326.201,145.97602739726025
1361415326.456,8588.942307692309
1361415326.456,383.5227272727273
1361415314.344,25.80275229357798
1361415326.812,360.3794642857143
1361415317.795,16.843971631205672
1361415331.565,116.50943396226415
1361415331.722,7588.541666666667
1361415353.498,4804.6875
1361415353.624,1984.375
1361415353.688,4804.6875
1361415352.152,6713.541666666667
1361415353.813,1125.0
1361415353.813,4804.6875
1361415353.936,2093.75
1361415354.067,4187.5
1361415354.13,25820.3125
1361415354.383,2093.75
1361415354.638,1395.8333333333333
1361415354.509,2093.75
1361415353.386,8796.875
1361415356.387,4187.5
1361415356.451,2093.75
1361415352.072,6473.958333333333
1361415352.135,160.5902777777778
1361415353.923,4187.5
1361415352.448,8796.875
1361415358.455,5479.166666666667
1361415353.182,4398.4375
1361415353.054,4398.4375
1361415353.054,7759.54861111111
1361415351.129,10928.7109375
1361415353.304,826.416015625
1361415353.304,1061.767578125
1361415356.497,2093.75
1361415334.584,27856.971153846152
1361415335.091,16984.375
1361415335.155,30260.416666666668
1361415335.153,23916.666666666668
1361415335.032,31515.625
1361415353.415,219.45224719101122
1361415352.131,248.73737373737373
1361415360.381,2093.75
1361415354.299,789.0625
1361415352.507,2903.7272135416665
1361415352.634,504.25392670157066
1361415352.634,128.2722513089005
1361415360.505,2093.75
1361415354.361,282.6878834355828
1361415352.76,316.4597602739726
1361415354.487,228.35791925465838
1361415358.326,1563.8923267326732
1361415352.821,51.38703208556149
1361415358.389,525.990099009901
1361415358.808,901.2096774193549
1361415358.811,738.0712365591397
1361415353.243,340.01736111111114
1361415353.243,339.49652777777777
1361415365.074,11031.25
1361415364.945,13671.875
1361415364.945,9500.0
1361415365.438,2479.1666666666665
1361415351.996,113.45791457286433
1361415352.185,103.87436224489797
1361415353.78,16477.19840116279
1361415352.248,58.41346153846154
1361415352.248,58.65384615384615
1361415353.847,55.23897058823529
1361415352.561,623.7729057591623
1361415360.559,2093.75
1361415353.288,128.7745786516854
1361415353.292,1541.432584269663
1361415350.924,57.19476744186046
1361415352.014,862.7855329949239
1361415351.308,3541.440217391304
1361415351.436,8997.256097560976
1361415351.883,2627.683080808081
1361415351.883,237.8472222222222
1361415352.395,717.3592931937172
1361415352.395,1076.5706806282722
1361415352.395,1116.9829842931938
1361415352.459,212.21891534391534
1361415352.522,98.73670212765957
1361415352.969,247.6820054945055
1361415353.544,3204.8510174418607
1361415352.003,12173.302664974619
1361415351.426,5728.582317073171
1361415351.874,2170.1388888888887
1361415351.873,1944.1287878787878
1361415351.873,5537.642045454546
1361415352.385,518.5700261780105
1361415352.385,409.70394736842104
1361415352.385,658.1315445026178
1361415353.526,2451.217296511628
1361415368.45,2093.75
1361415368.503,2093.75
1361415368.626,2093.75
1361415351.539,3224.55684596577
1361415377.818,130.88037634408602
1361415378.008,4398.4375
1361415378.45,6244.791666666667
1361415378.64,3335.7421875
1361415382.414,1125.0
1361415382.604,3375.0
1361415379.256,2055.133928571429
1361415379.316,1152.1139705882354
1361415379.316,363.74080882352945
1361415382.708,4375.0
1361415379.442,1035.44776119403
1361415379.442,540.8115671641791
1361415379.505,4398.4375
1361415379.823,2785.15625
1361415379.822,1588.6270491803277
1361415383.083,8796.875
1361415380.649,1687.5
1361415380.452,4398.4375
1361415383.589,8796.875
1361415364.773,46.92778716216216
1361415364.773,242.84957627118644
1361415383.652,4750.0
1361415364.771,292.478813559322
1361415364.771,261.6131756756757
1361415364.771,428.7373310810811
1361415352.139,9720.081135902637
1361415378.372,6244.791666666667
1361415378.562,3250.5933544303793
1361415378.816,4398.4375
1361415378.816,482.5
1361415358.334,1286.0243055555557
1361415379.005,8796.875
1361415377.338,2093.75
1361415379.369,800.1399253731342
1361415379.307,9500.0
1361415379.37,8796.875
1361415379.751,7354.166666666667
1361415379.751,343.75
1361415382.887,9630.859375
1361415364.132,81.14754098360656
1361415380.387,2976.5625
1361415380.451,2750.0
1361415364.131,313.72950819672127
1361415383.395,4398.4375
1361415364.194,45.79564144736842
1361415380.514,8796.875
1361415383.647,4398.4375
1361415364.703,656.9362331081081
1361415364.703,344.0677966101695
1361415364.703,243.96186440677965
1361415364.703,100.77069256756756
1361415364.703,71.68496621621621
1361415364.702,142.73648648648648
1361415364.702,210.96398305084745
1361415365.278,160.8776132404181
1361415365.149,83.80190311418686
1361415379.473,486.60714285714283
1361415379.983,804.9665178571429
1361415377.42,1333.2236842105262
1361415377.804,4400.63202247191
1361415377.804,4590.941011235956
1361415377.804,9942.064606741573
1361415378.447,1025.7120253164558
1361415378.447,226.06803797468356
1361415378.762,289.0625
1361415379.592,5262.295081967213
1361415364.04,410.15625
1361415364.614,1585.9375
1361415377.412,5186.184210526316
1361415377.796,3790.0280898876404
1361415377.796,3889.9227528089887
1361415378.426,773.7341772151899
1361415378.426,703.9161392405064
1361415363.701,49.67271959459459
1361415364.147,50.17160404624278
1361415363.714,18.36993243243243
1361415385.562,3375.0
1361415385.625,3375.0
1361415384.023,4398.4375
1361415384.339,24695.3125
1361415384.339,11031.25
1361415384.338,4398.4375
1361415384.338,24691.40625
1361415384.779,1687.5
1361415387.057,1687.5
1361415385.009,1687.5
1361415387.184,1687.5
1361415385.261,1687.5
1361415385.386,1687.5
1361415385.385,3697.9166666666665
1361415383.714,7952.256944444444
1361415384.071,8796.875
1361415384.574,2976.5625
1361415384.573,2750.0
1361415379.128,1349.7121710526317
1361415379.255,1420.4166666666667
1361415379.255,1216.3541666666665
1361415387.234,3375.0
1361415385.055,1687.5
1361415390.941,1687.5
1361415391.066,1687.5
1361415391.194,3375.0
1361415368.858,17328.125
1361415378.619,73.43197879858657
1361415399.201,1687.5
1361415383.003,54.24941588785047
1361415391.988,2156.25
1361415377.907,272.4401595744681
1361415384.43,514.3229166666666
1361415378.541,139.2446996466431
1361415398.859,1687.5
1361415398.984,1687.5
1361415376.624,3857.619382022472
1361415377.616,4321.507352941177
1361415377.583,826.407967032967
1361415377.583,9063.419117647058
1361415377.965,17115.6631097561
1361415378.594,994.921875
1361415377.889,2432.2916666666665
1361415378.057,955.3571428571429
1361415378.118,1619.510135135135
1361415377.146,193.5096153846154
1361415377.964,1023.4375
1361415383.543,23714.285714285714
1361415383.793,4628.125
1361415382.637,12695.3125
1361415383.494,326.12179487179486
1361415383.681,12156.25
1361415382.29,23677.083333333332
1361415382.544,12703.125
1361415382.963,8671.875
1361415384.481,44265.625
1361415384.246,80046.875
1361415384.112,31406.25
1361415384.956,3739.5833333333335
1361415408.008,1848.4669811320755
1361415411.172,1750.0
1361415407.952,2440.5048076923076
1361415400.799,58.33645209580838
1361415419.351,28896.306818181816
1361415426.433,215.40178571428572
1361415426.305,3002.725290697674
1361415418.433,509.51704545454544
1361415418.807,1905.564692982456
1361415426.939,1039.2628205128206
1361415427.065,1192.0955882352941
1361415427.063,1131.7567567567569
1361415426.866,2126.7361111111113
1361415426.992,1043.6698717948718
1361415425.353,1461.9430693069307
1361415426.12,280.6669776119403
1361415426.879,145.4522357723577
1361415426.879,171.875
1361415426.813,93.12996031746032
1361415426.813,93.12996031746032
1361415426.876,771.5955284552846
1361415436.57,2545.7974137931037
1361415436.568,3334.2633928571427
1361415436.758,388.4943181818182
1361415437.269,26441.40625
1361415437.523,57656.25
1361415426.042,831.7129629629629
1361415426.738,92.88194444444444
1361415426.802,84.85772357723577
1361415436.686,439.84375
1361415414.163,3691.782994923858
1361415414.161,21335.9375
1361415416.72,8421.875
1361415416.719,8421.875
1361415416.629,8421.875
1361415416.628,66.7657208588957
1361415416.627,8421.875
1361415434.086,503.03308823529414
1361415438.112,1120.2330508474577
1361415434.719,1054.00390625
1361415426.778,1197.9501607717043
1361415442.905,2156.25
1361415437.739,4696.72131147541
1361415438.034,1132.1390086206898
1361415434.641,3267.3828125
1361415434.641,210.3515625
1361415434.641,119.62890625
1361415434.768,1649.3829617834394
1361415434.767,119.06645569620252
1361415436.775,880.2989130434783
1361415428.374,128796.875
1361415428.374,19421.875
1361415427.581,14538.900862068966
1361415428.344,66156.25
1361415428.344,41734.375
1361415461.909,6978.125
1361415462.224,8726.5625
1361415462.287,8746.09375
1361415462.604,4640.625
1361415462.54,8730.46875
1361415462.603,14265.625
1361415462.92,8734.375
1361415463.09,8750.0
1361415463.216,11671.875
1361415462.405,4750.0
1361415456.389,58434.84042553192
1361415462.403,18593.75
1361415463.265,4993.303571428572
1361415461.903,552.984022556391
1361415457.807,1225.5710659898477
1361415457.803,59.24809644670051
1361415461.902,1013.2415254237288
1361415464.014,3191.761363636364
1361415457.932,293.0288461538462
1361415469.898,3417.96875
1361415464.202,4380.859375
1361415469.961,4895.089285714285
1361415464.393,3895.8333333333335
1361415470.151,1140.625
1361415466.438,245.1331967213115
1361415462.469,114.16330645161291
1361415466.88,4359.375
1361415462.912,123.92241379310346
1361415470.573,6718.75
1361415467.117,6656.25
1361415465.005,4750.0
1361415467.115,9500.0
1361415465.003,270.519578313253
1361415463.018,1149.2456896551723
1361415467.178,5817.708333333333
1361415465.066,4972.65625
1361415467.241,8722.65625
1361415464.982,28057.8125
1361415462.418,2127.1875
1361415462.545,755.0361570247934
1361415470.696,1710.9375
1361415470.755,2693.75
1361415459.621,3068.545386904762
1361415470.885,2296.875
1361415467.556,1038.3522727272727
1361415467.556,2274.147727272727
1361415459.748,1062.1639784946237
1361415470.884,2268.2291666666665
1361415459.748,170.53091397849462
1361415468.001,5822.916666666667
1361415467.999,8742.1875
1361415465.563,29921.875
1361415471.772,8781.25
1361415460.892,1682.079081632653
1361415469.019,8765.625
1361415460.887,10778.273809523811
1361415461.757,1075.78125
1361415457.725,2292.6713197969543
1361415464.122,4287.109375
1361415469.817,3359.375
1361415462.391,114.16330645161291
1361415470.07,1294.2708333333333
1361415470.325,3402.34375
1361415470.325,14166.666666666666
1361415466.547,464.97844827586204
1361415462.77,131.7531779661017
1361415470.615,1941.40625
1361415470.488,6390.625
1361415470.488,8128.125000000001
1361415467.095,6993.75
1361415467.095,6996.875
1361415464.919,3939.3601190476193
1361415467.158,204.08163265306123
1361415467.221,3566.40625
1361415470.805,2296.875
1361415459.285,8895.348837209303
1361415470.612,4816.40625
1361415470.868,2125.0
1361415459.538,4232.565789473684
1361415465.106,130.078125
1361415459.537,626.9736842105264
1361415470.8,2268.2291666666665
1361415463.694,5843.75
1361415465.293,640.625
1361415468.106,6993.75
1361415468.296,8765.625
1361415468.295,6996.875
1361415471.299,5281.25
1361415471.494,7010.416666666667
1361415468.869,7021.875
1361415460.784,3286.033163265306
1361415460.784,4251.381802721088
1361415468.721,8765.625
1361415469.105,8765.625
1361415469.099,8769.53125
1361415452.705,4281.25
1361415452.936,7817.708333333333
1361415473.75,9500.0
1361415473.75,6534.375
1361415472.019,4468.75
1361415469.779,937.9401408450703
1361415474.065,9640.625
1361415469.905,965.1268115942029
1361415469.968,862.4067164179105
1361415474.32,3638.3928571428573
1361415472.207,9765.625
1361415474.382,250.73529411764704
1361415474.446,2734.375
1361415470.157,308.41346153846155
1361415462.54,2204.9932065217395
1361415474.764,4239.583333333333
1361415474.827,2886.71875
1361415474.887,3496.09375
1361415472.714,812.9550970873787
1361415474.954,7289.0625
1361415474.954,5289.0625
1361415470.346,700.6048387096773
1361415466.825,22151.80495689655
1361415474.889,6171.875
1361415475.017,4218.75
1361415470.409,146.35416666666669
1361415470.409,545.8333333333333
1361415474.952,797.7941176470589
1361415474.952,3671.875
1361415470.531,461.59957627118644
1361415470.598,220.6688596491228
1361415470.638,250.0
1361415470.763,326.9675925925926
1361415470.763,570.3125
1361415470.763,326.9675925925926
1361415476.069,12140.625
1361415471.204,457.6822916666667
1361415471.268,177.52659574468086
1361415471.267,177.52659574468086
1361415460.893,8056.668660287082
1361415473.691,1053.8194444444443
1361415464.784,609.5875850340135
1361415469.723,1659.330985915493
1361415470.03,10104.086538461539
1361415470.221,618.4475806451612
1361415470.285,600.922131147541
1361415470.285,118.85245901639344
1361415469.827,1037.3641304347827
1361415470.604,1700.6138392857142
1361415474.179,358.1031976744186
1361415469.827,562.0471014492754
1361415474.242,3049.1071428571427
1361415474.242,2207.589285714286
1361415474.242,1629.4642857142858
1361415461.771,1003.1411082474226
1361415474.305,223.71323529411765
1361415472.192,13640.625
1361415462.462,743.3763586956522
1361415470.27,245.9016393442623
1361415472.318,9281.25
1361415470.077,280.52884615384613
1361415474.685,6750.0
1361415474.685,2833.3333333333335
1361415474.685,3734.375
1361415466.493,297.9166666666667
1361415474.812,5679.6875
1361415470.332,373.9754098360656
1361415474.811,3703.125
1361415474.875,9750.0
1361415474.938,4468.75
1361415469.829,18301.470588235294
1361415474.873,7867.1875
1361415474.873,3808.59375
1361415470.329,94.53125
1361415470.329,213.80208333333334
1361415475.0,4286.458333333333
1361415470.39,706.25
1361415475.126,2425.0
1361415470.28,601.1782786885245
1361415470.279,524.3340163934425
1361415466.683,271.76816239316236
1361415470.685,326.9675925925926
1361415465.116,4714.816433566433
1361415465.114,1730.1136363636365
1361415471.128,383.7890625
1361415471.128,613.9322916666666
1361415465.304,198.82246376811594
1361415471.125,614.5833333333334
1361415471.125,330.7291666666667
1361415471.695,747.9967948717948
1361415460.816,985.4964114832536
1361415460.816,8822.667464114833
1361415454.542,5318.865740740741
1361415461.754,1003.7048969072164
1361415461.133,1169.4023569023568
1361415480.042,3468.75
1361415480.418,4828.125
1361415480.418,4718.75
1361415480.417,3942.7083333333335
1361415474.972,110.88102409638554
1361415475.334,128.5342261904762
1361415480.344,4536.458333333333
1361415482.52,2156.25
1361415480.344,4066.40625
1361415480.344,9750.0
1361415480.344,106.0546875
1361415480.343,5218.75
1361415480.407,4468.75
1361415480.468,8437.5
1361415480.532,6382.8125
1361415480.659,127.57120253164558
1361415474.897,221.95030120481928
1361415474.897,161.14457831325302
1361415480.72,127.57120253164558
1361415475.213,127.0220588235294
1361415473.14,1784.7691441441443
1361415475.444,519.263698630137
1361415461.437,4907.679115853658
1361415465.105,7651.5625
1361415467.05,1091.1959134615386
1361415470.53,4563.262195121952
1361415475.279,235.69356540084388
1361415480.582,51.59574468085106
1361415473.003,50045.75892857143
1361415473.543,2890.625
1361415472.955,17875.0
1361415470.965,2353.90625
1361415472.461,71875.0
1361415473.225,186523.4375
1361415474.574,1801.3392857142858
1361415474.188,149.77134146341464
1361415474.252,167.6829268292683
1361415474.546,5419.196428571428
1361415474.863,635.653409090909
1361415475.116,56468.75
1361415475.561,25789.583333333332
1361415477.424,3359.375
1361415474.468,2314.7321428571427
1361415475.081,461.1280487804878
1361415475.081,207.3170731707317
1361415475.081,353.53915662650604
1361415475.964,12734.375
1361415476.075,27710.9375
1361415476.201,14274.305555555555
1361415476.963,8203.125
1361415474.765,5054.6875
1361415479.633,8421.875
1361415479.633,4859.375
1361415479.632,9773.4375
1361415479.632,29648.4375
1361415479.631,48.142997382198956
1361415480.527,5875.0
1361415480.273,14484.375
1361415483.914,17312.5
1361415512.527,2156.25
1361415507.274,19.75070224719101
1361415505.136,4688.368055555556
1361415506.546,7527.4733412322275
1361415534.014,1484.375
1361415528.316,174.1504854368932
1361415528.316,3786.4583333333335
1361415534.874,1625.0
1361415534.878,2343.75
1361415531.545,742.1875
1361415528.232,553.3980582524272
1361415528.231,3585.861650485437
1361415528.231,1756.0679611650485
1361415534.79,2343.75
1361415512.782,158421.875
1361415512.152,7.894736842105264
1361415512.321,183750.0
1361415537.65,9414.0625
1361415536.739,28101.5625
1361415536.739,15156.25
1361415535.305,2191.964285714286
1361415537.414,11156.25
1361415537.603,3554.6875
1361415540.351,742.1875
1361415536.663,10484.375
1361415539.384,508.9285714285714
1361415537.013,3138.0208333333335
1361415537.076,13234.375
1361415533.264,251.9358407079646
1361415521.216,6.686046511627907
1361415524.455,76513.671875
1361415524.151,832.1963028169014
1361415525.008,94546.875
1361415524.931,2190.926535087719
1361415549.749,650.4934210526316
1361415527.987,1315.2217741935483
1361415525.936,207.67746913580245
1361415546.16,128.90625
1361415546.793,461.22685185185185
1361415546.792,610.2430555555555
1361415551.117,968.75
1361415549.691,505.7565789473685
1361415545.659,398.4375
1361415550.112,313.8020833333333
1361415546.207,2968.75
1361415546.65,920.1388888888888
1361415547.157,841.40625
1361415525.977,74.77678571428571
1361415525.977,74.77678571428571
1361415528.341,3144.456608280255
1361415528.341,66.77158273381295
1361415528.822,77.03205958549222
1361415528.818,5068.068484042553
1361415528.884,57.180851063829785
1361415528.82,6310.324367088608
1361415527.144,951.7045454545454
1361415529.32,5183.866279069767
1361415527.301,57.180851063829785
1361415529.477,60.661764705882355
1361415527.74,37.234042553191486
1361415527.802,928.1509695290858
1361415528.228,74.35636856368563
1361415528.352,22282.628676470587
1361415529.262,57.180851063829785
1361415527.212,14.153944020356233
1361415527.565,55.53977272727273
1361415527.692,42.52049180327869
1361415527.754,52.931596091205215
1361415529.684,57.180851063829785
1361415530.575,35.0
1361415529.95,85.56937172774869
1361415529.95,85.205078125
1361415530.706,94.89889705882352
1361415530.895,3143.100792253521
1361415531.323,9838.486842105263
1361415531.767,23.174157303370787
1361415532.4,4651.832460732984
1361415533.506,4315.995065789473
1361415533.375,224.79838709677418
1361415529.852,4866.346153846153
1361415529.916,4700.425392670157
1361415530.022,83.47602739726027
1361415530.275,2473.7787356321837
1361415530.779,80.19868827160494
1361415530.968,77.02390939597316
1361415531.262,3343.75
1361415531.516,81.79012345679013
1361415531.705,57.180851063829785
1361415531.705,2980.880591054313
1361415532.337,54.8469387755102
1361415532.758,8474.459134615385
1361415545.779,5917.96875
1361415549.747,205.6451612903226
1361415546.665,209.50940860215053
1361415547.171,201.44489247311827
1361415558.986,833.3333333333334
1361415556.349,2500.0
1361415551.908,276.85546875
1361415552.412,1041.015625
1361415558.487,609.375
1361415552.598,703.9473684210526
1361415551.728,1325.68359375
1361415557.099,812.5
1361415535.946,11902.34375
1361415537.738,406.25
1361415535.944,12679.6875
1361415535.943,11804.6875
1361415537.799,18.617021276595743
1361415535.943,14332.03125
1361415536.007,640.0735294117646
1361415533.894,9124.205508474575
1361415533.894,16261.322463768118
1361415533.893,46.71474358974359
1361415534.145,4569.196428571428
1361415536.256,45.542635658914726
1361415536.191,150.5681818181818
1361415534.333,37.234042553191486
1361415534.205,4589.213709677419
1361415534.306,57.467532467532465
1361415536.668,3784.400201612903
1361415536.667,39.8936170212766
1361415536.666,4219.2864806866955
1361415536.73,59.69202898550725
1361415536.979,18773.4375
1361415536.85,2014.2045454545455
1361415536.914,4804.6875
1361415535.29,5140.625
1361415537.271,59.72222222222223
1361415535.223,60.890921409214094
1361415535.285,4651.041666666667
1361415535.285,3401.0416666666665
1361415535.284,5738.76404494382
1361415537.396,9062.5
1361415537.458,8984.375
1361415537.39,22921.875
1361415535.66,55.989583333333336
1361415535.724,298.828125
1361415535.787,17781.25
1361415535.85,14524.55357142857
1361415537.642,2455.6576236263736
1361415535.847,11503.90625
1361415535.847,13367.1875
1361415535.888,595.2620967741935
1361415533.775,5305.378401360544
1361415533.775,61.07954545454545
1361415533.774,39.77272727272727
1361415533.9,40.78125
1361415536.138,3819.2708333333335
1361415536.137,81.02992957746478
1361415533.961,35.00189969604863
1361415534.088,38.59857482185273
1361415534.088,18264.254385964912
1361415534.024,3355.896643109541
1361415534.339,57.57913961038961
1361415536.387,172541.66666666666
1361415534.688,1334.4564573459716
1361415537.095,165.625
1361415537.157,184.0277777777778
1361415535.173,4773.4375
1361415535.172,8302.083333333334
1361415535.172,3242.1875
1361415535.355,17949.869791666668
1361415535.546,2697.596856725146
1361415535.545,5604.910714285715
1361415536.036,8689.732142857143
1361415536.036,17296.875
1361415535.774,61359.375
1361415538.184,1469.3097014925374
1361415538.184,993.4935410334347
1361415538.184,17937.5
1361415535.169,5894.53125
1361415536.811,146321.875
1361415538.139,543.6776061776062
1361415538.139,18291.666666666668
1361415541.806,20.038841807909606
1361415541.804,19.50354609929078
1361415538.406,212.40942028985506
1361415538.342,23.828125
1361415538.468,4562.5
1361415539.205,35.33011869436202
1361415539.776,15.80255681818182
1361415539.966,57.180851063829785
1361415540.218,38.56382978723404
1361415540.218,36.458333333333336
1361415540.281,38.04347826086957
1361415540.768,25.289017341040463
1361415540.7,103.515625
1361415541.077,48.606049562682216
1361415541.14,37.589285714285715
1361415541.204,32.127808988764045
1361415541.712,32.763532763532766
1361415537.914,9453.125
1361415538.167,71.11625514403293
1361415538.167,30.628551136363637
1361415538.23,4210.9375
1361415538.356,557.6171875
1361415538.418,2885.7421875
1361415538.418,9589.154411764706
1361415538.608,19.96026011560694
1361415539.092,34.066901408450704
1361415539.092,28.811416184971097
1361415539.219,35.16713091922006
1361415539.283,13.809019370460048
1361415539.593,32.309322033898304
1361415539.723,29.03682719546742
1361415540.229,58.423913043478265
1361415540.712,58.423913043478265
1361415540.646,21.97406340057637
1361415541.279,52546.875
1361415541.151,19.652974504249293
1361415541.716,18.229166666666668
1361415561.833,1453.125
1361415562.087,1453.125
1361415566.813,1453.125
1361415563.354,625.0
1361415567.066,1453.125
1361415567.293,500.0
1361415566.359,7776.041666666667
1361415562.772,812.5
1361415563.085,968.75
1361415566.801,13828.125
1361415507.95,3674.5525648252533
1361415541.899,13.01470588235294
1361415542.022,320.3125
1361415542.206,28.023598820058996
1361415542.333,20.568502824858758
1361415542.306,24.502840909090907
1361415544.79,48.33603896103896
1361415542.742,44.16725852272727
1361415544.914,17.894553072625698
1361415544.139,17.279411764705884
1361415544.075,35.05665722379604
1361415544.139,32.046742209631724
1361415544.138,29.049295774647888
1361415544.323,17.45014245014245
1361415542.146,16.690340909090907
1361415542.565,28.231534090909093
1361415542.685,22.474928366762178
1361415544.861,29.740767045454543
1361415542.812,16.867897727272727
1361415545.113,149.4140625
1361415543.546,17.99785100286533
1361415543.735,53.76838235294118
1361415566.586,640.625
1361415545.367,64.51198630136987
1361415547.406,21.121002906976745
1361415548.623,276.7857142857143
1361415549.444,484.375
1361415547.257,3080.6607995226727
1361415570.018,2968.75
1361415568.034,487.5
1361415573.922,4773.4375
1361415573.921,4593.75
1361415568.033,9296.875
1361415573.92,1710.9375
1361415568.096,6978.125
1361415568.159,666.6666666666666
1361415568.158,14265.625
1361415570.334,3335.9375
1361415574.173,4796.875
1361415568.284,1218.75
1361415568.348,11640.625
1361415568.347,5820.3125
1361415571.159,11625.0
1361415571.287,11635.416666666666
1361415571.603,9984.375
1361415571.731,4640.625
1361415571.731,14265.625
1361415571.898,11671.875
1361415568.954,11661.458333333334
1361415571.896,8738.28125
1361415572.151,11656.25
1361415569.014,8750.0
1361415572.277,11697.916666666666
1361415572.53,11718.75
1361415575.598,1250.0
1361415572.654,8765.625
1361415569.454,11416.666666666666
1361415572.777,8765.625
1361415569.517,1609.375
1361415569.644,11682.291666666666
1361415573.481,3421.875
1361415573.673,6734.375
1361415573.289,398.4375
1361415573.353,4593.75
1361415573.416,13546.875
1361415569.941,11677.083333333334
1361415573.844,3882.8125
1361415573.844,1218.75
1361415570.004,726.5625
1361415567.956,4750.0
1361415567.955,162.68382352941177
1361415573.907,2756.25
1361415565.907,5868.498322147651
1361415570.066,1250.0
1361415570.256,2835.9375
1361415570.256,3335.9375
1361415568.269,5820.3125
1361415566.599,404.1385135135135
1361415571.201,11640.625
1361415571.205,8742.1875
1361415571.269,968.75
1361415571.331,9500.0
1361415571.395,8734.375
1361415568.834,11651.041666666666
1361415567.94,2467.5164473684213
1361415571.691,11661.458333333334
1361415551.737,1487.2318097014925
1361415572.007,8753.90625
1361415569.188,11661.458333333334
1361415572.387,8761.71875
1361415572.323,2500.0
1361415569.313,2500.0
1361415569.377,11697.916666666666
1361415569.31,11703.125
1361415573.274,12781.25
1361415573.273,13437.5
1361415573.336,625.0
1361415573.4,3421.875
1361415573.4,14640.625
1361415573.592,6375.0
1361415573.464,8898.4375
1361415573.528,1458.0078125
1361415553.803,13.84548611111111
1361415552.01,19.50354609929078
1361415550.274,29.185556994818654
1361415551.189,32.28865606936416
1361415553.338,18.75
1361415553.397,28.515625
1361415549.864,32.66242937853107
1361415550.096,2875.681464174455
1361415550.159,35.58168316831683
1361415550.156,32.574152542372886
1361415552.52,3875.0
1361415553.181,214.28571428571428
1361415553.243,57.180851063829785
1361415557.773,796.875
1361415553.935,1445.4787234042553
1361415554.44,61.07954545454545
1361415554.503,41.19318181818181
1361415554.625,61.07954545454545
1361415554.819,57.180851063829785
1361415555.239,28.998559077809798
1361415555.302,8.007117437722421
1361415555.745,23.503521126760564
1361415555.741,17.267628205128208
1361415555.808,19.93694362017804
1361415555.743,32.67857142857143
1361415556.25,939.7321428571429
1361415556.185,36.48792613636364
1361415556.691,37.760416666666664
1361415556.668,57.180851063829785
1361415557.111,18.08234421364985
1361415557.109,31.25
1361415553.839,33.333333333333336
1361415554.514,26.863302139037433
1361415554.514,46.09604105571847
1361415554.83,27.440068493150687
1361415554.892,15.804597701149428
1361415555.334,21.528764204545457
1361415555.651,22.795679886685555
1361415555.715,36.458333333333336
1361415556.77,18.06913407821229
1361415557.086,21.97265625
1361415556.765,187.5
1361415557.064,20.158450704225352
1361415557.445,40.80357142857142
1361415557.829,431.9852941176471
1361415577.827,3218.75
1361415577.827,5609.375
1361415567.97,106.43796992481202
1361415577.954,6804.6875
1361415577.954,2968.75
1361415577.889,5421.875
1361415577.953,357.14285714285717
1361415568.033,364.5833333333333
1361415568.033,1735.7954545454545
1361415578.017,6765.625
1361415568.033,228.3380681818182
1361415578.017,5203.125
1361415578.017,5250.0
1361415578.016,4066.40625
1361415568.096,186.66507633587787
1361415578.08,4468.75
1361415570.208,5207.070707070707
1361415581.983,1250.0
1361415578.143,6088.541666666667
1361415576.158,2040.625
1361415578.206,3218.75
1361415576.158,11036.458333333334
1361415578.206,1250.0
1361415578.265,2500.0
1361415578.333,9750.0
1361415578.332,6992.1875
1361415574.172,115.88541666666667
1361415578.396,4468.75
1361415578.396,8437.5
1361415578.332,5507.8125
1361415568.283,794.189453125
1361415578.459,11416.666666666666
1361415566.426,880.7722929936306
1361415568.282,1109.9853515625
1361415576.346,12093.75
1361415576.345,12093.75
1361415582.36,581.25
1361415576.471,7726.5625
1361415578.711,631.25
1361415576.471,3802.0833333333335
1361415576.47,4671.875
1361415576.47,317.9209183673469
1361415576.598,10734.375
1361415578.837,833.3333333333334
1361415568.533,3318.6743951612907
1361415579.028,348.2142857142857
1361415579.028,1053.8194444444443
1361415579.028,1609.375
1361415576.659,989.5833333333334
1361415576.723,7875.0
1361415576.659,440.2173913043478
1361415579.282,28109.375
1361415568.722,1881.8440082644627
1361415576.722,625.0
1361415576.658,346.8070652173913
1361415576.781,9750.0
1361415568.653,905.614837398374
1361415576.717,5078.125
1361415579.341,5151.041666666667
1361415571.536,593.3441558441559
1361415579.344,3984.375
1361415579.344,3802.0833333333335
1361415579.408,3848.9583333333335
1361415579.408,812.5
1361415576.848,168.96802325581396
1361415579.408,4785.15625
1361415576.848,197.3110465116279
1361415576.848,194.60227272727275
1361415576.847,6429.6875
1361415576.911,11421.875
1361415576.911,1010.4166666666667
1361415579.514,5765.625
1361415576.763,231.5340909090909
1361415579.579,7289.0625
1361415576.762,7289.0625
1361415579.514,4875.0
1361415576.826,11937.5
1361415579.578,4718.75
1361415579.578,7875.0
1361415579.637,8437.5
1361415579.637,5679.6875
1361415576.949,3218.75
1361415571.893,1445.862676056338
1361415579.704,4460.9375
1361415576.888,2437.5
1361415576.888,5695.3125
1361415579.768,5710.9375
1361415579.767,968.75
1361415579.766,505.20833333333337
1361415577.014,833.3333333333334
1361415577.073,1250.0
1361415577.268,79.64939024390245
1361415580.084,1218.75
1361415580.147,150.5681818181818
1361415580.082,1250.0
1361415577.394,1250.0
1361415572.338,156.25
1361415577.389,1250.0
1361415580.401,1250.0
1361415580.465,10750.0
1361415580.464,2500.0
1361415577.456,1723.0113636363635
1361415577.519,2500.0
1361415572.719,11414.675245098038
1361415577.583,1250.0
1361415575.662,175.9733606557377
1361415577.646,7445.3125
1361415580.589,1250.0
1361415573.161,2552.6960784313724
1361415580.717,271.484375
1361415573.356,247.72135416666666
1361415580.972,812.5
1361415573.356,807.2916666666666
1361415572.972,310.7638888888889
1361415581.036,5203.125
1361415581.1,625.0
1361415581.036,8302.083333333334
1361415573.163,1391.8504901960785
1361415573.675,303.34051724137936
1361415581.227,4210.9375
1361415581.227,4210.9375
1361415573.291,242.6658163265306
1361415573.355,208.65885416666666
1361415573.419,2456.117021276596
1361415581.355,5192.708333333333
1361415581.483,3882.8125
1361415581.546,2437.5
1361415573.844,270.98214285714283
1361415573.844,1058.203125
1361415567.956,120.50189393939394
1361415577.939,14578.125
1361415577.939,4875.0
1361415577.939,205.92948717948718
1361415577.939,3901.0416666666665
1361415577.939,1250.0
1361415570.13,1383.9962121212122
1361415576.081,9500.0
1361415576.081,9500.0
1361415576.077,11328.125
1361415578.061,8437.5
1361415578.129,6890.625
1361415578.128,1968.75
1361415581.968,812.5
1361415578.128,6429.6875
1361415578.255,2500.0
1361415578.254,7289.0625
1361415578.318,962.9934210526316
1361415578.381,500.0
1361415578.317,2500.0
1361415578.38,1250.0
1361415578.444,277.77777777777777
1361415568.331,122.41633858267717
1361415576.395,5703.125
1361415568.331,4755.084325396825
1361415570.762,169.921875
1361415576.458,353.79464285714283
1361415576.458,416.6666666666667
1361415578.697,22578.125
1361415576.52,6359.375
1361415576.392,5976.5625
1361415576.392,7007.8125
1361415570.888,311.7732558139535
1361415576.583,3703.125
1361415576.583,3496.09375
1361415578.886,1072.9166666666667
1361415576.646,7289.0625
1361415576.646,5492.1875
1361415578.95,9500.0
1361415576.646,1218.75
1361415578.95,331.25
1361415578.886,1250.0
1361415576.517,4250.0
1361415576.517,5765.625
1361415576.517,6007.8125
1361415578.885,1072.9166666666667
1361415579.009,1609.375
1361415578.945,16286.458333333332
1361415576.645,6375.0
1361415576.645,1609.375
1361415577.285,3056.9852941176473
1361415577.349,2885.8901515151515
1361415573.828,513.671875
1361415570.243,1002.4671052631579
1361415570.243,431.15234375
1361415570.243,1002.4671052631579
1361415570.945,378.53422619047615
1361415567.934,1375.607638888889
1361415568.701,775.078781512605
1361415576.573,242.70833333333334
1361415576.573,1718.75
1361415576.829,181.78353658536585
1361415576.58,4875.0
1361415576.58,4005.208333333333
1361415576.708,8437.5
1361415576.707,5507.8125
1361415576.643,830.2556818181818
1361415579.267,297.554347826087
1361415576.771,8437.5
1361415576.643,3351.5625
1361415579.139,473.3455882352941
1361415579.267,4671.875
1361415576.771,4468.75
1361415576.643,5289.0625
1361415576.705,468.0397727272727
1361415579.457,6007.8125
1361415576.893,2500.0
1361415582.909,625.0
1361415567.101,1318.8577586206895
1361415576.765,6765.625
1361415576.769,311.04651162790697
1361415579.585,7617.1875
1361415576.768,916.40625
1361415579.56,5695.3125
1361415579.432,4250.0
1361415579.432,5554.6875
1361415579.432,6359.375
1361415579.623,6429.6875
1361415571.815,119.2781690140845
1361415579.495,5914.0625
1361415576.806,2500.0
1361415579.558,4468.75
1361415579.558,5968.75
1361415576.933,1720.3125
1361415576.996,1228.7660256410256
1361415579.812,7640.625
1361415579.684,9757.8125
1361415579.812,2437.5
1361415573.232,25461.73469387755
1361415577.122,609.375
1361415573.487,13453.125
1361415579.81,2500.0
1361415577.186,8917.96875
1361415570.222,1002.4671052631579
1361415580.192,871.5277777777778
1361415580.255,581.25
1361415577.311,1250.0
1361415580.508,7646.875
1361415577.564,1218.75
1361415572.827,2282.3863636363635
1361415572.827,1119.8863636363635
1361415572.891,1006.2500000000001
1361415577.562,1369.2708333333335
1361415577.689,1250.0
1361415580.697,833.3333333333334
1361415573.209,242.6658163265306
1361415572.952,258.54952830188677
1361415580.952,8317.708333333334
1361415581.016,1072.9166666666667
1361415573.016,981.1320754716982
1361415581.08,1250.0
1361415581.015,1484.375
1361415581.015,242.1875
1361415581.27,7570.3125
1361415581.27,5187.5
1361415581.397,833.3333333333334
1361415560.005,26.3671875
1361415558.266,214.28571428571428
1361415558.261,21.79509943181818
1361415558.675,6.000322164948454
1361415558.8,57.180851063829785
1361415558.862,382.9257246376811
1361415559.047,6.540697674418605
1361415561.263,18.9795197740113
1361415561.262,40.17223011363636
1361415559.212,187.5
1361415559.274,12.681159420289855
1361415561.637,45.05504261363636
1361415561.699,18.125
1361415559.712,20.533141210374637
1361415560.071,125.0
1361415560.134,19.18402777777778
1361415558.147,16.288951841359772
1361415558.142,31.52173913043478
1361415560.733,31.455592105263158
1361415558.804,2707.0195195195197
1361415559.121,40.13645552560647
1361415561.105,16.678370786516854
1361415558.992,27.5
1361415559.636,750.0
1361415562.32,27.678571428571427
1361415562.319,59.72222222222223
1361415562.383,159.375
1361415562.827,20.535714285714285
1361415562.89,29.70116618075802
1361415563.375,166.66666666666666
1361415563.879,24.52195467422096
1361415563.751,55.989583333333336
1361415564.32,173.7980769230769
1361415564.744,214.28571428571428
1361415564.744,34.53947368421053
1361415564.871,30.985169491525426
1361415564.932,37.67857142857143
1361415565.755,3328.125
1361415562.038,2225.1900337837837
1361415562.165,57.180851063829785
1361415562.205,4851.136363636364
1361415562.205,32.53728693181819
1361415562.711,18.75
1361415562.774,16.512784090909093
1361415563.215,165.625
1361415563.279,21.84813753581662
1361415563.633,416.015625
1361415564.141,37.234042553191486
1361415564.264,5773.4375
1361415564.391,57.180851063829785
1361415565.026,6.267409470752089
1361415565.089,184.0277777777778
1361415565.071,6.4841498559077815
1361415565.39,40.76086956521739
1361415565.129,20.399305555555557
1361415565.512,15.15578078078078
1361415565.576,22.416548295454543
1361415565.121,309.375
1361415576.496,322.9166666666667
1361415576.496,267.2244094488189
1361415576.748,221.52217741935485
1361415579.244,1303.3088235294117
1361415574.7,1091.8996710526317
1361415587.242,2500.0
1361415576.974,209.04737903225805
1361415576.974,210.7469512195122
1361415585.29,310.9375
1361415587.85,1250.0
1361415588.231,433.2386363636364
1361415584.102,989.5833333333334
1361415584.229,103.515625
1361415584.29,234.375
1361415586.908,416.6666666666667
1361415579.607,163.24491279069767
1361415575.062,1442.7389705882351
1361415587.605,1250.0
1361415591.381,2500.0
1361415588.156,1250.0
1361415588.22,329.6875
1361415577.464,64.98805732484077
1361415589.238,207.03125
1361415568.195,4.3478260869565215
1361415566.88,20.896084337349397
1361415567.006,149.4140625
1361415568.796,4.559270516717325
1361415568.796,19.092345505617978
1361415568.92,318.75
1361415569.046,4.398826979472141
1361415569.063,55.989583333333336
1361415567.65,1906.25
1361415565.786,48.16632231404959
1361415568.001,4.424778761061947
1361415568.064,23.886494252873565
1361415566.077,54.8469387755102
1361415568.124,64.73214285714286
1361415566.139,57.180851063829785
1361415566.139,57.180851063829785
1361415566.264,5263.671875
1361415566.264,17.041430594900852
1361415566.39,27.138157894736842
1361415566.578,37.73414985590778
1361415566.576,187.5
1361415566.683,39.975071225071225
1361415566.745,19.95481927710843
1361415568.663,38.7603591160221
1361415568.723,150.5681818181818
1361415567.059,20.743534482758623
1361415567.122,57.180851063829785
1361415567.121,20.720108695652172
1361415568.656,21.134393063583815
1361415568.971,20.294540229885058
1361415568.901,15.135327635327634
1361415567.495,37.446883852691215
1361415569.142,957.5892857142857
1361415569.202,4.424778761061947
1361415569.583,351.10294117647055
1361415569.518,49.8046875
1361415569.569,16.533933518005544
1361415567.668,1884.274732620321
1361415567.877,2198.1728142076504
1361415570.224,1294.921875
1361415570.38,9132.8125
1361415570.379,4.424778761061947
1361415570.379,35468.75
1361415570.442,4.322766570605188
1361415570.569,4.385964912280701
1361415570.758,14.800347222222221
1361415570.884,7.165605095541402
1361415570.82,57.180851063829785
1361415570.884,9.615384615384617
1361415571.686,4.322766570605188
1361415571.813,57.180851063829785
1361415571.813,18.14801699716714
1361415571.94,59.54272598870056
1361415571.812,46.78494236311239
1361415571.875,40.17857142857143
1361415572.193,25.451487252124647
1361415572.32,4.3604651162790695
1361415572.319,18.76822157434402
1361415572.573,4.178272980501393
1361415572.636,17.252604166666668
1361415573.441,4.424778761061947
1361415573.63,4.559270516717325
1361415570.712,20.30367231638418
1361415570.712,57.180851063829785
1361415570.711,2945.3125
1361415570.964,34.271408839779006
1361415571.342,4.385964912280701
1361415571.468,4.491017964071856
1361415572.146,19.50354609929078
1361415572.21,184.0277777777778
1361415573.217,4.322766570605188
1361415573.451,74.70703125
1361415573.579,4.464285714285714
1361415573.642,4.3604651162790695
1361415595.091,1437.5
1361415584.783,109.85576923076923
1361415592.759,240.3846153846154
1361415579.638,75.73605371900827
1361415596.143,406.25
1361415597.03,1656.25
1361415597.669,625.0
1361415594.442,500.0
1361415598.848,812.5
1361415595.39,500.0
1361415593.246,593.75
1361415593.437,593.75
1361415580.953,241.8664383561644
1361415581.207,58.776595744680854
1361415574.044,2580.3179824561403
1361415576.403,19.717261904761905
1361415576.403,74.70703125
1361415574.417,484.375
1361415574.481,19.717261904761905
1361415574.543,4.285714285714286
1361415576.568,773.4375
1361415576.693,701.0869565217391
1361415576.629,1889.3229166666667
1361415574.77,23.478835978835978
1361415576.749,942.9347826086956
1361415574.832,15.625
1361415576.814,1659.7222222222224
1361415576.941,11074.092741935485
1361415577.001,30.275974025974026
1361415577.316,18.31268221574344
1361415575.316,2562.5
1361415577.424,57.180851063829785
1361415575.504,37.48244382022472
1361415577.549,747.7272727272726
1361415577.549,4891.9417134831465
1361415577.675,36.458333333333336
1361415575.755,29.548710601719197
1361415577.675,6351.5625
1361415575.754,32.14541547277937
1361415575.754,33.79564606741573
1361415575.754,22.220254957507084
1361415577.674,6359.375
1361415573.957,1228.0701754385966
1361415574.304,30.66797994269341
1361415574.304,484.375
1361415574.303,484.1579861111111
1361415576.413,667.7989130434783
1361415574.679,32.34011627906977
1361415574.655,17.45014245014245
1361415576.574,505.3191489361702
1361415576.633,559.7826086956522
1361415574.78,30.527456647398843
1361415576.699,33.64701704545455
1361415575.093,33.09339887640449
1361415575.156,20.803571428571427
1361415575.156,24.255087209302328
1361415575.218,23.459885386819487
1361415577.074,55.989583333333336
1361415575.279,26.836158192090394
1361415577.199,57.180851063829785
1361415577.135,21.812678062678064
1361415577.24,7447.916666666667
1361415577.366,1080.6361607142858
1361415577.493,50.86436170212766
1361415577.428,787.3641304347826
1361415577.554,6335.9375
1361415577.617,156.99404761904762
1361415577.552,461.08490566037733
1361415577.68,14.40922190201729
1361415577.551,15.360169491525424
1361415576.468,6540.760869565218
1361415577.687,122.76785714285714
1361415577.686,3765.625
1361415577.866,1593.75
1361415577.866,4859.375
1361415577.928,19.53125
1361415578.244,32.54095441595442
1361415578.56,35.651408450704224
1361415578.686,2390.625
1361415578.748,331.25
1361415578.811,32.507183908045974
1361415579.192,77.11693548387098
1361415579.422,7458.705357142857
1361415580.245,35.0
1361415580.5,830.078125
1361415580.563,19.54250720461095
1361415581.23,11156.25
1361415581.23,6046.875
1361415581.228,19.258720930232556
1361415581.353,8593.75
1361415577.889,77.11693548387098
1361415577.956,20.394258720930235
1361415577.955,2257.8125
1361415578.082,39421.875
1361415578.145,18.874643874643876
1361415578.205,36.458333333333336
1361415578.888,2390.625
1361415579.649,165.625
1361415579.713,29.160863509749305
1361415579.776,2390.625
1361415579.938,26.860955056179776
1361415580.573,35.09004237288135
1361415580.89,32.65398550724638
1361415581.144,23453.125
1361415581.144,6046.875
1361415581.079,23625.0
1361415581.271,8593.75
1361415578.959,63152.34375
1361415580.794,7.18849840255591
1361415602.266,833.3333333333334
1361415602.583,625.0
1361415602.774,340.66901408450707
1361415599.121,45.41015625
1361415603.408,428.125
1361415604.208,742.1875
1361415601.454,414.0625
1361415600.398,429.6875
1361415603.082,487.5
1361415607.047,833.3333333333334
1361415603.399,207.03125
1361415599.297,263.0208333333333
1361415604.006,989.5833333333334
1361415581.915,39.8936170212766
1361415584.149,32.64925373134328
1361415582.1,4.385964912280701
1361415582.515,4.464285714285714
1361415582.578,4812.5
1361415584.814,150.0
1361415584.938,4.437869822485207
1361415583.269,19.50354609929078
1361415585.353,19.03735632183908
1361415585.539,4.3478260869565215
1361415583.807,631.0763888888888
1361415585.727,4.559270516717325
1361415581.884,808.2974137931035
1361415581.946,11.016705069124423
1361415584.758,4.398826979472141
1361415582.837,30.263157894736842
1361415584.819,4.373177842565598
1361415585.258,19.50354609929078
1361415585.257,7.001112759643917
1361415585.361,16.954787234042552
1361415583.571,25.903514588859416
1361415586.21,3193.75
1361415586.337,1015.625
1361415586.462,150.5681818181818
1361415586.461,23281.25
1361415587.093,41.18522408963585
1361415587.283,8.803466076696164
1361415587.831,4.477611940298508
1361415587.894,11.754154078549849
1361415588.933,4.3478260869565215
1361415588.933,507.8125
1361415589.566,2531.25
1361415586.293,4.373177842565598
1361415586.653,4.335260115606936
1361415586.841,35.88299418604651
1361415587.221,4.3478260869565215
1361415588.716,1695.3125
1361415589.524,32.24274861878453
1361415607.981,236.60714285714286
1361415610.726,593.75
1361415608.864,181.60076530612247
1361415611.424,416.6666666666667
1361415612.734,833.3333333333334
1361415609.532,500.0
1361415609.974,348.2142857142857
1361415610.522,609.375
1361415608.471,429.6875
1361415611.22,270.8333333333333
1361415611.96,227.27272727272725
1361415612.088,270.8333333333333
1361415612.34,277.77777777777777
1361415612.53,500.0
1361415613.165,276.0416666666667
1361415589.992,19.642857142857142
1361415592.037,4.335260115606936
1361415590.241,35.714285714285715
1361415592.473,6.206597222222221
1361415592.576,4.385964912280701
1361415590.782,14.195583596214512
1361415590.97,5.742840095465394
1361415591.031,4.335260115606936
1361415591.344,12.322809278350515
1361415593.484,10.142543859649123
1361415592.108,4.2979942693409745
1361415590.374,976.5625
1361415592.353,4.3478260869565215
1361415592.463,12.416294642857142
1361415592.774,11.287313432835822
1361415591.104,2886.71875
1361415592.898,4.310344827586206
1361415591.233,4.3604651162790695
1361415593.056,11.80186170212766
1361415591.645,39.40217391304348
1361415593.431,19.258720930232556
1361415593.585,662.109375
1361415593.384,282.69589552238807
1361415594.051,4.373177842565598
1361415594.618,1604.1666666666667
1361415594.809,18.8061377245509
1361415594.872,4.385964912280701
1361415595.126,1625.0
1361415595.121,1625.0
1361415595.12,1625.0
1361415595.124,1437.5
1361415596.369,4.373177842565598
1361415596.493,39.8936170212766
1361415596.856,23.09553872053872
1361415593.899,57.940864022662886
1361415593.962,812.5
1361415594.377,15.797651933701657
1361415594.693,10.775862068965518
1361415595.01,1437.5
1361415595.009,1625.0
1361415596.131,4.3604651162790695
1361415596.637,25.486311239193082
1361415596.636,4.335260115606936
1361415597.017,33.48880597014926
1361415597.207,7.581360946745562
1361415618.7,1078.125
1361415618.767,625.0
1361415616.84,413.04347826086956
1361415616.966,236.60714285714286
1361415623.11,1250.0
1361415619.95,765.625
1361415617.197,184.0277777777778
1361415620.394,1250.0
1361415621.35,2500.0
1361415621.797,652.5735294117648
1361415615.907,572.9166666666666
1361415610.248,190.81439393939394
1361415616.517,2437.5
1361415622.787,609.375
1361415619.394,3218.75
1361415614.913,294.11764705882354
1361415616.769,448.2758620689655
1361415616.767,304.6875
1361415619.647,1250.0
1361415621.238,833.3333333333334
1361415600.526,150.0
1361415598.73,4.398826979472141
1361415600.774,36.532951289398284
1361415600.773,4.958832335329341
1361415601.023,4.545454545454545
1361415599.358,20.741150442477878
1361415601.253,16.11328125
1361415601.693,18.211920529801326
1361415597.975,4.3604651162790695
1361415598.138,6.098533163265307
1361415598.26,4.385964912280701
1361415598.384,13031.25
1361415598.573,7.021949404761905
1361415598.7,64.35276679841897
1361415599.496,35.714285714285715
1361415601.33,4.477611940298508
1361415601.582,28.92380617977528
1361415601.454,71.42857142857143
1361415601.567,13.873525073746313
1361415602.11,2178.5714285714284
1361415602.362,149.4140625
1361415602.425,4.279715762273902
1361415602.615,28.802710843373493
1361415602.742,73.33333333333333
1361415603.122,149.4140625
1361415603.985,4.437869822485207
1361415604.426,4.322766570605188
1361415604.745,4.373177842565598
1361415604.721,4.424778761061947
1361415605.04,4.373177842565598
1361415605.293,19.741501416430598
1361415605.225,4.385964912280701
1361415602.883,517.8571428571429
1361415603.619,56.29960317460318
1361415603.682,26.713709677419356
1361415604.0,214.84375
1361415604.503,4.3604651162790695
1361415604.63,4.464285714285714
1361415604.821,4.3478260869565215
1361415604.819,236.60714285714286
1361415605.074,318.359375
1361415604.863,4.411764705882353
1361415605.311,1500.0
1361415604.862,4.373177842565598
1361415605.5,250.0
1361415605.179,4.385964912280701
1361415625.957,221.5909090909091
1361415627.349,643.75
1361415624.828,235.0
1361415624.828,232.14285714285714
1361415624.827,244.79166666666666
1361415624.827,299.4791666666667
1361415624.827,235.0
1361415624.827,235.0
1361415624.827,250.0
1361415624.827,203.7037037037037
1361415624.827,195.0
1361415624.891,167.1875
1361415624.827,221.5909090909091
1361415624.826,348.2142857142857
1361415624.826,299.4791666666667
1361415624.89,217.59259259259258
1361415612.783,5730.928308823529
1361415624.759,244.79166666666666
1361415624.759,203.125
1361415624.759,244.79166666666666
1361415626.447,277.77777777777777
1361415630.287,406.25
1361415624.644,178.57142857142858
1361415624.774,203.125
1361415624.774,244.79166666666666
1361415624.774,244.79166666666666
1361415624.774,203.125
1361415624.746,195.0
1361415624.746,221.5909090909091
1361415624.746,348.2142857142857
1361415624.746,348.2142857142857
1361415624.746,221.5909090909091
1361415624.745,299.4791666666667
1361415624.745,287.5
1361415624.745,203.125
1361415624.745,203.125
1361415624.809,145.38043478260872
1361415624.809,145.38043478260872
1361415624.675,203.125
1361415624.739,255.43478260869568
1361415624.739,244.79166666666666
1361415621.657,477.6041666666667
1361415607.967,735.5769230769231
1361415605.917,19.642857142857142
1361415608.152,4.398826979472141
1361415608.338,750.0
1361415606.77,4220.971563981043
1361415606.956,750.0
1361415609.23,36.533598265895954
1361415609.793,19.50354609929078
1361415607.997,14.38912429378531
1361415606.183,19.50354609929078
1361415608.293,57.69230769230769
1361415608.291,906.25
1361415608.602,77.11693548387098
1361415606.81,52.92085427135678
1361415606.745,4.373177842565598
1361415608.7,4.385964912280701
1361415606.78,4.3604651162790695
1361415606.783,19.717261904761905
1361415608.824,20.549785100286535
1361415607.574,4.373177842565598
1361415609.428,609.375
1361415609.554,46.549479166666664
1361415607.033,82.16510903426791
1361415610.714,9.287925696594426
1361415610.008,300.0
1361415610.135,675.3270348837209
1361415610.197,750.0
1361415610.324,51.724137931034484
1361415611.018,187.5
1361415611.14,97.14673913043478
1361415611.688,10.566253263707573
1361415611.884,19.45020746887967
1361415612.137,30.698992443324936
1361415612.517,41.28196022727273
1361415612.644,2250.0
1361415609.791,4.3478260869565215
1361415609.98,832.5892857142857
1361415610.657,18.115942028985508
1361415610.91,32.16145833333333
1361415611.035,33.69140625
1361415612.153,28.819444444444446
1361415612.725,20.00541907514451
1361415613.228,15.758167613636363
1361415613.231,19.642857142857142
1361415633.94,625.0
1361415637.974,250.0
1361415638.037,625.0
1361415638.224,1218.75
1361415635.629,989.5833333333334
1361415636.325,833.3333333333334
1361415637.088,416.6666666666667
1361415637.725,554.6875
1361415632.007,1218.75
1361415634.117,1218.75
1361415634.685,500.0
1361415632.636,1250.0
1361415638.714,1250.0
1361415632.888,2500.0
1361415633.311,1250.0
1361415635.805,833.3333333333334
1361415635.869,1484.375
1361415628.188,7985.576923076924
1361415636.44,1250.0
1361415637.588,1218.75
1361415637.716,1250.0
1361415614.317,2225.378787878788
1361415616.299,500.0
1361415616.299,2242.1875
1361415616.837,4.385964912280701
1361415617.254,19.50354609929078
1361415615.648,2232.1428571428573
1361415617.631,21.732954545454543
1361415614.041,14.361213235294118
1361415614.143,2767.4096736596734
1361415614.455,149.4140625
1361415614.643,97.42647058823529
1361415616.684,15.625
1361415615.372,21.32283834586466
1361415618.271,27.549342105263158
1361415618.523,750.0
1361415618.775,11.940298507462687
1361415618.774,14.242256637168142
1361415619.252,10.416666666666666
1361415619.695,36.796875
1361415619.757,187.5
1361415621.499,20.298753665689148
1361415618.226,57.328088578088575
1361415619.221,1500.0
1361415620.401,25.705645161290324
1361415620.654,24.8241341991342
1361415621.53,31.071937321937323
1361415619.409,73.6818720379147
1361415640.889,2437.5
1361415643.682,593.75
1361415639.455,104.16666666666667
1361415645.459,625.0
1361415645.841,363.28125
1361415646.454,581.25
1361415646.77,1718.75
1361415643.055,357.14285714285717
1361415640.814,500.0
1361415640.94,1218.75
1361415640.812,804.6875
1361415643.799,2968.75
1361415641.238,484.375
1361415635.923,234.97596153846155
1361415639.759,833.3333333333334
1361415644.813,558.0357142857143
1361415645.26,1250.0
1361415645.323,1250.0
1361415645.067,833.3333333333334
1361415623.971,13.93798200514139
1361415622.048,1500.0
1361415622.234,14.76449275362319
1361415622.484,35.401570048309175
1361415622.843,28.115781710914455
1361415624.88,750.0
1361415623.548,4.3478260869565215
1361415623.736,9.393328445747802
1361415624.153,225.0
1361415624.403,8.530405405405405
1361415624.631,134.765625
1361415624.631,232.14285714285714
1361415624.693,750.0
1361415623.029,19.497863247863247
1361415623.402,6.756756756756757
1361415623.567,41.22899159663866
1361415625.548,13.331024930747922
1361415626.343,198.125
1361415626.343,13.822115384615383
1361415628.28,36.458333333333336
1361415628.28,8.928571428571429
1361415628.343,21.848516949152543
1361415625.935,46.875
1361415627.664,1095.703125
1361415627.79,10.969065656565656
1361415628.485,20.049778761061948
1361415641.885,182.46644295302013
1361415654.232,2437.5
1361415650.771,3218.75
1361415651.088,833.3333333333334
1361415651.215,3218.75
1361415651.38,2500.0
1361415655.475,1250.0
1361415655.347,2500.0
1361415655.41,2500.0
1361415655.41,1250.0
1361415647.409,363.28125
1361415651.95,1072.9166666666667
1361415649.705,2500.0
1361415649.641,1250.0
1361415649.826,742.1875
1361415653.985,1609.375
1361415638.03,670.1046798029556
1361415648.454,416.6666666666667
1361415648.326,2500.0
1361415648.579,2156.25
1361415648.641,1484.375
1361415655.103,1250.0
1361415648.83,742.1875
1361415655.165,2500.0
1361415651.196,1250.0
1361415651.26,2500.0
1361415649.019,1250.0
1361415651.519,2956.25
1361415651.128,1323.8636363636365
1361415651.0,626.953125
1361415574.903,5083.552354920101
1361415651.191,986.328125
1361415651.494,3218.75
1361415649.126,2500.0
1361415651.557,2500.0
1361415651.939,1218.75
1361415647.714,371.09375
1361415653.02,1072.9166666666667
1361415630.223,16.57885174418605
1361415630.409,7.035818713450292
1361415632.585,544.6428571428571
1361415632.563,1281.25
1361415631.014,17.498172514619885
1361415631.013,187.5
1361415631.685,19.147398843930638
1361415633.077,32.99632352941177
1361415634.465,17.416666666666668
1361415634.78,20.974864130434785
1361415634.843,14.22275641025641
1361415634.906,19.50354609929078
1361415635.266,21.58774373259053
1361415636.34,1729.1666666666667
1361415636.762,60.75367647058823
1361415637.645,20.223214285714285
1361415633.931,19.09279336734694
1361415633.995,20.62319884726225
1361415634.165,20.06340579710145
1361415634.165,14.120042492917847
1361415634.165,3.90625
1361415634.355,4.451038575667656
1361415634.669,27.767857142857142
1361415634.859,20.773638968481375
1361415634.859,8.791782729805014
1361415635.111,33.869760479041915
1361415635.3,12.8917638483965
1361415636.959,25.425295857988168
1361415636.767,56.201171875
1361415635.324,121.9003036437247
1361415655.938,625.0
1361415657.921,1250.0
1361415658.237,2500.0
1361415656.566,581.25
1361415658.869,2500.0
1361415659.187,1250.0
1361415655.025,830.965909090909
1361415656.943,363.28125
1361415657.054,2437.5
1361415659.932,1250.0
1361415659.995,1052.0833333333333
1361415657.306,1250.0
1361415663.511,833.3333333333334
1361415663.638,833.3333333333334
1361415655.888,363.28125
1361415662.379,765.625
1361415662.378,2500.0
1361415657.267,861.1111111111112
1361415658.793,2500.0
1361415662.5,2437.5
1361415658.855,2500.0
1361415656.551,2437.5
1361415654.822,139.94565217391306
1361415659.659,1250.0
1361415659.658,2500.0
1361415657.159,2500.0
1361415659.911,416.6666666666667
1361415663.297,366.07142857142856
1361415660.86,1218.75
1361415660.923,500.0
1361415638.102,886.71875
1361415638.227,11.695636094674557
1361415638.517,25.442477876106196
1361415638.829,15.625
1361415640.812,5328.125
1361415640.875,8.846830985915494
1361415641.378,1057.2916666666667
1361415639.749,187.5
1361415639.873,17.32799727520436
1361415637.95,20.66532258064516
1361415640.797,20.65826330532213
1361415640.689,10.223765432098766
1361415640.751,18.977732793522264
1361415639.081,1718.75
1361415642.137,474.1379310344828
1361415642.578,21.428571428571427
1361415643.147,20.165598290598293
1361415643.321,854.1666666666666
1361415643.888,20.009328358208954
1361415644.776,121.49234693877551
1361415645.137,20.014044943820224
1361415645.137,14.334439528023598
1361415645.387,19.169776119402982
1361415644.918,19.301470588235293
1361415645.235,18.45366379310345
1361415645.235,35.15625
1361415665.86,385.546875
1361415665.924,741.7279411764706
1361415665.923,563.5416666666667
1361415666.302,891.5441176470589
1361415666.81,1250.0
1361415666.874,356.7708333333333
1361415664.821,580.9294871794872
1361415667.381,327.1484375
1361415667.998,609.375
1361415665.562,2500.0
1361415668.504,500.0
1361415668.885,850.1838235294118
1361415663.76,885.1102941176471
1361415669.33,427.48397435897436
1361415669.712,2437.5
1361415664.014,378.515625
1361415664.305,417.8685897435898
1361415666.925,360.8333333333333
1361415670.506,1250.0
1361415671.072,1250.0
1361415663.266,337.59469696969694
1361415671.497,1250.0
1361415665.67,1072.9166666666667
1361415668.803,628.4722222222222
1361415669.187,1484.375
1361415647.957,10.734416445623342
1361415646.116,13.72965976331361
1361415648.699,149.4140625
1361415646.878,543.75
1361415648.897,10.813782991202347
1361415648.689,191.20896464646464
1361415650.058,20.693824404761905
1361415651.006,3437.5
1361415651.863,4484.375
1361415651.989,500.0
1361415652.983,23.61918604651163
1361415653.236,1656.25
1361415653.36,19.797848664688427
1361415650.632,16.7507204610951
1361415651.517,4.398826979472141
1361415651.748,4484.375
1361415651.941,11.388483965014576
1361415651.748,4484.375
1361415651.875,14.221556886227544
1361415652.193,57.180851063829785
1361415653.124,57.180851063829785
1361415652.867,38.56382978723404
1361415653.118,54.13093667546174
1361415653.63,33.291903409090914
1361415653.181,21.34146341463415
1361415653.308,22.770579268292682
1361415653.514,35.47054597701149
1361415673.861,610.2941176470589
1361415672.064,1609.375
1361415670.331,369.140625
1361415672.443,810.0328947368422
1361415678.84,2500.0
1361415672.696,2968.75
1361415670.837,482.6388888888889
1361415675.797,424.4791666666667
1361415671.443,363.28125
1361415677.385,500.0
1361415671.876,328.125
1361415674.102,912.0065789473684
1361415678.063,1250.0
1361415676.03,619.140625
1361415672.805,440.3044871794872
1361415673.058,2437.5
1361415675.808,432.6636904761905
1361415676.166,2437.5
1361415679.551,833.3333333333334
1361415671.811,2500.0
1361415653.953,21.722560975609756
1361415653.953,21.160714285714285
1361415654.015,20.225947521865887
1361415654.202,4.559270516717325
1361415654.453,7.886904761904762
1361415654.453,21.607142857142858
1361415654.992,27.8125
1361415656.784,20.158450704225352
1361415656.78,184.0277777777778
1361415655.371,33.114346590909086
1361415655.37,57.180851063829785
1361415655.433,57.180851063829785
1361415657.095,27.684563758389263
1361415655.558,37.62943786982249
1361415655.474,10.354477611940299
1361415657.198,14.234050445103858
1361415653.983,694.4444444444445
1361415656.194,21.53954802259887
1361415656.257,37.429378531073446
1361415654.526,2562.5
1361415656.445,14.522058823529413
1361415656.444,2890.625
1361415656.687,14.242256637168142
1361415656.733,20.348837209302328
1361415656.796,15.368852459016393
1361415655.193,55.989583333333336
1361415655.319,18.288352272727273
1361415655.444,17.355913173652695
1361415657.232,184.0277777777778
1361415655.694,37.234042553191486
1361415657.294,40.3125
1361415657.873,24.265759312320917
1361415658.315,55.989583333333336
1361415658.379,24.76585014409222
1361415658.822,165.625
1361415658.886,11.71875
1361415658.886,27.787900874635568
1361415658.885,27.10098870056497
1361415659.366,22.80640668523677
1361415659.301,29.07986111111111
1361415659.364,37.234042553191486
1361415659.868,126.97665662650604
1361415660.312,37.760416666666664
1361415660.732,20.568502824858758
1361415660.796,28.474212034383953
1361415660.796,60.84070796460177
1361415661.365,57.180851063829785
1361415661.619,4.587155963302752
1361415661.81,24.084689349112427
1361415658.385,17.46587643678161
1361415659.695,54.8469387755102
1361415659.882,1770.8333333333333
1361415659.945,34.31919642857143
1361415660.197,23.48993288590604
1361415660.64,165.625
1361415660.894,319.4444444444444
1361415661.276,36.69241573033708
1361415661.631,20.647321428571427
1361415661.435,27.24125364431487
1361415680.486,742.1875
1361415680.677,765.625
1361415680.676,363.28125
1361415683.491,1218.75
1361415684.734,581.25
1361415681.404,363.28125
1361415680.026,609.375
1361415680.588,2500.0
1361415681.136,415.17857142857144
1361415668.328,77.1797153024911
1361415685.288,989.5833333333334
1361415663.869,14.187685459940653
1361415661.821,18.23654390934844
1361415661.884,31.433284457478006
1361415662.01,17.00241046831956
1361415662.004,20.703125
1361415664.117,4.559270516717325
1361415662.381,55.989583333333336
1361415662.506,24.59016393442623
1361415664.47,9.05079250720461
1361415662.798,57.180851063829785
1361415662.855,533.203125
1361415662.858,38.56382978723404
1361415663.271,17.66505934718101
1361415663.899,47.87234042553192
1361415662.206,34.402818991097924
1361415662.205,26.375348189415043
1361415664.918,4.451038575667656
1361415665.356,19.50354609929078
1361415665.88,18.309859154929576
1361415666.763,15.761661807580175
1361415666.952,64.27556818181817
1361415667.371,22.833094555873924
1361415669.249,20.92551622418879
1361415669.44,19.369452662721894
1361415666.589,9.441087613293051
1361415668.083,140.625
1361415689.967,833.3333333333334
1361415688.234,1250.0
1361415690.6,504.0322580645161
1361415695.24,2500.0
1361415689.344,2500.0
1361415693.985,1484.375
1361415687.969,1250.0
1361415688.095,1250.0
1361415688.157,2968.75
1361415695.12,2437.5
1361415692.213,3218.75
1361415689.587,1250.0
1361415671.926,12.779985549132949
1361415670.313,187.5
1361415672.359,13.013328530259365
1361415671.962,32.8873502994012
1361415672.623,16.1716472303207
1361415670.868,8.493589743589743
1361415672.975,13.432835820895523
1361415671.118,498.2638888888889
1361415674.987,1687.5
1361415674.859,22.681451612903228
1361415676.167,32.94573643410853
1361415676.842,15.081521739130434
1361415674.242,37.234042553191486
1361415674.683,8.948037790697676
1361415675.127,10.479607250755286
1361415675.252,26.93965517241379
1361415675.315,17.392113095238095
1361415675.987,3.947368421052632
1361415677.128,17.875339673913043
1361415675.388,11.239035087719298
1361415697.94,2500.0
1361415698.193,2968.75
1361415696.117,7859.375
1361415702.665,833.3333333333334
1361415702.981,726.5625
1361415703.526,2500.0
1361415703.647,2437.5
1361415701.533,2500.0
1361415702.084,789.5220588235294
1361415696.508,562.5
1361415698.684,1609.375
1361415699.804,487.5
1361415703.764,2437.5
1361415695.761,833.3333333333334
1361415679.924,500.0
1361415680.05,3578.125
1361415680.107,1500.0
1361415680.11,150.0
1361415678.189,32.986111111111114
1361415680.109,17.705251479289938
1361415678.692,37.413990825688074
1361415678.797,3.9623205741626792
1361415680.587,6.574453551912569
1361415679.399,10.95124633431085
1361415677.975,582.03125
1361415678.263,23.13966275659824
1361415680.183,18.253058103975537
1361415678.326,10.416666666666666
1361415680.431,57.180851063829785
1361415678.766,39.38230994152047
1361415682.719,23.018973214285715
1361415683.414,16.222426470588236
1361415683.521,4.373177842565598
1361415683.648,4.335260115606936
1361415684.282,4.373177842565598
1361415685.334,10.323660714285714
1361415685.524,4.732142857142858
1361415685.588,404.2119565217391
1361415685.19,4.504504504504505
1361415704.374,968.75
1361415709.95,3010.4166666666665
1361415707.057,625.0
1361415707.309,1250.0
1361415709.488,625.0
1361415703.855,1250.0
1361415706.537,2500.0
1361415704.424,500.0
1361415706.663,812.5
1361415704.486,1250.0
1361415704.802,2968.75
1361415705.474,1484.375
1361415705.659,812.5
1361415709.179,1203.125
1361415687.841,4.273504273504274
1361415687.966,4.398826979472141
1361415688.028,44.11764705882353
1361415686.292,72.96358858858859
1361415688.339,10.526812688821753
1361415686.646,4.373177842565598
1361415687.079,4.385964912280701
1361415688.999,4.373177842565598
1361415688.998,4.3478260869565215
1361415687.69,4.411764705882353
1361415689.35,18.32217261904762
1361415689.478,19.50354609929078
1361415686.303,19.25296833773087
1361415686.556,26.128887559808614
1361415687.285,15.486725663716815
1361415688.818,14.836795252225519
1361415689.488,16.74440298507463
1361415689.602,4.373177842565598
1361415690.285,20.39274924471299
1361415690.664,4.373177842565598
1361415691.725,26.80980215827338
1361415692.171,270.0892857142857
1361415693.163,16.181379821958455
1361415689.573,15.855457227138645
1361415689.572,12.054896142433234
1361415690.437,4.464285714285714
1361415690.753,4.385964912280701
1361415691.256,4.3478260869565215
1361415692.12,6.8359375
1361415692.688,835.9375
1361415692.199,1494.7916666666667
1361415692.152,543.8988095238095
1361415713.532,3703.125
1361415717.871,2500.0
1361415714.536,415.17857142857144
1361415714.659,1250.0
1361415714.662,352.34375
1361415712.549,474.35897435897436
1361415714.789,135.41666666666666
1361415710.629,502.60416666666663
1361415712.865,625.0
1361415715.277,968.75
1361415715.466,386.0294117647059
1361415715.591,674.1071428571429
1361415716.226,2500.0
1361415719.488,1250.0
1361415714.141,1484.375
1361415714.649,3218.75
1361415712.66,545.2302631578947
1361415715.153,3218.75
1361415716.272,3218.75
1361415696.008,19.715073529411764
1361415696.194,141.51785714285714
1361415694.331,19.513081395348838
1361415696.633,18.617021276595743
1361415696.794,77.11693548387098
1361415696.919,149.4140625
1361415695.541,23.003472222222225
1361415695.541,17.503665689149557
1361415693.99,19.323224852071007
1361415694.536,16.186377245508982
1361415694.599,12.936827956989248
1361415694.787,149.4140625
1361415695.205,4.2979942693409745
1361415695.135,17.850654069767444
1361415696.991,4.437869822485207
1361415695.326,20.026408450704228
1361415695.39,18.821022727272727
1361415698.326,13.157894736842104
1361415698.515,1223.9583333333333
1361415698.705,18.63872403560831
1361415699.085,19.50354609929078
1361415699.212,16.237745098039216
1361415700.817,37.17830882352941
1361415701.137,28.40099715099715
1361415697.802,23.133680555555557
1361415698.309,2562.5
1361415698.371,12.939453125
1361415698.977,16.181379821958455
1361415699.103,21.529796511627907
1361415699.164,5.826271186440678
1361415699.479,8.537371134020617
1361415699.542,19.41835260115607
1361415700.028,19.642857142857142
1361415701.488,33.35674157303371
1361415701.614,11.194029850746269
1361415719.944,1250.0
1361415726.65,1250.0
1361415722.039,8078.125
1361415724.182,2500.0
1361415721.558,833.3333333333334
1361415719.95,2437.5
1361415726.827,2500.0
1361415723.115,198.4375
1361415726.762,1218.75
1361415723.62,1250.0
1361415725.773,2500.0
1361415704.007,13.353115727002967
1361415702.274,27.888808139534884
1361415704.322,4812.5
1361415704.321,4.322766570605188
1361415702.399,26.361476608187136
1361415702.693,12.885273972602741
1361415702.818,12.509164222873899
1361415704.865,799.1071428571429
1361415703.193,57.180851063829785
1361415705.24,57.180851063829785
1361415703.428,1265.625
1361415703.491,184.0277777777778
1361415703.552,20.495129870129873
1361415701.879,58.423913043478265
1361415701.942,18.18426724137931
1361415701.941,16.645951704545457
1361415702.004,34.090909090909086
1361415704.114,12.966417910447761
1361415704.335,4.10958904109589
1361415704.652,23.50663716814159
1361415702.896,30.333577712609973
1361415704.879,21.646594684385384
1361415705.004,22.273936170212764
1361415705.064,22.88276627218935
1361415705.435,31.426056338028168
1361415706.081,37.234042553191486
1361415706.08,24.245689655172413
1361415706.143,29.875366568914956
1361415706.648,20.0768156424581
1361415707.091,184.0277777777778
1361415707.448,783.4821428571429
1361415709.323,17.869971264367816
1361415709.449,10.232300884955752
1361415706.178,23.525776836158194
1361415706.665,694.3359375
1361415706.728,20.108309659090907
1361415707.046,13.06733630952381
1361415708.348,16.44059065934066
1361415729.906,1250.0
1361415734.063,2437.5
1361415730.219,2437.5
1361415730.413,1250.0
1361415730.73,1484.375
1361415730.979,1250.0
1361415728.869,804.6875
1361415735.074,2437.5
1361415735.245,833.3333333333334
1361415735.496,2437.5
1361415732.358,2500.0
1361415729.667,989.5833333333334
1361415734.174,1250.0
1361415730.334,833.3333333333334
1361415730.777,1250.0
1361415735.219,1250.0
1361415727.475,429.08653846153845
1361415732.145,2500.0
1361415710.512,23.41472303206997
1361415713.284,14.63963963963964
1361415711.533,35.889355742296914
1361415711.973,19.50354609929078
1361415714.377,1802.3726851851852
1361415714.751,18.428308823529413
1361415714.754,10.714285714285714
1361415716.182,13.06733630952381
1361415714.45,17.76603498542274
1361415716.382,375.0
1361415716.397,353.515625
1361415714.891,256.4903846153846
1361415737.824,1250.0
1361415742.422,1250.0
1361415736.72,67.48670212765957
1361415736.783,2500.0
1361415737.272,1250.0
1361415735.288,114.95535714285714
1361415737.331,58.779761904761905
1361415740.274,2500.0
1361415737.586,750.0
1361415741.332,828.125
1361415741.714,1250.0
1361415738.063,2500.0
1361415737.998,2500.0
1361415742.03,2156.25
1361415736.014,3218.75
1361415738.506,2437.5
1361415739.14,1718.75
1361415743.016,2500.0
1361415743.143,2500.0
1361415737.247,1250.0
1361415740.062,552.0833333333334
1361415741.251,572.9166666666666
1361415718.006,16.133505917159763
1361415720.302,1789.0625
1361415719.775,136.81640625
1361415721.815,51.43900343642611
1361415723.82,22.75713213213213
1361415724.875,18.585526315789473
1361415724.935,22.690217391304348
1361415725.697,11.878654970760234
1361415721.917,8.165083135391923
1361415722.023,14.04389880952381
1361415722.149,16.96428571428571
1361415725.517,18.325070821529746
1361415745.738,812.5
1361415750.791,1072.9166666666667
1361415747.333,2437.5
1361415744.979,2500.0
1361415750.751,312.5
1361415750.921,2500.0
1361415751.172,625.0
1361415751.172,2500.0
1361415747.651,1072.9166666666667
1361415748.221,1609.375
1361415726.003,22.418478260869563
1361415727.907,3640.625
1361415725.795,5.506292906178489
1361415725.92,19.835329341317365
1361415726.518,16.362463126843657
1361415726.457,19.50354609929078
1361415728.756,22.98062865497076
1361415728.818,4.451038575667656
1361415729.108,29.06436011904762
1361415727.499,12.602306547619047
1361415730.88,4.373177842565598
1361415731.388,107.14285714285714
1361415731.81,4.411764705882353
1361415732.059,22.061434659090907
1361415732.379,5.003776435045317
1361415733.076,14.58960843373494
1361415733.055,21.49010263929619
1361415729.85,17.66859673024523
1361415730.167,41.710805084745765
1361415730.832,4.335260115606936
1361415731.274,25.36231884057971
1361415731.843,23.164970930232556
1361415732.455,4.411764705882353
1361415732.773,679.6875
1361415733.338,4.437869822485207
1361415733.61,340.97222222222223
1361415754.633,1250.0
1361415755.011,3218.75
1361415758.85,1250.0
1361415755.01,2500.0
1361415755.369,1218.75
1361415755.495,2437.5
1361415753.505,357.14285714285717
1361415757.57,3218.75
1361415757.634,1250.0
1361415758.014,2500.0
1361415753.917,2437.5
1361415754.107,2500.0
1361415752.185,2500.0
1361415754.482,1250.0
1361415759.438,1250.0
1361415757.188,1250.0
1361415736.122,15.810459940652818
1361415734.265,18.8687865497076
1361415734.264,149.4140625
1361415736.374,17.075224550898202
1361415734.453,9.322161835748792
1361415736.373,149.4140625
1361415734.997,6.4655172413793105
1361415737.294,21.940494011976046
1361415735.787,4.273504273504274
1361415735.721,6.266276041666667
1361415734.113,10.448042168674698
1361415736.451,13.500755287009063
1361415734.529,4.411764705882353
1361415736.637,14.925373134328359
1361415734.717,29.35878962536023
1361415737.243,830.078125
1361415737.179,22.616366366366368
1361415735.447,591.7338709677418
1361415735.698,23.065476190476193
1361415735.687,4468.75
1361415738.603,848.6842105263158
1361415737.819,11.73048048048048
1361415738.367,21.21517595307918
1361415738.866,7.7932098765432105
1361415741.293,19.877958579881657
1361415761.993,812.5
1361415762.622,1250.0
1361415760.827,1250.0
1361415761.187,1250.0
1361415763.554,833.3333333333334
1361415764.761,812.5
1361415765.143,2500.0
1361415765.586,1498.4375
1361415766.257,625.0
1361415762.797,1609.375
1361415766.954,2500.0
1361415760.936,804.6875
1361415767.143,1484.375
1361415763.75,833.3333333333334
1361415759.686,1250.0
1361415763.974,2500.0
1361415764.93,833.3333333333334
1361415743.97,19.77401129943503
1361415742.11,2718.75
1361415742.176,20.833333333333332
1361415742.661,30.23298816568047
1361415743.099,23.413897280966765
1361415743.218,10.448042168674698
1361415745.365,1500.0
1361415742.254,13.044724770642201
1361415742.317,10.479607250755286
1361415744.9,111.1111111111111
1361415744.961,21.652448071216618
1361415743.482,21.412037037037038
1361415745.086,19.50354609929078
1361415745.149,27.116642441860463
1361415745.211,22.59036144578313
1361415749.879,1177.0833333333333
1361415746.036,18.583579881656807
1361415748.232,21.324088145896656
1361415749.667,10.140117994100295
1361415748.372,14.246323529411764
1361415771.205,317.7083333333333
1361415767.897,3218.75
1361415774.354,2156.25
1361415775.213,989.5833333333334
1361415769.062,1484.375
1361415769.374,625.0
1361415769.76,1250.0
1361415772.703,3218.75
1361415774.146,539.0625
1361415774.146,989.5833333333334
1361415768.32,742.1875
1361415771.255,415.17857142857144
1361415768.858,609.375
1361415772.377,500.0
1361415772.567,1250.0
1361415767.763,2500.0
1361415751.344,15.268874643874645
1361415753.425,15.533088235294118
1361415751.923,765.625
1361415753.88,14.03443113772455
1361415754.069,9.966777408637872
1361415754.195,5164.0625
1361415757.756,149.4140625
1361415753.788,21.59090909090909
1361415754.52,67.20132743362832
1361415757.134,19.35634328358209
1361415757.264,23.61918604651163
1361415776.209,322.9166666666667
1361415778.506,1250.0
1361415776.837,487.5
1361415776.072,2500.0
1361415777.11,50.4954268292683
1361415775.642,833.3333333333334
1361415777.177,500.0
1361415780.245,625.0
1361415760.244,18.246644295302016
1361415760.242,149.4140625
1361415758.322,27.9796511627907
1361415760.724,10.172872340425533
1361415760.972,21.09375
1361415761.035,18.76822157434402
1361415761.035,24.419642857142858
1361415761.16,20.04278273809524
1361415761.16,232.14285714285714
1361415760.631,21.25186011904762
1361415760.631,26.649052478134113
1361415758.771,77.11693548387098
1361415759.439,21.719208211143698
1361415783.076,1326.5625
1361415762.03,941.40625
1361415763.207,10.448042168674698
1361415763.395,7.7931141439205955
1361415764.09,10.416666666666666
1361415765.141,13.94589552238806
1361415762.48,160.87962962962962
1361415762.795,19.978005865102638
1361415763.341,22.778614457831324
1361415763.531,13.816765578635016
1361415763.721,3460.9375
1361415764.641,18.89749262536873
1361415764.893,24.67830882352941
1361415788.531,4421.875
1361415789.967,625.0
1361415784.138,2437.5
1361415790.341,3218.75
1361415786.693,371.3235294117647
1361415787.199,833.3333333333334
1361415789.144,581.25
1361415786.552,2500.0
1361415786.805,1250.0
1361415784.563,888.671875
1361415784.561,1250.0
1361415787.565,933.59375
1361415785.363,1250.0
1361415765.906,14.529344512195122
1361415766.215,29.384328358208958
1361415767.194,10.354477611940299
1361415767.801,10.448042168674698
1361415765.81,1984.375
1361415768.274,10.323660714285714
1361415768.929,10.447214076246334
1361415770.83,333.0078125
1361415771.021,57.69230769230769
1361415771.068,50.86436170212766
1361415773.703,17.661118980169974
1361415771.673,22.19406906906907
1361415772.47,10.448042168674698
1361415793.022,414.0625
1361415791.918,2500.0
1361415794.975,1218.75
1361415795.165,625.0
1361415799.131,625.0
1361415795.713,840.1988636363636
1361415799.677,2906.25
1361415793.594,1250.0
1361415793.656,812.5
1361415797.236,1250.0
1361415793.89,2437.5
1361415798.175,2500.0
1361415794.205,3218.75
1361415798.427,1484.375
1361415795.637,2437.5
1361415793.075,1250.0
1361415791.407,357.14285714285717
1361415793.388,833.3333333333334
1361415793.642,625.0
1361415774.107,22.6978550295858
1361415776.339,21.920289855072465
1361415775.69,16.57986111111111
1361415775.971,10.511363636363637
1361415773.982,10.293026706231453
1361415774.049,4.545454545454545
1361415775.472,13.328530259365994
1361415777.478,14.246323529411764
1361415778.388,308.17307692307696
1361415777.985,1496.875
1361415806.566,1250.0
1361415800.737,500.0
1361415800.926,1250.0
1361415803.678,812.5
1361415801.793,3218.75
1361415805.182,1218.75
1361415805.117,3218.75
1361415805.564,3218.75
1361415805.756,1250.0
1361415802.467,202.30263157894737
1361415800.351,833.3333333333334
1361415800.478,2500.0
1361415803.29,2500.0
1361415800.662,2500.0
1361415804.411,2500.0
1361415805.173,2437.5
1361415784.224,15.30425219941349
1361415782.234,13.544617563739376
1361415785.428,18.973214285714285
1361415784.365,20.671033994334277
1361415783.613,13.836596385542169
1361415807.06,1210.2272727272727
1361415787.344,10.448042168674698
1361415788.544,19.380563798219583
1361415788.779,4.545454545454545
1361415786.431,16.080539358600586
1361415786.495,921.875
1361415810.147,581.25
1361415813.099,833.3333333333334
1361415810.763,1250.0
1361415814.667,2437.5
1361415811.017,1484.375
1361415811.629,415.17857142857144
1361415811.692,833.3333333333334
1361415809.062,2968.75
1361415812.197,833.3333333333334
1361415812.51,804.6875
1361415809.761,1250.0
1361415812.641,438.3680555555556
1361415791.95,1332.5892857142858
1361415792.448,20.703125
1361415790.817,5875.0
1361415793.402,18.78612716763006
1361415791.731,4062.5
1361415791.984,149.4140625
1361415797.388,16.938813813813816
1361415806.244,9.29054054054054
1361415819.674,581.25
1361415819.674,419.87179487179486
1361415817.525,833.3333333333334
1361415823.668,3218.75
1361415820.723,2500.0
1361415821.298,1250.0
1361415818.197,2500.0
1361415818.645,334.44148936170217
1361415823.112,742.1875
1361415819.847,2500.0
1361415823.154,2500.0
1361415823.407,625.0
1361415820.583,401.59574468085106
1361415821.348,833.3333333333334
1361415821.666,462.1710526315789
1361415798.556,149.4140625
1361415800.409,15.319483240223464
1361415800.659,18.560606060606062
1361415800.845,17.605027548209364
1361415799.717,149.4140625
1361415800.48,15.578078078078077
1361415798.877,10.323660714285714
1361415799.376,26.394774011299436
1361415799.376,17.454954954954953
1361415803.081,16.124636627906977
1361415803.272,24.981563421828906
1361415803.376,21.60203313253012
1361415804.006,1871.09375
1361415804.07,20.693824404761905
1361415804.938,24.0625
1361415803.831,19.092085798816566
1361415803.891,23.574561403508774
1361415826.208,658.203125
1361415827.727,372.24264705882354
1361415827.662,474.8263888888889
1361415828.528,2500.0
1361415825.454,1250.0
1361415823.726,294.8069852941176
1361415828.782,2500.0
1361415823.725,482.2916666666667
1361415829.097,2437.5
1361415829.905,2437.5
1361415826.317,2437.5
1361415826.95,1484.375
1361415827.456,166.66666666666666
1361415828.069,2500.0
1361415825.689,320.3125
1361415828.758,253.90625
1361415829.248,3218.75
1361415805.933,15.497967479674797
1361415806.431,13.228244837758112
1361415806.661,679.6875
1361415809.302,10.448042168674698
1361415806.982,8.431905370843989
1361415810.168,20.422149122807017
1361415812.496,1187.5
1361415812.559,23.060993975903614
1361415812.94,10.354477611940299
1361415832.213,833.3333333333334
1361415832.217,500.0
1361415832.72,612.7717391304349
1361415833.139,56.40243902439025
1361415831.473,312.5
1361415831.663,337.1010638297872
1361415837.582,500.0
1361415834.058,1250.0
1361415838.15,1250.0
1361415832.26,833.3333333333334
1361415834.626,410.0609756097561
1361415832.699,403.3717105263158
1361415835.174,1250.0
1361415835.176,625.0
1361415835.304,2500.0
1361415832.744,505.20833333333337
1361415835.429,1250.0
1361415831.139,201.171875
1361415839.138,2500.0
1361415835.681,1072.9166666666667
1361415836.189,581.25
1361415839.449,2437.5
1361415836.316,989.5833333333334
1361415839.707,2968.75
1361415836.569,408.203125
1361415836.696,638.8888888888888
1361415815.961,1156.25
1361415816.023,21.732954545454543
1361415814.291,15.485491071428571
1361415816.688,13.42558651026393
1361415816.874,14.229910714285714
1361415817.103,10.172287390029325
1361415813.95,20.168768545994066
1361415814.743,10.479607250755286
1361415816.629,11.824324324324325
1361415816.691,25.614002932551323
1361415816.813,22.727272727272727
1361415817.55,16.74440298507463
1361415817.485,16.277985074626866
1361415818.173,13.671875
1361415818.298,23.203592814371255
1361415818.93,44.4140625
1361415820.487,49.8046875
1361415821.42,79.6875
1361415818.628,19.63256484149856
1361415820.313,12.838084795321638
1361415841.991,1218.75
1361415840.13,1250.0
1361415846.649,2500.0
1361415843.0,2500.0
1361415847.003,2500.0
1361415841.045,1250.0
1361415843.99,1250.0
1361415841.555,1250.0
1361415847.635,2906.25
1361415841.744,1250.0
1361415845.685,2968.75
1361415842.097,2500.0
1361415846.884,3218.75
1361415843.299,1609.375
1361415847.119,1250.0
1361415847.305,1218.75
1361415839.367,371.09375
1361415847.493,1250.0
1361415841.604,1250.0
1361415841.789,804.6875
1361415841.664,437.5
1361415844.862,1250.0
1361415823.094,11.591246290801186
1361415825.244,30.50595238095238
1361415825.15,20.135788690476193
1361415825.926,302.77777777777777
1361415829.775,14.966114457831326
1361415826.818,10.262573964497042
1361415828.313,13.532366071428571
1361415828.503,187.5
1361415828.567,1640.625
1361415826.386,22.8015988372093
1361415826.575,17.910447761194032
1361415827.46,10.385479041916168
1361415828.01,110.41666666666666
1361415828.008,149.4140625
1361415828.453,10.416666666666666
1361415828.579,4.373177842565598
1361415852.206,281.8287037037037
1361415847.996,2500.0
1361415848.691,2500.0
1361415850.802,363.28125
1361415855.63,2500.0
1361415852.424,2781.25
1361415852.423,1250.0
1361415852.806,1218.75
1361415853.169,2500.0
1361415853.169,500.0
1361415848.543,1250.0
1361415848.771,833.3333333333334
1361415851.326,484.375
1361415847.541,463.94230769230774
1361415853.724,833.3333333333334
1361415830.22,2562.5
1361415832.866,39.8936170212766
1361415832.992,14.943677325581396
1361415833.02,25.746268656716417
1361415831.541,22.616366366366368
1361415831.787,58.91628440366972
1361415832.453,500.0
1361415832.559,200.52083333333334
1361415835.128,10.323660714285714
1361415835.128,10.354477611940299
1361415835.19,1656.25
1361415835.565,23.36795252225519
1361415837.378,15.344311377245509
1361415834.966,1671.875
1361415836.075,13.14558383233533
1361415860.002,3068.75
1361415855.988,2437.5
1361415854.698,486.37820512820514
1361415856.908,1250.0
1361415859.847,625.0
1361415861.5,3218.75
1361415861.564,3218.75
1361415855.851,2437.5
1361415859.038,2500.0
1361415858.973,2500.0
1361415856.667,376.32978723404256
1361415859.842,1250.0
1361415859.969,363.28125
1361415860.539,484.375
1361415861.433,1072.9166666666667
1361415839.949,15.348451327433628
1361415840.075,16.432370820668694
1361415838.51,21.732954545454543
1361415838.412,23.04339762611276
1361415841.476,17.433234421364986
1361415842.265,14.782681940700808
1361415843.085,18.36053412462908
1361415843.148,3382.8125
1361415845.51,15.670028818443805
1361415843.837,10.448042168674698
1361415844.63,3101.5625
1361415845.328,15.943877551020408
1361415864.433,1660.7142857142858
1361415864.125,2500.0
1361415866.365,625.0
1361415866.62,1250.0
1361415866.746,1250.0
1361415867.8,229.83870967741933
1361415868.433,2500.0
1361415871.76,2500.0
1361415868.75,1218.75
1361415869.384,1250.0
1361415864.054,625.0
1361415867.557,2500.0
1361415871.016,833.3333333333334
1361415867.6,2500.0
1361415871.305,625.0
1361415867.976,2500.0
1361415871.556,833.3333333333334
1361415868.545,742.1875
1361415846.602,21.12610946745562
1361415848.582,18.78720238095238
1361415846.786,23.273273273273272
1361415849.178,23.48513719512195
1361415847.739,16.333081570996978
1361415847.862,22.857142857142858
1361415847.862,15.804083094555873
1361415846.381,17.961876832844577
1361415848.234,16.5625
1361415846.729,21.627565982404693
1361415846.859,11.812200956937799
1361415848.581,1291.6666666666667
1361415848.158,10.416666666666666
1361415852.171,14.968093093093092
1361415852.425,12.90967987804878
1361415852.552,25.028495440729483
1361415853.536,28.802710843373493
1361415878.381,968.75
1361415874.731,833.3333333333334
1361415870.758,389.945652173913
1361415878.882,1484.375
1361415872.971,1218.75
1361415876.038,416.6666666666667
1361415877.372,1250.0
1361415874.269,1250.0
1361415874.968,2500.0
1361415872.471,833.3333333333334
1361415876.782,609.375
1361415877.674,1609.375
1361415857.007,15.07026627218935
1361415857.482,31.86968838526912
1361415853.892,19.58886430678466
1361415855.787,2718.75
1361415856.448,32.46929190751445
1361415856.511,15.164085545722715
1361415856.635,45.13379765395894
1361415855.347,13.985058309037901
1361415858.9,10.172287390029325
1361415859.09,18.591772151898734
1361415860.267,10.385479041916168
1361415858.344,743.3035714285714
1361415858.723,1359.375
1361415858.914,18.395712209302328
1361415861.272,10.416666666666666
1361415861.332,14.241071428571429
1361415859.081,286.3636363636364
1361415882.477,2500.0
1361415882.479,415.17857142857144
1361415884.042,833.3333333333334
1361415886.746,3218.75
1361415883.162,833.3333333333334
1361415887.288,371.09375
1361415884.278,1250.0
1361415887.729,2500.0
1361415879.727,1609.375
1361415881.838,415.17857142857144
1361415863.95,10.262573964497042
1361415863.95,21.61688790560472
1361415862.156,15.393175074183977
1361415864.261,14.395043731778426
1361415862.506,24.712537091988132
1361415863.552,10.385479041916168
1361415867.901,10.479607250755286
1361415868.772,18.7125748502994
1361415869.026,33.225574712643684
1361415869.402,14.145710059171597
1361415869.529,22.135416666666668
1361415866.545,22.058823529411764
1361415867.493,20.89442815249267
1361415868.558,17.764136904761905
1361415869.065,19.304142441860463
1361415868.844,21.169354838709676
1361415892.974,2812.5
1361415884.905,264.99155405405406
1361415894.244,1007.1022727272727
1361415887.945,138.88888888888889
1361415890.628,581.25
1361415890.88,2500.0
1361415894.908,2906.25
1361415895.034,2437.5
1361415895.16,1484.375
1361415887.829,625.0
1361415893.14,833.3333333333334
1361415890.128,2500.0
1361415890.683,2500.0
1361415888.314,2437.5
1361415891.567,726.5625
1361415869.884,13.642371601208458
1361415872.407,19.64681952662722
1361415870.735,1281.25
1361415871.401,19.0503003003003
1361415872.258,23.091814159292035
1361415870.337,17.70203927492447
1361415870.744,10.354477611940299
1361415871.306,23.023897058823533
1361415874.32,15.126811594202898
1361415874.514,15.901548672566372
1361415877.508,16.19318181818182
1361415874.045,10.385479041916168
1361415874.588,38.56382978723404
1361415876.338,19.400706940874034
1361415877.392,38.56382978723404
1361415898.099,1250.0
1361415898.225,2500.0
1361415898.668,833.3333333333334
1361415903.012,1484.375
1361415900.108,1609.375
1361415903.001,828.125
1361415899.542,1484.375
1361415903.316,726.5625
1361415899.835,500.0
1361415901.102,581.25
1361415878.071,17.75147928994083
1361415879.595,24.533155487804876
1361415877.863,12.490781710914453
1361415878.522,2062.5
1361415881.952,15.85144927536232
1361415882.394,21.324088145896656
1361415882.963,15.582074175824175
1361415883.216,22.16998525073746
1361415884.141,17.881016042780747
1361415882.243,10.416666666666666
1361415904.075,2500.0
1361415907.012,2968.75
1361415907.011,625.0
1361415907.265,989.5833333333334
1361415907.517,833.3333333333334
1361415907.939,726.5625
1361415908.319,1250.0
1361415908.573,2500.0
1361415909.654,581.25
1361415906.257,989.5833333333334
1361415906.68,625.0
1361415904.754,812.5
1361415907.441,1250.0
1361415905.07,742.1875
1361415885.923,313.9204545454545
1361415887.025,12.935830860534125
1361415888.876,2031.25
1361415887.339,4.335260115606936
1361415887.75,22.230320699708457
1361415886.627,19.005847953216374
1361415886.56,18.04315476190476
1361415888.955,1500.0
1361415892.903,10.354477611940299
1361415893.22,10.262573964497042
1361415893.284,16.034985422740526
1361415890.557,19.776119402985074
1361415893.07,24.74340175953079
1361415893.808,892.0454545454546
1361415914.251,2500.0
1361415918.533,833.3333333333334
1361415910.786,370.65972222222223
1361415915.578,625.0
1361415916.0,2968.75
1361415916.318,357.14285714285717
1361415913.691,2968.75
1361415913.755,833.3333333333334
1361415916.889,2437.5
1361415914.805,804.6875
1361415918.771,2500.0
1361415913.258,833.3333333333334
1361415919.466,500.0
1361415913.431,1072.9166666666667
1361415919.255,5375.0
1361415898.431,18.50328947368421
1361415899.357,12.981495468277945
1361415899.732,10.172287390029325
1361415899.861,28.24344023323615
1361415899.924,47.69736842105264
1361415900.976,21.260245901639344
1361415898.379,13.301749271137027
1361415922.222,2500.0
1361415927.328,2437.5
1361415921.159,2156.25
1361415921.281,833.3333333333334
1361415925.752,1250.0
1361415926.684,2906.25
1361415926.683,107.421875
1361415923.16,2500.0
1361415927.564,2500.0
1361415920.974,348.9583333333333
1361415903.789,2390.625
1361415902.432,19.95759587020649
1361415904.693,1699.21875
1361415904.041,11.811755952380953
1361415902.671,23.505830903790088
1361415902.671,2718.75
1361415902.67,20.149253731343283
1361415904.648,77.11693548387098
1361415903.047,10.511363636363637
1361415903.269,10.511363636363637
1361415905.368,10.416666666666666
1361415906.122,10.323660714285714
1361415907.069,13.884052924791087
1361415907.302,19.475286532951287
1361415906.095,77.11693548387098
1361415906.453,18.48266961651917
1361415906.704,10.354477611940299
1361415906.957,10.323660714285714
1361415907.268,23.004737609329446
1361415909.509,17.955043859649123
1361415934.145,1609.375
1361415930.557,1250.0
1361415930.873,550.0
1361415928.88,476.76282051282055
1361415931.759,2500.0
1361415928.943,114.58333333333333
1361415929.742,609.375
1361415929.869,500.0
1361415933.387,2500.0
1361415934.2,833.3333333333334
1361415934.326,1250.0
1361415928.309,2437.5
1361415930.868,1218.75
1361415931.566,2500.0
1361415931.757,456.25
1361415931.821,481.97115384615387
1361415931.947,515.625
1361415927.815,399.03846153846155
1361415909.887,19.36751497005988
1361415913.446,16.893115942028988
1361415912.502,19.948630136986303
1361415910.999,828.125
1361415913.418,10.354477611940299
1361415913.592,18.314169139465875
1361415911.722,1312.5
1361415911.721,328.125
1361415914.129,12.096774193548386
1361415914.823,21.00183823529412
1361415914.204,140.625
1361415916.014,21.930637982195844
1361415917.512,20.678783382789316
1361415917.126,12.630988023952096
1361415918.824,4953.125
1361415936.671,833.3333333333334
1361415940.092,1250.0
1361415940.285,833.3333333333334
1361415937.659,292.6136363636364
1361415941.812,1250.0
1361415941.872,656.25
1361415938.647,160.15625
1361415942.547,812.5
1361415939.659,1250.0
1361415939.658,3218.75
1361415943.35,1250.0
1361415943.414,2500.0
1361415920.824,17.736486486486484
1361415920.952,13.552718832891248
1361415921.059,74.70703125
1361415918.201,12.593283582089553
1361415922.143,25.165929203539825
1361415923.513,10.385479041916168
1361415531.554,104896.16989768443
1361415924.597,487.6644736842105
1361415950.325,1250.0
1361415944.746,2500.0
1361415944.809,2437.5
1361415946.223,418.6698717948718
1361415946.537,2437.5
1361415949.428,409.5982142857143
1361415927.781,150.5681818181818
1361415927.904,10.293026706231453
1361415928.629,149.4140625
1361415927.345,22.970085470085472
1361415929.359,77.11693548387098
1361415926.19,10.385479041916168
1361415927.172,39.266304347826086
1361415931.643,28.189910979228486
1361415932.085,33.846439169139465
1361415932.824,35.68941504178273
1361415932.82,8718.75
1361415930.607,393.02884615384613
1361415931.491,18.182663690476193
1361415932.159,22.600446428571427
1361415932.476,16.31841715976331
1361415958.849,1453.125
1361415955.326,529.5138888888888
1361415957.146,2500.0
1361415957.272,487.5
1361415952.056,2500.0
1361415954.427,544.034090909091
1361415958.457,968.75
1361415954.87,833.3333333333334
1361415952.435,968.75
1361415953.548,1250.0
1361415936.02,7.695195195195195
1361415935.434,159.375
1361415937.603,37.94642857142857
1361415936.703,10.262573964497042
1361415937.397,543.75
1361415935.221,10.448042168674698
1361415937.52,16.960470085470085
1361415938.197,250.0
1361415938.261,30.64903846153846
1361415939.314,21.792763157894736
1361415939.44,6.708115183246074
1361415939.502,22.574491279069765
1361415939.881,22.088913690476193
1361415962.103,2968.75
1361415960.053,3218.75
1361415966.575,3218.75
1361415966.574,22507.8125
1361415966.699,22507.8125
1361415960.744,1250.0
1361415963.112,833.3333333333334
1361415964.106,2500.0
1361415964.295,385.81730769230774
1361415966.312,22875.0
1361415966.438,45015.625
1361415966.752,28882.8125
1361415959.54,990.953947368421
1361415965.847,1218.75
1361415941.912,18.259447674418606
1361415944.366,2562.5
1361415945.364,16.747237569060772
1361415947.523,4.559270516717325
1361415947.887,21.00641993957704
1361415970.031,833.3333333333334
1361415970.664,424.10714285714283
1361415970.916,415.17857142857144
1361415971.355,573.4375
1361415971.468,416.6666666666667
1361415972.354,543.1985294117648
1361415972.989,22507.8125
1361415973.116,28398.4375
1361415973.308,2500.0
1361415970.014,371.09375
1361415970.394,434.2948717948718
1361415970.457,506.4102564102564
1361415966.865,3148.3552631578946
1361415971.088,625.0
1361415971.405,484.375
1361415973.351,1218.75
1361415951.395,3270.8333333333335
1361415950.992,22.469380403458214
1361415951.303,16.915560471976402
1361415955.003,14.01654411764706
1361415956.242,20.209580838323355
1361415957.11,18.032477341389725
1361415982.081,14265.625
1361415976.441,510.01602564102564
1361415978.744,1250.0
1361415982.711,1250.0
1361415976.566,357.9545454545455
1361415979.188,1250.0
1361415983.026,2437.5
1361415979.313,322.9166666666667
1361415979.567,2500.0
1361415979.694,833.3333333333334
1361415979.673,1218.75
1361415975.448,421.875
1361415975.448,495.19230769230774
1361415975.509,348.75
1361415980.433,2437.5
1361415977.808,2437.5
1361415980.491,9500.0
1361415974.387,394.6314102564102
1361415978.546,1072.9166666666667
1361415976.431,1250.0
1361415976.872,500.0
1361415976.936,833.3333333333334
1361415977.29,2500.0
1361415980.232,833.3333333333334
1361415977.286,500.0
1361415980.483,2359.375
1361415980.926,1484.375
1361415981.754,14867.1875
1361415959.882,10.511363636363637
1361415960.731,4.559270516717325
1361415959.549,11.148415977961433
1361415958.607,19.00819088319088
1361415960.5,21.93952802359882
1361415963.291,20.894970414201183
1361415963.922,23.22761194029851
1361415965.542,1156.25
1361415963.745,15.951492537313435
1361415964.06,4.559270516717325
1361415964.628,19.542910447761194
1361415964.604,149.4140625
1361415964.772,215.44471153846155
1361415990.124,552.5568181818182
1361415990.114,833.3333333333334
1361415990.177,833.3333333333334
1361415990.744,2437.5
1361415977.218,693.2357594936709
1361415988.41,5031.25
1361415981.109,93.5617469879518
1361415989.554,833.3333333333334
1361415989.809,2500.0
1361415986.091,2500.0
1361415990.452,968.75
1361415990.387,622.159090909091
1361415986.802,625.0
1361415987.434,1250.0
1361415987.561,1072.9166666666667
1361415988.109,2437.5
1361415988.617,2437.5
1361415985.8,1250.0
1361415989.7,1218.75
1361415966.044,13.513513513513514
1361415967.081,15.994822485207099
1361415969.727,10.385479041916168
1361415970.627,13.06733630952381
1361415972.44,13.717296511627907
1361415973.053,13968.75
1361415973.306,45895.5078125
1361415973.112,10.448042168674698
1361415970.891,10.354477611940299
1361415971.144,6.741071428571429
1361415971.825,10.354477611940299
1361415971.949,750.0
1361415998.237,812.5
1361415998.547,833.3333333333334
1361415995.41,2500.0
1361415999.057,2500.0
1361415995.641,833.3333333333334
1361415988.147,55.50230061349693
1361415999.666,1250.0
1361415996.593,1250.0
1361415991.726,1075.7211538461538
1361415977.901,55.47531512605042
1361415993.833,1250.0
1361415992.018,2500.0
1361415995.018,833.3333333333334
1361415995.46,7078.125
1361415995.63,2437.5
1361415996.329,1218.75
1361415977.825,231.5340909090909
1361415976.148,2278.876582278481
1361415976.212,5835.4885057471265
1361415976.212,8243.990384615385
1361415974.355,10953.125
1361415976.211,17387.033045977012
1361415974.416,21.67630057803468
1361415976.379,12.435281065088757
1361415975.267,16.663656069364162
1361415977.102,10.232300884955752
1361415977.164,21.50974025974026
1361415975.803,24.587087087087088
1361415975.852,5930.208333333334
1361415976.104,9787.974683544304
1361415976.104,10335.9375
1361415976.104,7591.415229885058
1361415976.167,17.941497093023255
1361415976.479,14.196165191740414
1361415976.549,10.202205882352942
1361415977.594,21.921641791044777
1361415981.867,7306.5625
1361415978.403,10.354477611940299
1361415980.28,18785.472972972973
1361415980.28,2774.147727272727
1361415980.28,3792.410714285714
1361415980.28,25846.041666666668
1361415980.28,8076.967592592593
1361415980.28,24375.202922077922
1361415980.28,16440.808823529413
1361415980.28,178000.0
1361415980.277,3031.25
1361415980.277,9289.0625
1361415980.277,14084.69012605042
1361415980.277,87906.25
1361415980.831,5976.5625
1361415981.341,22.65861027190332
1361415981.148,16033.854166666668
1361415981.148,10296.875
1361415980.165,11313.151041666666
1361415980.165,3696.4285714285716
1361415980.165,7176.0817307692305
1361415980.165,2694.0720752089137
1361415980.165,28856.597222222223
1361415980.165,9740.0
1361415980.228,10843.75
1361415980.164,8421.875
1361415980.164,2507.211538461538
1361415980.164,3449.776785714286
1361415980.164,23466.84966216216
1361415980.164,3171.875
1361415980.354,16.621376811594203
1361415980.545,23.71987951807229
1361415980.988,9390.625
1361415981.664,15359.375
1361415981.664,22328.125
1361415981.659,11024.099576271186
1361415981.659,8581.866197183099
1361415980.245,25640.625
1361415982.282,25159.722222222223
1361416002.482,1311.298076923077
1361416000.472,1250.0
1361416006.803,416.6666666666667
1361416001.329,2437.5
1361416004.843,3218.75
1361416001.767,416.6666666666667
1361416006.665,1218.75
1361416006.728,625.0
1361416006.98,2500.0
1361416004.383,1250.0
1361416004.64,90.46052631578948
1361415999.776,2437.5
1361416005.849,3218.75
1361415981.888,23059.895833333332
1361415981.888,6062.5
1361415981.887,8279.725609756097
1361415982.201,7278.125
1361415982.201,12421.875
1361415982.137,4793.75
1361415982.2,7278.125
1361415984.118,20.1937134502924
1361415982.514,13850.44642857143
1361415982.577,1929.0226063829787
1361415982.741,10.448042168674698
1361415982.109,12421.875
1361415982.108,7278.125
1361415982.107,20.082720588235297
1361415982.84,20.411036036036037
1361415982.878,10.323660714285714
1361415985.167,28.160816618911173
1361415985.893,17.392113095238095
1361415986.713,10.293026706231453
1361415988.02,10.448042168674698
1361415988.272,6691.40625
1361415987.426,149.4140625
1361415987.362,17.857142857142858
1361415989.213,14.580305232558139
1361415989.467,19.924186390532544
1361416008.054,1347.65625
1361416014.468,1250.0
1361416010.5,7078.125
1361416010.563,2500.0
1361416010.689,1250.0
1361416008.385,2500.0
1361416010.875,1250.0
1361416015.159,2500.0
1361416015.288,726.5625
1361416014.074,2500.0
1361416014.704,726.5625
1361416008.432,2500.0
1361416015.021,2500.0
1361416011.857,2500.0
1361416011.856,812.5
1361416009.294,3218.75
1361416009.672,1250.0
1361416012.87,3218.75
1361416013.443,2906.25
1361416013.187,3218.75
1361415990.024,13.415012406947891
1361415990.751,2316.40625
1361415993.145,3468.75
1361415993.394,12.234237536656892
1361415992.387,15.625
1361415990.826,14.16015625
1361415991.2,10.511363636363637
1361415993.47,21.745178041543028
1361415994.135,7.765151515151515
1361415994.45,2205.2283653846152
1361415995.438,10.354477611940299
1361415995.755,10.354477611940299
1361415994.777,24.21875
1361415995.032,10.479607250755286
1361415996.842,38.56382978723404
1361416018.105,1453.125
1361416015.992,1250.0
1361416016.117,2500.0
1361416016.241,487.5
1361416015.817,833.3333333333334
1361416020.867,2500.0
1361416018.276,625.0
1361416016.415,487.5
1361416022.877,2500.0
1361416023.231,1484.375
1361416023.671,2437.5
1361416020.277,833.3333333333334
1361416017.395,925.925925925926
1361416021.277,323.6607142857143
1361416021.277,1250.0
1361416000.34,25.27296686746988
1361415998.674,5046.875
1361416003.859,750.0
1361416004.15,20.74032738095238
1361416004.133,18.85932944606414
1361416004.513,16.830489614243323
1361416024.76,1057.2916666666667
1361416024.142,833.3333333333334
1361416030.73,2500.0
1361416024.457,804.6875
1361416027.331,968.75
1361416031.649,812.5
1361416025.375,2500.0
1361416025.438,3132.8125
1361416025.944,2500.0
1361416024.246,416.6666666666667
1361416026.74,726.5625
1361416024.939,1250.0
1361416027.669,2500.0
1361416028.679,1072.9166666666667
1361416008.139,21.031891495601172
1361416008.264,10.479607250755286
1361416009.162,18.021755162241888
1361416006.231,16.6044776119403
1361416006.418,16.40168128654971
1361416010.551,19.138313609467456
1361416010.396,10.323660714285714
1361416012.147,23.004737609329446
1361416010.222,20.74032738095238
1361416010.348,10.416666666666666
1361416010.537,20.63241839762611
1361416010.6,302.0833333333333
1361416011.422,5796.875
1361416012.974,12.444690265486726
1361416013.96,24.33101173020528
1361416014.342,19.984461325966848
1361416035.893,2408.8541666666665
1361416034.363,2500.0
1361416032.687,3218.75
1361416039.087,1250.0
1361416032.877,2500.0
1361416033.486,2343.75
1361416033.991,1250.0
1361416034.788,343.75
1361416032.35,581.25
1361416038.689,2437.5
1361416039.321,833.3333333333334
1361416031.681,240.234375
1361415980.353,2825.294384057971
1361416033.406,4484.375
1361416036.987,989.5833333333334
1361416037.624,1609.375
1361416013.901,149.4140625
1361416014.338,17.56628787878788
1361416014.812,10.448042168674698
1361416016.347,12.069610778443113
1361416017.457,2562.5
1361416017.773,15.892094017094017
1361416016.359,12.299562682215743
1361416018.91,10.354477611940299
1361416019.269,17.289201183431953
1361416020.089,1026.5625
1361416020.341,23.601726726726728
1361416020.53,33.05751928020566
1361416021.714,1932.2916666666667
1361416018.862,17.086988304093566
1361416020.732,165.625
1361416044.974,1257.1022727272727
1361416047.274,5375.0
1361416042.291,2500.0
1361416042.544,1072.9166666666667
1361416042.925,2437.5
1361416040.488,7078.125
1361416040.677,2437.5
1361416043.874,1250.0
1361416041.036,2500.0
1361416044.299,2500.0
1361416041.286,968.75
1361416041.539,1250.0
1361416045.693,609.375
1361416046.181,1250.0
1361416042.532,2500.0
1361416046.371,902.5735294117648
1361416046.56,854.1666666666666
1361416043.548,1250.0
1361416047.319,1250.0
1361416024.069,16.262755102040817
1361416024.005,16.14114114114114
1361416023.476,17.17383381924198
1361416025.646,10.323660714285714
1361416024.197,17.59572072072072
1361416024.196,10.385479041916168
1361416022.757,11.776026392961876
1361416024.276,385.4166666666667
1361416026.533,149.4140625
1361416029.715,17.257462686567166
1361416027.918,12.463343108504398
1361416028.233,18.33832335329341
1361416054.092,1250.0
1361416048.136,500.0
1361416054.596,2156.25
1361416053.967,1649.3055555555557
1361416054.767,1484.375
1361416055.33,552.0833333333334
1361416049.478,2500.0
1361416052.681,2500.0
1361416053.828,2968.75
1361416033.531,23.851102941176467
1361416033.466,22.931985294117645
1361416033.656,1183.59375
1361416033.72,11.672247023809524
1361416029.979,10.448042168674698
1361416030.831,22.825677710843372
1361416034.636,464.375
1361416038.272,22.99174174174174
1361416037.491,10.323660714285714
1361416056.011,812.5
1361416060.574,609.375
1361416062.331,625.0
1361416055.865,1250.0
1361416058.676,2500.0
1361416058.862,1250.0
1361416063.152,804.6875
1361416056.748,2500.0
1361416039.583,22.718842729970326
1361416039.645,21.893436578171094
1361416039.916,20.741959064327485
1361416042.365,19.852941176470587
1361416042.371,16.001506024096386
1361416043.232,19.01971726190476
1361416043.571,23.206360946745562
1361416044.268,413.1944444444444
1361416044.331,16.408554572271385
1361416070.474,7078.125
1361416064.137,742.1875
1361416071.611,1250.0
1361416069.202,2500.0
1361416070.458,3218.75
1361416069.38,500.0
1361416069.508,833.3333333333334
1361416047.716,24.244100294985248
1361416054.397,10.354477611940299
1361416054.712,19.554924242424242
1361416051.988,535.15625
1361416052.976,6.797082228116711
1361416053.039,14.455464071856287
1361416070.121,411.4583333333333
1361416072.446,2500.0
1361416071.837,2500.0
1361416077.97,1453.125
1361416078.897,2437.5
1361416072.493,984.375
1361416075.751,625.0
1361416079.335,2500.0
1361416071.695,500.0
1361416073.1,1250.0
1361416076.743,2500.0
1361416078.018,1250.0
1361416055.42,10.416666666666666
1361416055.483,77.11693548387098
1361416055.774,10.479607250755286
1361416057.307,74.70703125
1361416057.366,2562.5
1361416057.786,32.70348837209303
1361416057.975,10.448042168674698
1361416056.493,10.354477611940299
1361416056.964,20.833333333333332
1361416056.964,10.416666666666666
1361416057.317,11.27373417721519
1361416059.822,14.711257309941521
1361416060.311,13.619402985074627
1361416059.941,17.201409495548962
1361416060.129,10.479607250755286
1361416060.743,10.354477611940299
1361416061.375,13.72965976331361
1361416062.6,828.125
1361416084.694,792.96875
1361416081.618,1250.0
1361416084.629,968.75
1361416084.629,1218.75
1361416081.876,625.0
1361416084.946,989.5833333333334
1361416085.074,833.3333333333334
1361416086.766,357.14285714285717
1361416080.301,3218.75
1361416080.428,609.375
1361416080.743,2500.0
1361416083.877,166.66666666666666
1361416081.48,833.3333333333334
1361416084.359,625.0
1361416085.31,7078.125
1361416085.569,1218.75
1361416063.821,10.262573964497042
1361416064.642,10.293026706231453
1361416063.419,22.86135693215339
1361416066.29,14.61098820058997
1361416066.417,24.44632132132132
1361416069.182,10.416666666666666
1361416069.372,40.51906779661017
1361416090.24,1250.0
1361416094.522,968.75
1361416088.437,812.5
1361416088.626,2500.0
1361416088.981,65.14830508474577
1361416092.56,833.3333333333334
1361416094.088,1218.75
1361416090.477,2500.0
1361416088.418,1250.0
1361416088.546,1250.0
1361416089.407,2437.5
1361416089.533,1218.75
1361416093.496,833.3333333333334
1361416093.873,968.75
1361416094.693,1250.0
1361416072.358,10.232300884955752
1361416075.176,485.7954545454545
1361416077.693,149.4140625
1361416078.498,149.4140625
1361416075.224,12.30922965116279
1361416076.342,10.293026706231453
1361416096.128,833.3333333333334
1361416102.654,787.5
1361416100.44,2500.0
1361416097.617,1250.0
1361416097.745,2500.0
1361416101.136,2437.5
1361416096.486,1609.375
1361416103.142,3218.75
1361416097.732,500.0
1361416098.05,2437.5
1361416082.755,10.479607250755286
1361416079.76,10.479607250755286
1361416080.241,18.758585164835164
1361416081.774,24.90942028985507
1361416080.42,74.70703125
1361416081.053,149.4140625
1361416081.179,39.1905737704918
1361416083.869,10.479607250755286
1361416083.883,392.62820512820514
1361416083.883,10.416666666666666
1361416084.073,10.202205882352942
1361416084.81,14.878731343283581
1361416084.752,707.5892857142857
1361416103.919,1218.75
1361416104.736,2500.0
1361416105.977,1609.375
1361416109.431,1250.0
1361416110.491,2500.0
1361416107.223,726.5625
1361416111.062,1250.0
1361416110.869,3218.75
1361416103.691,139.94565217391306
1361416090.358,17.584097859327215
1361416089.102,16.238670694864048
1361416089.163,18.20006983240223
1361416089.639,22.600446428571427
1361416090.335,20.878623188405797
1361416091.227,10.385479041916168
1361416092.047,14.746671597633137
1361416093.485,10.479607250755286
1361416094.602,10.479607250755286
1361416091.014,38.975209497206706
1361416091.749,16.420284431137723
1361416092.064,149.4140625
1361416092.991,22.8015988372093
1361416112.096,3218.75
1361416112.285,416.6666666666667
1361416116.787,989.5833333333334
1361416116.914,2500.0
1361416111.854,69.88636363636364
1361416115.271,7078.125
1361416112.959,2500.0
1361416097.108,10.416666666666666
1361416097.233,10.262573964497042
1361416096.388,16.680194805194805
1361416098.151,2718.75
1361416095.734,271.3068181818182
1361416097.141,2750.0
1361416096.28,10.172287390029325
1361416097.872,10.511363636363637
1361416098.19,15.953453453453454
1361416101.598,14.787946428571429
1361416102.397,19.64681952662722
1361416102.714,149.4140625
1361416099.858,17.320736434108525
1361416100.49,366.07142857142856
1361416122.18,5375.0
1361416122.273,1250.0
1361416122.649,1250.0
1361416126.938,2500.0
1361416126.936,3218.75
1361416123.899,2500.0
1361416121.402,2500.0
1361416122.099,2437.5
1361416125.423,2500.0
1361416125.869,1218.75
1361416123.403,1072.9166666666667
1361416123.53,1218.75
1361416123.593,500.0
1361416106.01,10.385479041916168
1361416103.089,543.75
1361416103.466,16.930483028720626
1361416110.452,19.148738872403563
1361416108.908,74.70703125
1361416129.89,10342.350746268658
1361416130.657,847.1590909090909
1361416130.125,6262.648809523809
1361416130.349,7078.125
1361416132.604,2437.5
1361416129.972,5335.096153846153
1361416130.211,1250.0
1361416128.029,487.5
1361416134.748,581.25
1361416130.778,2500.0
1361416134.869,1250.0
1361416131.409,833.3333333333334
1361416131.642,1072.9166666666667
1361416129.205,1250.0
1361416129.269,3218.75
1361416133.93,1250.0
1361416133.97,363.28125
1361416113.549,2390.625
1361416112.357,750.0
1361416118.231,20.71629213483146
1361416115.254,40.438565340909086
1361416115.317,15.905688622754491
1361416115.947,24.345930232558143
1361416117.822,2348.9583333333335
1361416118.564,2562.5
1361416116.054,272.52906976744185
1361416140.371,2377.6041666666665
1361416138.522,726.5625
1361416136.471,1250.0
1361416143.247,2500.0
1361416137.008,37.64204545454545
1361416137.068,250.0
1361416142.239,1250.0
1361416135.903,437.5
1361416138.822,415.17857142857144
1361416138.886,1453.125
1361416138.945,1250.0
1361416136.7,2437.5
1361416135.607,625.0
1361416143.455,609.375
1361416137.499,1250.0
1361416137.879,833.3333333333334
1361416141.332,1250.0
1361416120.22,10.416666666666666
1361416119.752,2104.1666666666665
1361416122.273,10.354477611940299
1361416124.208,10.448042168674698
1361416124.461,10.479607250755286
1361416125.537,21.495931952662723
1361416126.361,16.503328402366865
1361416148.943,1365.625
1361416146.792,1484.375
1361416146.779,196.875
1361416144.782,2500.0
1361416145.077,1250.0
1361416145.265,7078.125
1361416145.328,2437.5
1361416151.407,1250.0
1361416146.028,2500.0
1361416146.156,833.3333333333334
1361416149.8,2437.5
1361416149.992,1250.0
1361416127.528,18.63872403560831
1361416130.554,11006.403688524591
1361416129.262,21.155973451327434
1361416130.439,8199.417372881357
1361416130.247,149.4140625
1361416130.126,3935.963114754098
1361416130.128,5982.358870967742
1361416130.813,9852.67857142857
1361416130.021,20439.66346153846
1361416130.085,9825.1953125
1361416130.085,2079.405737704918
1361416130.019,4700.961538461539
1361416130.788,16613.839285714286
1361416130.788,11779.017857142857
1361416131.097,585.171568627451
1361416131.542,20.049778761061948
1361416132.11,10.385479041916168
1361416132.173,24.193548387096772
1361416133.287,3203.125
1361416133.287,11781.25
1361416133.603,17.651296829971184
1361416134.344,10.479607250755286
1361416131.011,7920.955882352941
1361416131.011,1637.8676470588236
1361416131.615,21.78171641791045
1361416133.049,1957.3863636363635
1361416133.113,13.332709580838323
1361416133.239,22625.0
1361416133.111,20000.0
1361416133.81,20.432692307692307
1361416133.425,13859.375
1361416134.249,21.645220588235293
1361416154.728,3218.75
1361416158.695,487.5
1361416159.264,2500.0
1361416156.098,1250.0
1361416154.52,416.6666666666667
1361416155.849,2500.0
1361416155.916,742.1875
1361416156.282,1072.9166666666667
1361416153.52,833.3333333333334
1361416153.901,1250.0
1361416157.675,2500.0
1361416136.951,16.366839762611278
1361416135.727,14.890160891089108
1361416138.605,21.875
1361416140.788,17.946428571428573
1361416141.168,20.43635670731707
1361416139.944,20.443488023952096
1361416140.26,12.48123123123123
1361416142.192,10.293026706231453
1361416160.338,7078.125
1361416162.898,1250.0
1361416163.849,2500.0
1361416163.913,500.0
1361416159.858,2500.0
1361416164.146,625.0
1361416161.644,2906.25
1361416161.771,1453.125
1361416161.771,833.3333333333334
1361416165.286,1250.0
1361416166.542,625.0
1361416164.573,500.0
1361416164.7,1218.75
1361416161.628,742.1875
1361416145.13,66.40625
1361416143.695,10.448042168674698
1361416144.578,20.77205882352941
1361416145.712,10.416666666666666
1361416146.88,20.747245179063363
1361416148.939,10.416666666666666
1361416150.434,10.479607250755286
1361416150.434,928.6684782608695
1361416148.124,10.232300884955752
1361416150.313,32.67883480825959
1361416170.485,1218.75
1361416167.988,2437.5
1361416170.612,2500.0
1361416175.274,7078.125
1361416175.313,854.1666666666666
1361416168.846,416.6666666666667
1361416167.691,1250.0
1361416169.161,1250.0
1361416170.117,968.75
1361416173.059,1609.375
1361416173.251,500.0
1361416167.792,2500.0
1361416170.286,1250.0
1361416171.106,581.25
1361416175.132,2500.0
1361416168.896,3218.75
1361416169.529,2500.0
1361416169.782,2500.0
1361416152.036,17.857142857142858
1361416155.145,12.698262839879154
1361416156.581,10.293026706231453
1361416157.593,36.25
1361416158.325,21.037274096385545
1361416158.262,37.94642857142857
1361416155.626,149.4140625
1361416155.753,5812.5
1361416176.514,931.25
1361416178.382,2500.0
1361416178.634,2500.0
1361416178.761,1250.0
1361416176.708,2500.0
1361416183.106,227.27272727272725
1361416177.948,3218.75
1361416181.465,3218.75
1361416181.656,1250.0
1361416179.826,2500.0
1361416177.01,1250.0
1361416177.37,1218.75
1361416177.241,640.625
1361416158.907,559.375
1361416159.345,14.891862170087977
1361416159.486,10.354477611940299
1361416160.049,22.59475218658892
1361416164.145,13.354700854700853
1361416165.252,10.202205882352942
1361416165.383,10.354477611940299
1361416163.295,10.385479041916168
1361416164.724,204.86111111111111
1361416164.89,23.570667613636363
1361416165.777,19.61050724637681
1361416185.729,1392.0454545454545
1361416186.444,2500.0
1361416185.691,1218.75
1361416188.95,572.9166666666666
1361416190.205,3539.0625
1361416184.687,97.5609756097561
1361416187.438,1072.9166666666667
1361416187.565,625.0
1361416185.364,1250.0
1361416188.18,2500.0
1361416185.997,1250.0
1361416186.061,1250.0
1361416168.581,10.448042168674698
1361416168.842,14.334439528023598
1361416167.78,10.448042168674698
1361416170.499,10.172287390029325
1361416173.663,15.207715133531156
1361416171.488,10.448042168674698
1361416171.359,20.68014705882353
1361416172.183,14.41231343283582
1361416172.86,17.566568047337277
1361416172.922,10.416666666666666
1361416192.813,1294.642857142857
1361416199.008,833.3333333333334
1361416195.298,724.5370370370371
1361416195.615,2500.0
1361416199.43,2437.5
1361416199.62,2968.75
1361416199.683,1609.375
1361416193.344,812.5
1361416196.415,1250.0
1361416194.332,1312.5
1361416198.551,1250.0
1361416192.215,1312.5
1361416192.151,609.375
1361416194.647,2500.0
1361416197.797,3218.75
1361416176.707,10.714285714285714
1361416175.421,17.72321428571429
1361416175.606,74.70703125
1361416175.774,32.95454545454545
1361416175.899,10.354477611940299
1361416176.086,18.487237237237238
1361416178.414,10.416666666666666
1361416176.734,867.1875
1361416180.506,5.0495426829268295
1361416180.697,10.385479041916168
1361416181.266,14.385623229461757
1361416178.906,10.479607250755286
1361416180.87,880.6818181818182
1361416182.2,16.720655487804876
1361416198.981,438.28125
1361416202.376,1781.25
1361416206.594,1484.375
1361416203.07,1250.0
1361416203.387,2500.0
1361416207.48,1609.375
1361416204.064,2500.0
1361416199.837,1453.125
1361416201.627,2500.0
1361416205.207,416.3602941176471
1361416205.782,100.0
1361416205.781,3218.75
1361416206.705,1250.0
1361416203.693,3218.75
1361416207.34,2968.75
1361416207.404,2437.5
1361416203.756,1250.0
1361416201.363,1250.0
1361416201.999,812.5
1361416205.645,1250.0
1361416205.645,331.25
1361416184.762,7.279829545454545
1361416186.413,14.296187683284456
1361416185.27,11.51315789473684
1361416186.291,8.694225721784777
1361416186.543,750.0
1361416186.972,652.7777777777778
1361416188.17,21.553308823529413
1361416188.401,10.448042168674698
1361416208.068,2437.5
1361416208.637,500.0
1361416211.576,2500.0
1361416209.622,2437.5
1361416213.96,833.3333333333334
1361416214.578,833.3333333333334
1361416214.764,357.14285714285717
1361416208.495,2968.75
1361416208.431,2437.5
1361416215.334,1250.0
1361416212.739,193.75
1361416213.505,1250.0
1361416213.692,812.5
1361416213.887,2437.5
1361416194.763,18.25221238938053
1361416194.826,10.354477611940299
1361416192.705,10.142543859649123
1361416193.247,593.75
1361416191.876,10.323660714285714
1361416194.101,10.448042168674698
1361416191.053,12.270220588235293
1361416193.296,10.354477611940299
1361416197.291,149.4140625
1361416195.961,22.50174094707521
1361416218.467,178.57142857142858
1361416219.669,1250.0
1361416220.243,7078.125
1361416220.732,2500.0
1361416217.968,2500.0
1361416218.902,968.75
1361416220.775,609.375
1361416220.903,890.625
1361416221.788,968.75
1361416198.99,16.320474777448073
1361416198.989,132.8125
1361416199.314,10.323660714285714
1361416199.738,10.448042168674698
1361416199.93,10.385479041916168
1361416199.992,854.1666666666666
1361416203.735,10.385479041916168
1361416205.362,12.843100890207715
1361416205.65,10.511363636363637
1361416206.22,18.74134349030471
1361416203.012,10.416666666666666
1361416205.694,331.25
1361416205.948,16.18470149253731
1361416228.946,500.0
1361416225.237,276.0416666666667
1361416225.425,742.1875
1361416232.142,1250.0
1361416226.986,926.5625
1361416207.052,19.148738872403563
1361416207.178,18.01801801801802
1361416207.178,19.76376488095238
1361416207.471,16.18470149253731
1361416206.873,10.385479041916168
1361416207.126,222.91666666666669
1361416211.504,11.421783625730994
1361416211.694,619.047619047619
1361416212.679,10.448042168674698
1361416212.806,140.625
1361416213.313,18.601190476190474
1361416238.523,1072.9166666666667
1361416238.586,3218.75
1361416238.839,625.0
1361416236.562,581.25
1361416236.815,487.5
1361416237.068,1250.0
1361416234.184,625.0
1361416239.021,3218.75
1361416235.732,1250.0
1361416236.048,7078.125
1361416240.14,833.3333333333334
1361416236.555,415.17857142857144
1361416238.302,2500.0
1361416238.621,3218.75
1361416238.812,833.3333333333334
1361416215.106,37.94642857142857
1361416218.291,10.479607250755286
1361416221.308,21.17657593123209
1361416222.741,20.174632352941178
1361416218.837,9.66225626740947
1361416243.065,968.75
1361416240.377,1132.8125
1361416241.048,968.75
1361416243.173,726.5625
1361416246.052,804.6875
1361416246.37,2500.0
1361416225.944,16.833333333333332
1361416222.967,17.89607558139535
1361416223.652,9.689245810055866
1361416225.892,22.347383720930235
1361416229.614,10.448042168674698
1361416229.374,543.75
1361416252.394,906.25
1361416251.249,833.3333333333334
1361416251.628,1484.375
1361416249.166,2500.0
1361416251.182,3218.75
1361416248.85,1250.0
1361416253.284,812.5
1361416250.34,207.03125
1361416253.474,416.6666666666667
1361416251.04,6265.625
1361416246.66,64.95098039215686
1361416231.423,10.511363636363637
1361416231.423,10.416666666666666
1361416233.021,10.232300884955752
1361416231.647,17.028443113772454
1361416231.957,16.044776119402986
1361416233.786,10.416666666666666
1361416231.117,10.202205882352942
1361416233.69,18.759218289085545
1361416235.748,135.63368055555554
1361416236.105,14.606829573934837
1361416236.904,13.304924242424242
1361416235.07,20.615671641791046
1361416236.184,17.772295321637426
1361416236.247,202.2058823529412
1361416236.374,17.206101190476193
1361416237.428,10.416666666666666
1361416237.428,2273.4375
1361416258.66,2437.5
1361416258.786,1250.0
1361416262.684,1453.125
1361416262.556,1218.75
1361416263.512,2500.0
1361416260.406,1609.375
1361416261.271,402.34375
1361416258.453,828.125
1361416239.7,4820.3125
1361416241.168,10.232300884955752
1361416240.074,10.479607250755286
1361416238.845,10.323660714285714
1361416238.907,10.479607250755286
1361416240.692,679.6875
1361416240.009,10.232300884955752
1361416243.483,8.21978672985782
1361416246.792,17.444957386363637
1361416266.473,1250.0
1361416266.853,1218.75
1361416270.629,2500.0
1361416271.13,2437.5
1361416272.486,2500.0
1361416266.085,3539.0625
1361416266.717,3218.75
1361416266.716,2500.0
1361416264.055,111.328125
1361416268.976,2500.0
1361416270.862,989.5833333333334
1361416248.36,22.46671597633136
1361416248.621,10.142543859649123
1361416248.079,104.16666666666667
1361416251.176,10.448042168674698
1361416252.348,844.4940476190477
1361416252.646,578.125
1361416275.39,416.6666666666667
1361416276.338,833.3333333333334
1361416276.651,1250.0
1361416274.761,2437.5
1361416275.814,742.1875
1361416275.941,2968.75
1361416276.806,2500.0
1361416276.741,3218.75
1361416276.74,3218.75
1361416274.617,2500.0
1361416278.854,1250.0
1361416255.349,18.58600583090379
1361416258.608,10.385479041916168
1361416255.112,10.385479041916168
1361416257.213,21.231617647058826
1361416258.158,32.00892857142857
1361416261.039,25.0
1361416261.354,15.003551136363637
1361416259.201,679.6875
1361416261.491,77.11693548387098
1361416263.162,3937.5
1361416263.119,1656.25
1361416285.747,1127.232142857143
1361416281.205,984.375
1361416281.393,2500.0
1361416282.126,2500.0
1361416282.572,1250.0
1361416286.215,415.17857142857144
1361416287.107,108.69565217391305
1361416280.99,3539.0625
1361416286.255,2437.5
1361416286.254,1484.375
1361416263.017,13.843201754385964
1361416263.017,23.41417910447761
1361416264.797,18.528761061946902
1361416265.278,10.511363636363637
1361416265.63,10.448042168674698
1361416266.133,10.448042168674698
1361416263.031,271.875
1361416267.78,10.448042168674698
1361416269.399,20.404411764705884
1361416270.506,18.000730994152047
1361416287.974,2500.0
1361416290.855,1250.0
1361416288.29,2500.0
1361416292.125,3218.75
1361416290.087,1250.0
1361416290.276,1250.0
1361416294.237,1250.0
1361416292.09,2500.0
1361416292.153,1250.0
1361416293.399,2500.0
1361416290.642,742.1875
1361416294.289,2437.5
1361416294.287,2500.0
1361416294.733,2500.0
1361416272.709,22.96740687679083
1361416271.961,10.293026706231453
1361416274.044,10.354477611940299
1361416270.998,10.479607250755286
1361416271.124,13.160211267605634
1361416274.184,149.4140625
1361416274.309,149.4140625
1361416275.071,21.732954545454543
1361416275.134,149.4140625
1361416277.577,18.42350746268657
1361416277.939,13.858695652173912
1361416278.762,10.448042168674698
1361416275.215,140.625
1361416276.417,47.47905927835051
1361416276.48,18.84328358208955
1361416276.903,10.448042168674698
1361416300.218,1250.0
1361416296.057,416.3602941176471
1361416300.979,833.3333333333334
1361416301.97,726.5625
1361416302.99,1250.0
1361416302.861,968.75
1361416304.166,833.3333333333334
1361416304.549,2500.0
1361416279.285,10.416666666666666
1361416281.009,15.169460641399418
1361416279.887,10.448042168674698
1361416280.58,10.202205882352942
1361416285.056,10.479607250755286
1361416285.497,25.01731301939058
1361416285.792,10.416666666666666
1361416283.091,21.260997067448677
1361416284.014,10.385479041916168
1361416284.499,68.8671875
1361416284.625,19.840542521994134
1361416285.696,22.308259587020647
1361416285.801,17.85051928783383
1361416307.399,2500.0
1361416304.404,989.5833333333334
1361416309.775,968.75
1361416310.789,7078.125
1361416307.181,742.1875
1361416308.511,1250.0
1361416304.324,625.0
1361416310.261,2500.0
1361416310.261,2500.0
1361416288.542,77.33050847457628
1361416288.912,10.448042168674698
1361416288.484,15.487938596491228
1361416288.546,18.99326347305389
1361416287.383,12.799202127659575
1361416289.152,19.597457627118644
1361416290.005,10.293026706231453
1361416292.608,149.4140625
1361416292.735,24.369673295454543
1361416293.732,21.398460410557185
1361416294.175,10.416666666666666
1361416291.131,24.28024781341108
1361416291.699,10.448042168674698
1361416292.015,13.189448441247002
1361416293.89,1593.75
1361416293.953,10.262573964497042
1361416313.286,2500.0
1361416313.535,1250.0
1361416317.782,277.77777777777777
1361416317.977,8515.625
1361416320.659,1250.0
1361416295.303,9.225398936170214
1361416295.532,15.409185082872927
1361416295.845,17.65302359882006
1361416298.553,14.878731343283581
1361416297.199,18.814718934911244
1361416296.166,10.416666666666666
1361416299.143,20.209580838323355
1361416300.32,10.232300884955752
1361416301.459,24.566740412979353
1361416302.707,23.203592814371255
1361416301.661,23.738872403560833
1361416324.031,833.3333333333334
1361416322.456,1453.125
1361416325.399,1484.375
1361416325.78,416.3602941176471
1361416326.481,1250.0
1361416327.221,833.3333333333334
1361416323.571,742.1875
1361416323.884,487.5
1361416324.074,906.25
1361416328.341,1250.0
1361416327.019,416.6666666666667
1361416304.488,1281.25
1361416303.624,14.365671641791044
1361416303.998,17.583819241982507
1361416306.198,9.967672413793105
1361416305.099,22.756177325581394
1361416303.941,17.02492774566474
1361416305.285,2562.5
1361416303.94,10.323660714285714
1361416303.94,10.293026706231453
1361416306.021,1500.0
1361416310.082,88.54166666666667
1361416310.081,16.412815126050422
1361416306.871,10.293026706231453
1361416309.901,31.25
1361416328.967,1312.5
1361416329.031,625.0
1361416331.588,1250.0
1361416336.542,1250.0
1361416328.734,1250.0
1361416330.268,625.0
1361416333.594,593.75
1361416333.719,726.5625
1361416328.953,1218.75
1361416332.522,1250.0
1361416332.521,833.3333333333334
1361416329.896,1250.0
1361416336.487,1250.0
1361416328.782,424.10714285714283
1361416330.635,2968.75
1361416334.023,1609.375
1361416312.937,10.385479041916168
1361416314.779,10.232300884955752
1361416312.184,322.6102941176471
1361416317.195,15.39039039039039
1361416315.576,13.82372654155496
1361416317.39,10.479607250755286
1361416334.767,603.9663461538462
1361416336.957,833.3333333333334
1361416340.468,3218.75
1361416340.766,7078.125
1361416337.954,2500.0
1361416338.938,2437.5
1361416320.726,77.11693548387098
1361416321.738,20.941198224852073
1361416321.991,18.5923590504451
1361416322.371,22.92596726190476
1361416322.688,2562.5
1361416320.634,22.52252252252252
1361416320.735,99.84756097560977
1361416320.732,19.461908284023668
1361416321.106,10.448042168674698
1361416319.825,10.448042168674698
1361416323.176,15.25297619047619
1361416323.805,10.262573964497042
1361416324.67,10.448042168674698
1361416326.67,4265.625
1361416323.947,13.324652777777777
1361416324.937,25.194156804733726
1361416351.599,1250.0
1361416345.198,1250.0
1361416348.012,2500.0
1361416351.977,1250.0
1361416348.327,1250.0
1361416352.713,2437.5
1361416344.648,500.0
1361416346.369,3218.75
1361416350.699,833.3333333333334
1361416351.018,2500.0
1361416350.953,3218.75
1361416344.934,984.375
1361416351.711,2500.0
1361416345.436,726.5625
1361416328.584,10.293026706231453
1361416327.587,10.416666666666666
1361416329.56,10.142543859649123
1361416329.684,10.448042168674698
1361416329.978,10.293026706231453
1361416326.958,25.43218085106383
1361416327.083,10.871611445783133
1361416327.312,12.065458579881655
1361416328.165,87.43578767123287
1361416330.207,19.428152492668623
1361416333.432,77.11693548387098
1361416333.558,25.56818181818182
1361416333.747,15.625
1361416333.727,20.68661971830986
1361416334.107,10.448042168674698
1361416334.425,10.479607250755286
1361416334.36,12.096774193548386
1361416334.209,10.416666666666666
1361416355.248,3218.75
1361416359.215,812.5
1361416355.687,1250.0
1361416356.383,5677.083333333333
1361416360.392,3218.75
1361416357.185,833.3333333333334
1361416357.753,812.5
1361416359.323,1250.0
1361416355.734,442.3828125
1361416356.368,2500.0
1361416353.616,833.3333333333334
1361416356.723,1250.0
1361416354.033,2500.0
1361416357.165,1250.0
1361416354.664,1250.0
1361416354.919,2500.0
1361416354.982,812.5
1361416336.518,10.354477611940299
1361416335.374,17.410714285714285
1361416336.035,10.354477611940299
1361416340.731,10.416666666666666
1361416342.669,23.669554455445546
1361416338.827,22.626112759643917
1361416339.247,18.116918103448278
1361416340.189,30.462184873949578
1361416341.124,6.503807106598985
1361416363.361,1218.75
1361416368.276,2500.0
1361416365.055,125.0
1361416366.513,2500.0
1361416364.733,609.375
1361416365.287,1312.5
1361416362.215,5671.875
1361416366.878,989.5833333333334
1361416366.464,1218.75
1361416366.848,859.375
1361416344.636,10.293026706231453
1361416345.013,10.232300884955752
1361416345.142,10.448042168674698
1361416345.801,16.163793103448278
1361416348.606,10.448042168674698
1361416348.903,543.75
1361416349.104,10.479607250755286
1361416351.179,17.8834808259587
1361416372.084,1250.0
1361416369.839,484.375
1361416373.139,833.3333333333334
1361416373.33,1250.0
1361416370.831,7078.125
1361416368.966,833.3333333333334
1361416375.854,2500.0
1361416371.438,1250.0
1361416371.501,3218.75
1361416372.513,2500.0
1361416373.149,1218.75
1361416373.451,833.3333333333334
1361416370.697,625.0
1361416374.019,968.75
1361416374.21,1250.0
1361416352.762,18.949468085106385
1361416351.883,10.416666666666666
1361416354.281,10.262573964497042
1361416355.361,10.385479041916168
1361416356.614,10.385479041916168
1361416358.302,10.479607250755286
1361416358.68,10.416666666666666
1361416354.837,17.484267734553775
1361416358.805,10.479607250755286
1361416358.514,23.048020527859236
1361416359.116,16.15287162162162
1361416359.243,12.350299401197605
1361416377.385,665.1785714285714
1361416380.424,2968.75
1361416384.624,625.0
1361416381.359,625.0
1361416378.476,3218.75
1361416381.484,2437.5
1361416378.984,223.55769230769232
1361416379.175,416.6666666666667
1361416382.369,1453.125
1361416382.372,5656.25
1361416378.392,1218.75
1361416382.694,1250.0
1361416360.537,17.784926470588236
1361416364.295,74.70703125
1361416364.926,20.009328358208954
1361416365.538,10.416666666666666
1361416365.538,10.416666666666666
1361416366.297,18.926711309523807
1361416365.632,9.996397694524497
1361416366.771,10.448042168674698
1361416384.914,2500.0
1361416391.694,2968.75
1361416389.056,833.3333333333334
1361416389.855,495.3125
1361416391.319,1250.0
1361416385.269,1250.0
1361416388.28,1250.0
1361416388.662,1250.0
1361416385.717,3539.0625
1361416387.147,581.25
1361416390.792,1484.375
1361416370.96,220.83333333333331
1361416371.086,10.262573964497042
1361416369.224,10.354477611940299
1361416370.648,141.27604166666666
1361416372.657,12.435281065088757
1361416372.803,260.6907894736842
1361416373.429,15.9476401179941
1361416396.132,2082.589285714286
1361416393.095,500.0
1361416393.596,2968.75
1361416397.179,2500.0
1361416393.848,1609.375
1361416397.474,833.3333333333334
1361416397.789,2437.5
1361416399.417,1250.0
1361416396.085,742.1875
1361416396.468,487.5
1361416400.652,3132.8125
1361416374.923,10.448042168674698
1361416377.171,762.5
1361416377.522,19.58886430678466
1361416377.705,10.448042168674698
1361416377.704,421.875
1361416379.521,22.49816715542522
1361416379.866,10.448042168674698
1361416380.28,816.40625
1361416380.659,12.935830860534125
1361416381.776,10.293026706231453
1361416380.028,557.2916666666666
1361416402.865,2328.125
1361416403.826,833.3333333333334
1361416404.964,625.0
1361416405.027,906.25
1361416405.767,2437.5
1361416405.958,2500.0
1361416403.266,1250.0
1361416406.464,593.75
1361416383.208,12.182971014492754
1361416383.269,9.716386554621849
1361416384.613,10.416666666666666
1361416385.557,19.844213649851635
1361416384.593,10.385479041916168
1361416387.939,12.592137592137592
1361416389.677,1523.4375
1361416391.169,12.342825443786984
1361416389.631,1546.875
1361416391.419,21.218565088757394
1361416411.716,1250.0
1361416411.967,1250.0
1361416413.213,2500.0
1361416410.964,609.375
1361416414.838,720.1704545454546
1361416415.663,3539.0625
1361416412.517,968.75
1361416409.761,625.0
1361416412.557,833.3333333333334
1361416412.811,2500.0
1361416410.5,2500.0
1361416413.443,726.5625
1361416413.634,726.5625
1361416410.876,1250.0
1361416413.949,989.5833333333334
1361416392.595,20.414806547619047
1361416393.352,37.94642857142857
1361416395.504,10.323660714285714
1361416398.505,10.448042168674698
1361416398.564,7.039835164835165
1361416396.412,15.545076726342712
1361416399.595,2562.5
1361416417.217,625.0
1361416419.905,371.09375
1361416417.533,1250.0
1361416424.378,2500.0
1361416423.117,1250.0
1361416423.667,500.0
1361416417.139,2437.5
1361416417.328,3218.75
1361416420.818,742.1875
1361416418.318,833.3333333333334
1361416421.454,2500.0
1361416423.207,2500.0
1361416400.797,5.623156342182892
1361416402.658,13.934576023391813
1361416402.656,1773.4375
1361416403.126,1656.25
1361416404.447,10.293026706231453
1361416404.447,115.38461538461539
1361416405.077,13.648897058823529
1361416407.008,16.132005899705014
1361416407.508,17.053571428571427
1361416404.786,19.41287878787879
1361416426.32,3218.75
1361416424.873,1250.0
1361416427.62,581.25
1361416425.607,277.77777777777777
1361416426.999,2083.3333333333335
1361416427.294,1250.0
1361416408.861,19.686544342507645
1361416407.768,10.385479041916168
1361416407.957,16.7671783625731
1361416129.093,37994.7265625
1361416412.019,10.354477611940299
1361416415.197,12.98535422343324
1361416413.607,383.5227272727273
1361416414.278,10.416666666666666
1361416414.719,10.448042168674698
1361416437.697,4070.3125
1361416439.554,500.0
1361416435.776,742.1875
1361416433.843,726.5625
1361416437.399,1250.0
1361416435.467,2437.5
1361416435.634,1250.0
1361416440.231,804.6875
1361416433.93,833.3333333333334
1361416437.761,500.0
1361416416.288,11.441532258064516
1361416416.349,10.479607250755286
1361416418.073,18.140889830508474
1361416419.632,2718.75
1361416422.484,10.293026706231453
1361416422.8,12.111686390532544
1361416421.739,10.448042168674698
1361416423.301,4734.375
1361416444.544,861.2132352941177
1361416441.154,1609.375
1361416448.502,1072.9166666666667
1361416445.472,1250.0
1361416442.395,742.1875
1361416443.346,1453.125
1361416446.672,625.0
1361416433.266,25.164473684210524
1361416448.174,2500.0
1361416445.099,2500.0
1361416445.46,3218.75
1361416442.195,2437.5
1361416445.708,442.3828125
1361416423.475,10.448042168674698
1361416427.474,10.089686098654708
1361416425.23,10.416666666666666
1361416427.299,18.25221238938053
1361416427.118,18.629807692307693
1361416430.725,9.402654867256638
1361416431.233,33.56481481481482
1361416427.895,10.448042168674698
1361416430.764,10.479607250755286
1361416430.829,10.293026706231453
1361416431.212,10.448042168674698
1361416431.083,19.33262711864407
1361416450.064,2500.0
1361416453.558,1250.0
1361416450.992,2437.5
1361416450.926,416.6666666666667
1361416451.309,2500.0
1361416451.309,833.3333333333334
1361416455.018,2437.5
1361416451.621,625.0
1361416451.917,2437.5
1361416455.883,1250.0
1361416455.946,3218.75
1361416452.234,1250.0
1361416456.135,593.75
1361416452.487,3218.75
1361416449.729,1250.0
1361416456.512,3218.75
1361416456.508,2500.0
1361416432.248,10.323660714285714
1361416432.784,10.479607250755286
1361416435.05,159.375
1361416433.41,16.657282282282285
1361416432.445,32.153179190751445
1361416435.634,17.768673780487806
1361416435.686,10.385479041916168
1361416437.294,28.308823529411764
1361416438.175,9.826487252124647
1361416457.59,643.75
1361416460.789,3539.0625
1361416464.667,2500.0
1361416462.158,1250.0
1361416459.149,2500.0
1361416459.208,833.3333333333334
1361416457.131,1484.375
1361416461.189,2500.0
1361416462.072,812.5
1361416440.613,22.260918674698793
1361416439.396,10.448042168674698
1361416439.582,10.416666666666666
1361416441.377,906.25
1361416441.563,25.696536144578314
1361416440.534,10.354477611940299
1361416446.97,22.2953216374269
1361416447.094,15.486725663716815
1361416465.602,1743.3035714285713
1361416467.612,1250.0
1361416465.975,396.6733870967742
1361416466.419,2500.0
1361416466.674,61.342592592592595
1361416467.244,2500.0
1361416465.033,1250.0
1361416472.259,2500.0
1361416468.732,1453.125
1361416468.985,1453.125
1361416469.283,2968.75
1361416448.342,14.973958333333334
1361416448.753,867.1875
1361416450.537,77.11693548387098
1361416449.065,16.31433823529412
1361416451.595,1281.25
1361416448.412,19.98873873873874
1361416448.957,17.64752538071066
1361416451.032,10.448042168674698
1361416451.028,10.232300884955752
1361416452.783,18.998579545454543
1361416455.274,19.89889705882353
1361416455.717,10.448042168674698
1361416455.396,10.232300884955752
1361416453.744,13.381201044386422
1361416453.913,23.71486686390533
1361416454.229,13.57276119402985
1361416480.445,726.5625
1361416474.584,487.5
1361416474.842,833.3333333333334
1361416475.031,1250.0
1361416478.421,2406.25
1361416479.441,3218.75
1361416472.976,2500.0
1361416475.707,442.3828125
1361416473.076,2500.0
1361416472.557,406.25
1361416473.77,984.375
1361416477.331,416.6666666666667
1361416474.83,2500.0
1361416479.108,2500.0
1361416455.926,399.3055555555556
1361416457.519,11.493161094224925
1361416456.426,10.232300884955752
1361416457.769,17.60693215339233
1361416458.06,10.448042168674698
1361416456.124,10.354477611940299
1361416456.502,10.479607250755286
1361416461.578,15.34262048192771
1361416460.059,18.98967551622419
1361416461.042,4.310344827586206
1361416461.358,10.448042168674698
1361416462.159,18.713126843657818
1361416483.569,329.8611111111111
1361416484.01,625.0
1361416481.446,802.0833333333334
1361416480.774,726.5625
1361416486.074,1250.0
1361416486.202,812.5
1361416483.86,1250.0
1361416484.177,2500.0
1361416488.371,8507.8125
1361416488.558,833.3333333333334
1361416482.155,665.1785714285714
1361416485.289,833.3333333333334
1361416485.411,1250.0
1361416485.479,2968.75
1361416486.729,812.5
1361416486.792,2500.0
1361416464.099,10.262573964497042
1361416465.315,731.7708333333334
1361416464.951,640.625
1361416465.572,149.4140625
1361416466.808,6.6558441558441555
1361416470.169,15.257352941176471
1361416469.124,10.448042168674698
1361416491.59,2500.0
1361416491.779,742.1875
1361416493.048,3218.75
1361416490.709,416.3602941176471
1361416491.471,828.125
1361416496.612,2500.0
1361416489.996,500.0
1361416490.69,500.0
1361416472.269,18.83128612716763
1361416473.799,57.180851063829785
1361416473.833,1593.75
1361416474.079,10.262573964497042
1361416471.8,13.998287671232877
1361416474.952,10.142543859649123
1361416477.556,12.481508875739644
1361416477.996,10.385479041916168
1361416478.503,870.4427083333334
1361416501.661,833.3333333333334
1361416498.268,1250.0
1361416501.785,625.0
1361416498.771,968.75
1361416502.927,1484.375
1361416504.051,1609.375
1361416500.782,1218.75
1361416500.909,833.3333333333334
1361416501.163,924.1071428571429
1361416497.869,3218.75
1361416499.009,1250.0
1361416503.292,968.75
1361416503.819,1250.0
1361416481.53,10.448042168674698
1361416481.652,7.695195195195195
1361416482.505,10.172287390029325
1361416485.654,10.416666666666666
1361416484.424,11.847014925373134
1361416484.549,10.479607250755286
1361416486.845,10.323660714285714
1361416505.517,1250.0
1361416505.706,726.5625
1361416505.769,1769.53125
1361416506.127,625.0
1361416510.468,536.4583333333334
1361416511.169,2500.0
1361416507.582,593.75
1361416508.132,625.0
1361416512.351,2500.0
1361416509.401,3218.75
1361416506.366,833.3333333333334
1361416507.129,1484.375
1361416507.256,833.3333333333334
1361416488.915,10.354477611940299
1361416491.056,10.448042168674698
1361416490.629,679.6875
1361416491.798,1458.984375
1361416492.493,10.172287390029325
1361416494.494,14.925373134328359
1361416495.57,22.22711267605634
1361416495.57,2562.5
1361416516.988,1250.0
1361416514.016,1250.0
1361416514.391,75.75757575757576
1361416518.103,2500.0
1361416518.928,1218.75
1361416513.331,2500.0
1361416520.178,2437.5
1361416517.585,562.5
1361416518.156,2437.5
1361416497.314,74.70703125
1361416497.261,19.903273809523807
1361416500.213,140.625
1361416500.655,149.4140625
1361416501.96,2718.75
1361416503.714,10.416666666666666
1361416501.622,10.416666666666666
1361416501.708,10.202205882352942
1361416521.555,2500.0
1361416520.697,416.3602941176471
1361416525.874,2500.0
1361416522.928,1484.375
1361416522.991,625.0
1361416526.379,833.3333333333334
1361416526.571,625.0
1361416526.634,3218.75
1361416527.696,2500.0
1361416524.105,2500.0
1361416528.262,3218.75
1361416522.969,178.81944444444446
1361416523.413,1250.0
1361416527.169,3218.75
1361416503.933,18.07507396449704
1361416503.994,16.1231884057971
1361416505.337,5531.25
1361416505.567,77.11693548387098
1361416505.162,10.202205882352942
1361416505.704,543.75
1361416504.548,17.355913173652695
1361416504.548,1229.1666666666667
1361416506.813,19.877958579881657
1361416508.188,17.201409495548962
1361416509.431,14.966114457831326
1361416510.864,21.748919308357348
1361416508.896,10.354477611940299
1361416511.005,10.479607250755286
1361416528.25,776.0416666666666
1361416532.402,625.0
1361416532.847,2500.0
1361416534.914,1250.0
1361416535.742,6265.625
1361416529.243,2437.5
1361416532.893,1250.0
1361416529.623,833.3333333333334
1361416529.687,625.0
1361416533.587,500.0
1361416512.866,16.83538732394366
1361416511.959,10.448042168674698
1361416514.258,14.912613981762917
1361416514.511,10.448042168674698
1361416514.572,17.07089552238806
1361416515.203,10.232300884955752
1361416515.458,433.59375
1361416514.778,10.416666666666666
1361416516.183,149.4140625
1361416517.611,10.054347826086955
1361416518.054,18.136160714285715
1361416518.846,14.071132596685084
1361416516.824,10.416666666666666
1361416519.378,11.210180055401663
1361416536.512,641.2760416666666
1361416537.536,2500.0
1361416537.893,2500.0
1361416541.412,2500.0
1361416541.729,2437.5
1361416538.399,3218.75
1361416542.419,2500.0
1361416536.656,487.5
1361416541.449,2500.0
1361416538.945,1250.0
1361416542.335,802.0833333333334
1361416539.327,1218.75
1361416521.224,10.385479041916168
1361416523.003,21.150362318840582
1361416523.447,18.47426470588235
1361416523.447,10.448042168674698
1361416520.089,12.6953125
1361416522.85,13.893469656992083
1361416522.594,15.485905044510385
1361416524.203,18.097014925373134
1361416526.205,10.416666666666666
1361416525.463,10.232300884955752
1361416525.779,24.857954545454543
1361416526.727,9.996397694524497
1361416548.302,1072.9166666666667
1361416545.417,1203.125
1361416548.738,2500.0
1361416545.901,1250.0
1361416546.407,1250.0
1361416549.542,968.75
1361416546.788,2500.0
1361416547.038,1218.75
1361416550.365,968.75
1361416552.124,1250.0
1361416549.774,833.3333333333334
1361416550.199,833.3333333333334
1361416550.582,3132.8125
1361416528.083,1421.875
1361416528.202,2562.5
1361416530.275,7.626488095238095
1361416531.457,10.871611445783133
1361416528.657,159.375
1361416530.291,2273.4375
1361416531.242,10.416666666666666
1361416528.457,1156.25
1361416532.887,10.323660714285714
1361416533.624,14.659926470588236
1361416553.431,1218.75
1361416556.499,487.5
1361416558.823,1250.0
1361416560.013,250.0
1361416552.972,146.3068181818182
1361416558.933,989.5833333333334
1361416559.379,609.375
1361416543.675,17.241379310344826
1361416537.201,10.354477611940299
1361416537.866,10.448042168674698
1361416536.799,23.368768328445746
1361416537.69,10.416666666666666
1361416538.192,49.8046875
1361416539.996,126.00806451612902
1361416543.048,16.428154205607477
1361416543.047,10.479607250755286
1361416561.275,964.0625
1361416561.269,2500.0
1361416568.373,1250.0
1361416561.582,500.0
1361416561.9,2500.0
1361416565.648,2359.375
1361416562.829,1453.125
1361416564.259,968.75
1361416564.702,2500.0
1361416561.433,406.25
1361416563.695,487.5
1361416567.659,581.25
1361416544.379,10.448042168674698
1361416545.033,15.763274336283185
1361416548.42,16.77766393442623
1361416549.053,18.84057971014493
1361416549.283,13.316292875989447
1361416549.925,1359.375
1361416568.62,2557.2916666666665
1361416569.581,989.5833333333334
1361416573.588,703.7760416666666
1361416573.587,208.33333333333334
1361416570.257,1250.0
1361416570.576,500.0
1361416571.211,1250.0
1361416571.463,1250.0
1361416575.042,2500.0
1361416575.597,1609.375
1361416570.749,989.5833333333334
1361416570.877,2500.0
1361416573.82,523.4375
1361416571.13,2500.0
1361416574.518,896.1397058823529
1361416575.702,2968.75
1361416556.468,21.70138888888889
1361416558.661,22.564469914040114
1361416558.708,22.688997005988025
1361416558.899,10.293026706231453
1361416578.565,1057.2916666666667
1361416579.981,812.5
1361416577.036,2500.0
1361416584.075,1484.375
1361416577.857,2500.0
1361416576.704,989.5833333333334
1361416579.03,593.75
1361416579.959,2500.0
1361416580.147,2437.5
1361416580.275,2500.0
1361416582.976,1218.75
1361416563.765,10.232300884955752
1361416561.477,9.826487252124647
1361416560.248,10.479607250755286
1361416561.172,19.23798798798799
1361416562.603,10.416666666666666
1361416565.33,10.479607250755286
1361416567.766,49.8046875
1361416565.101,22.82608695652174
1361416565.395,31.160968660968663
1361416566.822,1359.375
1361416588.081,510.41666666666663
1361416588.839,1250.0
1361416586.373,66.40625
1361416590.589,726.5625
1361416582.693,19637.877747252747
1361416582.756,1544.0538194444443
1361416582.756,2736.219618055555
1361416582.756,2640.082465277778
1361416582.756,16712.76285046729
1361416582.819,5469.482421875
1361416585.974,1250.0
1361416586.23,198.4375
1361416589.938,833.3333333333334
1361416582.419,4829.400510204081
1361416582.674,5054.90451388889
1361416587.472,2500.0
1361416582.604,13806.490384615385
1361416582.668,1520.3993055555557
1361416591.306,833.3333333333334
1361416569.797,13.32720588235294
1361416570.432,10.202205882352942
1361416571.297,10.385479041916168
1361416571.487,20.542279411764707
1361416568.061,22.83653846153846
1361416568.121,10.385479041916168
1361416569.56,2031.25
1361416570.001,22.901119402985074
1361416573.031,16.99561403508772
1361416574.025,10.323660714285714
1361416573.587,32.07925977653631
1361416574.219,19.13265306122449
1361416574.794,17.269736842105264
1361416591.044,2900.094696969697
1361416591.043,1168.560606060606
1361416591.043,1607.4810606060605
1361416582.145,2570.039970930233
1361416592.894,4339.84375
1361416592.025,3569.128787878788
1361416592.025,4902.462121212121
1361416592.025,2902.935606060606
1361416596.093,1609.375
1361416592.956,1250.0
1361416593.019,4605.46875
1361416592.121,1125.0
1361416600.375,1609.375
1361416593.333,8945.3125
1361416593.646,5554.6875
1361416594.255,14265.625
1361416594.255,5617.1875
1361416594.509,10443.75
1361416594.635,15341.947115384615
1361416582.152,639.9343922651933
1361416595.461,833.3333333333334
1361416595.714,625.0
1361416582.72,1894.4404069767443
1361416591.529,228.40073529411765
1361416591.593,472.90348101265823
1361416592.872,12039.22193877551
1361416592.872,2500.0
1361416596.701,1609.375
1361416597.443,2500.0
1361416594.304,11156.25
1361416594.43,643.75
1361416582.711,190.2252906976744
1361416598.838,1218.75
1361416576.438,17.192109144542773
1361416578.852,8.559431524547804
1361416576.772,10.448042168674698
1361416577.75,19.87429178470255
1361416580.187,22.287912912912912
1361416582.634,2789.560111464968
1361416582.797,49.8046875
1361416583.175,1281.25
1361416579.966,2718.75
1361416580.156,21.01934523809524
1361416580.508,20.631906077348066
1361416593.286,69409.77112676056
1361416593.86,51.10432330827068
1361416594.435,3076.6006097560976
1361416594.01,568.279109589041
1361416594.648,1866.2683823529412
1361416594.712,188.0787037037037
1361416603.291,1928.8194444444443
1361416592.881,993.2324840764331
1361416604.017,3429.6875
1361416592.047,2222.6102941176473
1361416592.046,544.9448529411765
1361416608.365,2500.0
1361416593.513,94.5945945945946
1361416593.576,159.33248299319726
1361416601.64,787.5
1361416593.766,97.22222222222223
1361416593.762,102.38199300699301
1361416593.765,534.090909090909
1361416602.149,91.36029411764706
1361416602.402,1385.4166666666667
1361416594.251,127.31481481481482
1361416594.504,151.51515151515153
1361416602.888,83.7890625
1361416602.888,5554.6875
1361416602.951,10265.625
1361416603.077,10882.8125
1361416603.204,6859.375
1361416603.902,7234.375
1361416591.545,2766.3312146892654
1361416591.609,3835.1384943181815
1361416591.609,131.8359375
1361416591.609,598.3664772727273
1361416591.544,1699.1525423728813
1361416591.544,1217.4258474576272
1361416591.608,976.7400568181818
1361416592.888,2731.3701923076924
1361416592.867,622.7964743589744
1361416592.868,1262.6393312101911
1361416591.972,1527.481617647059
1361416591.972,1429.9632352941176
1361416591.972,967.095588235294
1361416591.971,890.3492647058824
1361416591.971,1060.202205882353
1361416596.067,119.69339622641509
1361416604.195,5125.0
1361416608.161,2437.5
1361416604.321,7921.875
1361416596.384,239.0160891089109
1361416596.384,16017.310049019607
1361416593.689,1074.1914335664335
1361416592.793,1058.9171974522294
1361416592.793,2557.2253184713377
1361416602.389,1250.0
1361416594.174,78.00925925925927
1361416594.238,631.8287037037037
1361416603.639,696.1805555555555
1361416603.698,22085.9375
1361416606.388,2406.25
1361416606.388,7078.125
1361416606.388,3664.0625
1361416607.408,7921.875
1361416607.664,2968.75
1361416591.472,2444.2973163841807
1361416591.472,2169.0501412429376
1361416591.536,4177.734375
1361416591.536,2052.2017045454545
1361416591.535,2263.8494318181815
1361416591.535,573.153409090909
1361416591.471,3053.937146892655
1361416591.535,5143.110795454546
1361416586.09,21.931233933161955
1361416586.029,13.174807197943444
1361416586.536,23.048020527859236
1361416588.459,24.642857142857142
1361416589.445,23.34558823529412
1361416591.452,6860.368497109826
1361416591.385,1661.742424242424
1361416587.862,77.11693548387098
1361416589.1,10.448042168674698
1361416590.029,385.4166666666667
1361416591.273,991.0037878787879
1361416591.463,209.1346153846154
1361416591.271,2129.6121987951806
1361416591.59,12.080223880597014
1361416591.33,2466.098484848485
1361416613.148,804.6875
1361416592.795,474.47731316725975
1361416611.767,593.75
1361416609.106,833.3333333333334
1361416609.17,2500.0
1361416608.843,2500.0
1361416613.746,2500.0
1361416606.437,457.871835443038
1361416615.325,2500.0
1361416592.719,5243.90243902439
1361416592.719,4747.0703125
1361416592.782,428.61328125
1361416592.718,109.375
1361416593.03,2223.9583333333335
1361416592.611,1710.5891719745223
1361416594.56,12720.3125
1361416595.253,4.2979942693409745
1361416595.501,968.75
1361416592.687,1126.85546875
1361416592.687,1126.66015625
1361416591.769,774.1653726708074
1361416592.515,424.940664556962
1361416592.558,13361.519607843136
1361416592.557,133.3984375
1361416593.387,10.543313069908816
1361416593.706,10749.652777777777
1361416596.523,23.228857566765576
1361416596.65,10.416666666666666
1361416596.727,10.416666666666666
1361416599.245,19.993279569892472
1361416617.13,2500.0
1361416621.409,3539.0625
1361416622.085,2500.0
1361416618.755,2437.5
1361416620.506,989.5833333333334
1361416620.505,67.60204081632654
1361416624.465,1484.375
1361416617.746,500.0
1361416602.812,2859.097633136095
1361416621.819,656.25
1361416619.255,1250.0
1361416619.826,812.5
1361416602.711,29393.229166666668
1361416602.775,13828.125
1361416602.941,4093.75
1361416603.004,14375.0
1361416603.256,17427.283653846152
1361416603.256,14375.0
1361416600.879,631.6537081339712
1361416600.083,10.448042168674698
1361416601.353,10.293026706231453
1361416601.859,79312.5
1361416601.923,17530.838815789473
1361416602.603,687.5
1361416602.411,20.326327433628318
1361416602.603,35431.25
1361416601.659,160968.75
1361416602.54,3051.136363636364
1361416603.429,230009.375
1361416602.62,240187.5
1361416602.937,1888.392857142857
1361416603.955,17.174586776859503
1361416604.333,20556.57327586207
1361416606.335,15.07026627218935
1361416606.779,828.125
1361416607.638,10.323660714285714
1361416604.224,27485.491071428572
1361416604.221,4250.0
1361416604.536,16.60741017964072
1361416605.419,15.07026627218935
1361416606.093,10.416666666666666
1361416624.79,833.3333333333334
1361416630.012,2500.0
1361416630.138,833.3333333333334
1361416626.872,1250.0
1361416627.317,3218.75
1361416631.088,812.5
1361416625.299,1453.125
1361416626.671,625.0
1361416626.671,989.5833333333334
1361416627.175,2500.0
1361416608.788,10.448042168674698
1361416609.099,19.64681952662722
1361416611.576,10.232300884955752
1361416607.984,10.479607250755286
1361416615.175,7.741691842900302
1361416615.618,24.609375
1361416612.696,16.99161807580175
1361416612.885,10.293026706231453
1361416614.447,1081.25
1361416615.437,17.531622023809526
1361416636.158,833.3333333333334
1361416636.411,3539.0625
1361416636.854,1250.0
1361416634.092,1250.0
1361416634.323,500.0
1361416637.842,2500.0
1361416638.855,854.1666666666666
1361416635.134,2500.0
1361416639.096,2500.0
1361416616.963,12.712647928994084
1361416617.026,10.112973760932944
1361416617.087,10.354477611940299
1361416619.129,10.479607250755286
1361416619.698,13.143382352941176
1361416616.91,10.354477611940299
1361416618.47,10.448042168674698
1361416619.984,329.1744402985075
1361416620.11,1500.0
1361416620.362,10.202205882352942
1361416621.419,22.334293948126803
1361416621.732,10.142543859649123
1361416623.374,18.84191176470588
1361416645.153,1250.0
1361416642.629,1250.0
1361416642.884,726.5625
1361416643.263,625.0
1361416643.39,3218.75
1361416648.053,492.1875
1361416644.084,833.3333333333334
1361416641.247,1250.0
1361416645.211,2968.75
1361416640.795,833.3333333333334
1361416623.999,10.479607250755286
1361416625.018,22.39441416893733
1361416624.6,10.112973760932944
1361416625.751,10.172287390029325
1361416628.664,10.293026706231453
1361416629.169,591.1458333333334
1361416628.607,11.956521739130435
1361416630.104,10.479607250755286
1361416650.457,4706.801470588235
1361416651.849,1750.0
1361416651.849,5554.6875
1361416652.796,1250.0
1361416649.912,1250.0
1361416650.27,1390.625
1361416650.265,4157.315340909091
1361416650.65,75.75757575757576
1361416650.777,267.4107142857143
1361416650.777,242.41071428571428
1361416650.777,462.5
1361416650.84,4778.492647058823
1361416650.775,304.46428571428567
1361416650.775,304.46428571428567
1361416654.985,1250.0
1361416652.146,3195.3125
1361416656.303,989.5833333333334
1361416649.259,2500.0
1361416652.84,500.0
1361416652.904,7078.125
1361416652.968,7328.125
1361416649.766,984.375
1361416649.7,3357.6548165137615
1361416653.475,989.5833333333334
1361416650.21,14908.066860465116
1361416650.21,8658.380681818182
1361416650.082,1250.0
1361416653.581,833.3333333333334
1361416650.188,2272.0170454545455
1361416650.188,5857.954545454546
1361416650.188,35636.71875
1361416650.698,10177.678571428572
1361416650.697,293.30357142857144
1361416650.697,460.71428571428567
1361416650.697,304.46428571428567
1361416650.696,322.3214285714286
1361416650.696,205.80357142857142
1361416650.696,304.91071428571433
1361416651.078,687.5
1361416651.713,2625.0
1361416651.713,511.5131578947368
1361416635.03,15.810459940652818
1361416631.886,77.11693548387098
1361416632.843,10.448042168674698
1361416632.031,5.6034482758620685
1361416632.031,5.584192439862543
1361416633.175,19.38574498567335
1361416632.465,10.479607250755286
1361416633.972,17.376077586206897
1361416637.382,10.354477611940299
1361416638.261,10.448042168674698
1361416639.006,12.5
1361416639.07,15.032798833819243
1361416636.675,295.42151162790697
1361416651.865,465.1939655172414
1361416661.003,2156.25
1361416657.93,1250.0
1361416657.721,2437.5
1361416657.847,2500.0
1361416640.323,10.112973760932944
1361416641.282,8.699792243767313
1361416642.137,10.262573964497042
1361416642.77,10.448042168674698
1361416642.705,29.39540059347181
1361416642.874,16.156161473087817
1361416645.575,37.97238372093023
1361416667.972,7078.125
1361416671.939,2437.5
1361416665.276,445.3125
1361416672.634,833.3333333333334
1361416669.048,2437.5
1361416669.175,2500.0
1361416664.823,2500.0
1361416669.173,2500.0
1361416666.016,1250.0
1361416666.966,500.0
1361416667.347,1203.125
1361416670.29,2500.0
1361416666.38,890.625
1361416667.648,1072.9166666666667
1361416651.815,8562.5
1361416651.815,143041.66666666666
1361416651.815,117812.5
1361416647.907,10.202205882352942
1361416649.303,10.479607250755286
1361416649.844,10.416666666666666
1361416650.73,1478.125
1361416650.709,1546.875
1361416650.709,1479.1666666666667
1361416650.708,4346.6796875
1361416650.708,1584.8214285714287
1361416651.026,15328.125
1361416651.025,2623.5795454545455
1361416651.719,8671.875
1361416651.783,22562.5
1361416651.782,5015.625
1361416649.664,64.57182320441989
1361416649.663,10.385479041916168
1361416650.61,1479.1666666666667
1361416650.607,2786.099137931035
1361416650.926,2007.102272727273
1361416650.893,15328.125
1361416650.893,2180.397727272727
1361416651.591,43578.125
1361416651.591,3213.5416666666665
1361416651.591,126296.875
1361416651.589,8546.875
1361416651.758,18187.5
1361416651.922,3401.0416666666665
1361416651.922,22308.59375
1361416651.921,45985.49107142857
1361416652.173,98559.65909090909
1361416652.236,12114.583333333334
1361416651.958,79234.375
1361416652.149,11979.166666666666
1361416652.942,8.859986033519554
1361416654.064,10.202205882352942
1361416654.188,10.448042168674698
1361416652.135,9996.52777777778
1361416680.07,11109.375
1361416680.128,500.0
1361416673.719,1125.0
1361416673.847,833.3333333333334
1361416677.494,2500.0
1361416675.349,1239.453125
1361416675.347,332.27848101265823
1361416672.948,581.25
1361416671.987,240.234375
1361416673.135,500.0
1361416680.297,10625.0
1361416677.159,3218.75
1361416677.581,1072.9166666666667
1361416674.188,1250.0
1361416678.211,643.75
1361416675.265,20455.221036585368
1361416675.265,291.6015625
1361416679.866,2500.0
1361416656.023,20.756286982248522
1361416656.501,19.624255952380953
1361416657.772,3023.4375
1361416659.822,21.60904255319149
1361416662.376,1734.375
1361416662.628,2562.5
1361416662.755,854.1666666666666
1361416663.556,10.02528901734104
1361416663.388,2101.5625
1361416663.513,23.577844311377245
1361416672.955,3330.345812182741
1361416681.079,7921.875
1361416684.341,3218.75
1361416684.848,833.3333333333334
1361416681.774,329.8611111111111
1361416681.964,7078.125
1361416682.002,7390.625
1361416682.576,74.13563829787235
1361416682.766,1250.0
1361416675.335,1181.505503144654
1361416679.975,113.00872093023257
1361416681.062,5617.1875
1361416681.062,14265.625
1361416685.46,625.0
1361416685.527,906.25
1361416686.078,1453.125
1361416682.813,2500.0
1361416686.585,879.9342105263158
1361416675.256,2427.0833333333335
1361416687.03,416.6666666666667
1361416678.965,84.00371287128714
1361416687.732,2500.0
1361416679.283,802.0833333333334
1361416664.696,13.532763532763532
1361416664.05,10.448042168674698
1361416665.676,18.198529411764707
1361416666.416,10.416666666666666
1361416666.921,10.416666666666666
1361416667.728,149.4140625
1361416664.838,679.6875
1361416665.191,18.326729106628243
1361416667.511,25.19707207207207
1361416668.25,12.137681159420291
1361416668.028,77.11693548387098
1361416668.723,10.448042168674698
1361416668.881,10.448042168674698
1361416669.703,35.79545454545455
1361416671.517,13.93581081081081
1361416671.579,10.385479041916168
1361416668.836,255.18176020408163
1361416671.278,10.416666666666666
1361416692.4,833.3333333333334
1361416688.621,1042.96875
1361416689.829,2500.0
1361416693.957,348.9583333333333
1361416694.525,2500.0
1361416694.84,2500.0
1361416679.899,435.18145161290323
1361416694.003,742.1875
1361416695.078,1218.75
1361416695.906,2437.5
1361416673.469,1598.9583333333333
1361416673.911,25.98505434782609
1361416676.021,4.559270516717325
1361416676.084,22.44400289017341
1361416674.6,10.511363636363637
1361416676.159,4.545454545454545
1361416679.569,14.535984848484848
1361416679.695,8765.625
1361416679.695,63148.4375
1361416679.694,114968.75
1361416679.757,5101.5625
1361416679.757,5015.625
1361416678.809,160968.75
1361416676.352,181.25
1361416678.71,9015.625
1361416678.71,4921.875
1361416679.882,4310.267857142857
1361416678.707,4929.6875
1361416678.707,4921.875
1361416678.771,48476.5625
1361416679.588,214562.5
1361416679.592,43000.0
1361416679.591,33660.71428571428
1361416679.655,22085.9375
1361416679.638,22542.96875
1361416679.7,21899.088541666668
1361416677.806,13.208762886597938
1361416678.224,10.354477611940299
1361416679.617,2652.83203125
1361416679.616,10437.5
1361416679.593,4921.875
1361416679.593,75281.25
1361416679.973,23.060993975903614
1361416680.353,18.025488826815643
1361416697.6,5294.819078947368
1361416699.612,4751.953125
1361416699.612,754.6875
1361416702.812,1250.0
1361416700.24,2437.5
1361416696.916,7078.125
1361416700.603,487.5
1361416680.247,96.27584586466166
1361416697.908,2500.0
1361416701.553,968.75
1361416701.871,625.0
1361416699.538,2276.3671875
1361416699.538,291.6015625
1361416699.536,1239.453125
1361416699.536,20612.423780487807
1361416703.434,1072.9166666666667
1361416680.743,23.214285714285715
1361416680.521,4768.2733050847455
1361416679.906,71.34146341463413
1361416680.775,172.56603194103192
1361416681.414,27.54237288135593
1361416681.285,26.63934426229508
1361416681.556,150494.79166666666
1361416681.727,30.09259259259259
1361416681.599,29.017857142857142
1361416681.725,30.09259259259259
1361416682.523,3101.5625
1361416681.653,23.214285714285715
1361416682.137,62.46189024390244
1361416682.195,26.63934426229508
1361416681.298,156.36574074074076
1361416682.321,27.54237288135593
1361416682.616,30.09259259259259
1361416682.614,30.09259259259259
1361416682.614,30.09259259259259
1361416682.614,30.09259259259259
1361416683.815,10.871611445783133
1361416684.11,21.398460410557185
1361416683.93,401.0416666666667
1361416686.818,14.972014925373134
1361416685.275,10.448042168674698
1361416706.114,16546.875
1361416688.347,74.70703125
1361416708.278,1484.375
1361416704.556,85.33653846153847
1361416705.515,2500.0
1361416705.579,274.0234375
1361416705.833,2130.2083333333335
1361416705.96,2802.0833333333335
1361416706.468,10531.25
1361416706.532,14265.625
1361416706.894,10531.25
1361416706.958,3744.7916666666665
1361416707.211,406.25
1361416710.723,1250.0
1361416711.805,7078.125
1361416711.869,7328.125
1361416704.931,897.9779411764706
1361416708.701,202.30263157894737
1361416705.56,3703.125
1361416706.388,5617.1875
1361416706.877,14265.625
1361416710.643,833.3333333333334
1361416711.772,2500.0
1361416688.841,34.03859773371105
1361416691.762,1343.75
1361416692.459,10.448042168674698
1361416692.024,10.323660714285714
1361416692.843,19.577205882352942
1361416694.711,10.202205882352942
1361416694.774,149.4140625
1361416696.455,10.293026706231453
1361416696.773,10.323660714285714
1361416694.425,10.448042168674698
1361416695.354,819.4444444444445
1361416716.715,2500.0
1361416713.128,833.3333333333334
1361416705.57,66.90705128205128
1361416705.634,76.50273224043715
1361416705.948,71.58801020408164
1361416717.596,2500.0
1361416713.823,2500.0
1361416717.789,2437.5
1361416718.714,1250.0
1361416719.349,1250.0
1361416719.643,1484.375
1361416717.072,2500.0
1361416705.486,358.9594414893617
1361416717.9,2500.0
1361416718.404,3218.75
1361416719.909,833.3333333333334
1361416698.785,24.853801169590643
1361416699.961,7.765151515151515
1361416697.105,18.851401179941004
1361416698.987,875.0
1361416699.619,750.0
1361416699.681,149.4140625
1361416702.165,22.13159824046921
1361416703.112,15.855457227138645
1361416701.145,10.262573964497042
1361416701.565,18.42008797653959
1361416703.12,41.45951704545455
1361416720.886,833.3333333333334
1361416722.144,2500.0
1361416722.211,3218.75
1361416722.275,2500.0
1361416725.922,1250.0
1361416726.786,3539.0625
1361416724.957,3218.75
1361416722.489,371.09375
1361416723.056,494.7916666666667
1361416727.338,581.25
1361416727.337,2406.25
1361416727.721,656.25
1361416705.472,531.1387900355871
1361416705.455,10.416666666666666
1361416704.876,10.385479041916168
1361416705.126,2445.7236842105262
1361416705.123,2968.75
1361416705.314,21.758595988538683
1361416705.186,104718.75
1361416706.077,42098.958333333336
1361416706.076,8984.375
1361416706.076,30651.785714285714
1361416706.14,5015.625
1361416706.374,21129.20673076923
1361416706.5,17.402694610778443
1361416707.578,23512.035472972973
1361416708.5,10.142543859649123
1361416705.039,8078.125
1361416705.039,8906.25
1361416705.039,168750.0
1361416705.039,8906.25
1361416705.038,8921.875
1361416705.331,1359.375
1361416705.968,22089.84375
1361416706.032,3401.0416666666665
1361416706.031,22546.875
1361416706.031,14.580305232558139
1361416705.965,115421.875
1361416705.965,43.255649717514125
1361416706.028,22308.59375
1361416706.661,14375.0
1361416706.979,14375.0
1361416711.454,150.68069306930693
1361416709.864,18.00685975609756
1361416708.948,22.36698250728863
1361416709.5,15.931372549019606
1361416712.557,10.448042168674698
1361416732.321,2500.0
1361416734.072,1453.125
1361416731.375,1250.0
1361416731.946,1250.0
1361416732.484,329.8611111111111
1361416733.184,3218.75
1361416733.117,494.7916666666667
1361416730.208,833.3333333333334
1361416730.272,354.01785714285717
1361416730.906,2500.0
1361416734.234,1453.125
1361416734.673,1250.0
1361416713.689,10.385479041916168
1361416712.918,10.416666666666666
1361416715.617,74.70703125
1361416714.768,16.22596153846154
1361416715.254,17.85090782122905
1361416718.029,10.448042168674698
1361416718.823,10.202205882352942
1361416718.759,17.146017699115042
1361416719.393,29.543821839080458
1361416719.626,10375.0
1361416718.035,17328.125
1361416718.463,10.448042168674698
1361416718.589,88.99456521739131
1361416736.372,639.7569444444445
1361416740.465,2437.5
1361416740.718,1453.125
1361416741.288,2500.0
1361416738.15,742.1875
1361416741.861,1250.0
1361416744.356,2500.0
1361416741.27,398.06547619047615
1361416741.523,227.27272727272725
1361416738.321,208.8815789473684
1361416741.757,2359.375
1361416738.683,2500.0
1361416742.39,984.375
1361416743.088,1250.0
1361416721.417,906.25
1361416724.809,7.741691842900302
1361416722.269,10.354477611940299
1361416720.993,17.412023460410555
1361416721.673,14.512240356083085
1361416721.158,22.25519287833828
1361416721.858,32.744565217391305
1361415584.895,44503.247158880586
1361416725.411,10.202205882352942
1361416725.663,14.795353982300885
1361416726.273,16.274109792284868
1361416725.55,2359.375
1361416727.554,10.232300884955752
1361416727.679,10.511363636363637
1361416727.933,35.10331978319783
1361416727.996,19.566441441441444
1361416728.06,10.479607250755286
1361416728.25,10.172287390029325
1361416748.685,2500.0
1361416745.478,2625.0
1361416745.542,5203.125
1361416749.763,1250.0
1361416746.851,2437.5
1361416747.102,968.75
1361416751.765,2500.0
1361416752.251,1250.0
1361416748.467,1218.75
1361416749.103,2437.5
1361416747.152,1250.0
1361416751.365,2500.0
1361416730.954,23.77915451895044
1361416731.081,12.142595307917889
1361416731.628,10.448042168674698
1361416732.96,837.5
1361416734.449,4.2979942693409745
1361416735.084,10.385479041916168
1361416735.21,9.615384615384617
1361416735.337,9.73053892215569
1361416735.337,10.172287390029325
1361416735.527,9.908536585365853
1361416735.693,10.093167701863354
1361416734.595,15.85343567251462
1361416735.1,16.55982905982906
1361416735.163,10.354477611940299
1361416735.226,9.73053892215569
1361416735.607,10.093167701863354
1361416735.639,10.15625
1361416756.445,10867.1875
1361416757.014,7132.8125
1361416757.078,10531.25
1361416757.269,7078.125
1361416757.648,10531.25
1361416757.647,14265.625
1361416758.259,2156.25
1361416751.402,19923.971036585368
1361416756.202,3703.125
1361416751.402,2276.5625
1361416759.401,1250.0
1361416756.494,6859.375
1361416756.494,3195.3125
1361416760.46,625.0
1361416756.934,5617.1875
1361416757.253,3664.0625
1361416757.568,5617.1875
1361416754.748,2500.0
1361416755.178,98.29905063291139
1361416758.822,2437.5
1361416755.558,752.2321428571429
1361416756.13,5125.0
1361416751.329,291.40625
1361416751.329,328.3203125
1361416759.073,1218.75
1361416759.584,2500.0
1361416760.157,593.75
1361416736.464,203.65723844282238
1361416737.372,77.11693548387098
1361416738.562,22.794117647058822
1361416737.901,11.942340067340067
1361416738.215,679.6875
1361416767.868,1110.576923076923
1361416742.342,18.342391304347828
1361416743.875,149.4140625
1361416741.173,10.385479041916168
1361416742.602,23.21804775280899
1361416742.666,388.39285714285717
1361416743.531,10.416666666666666
1361416760.827,742.1875
1361416749.242,2431.749535315985
1361416763.792,3218.75
1361416764.174,833.3333333333334
1361416751.374,446.07712765957444
1361416761.897,1250.0
1361416766.242,625.0
1361416763.275,2500.0
1361416763.528,833.3333333333334
1361416766.918,1218.75
1361416756.035,339.1174623115578
1361416751.299,1641.8218085106382
1361416744.948,66.07142857142857
1361416745.707,10.479607250755286
1361416748.695,187.5
1361416745.588,22.45234604105572
1361416747.883,38.56382978723404
1361416751.055,642.5680051813472
1361416757.968,3059.0073529411766
1361416755.847,559.7967128027682
1361416749.261,10.416666666666666
1361416750.336,10.448042168674698
1361416751.645,10.293026706231453
1361416751.996,51.724137931034484
1361416751.996,15.437312312312313
1361416749.716,71.79752066115702
1361416751.092,828.125
1361416751.218,10.448042168674698
1361416756.3,34.34065934065934
1361416756.428,54.02444649446495
1361416756.428,36.43911439114391
1361416756.427,36.57407407407407
1361416756.491,273.78472222222223
1361416776.522,3402.34375
1361416776.458,4250.0
1361416776.522,84393.75
1361416776.585,2500.0
1361416776.712,2812.5
1361416776.775,12031.25
1361416773.062,416.6666666666667
1361416757.25,48.8735465116279
1361416773.756,9500.0
1361416773.948,11645.833333333334
1361416773.819,8726.5625
1361416774.368,6993.75
1361416755.232,32.43944636678201
1361416755.232,208.87586805555554
1361416755.232,55.958044982698965
1361416755.232,39.17100694444445
1361416755.232,326.88148788927333
1361416755.232,36.92690311418685
1361416755.232,32.43944636678201
1361416755.23,56.0121107266436
1361416755.23,32.43944636678201
1361416755.23,36.872837370242216
1361416755.55,56.778169014084504
1361416774.556,11671.875
1361416774.684,8746.09375
1361416755.547,56.778169014084504
1361416755.547,56.88820422535211
1361416756.121,38.37819343065693
1361416756.121,165.43111313868613
1361416756.184,93.80681818181819
1361416775.063,8777.34375
1361416756.119,1387.1022727272727
1361416756.183,35.46989051094891
1361416775.446,11421.875
1361416775.509,11687.5
1361416776.02,10442.708333333334
1361416775.828,7320.3125
1361416776.019,6390.625
1361416776.079,3402.34375
1361416756.243,34.28342490842491
1361416776.274,2968.75
1361416772.306,406.25
1361416756.306,33.03079044117647
1361416772.37,2968.75
1361416776.338,70869.79166666667
1361416756.433,279.0670955882353
1361416776.445,3402.34375
1361416756.669,165.47227443609023
1361416776.698,10437.5
1361416776.697,1250.0
1361416776.697,6734.375
1361416769.587,18739.583333333332
1361416769.778,15531.25
1361416773.617,9296.875
1361416773.744,14265.625
1361416773.744,968.75
1361416773.807,370.3703703703703
1361416773.998,8734.375
1361416773.998,11645.833333333334
1361416755.179,170.19896193771626
1361416755.178,36.872837370242216
1361416755.178,36.872837370242216
1361416755.178,32.43944636678201
1361416755.178,62.55406574394463
1361416755.178,32.38538062283737
1361416755.178,55.958044982698965
1361416755.162,683.2139756944445
1361416755.226,30.433362369337978
1361416755.48,87.31294014084507
1361416755.416,329.9405809859155
1361416755.48,87.42297535211267
1361416774.616,11651.041666666666
1361416774.678,416.6666666666667
1361416774.932,11687.5
1361416756.114,2589.1879562043796
1361416756.05,35.17045454545455
1361416756.05,1569.7727272727273
1361416756.05,614.6022727272727
1361416756.114,46.42045454545454
1361416756.113,333.6363636363636
1361416756.113,334.4318181818182
1361416772.113,7078.125
1361416775.184,7018.75
1361416775.95,6718.75
1361416776.141,2281.25
1361416776.74,17000.0
1361416776.804,2281.25
1361416755.433,52.48397435897436
1361416756.123,21.240942028985508
1361416756.123,19.58819241982507
1361416757.46,24.787535410764875
1361416759.335,10.448042168674698
1361416759.59,15.393860946745562
1361416772.468,3193.820224719101
1361416777.01,1250.0
1361416776.946,8128.125000000001
1361416772.911,133.10917721518987
1361416776.686,8646.97265625
1361416777.198,1218.75
1361416777.324,9369.791666666666
1361416777.324,10703.125
1361416776.876,4593.75
1361416777.387,2437.5
1361416779.336,1250.0
1361416782.788,968.75
1361416779.839,2500.0
1361416776.89,3421.875
1361416776.869,3421.875
1361416772.895,131.4453125
1361416772.831,131.72468354430382
1361416772.895,136.71875
1361416776.667,625.0
1361416784.669,2500.0
1361416777.245,11640.625
1361416777.245,9369.791666666666
1361416777.308,4593.75
1361416777.943,2437.5
1361416779.445,286.4583333333333
1361416783.024,3218.75
1361416784.108,859.375
1361416761.667,10.293026706231453
1361416761.407,679.6875
1361416768.835,1929.6875
1361416765.564,74.70703125
1361416767.378,25.286612426035504
1361416765.447,11.248117469879517
1361416766.694,21.131400602409638
1361416766.947,8.203125
1361416792.298,45156.25
1361416792.485,4593.75
1361416792.548,1896.875
1361416788.707,1072.9166666666667
1361416788.707,8730.46875
1361416788.898,8734.375
1361416773.088,732.90857605178
1361416777.376,34.478305785123965
1361416777.311,34.33641975308642
1361416789.087,19968.75
1361416773.15,899.6550324675325
1361416789.15,14265.625
1361416789.15,1628.5021551724137
1361416789.532,11645.833333333334
1361416789.339,1829.2613636363637
1361416789.529,8753.90625
1361416773.721,219.48160535117057
1361416773.721,53.198160535117054
1361416789.656,8746.09375
1361416773.779,246.27726510067114
1361416790.018,7012.5
1361416790.206,11692.708333333334
1361416773.95,48.728813559322035
1361416774.076,1413.129266211604
1361416787.381,1203.125
1361416790.773,3421.875
1361416774.836,823.8434163701068
1361416787.954,1702.7138157894738
1361416791.025,14046.875
1361416790.897,7320.3125
1361416791.025,13437.5
1361416791.025,3402.34375
1361416791.089,420.4545454545455
1361416791.535,4536.458333333333
1361416791.407,4536.458333333333
1361416776.047,164.30104961832063
1361416791.535,4536.458333333333
1361416776.21,21.899131274131275
1361416776.85,37.046370967741936
1361416788.242,4042.913732394366
1361416788.242,344.41021126760563
1361416788.241,665.0528169014085
1361416792.462,16260.416666666668
1361416792.651,24187.5
1361416788.811,6981.25
1361416773.002,427.77628755364805
1361416788.809,8738.28125
1361416789.0,9500.0
1361416789.063,11630.208333333334
1361416789.059,3093.75
1361416789.316,8742.1875
1361416789.316,11656.25
1361416773.633,53.198160535117054
1361416773.761,55.4503367003367
1361416789.864,8757.8125
1361416789.864,11661.458333333334
1361416789.991,8777.34375
1361416790.623,13468.75
1361416790.622,6390.625
1361416790.686,9632.8125
1361416790.686,4536.458333333333
1361416790.749,3421.875
1361416787.357,625.0
1361416787.419,989.5833333333334
1361416790.81,4010.416666666667
1361416787.865,4631.167763157895
1361416791.001,3421.875
1361416790.937,12750.0
1361416788.056,1250.0
1361416791.0,3421.875
1361416791.0,8554.6875
1361416775.635,45.88188559322034
1361416775.941,433.57889733840307
1361416791.749,14625.0
1361416791.811,17343.75
1361416770.033,92.21082089552239
1361416770.068,10.448042168674698
1361416770.258,11734.375
1361416770.45,2208.165322580645
1361416771.017,22.361526946107787
1361416772.217,10.479607250755286
1361416773.124,1238.4708737864078
1361416773.501,447.30968045112786
1361416775.78,694.566908713693
1361416773.435,651.7774163568773
1361416776.712,698.8459543568465
1361416794.085,665.1785714285714
1361416791.075,506.3344594594594
1361416776.881,219.54787234042553
1361416774.596,2286.2807765151515
1361416774.593,52.88052721088435
1361416774.849,377.52362542955325
1361416775.647,5.003776435045317
1361416776.094,2909.465020576132
1361416776.348,1036.6790254237287
1361416776.538,84.67323651452283
1361416776.538,537.4755859375
1361416776.534,128.79901960784312
1361416776.534,97.57520746887967
1361416773.072,10.354477611940299
1361416773.178,10.232300884955752
1361416773.43,10.416666666666666
1361416774.923,74.70703125
1361416776.237,334.5471398305085
1361416776.682,46.743143459915615
1361416776.425,356.25
1361416776.489,10.202205882352942
1361416792.936,226.27314814814815
1361416792.999,2973.9583333333335
1361416792.998,11234.375
1361416792.998,12625.0
1361416793.126,19312.5
1361416793.125,11015.625
1361416793.125,11937.5
1361416793.124,3496.09375
1361416793.124,4468.75
1361416793.187,7554.6875
1361416776.674,239.990234375
1361416793.25,1515.625
1361416792.863,14015.625
1361416792.859,5703.125
1361416797.083,25609.375
1361416793.37,127.57120253164558
1361416792.862,11953.125
1361416792.862,267.2072784810127
1361416793.501,11218.75
1361416793.687,15109.375
1361416793.69,8421.875
1361416793.818,3421.875
1361416794.434,2500.0
1361416794.369,42208.333333333336
1361416794.56,14437.5
1361416794.75,22652.67857142857
1361416795.005,4585.9375
1361416798.771,625.0
1361416798.895,1609.375
1361416792.854,6380.208333333333
1361416792.854,4250.0
1361416792.917,11015.625
1361416792.917,11546.875
1361416792.34,1246.811224489796
1361416792.98,12375.0
1361416792.98,2500.0
1361416792.98,9750.0
1361416793.043,11390.625
1361416793.043,12171.875
1361416793.043,14578.125
1361416793.043,15750.0
1361416793.043,8132.8125
1361416793.043,107.39715189873418
1361416793.039,8437.5
1361416793.106,11296.875
1361416793.105,6429.6875
1361416792.593,768.1107954545454
1361416793.232,127.57120253164558
1361416792.779,197.38924050632912
1361416792.782,7671.875
1361416793.421,18000.0
1361416793.421,8307.291666666666
1361416793.548,5880.859375
1361416793.675,3406.25
1361416793.739,7781.25
1361416794.482,17078.125
1361416794.609,61546.875
1361416794.672,906.4316860465116
1361416794.863,1072.9166666666667
1361416795.054,2500.0
1361416799.755,1484.375
1361416799.819,1250.0
1361416792.62,752.9761904761905
1361416776.878,377.57120253164555
1361416776.877,38.06089743589743
1361416777.869,110.58238636363636
1361416777.578,177.30125523012552
1361416776.938,171.11895161290323
1361416777.578,20.3499251497006
1361416777.065,226.83423913043478
1361416777.576,228.49948347107437
1361416777.314,18.777412280701753
1361416777.888,93.8167735042735
1361416776.813,965.4633620689656
1361416777.819,182.6435810810811
1361416777.478,265.0841346153846
1361416777.642,10.448042168674698
1361416778.082,10.385479041916168
1361416783.715,808.59375
1361416784.618,14.571114369501466
1361416804.439,989.5833333333334
1361416793.108,94.47487113402062
1361416800.724,833.3333333333334
1361416793.107,64.75515463917526
1361416801.106,833.3333333333334
1361416794.117,179.9081920903955
1361416794.245,287.8196022727273
1361416806.062,833.3333333333334
1361416807.2,3218.75
1361416792.9,73.23717948717949
1361416800.962,833.3333333333334
1361416792.765,89.54631979695432
1361416805.116,1250.0
1361416805.305,1250.0
1361416805.305,833.3333333333334
1361416802.23,581.25
1361416805.686,833.3333333333334
1361416802.719,416.6666666666667
1361416802.783,1218.75
1361416806.617,1218.75
1361416790.744,83.33333333333333
1361416807.125,2500.0
1361416807.061,1609.375
1361416807.699,1250.0
1361416807.93,1453.125
1361416787.245,10.416666666666666
1361416787.624,10.448042168674698
1361416788.128,21.753368263473053
1361416788.618,10.416666666666666
1361416785.951,215.2777777777778
1361416786.958,149.4140625
1361416787.69,21.298363095238095
1361416790.274,10.309750733137829
1361416790.271,10.448042168674698
1361416791.972,94421.875
1361416790.587,16.25722543352601
1361416789.341,1912.8024193548388
1361416791.474,17.075892857142854
1361416791.814,260687.5
1361416809.412,2437.5
1361416813.124,2968.75
1361416813.629,1250.0
1361416814.306,2437.5
1361416811.233,2500.0
1361416809.651,2500.0
1361416813.297,2500.0
1361416813.98,1250.0
1361416811.479,2500.0
1361416811.67,1250.0
1361416814.869,1250.0
1361416815.57,1484.375
1361416793.57,76531.25
1361416794.079,433.59375
1361416793.609,11.777402402402402
1361416793.672,6546.875
1361416793.672,7812.5
1361416793.345,26289.0625
1361416794.236,23453.125
1361416794.657,10.385479041916168
1361416793.393,10942.708333333334
1361416793.518,9375.0
1361416793.581,19781.25
1361416794.125,6046.875
1361416794.883,10.479607250755286
1361416823.216,1311.298076923077
1361416799.096,10.448042168674698
1361416820.752,2500.0
1361416818.559,833.3333333333334
1361416822.181,726.5625
1361416822.753,2500.0
1361416823.578,1250.0
1361416820.421,500.0
1361416820.611,1250.0
1361416824.387,609.375
1361416821.435,989.5833333333334
1361416818.105,312.5
1361416818.296,1250.0
1361416818.725,500.0
1361416822.559,2500.0
1361416823.83,1218.75
1361415556.733,1139.9504432507251
1361416802.74,578.125
1361416803.306,622.7678571428571
1361416803.605,10.416666666666666
1361416803.794,17.274305555555557
1361416802.436,10.448042168674698
1361416830.422,4445.3125
1361416807.948,12.86514945652174
1361416808.169,10.385479041916168
1361416828.983,1250.0
1361416824.817,1968.75
1361416828.104,1250.0
1361416831.939,643.75
1361416832.301,2500.0
1361416825.065,1250.0
1361416829.347,2156.25
1361416827.208,833.3333333333334
1361416827.016,726.5625
1361416809.081,85.77127659574468
1361416812.262,23.368768328445746
1361416810.171,10.479607250755286
1361416810.487,15.812687687687687
1361416811.669,10.416666666666666
1361416776.61,2618.37325080732
1361416815.465,10.385479041916168
1361416816.205,10.323660714285714
1361416812.932,149.4140625
1361416813.418,14.367816091954023
1361416837.741,2500.0
1361416834.77,3218.75
1361416838.731,593.75
1361416836.04,1250.0
1361416839.683,1250.0
1361416832.981,2437.5
1361416834.12,500.0
1361416834.929,656.25
1361416835.31,2156.25
1361416839.016,487.5
1361416839.59,1250.0
1361416816.587,10.479607250755286
1361416817.886,750.0
1361416818.958,10.448042168674698
1361416819.322,25.43218085106383
1361416817.472,28.39673913043478
1361416842.652,2687.5
1361416822.76,3765.625
1361416820.935,19.944852941176467
1361416822.805,149.4140625
1361416823.794,57.017543859649116
1361416821.32,10.479607250755286
1361416822.881,15.116494082840235
1361416823.449,87.10106382978724
1361416844.828,968.75
1361416845.589,500.0
1361416842.0,2500.0
1361416843.63,1250.0
1361416847.277,833.3333333333334
1361416848.483,833.3333333333334
1361416848.419,1250.0
1361416845.25,812.5
1361416840.645,494.7916666666667
1361416842.046,406.25
1361416846.649,2500.0
1361416846.69,1250.0
1361416827.214,10.385479041916168
1361416828.772,21.129261363636363
1361416824.966,10.172287390029325
1361416826.235,10.385479041916168
1361416826.973,19.220132743362832
1361416827.417,10.02528901734104
1361416852.438,4276.041666666667
1361416829.819,22.6978550295858
1361416830.808,10.479607250755286
1361416849.373,834.6946022727273
1361416849.945,1250.0
1361416850.814,2500.0
1361416856.723,1250.0
1361416849.357,2406.25
1361416849.548,3913.876488095238
1361416853.514,1250.0
1361416854.021,3218.75
1361416854.631,1250.0
1361416832.968,74.70703125
1361416833.837,12.716090425531915
1361416835.241,10.262573964497042
1361416839.915,22.67247774480712
1361416837.886,13.907967032967033
1361416838.872,10.354477611940299
1361416856.659,416.6666666666667
1361416856.786,833.3333333333334
1361416861.325,726.5625
1361416858.565,3218.75
1361416859.372,2156.25
1361416860.068,1250.0
1361416860.635,416.6666666666667
1361416860.807,2500.0
1361416857.219,1250.0
1361416858.743,1484.375
1361416858.998,487.5
1361416854.877,59.151785714285715
1361416856.213,843.75
1361416842.515,1656.25
1361416841.176,10.323660714285714
1361416842.926,7.695195195195195
1361416847.346,10.385479041916168
1361416847.449,11.329177897574123
1361416847.511,133.68055555555554
1361416847.51,16.549556213017752
1361416845.165,10.416666666666666
1361416846.913,14.8853550295858
1361415536.614,2122.288861263821
1361416865.049,487.5
1361416869.077,1250.0
1361416866.066,2437.5
1361416866.192,833.3333333333334
1361416866.447,989.5833333333334
1361416867.503,245.53571428571428
1361416867.947,1453.125
1361416871.398,656.25
1361416868.618,1250.0
1361416865.413,625.0
1361416866.852,1654.7214673913045
1361416868.375,609.375
1361416849.886,811.743079584775
1361416849.886,869.9544270833334
1361416849.886,711.1545138888888
1361416850.075,519.0217391304349
1361416851.618,16.6015625
1361416849.771,657.6063368055555
1361416849.77,680.4173875432526
1361416849.77,710.6662326388888
1361416853.768,2562.5
1361416853.831,10.416666666666666
1361416854.084,17.233455882352942
1361416854.944,1359.375
1361416855.196,9.177215189873419
1361416852.981,10.112973760932944
1361416854.224,10.479607250755286
1361416855.717,22.71455223880597
1361416880.552,2500.0
1361416873.948,232.8125
1361416874.329,1072.9166666666667
1361416879.092,593.75
1361416880.427,1250.0
1361416876.567,1125.0
1361416873.361,1250.0
1361416858.243,10.120738636363637
1361416859.068,10.385479041916168
1361416859.191,19.428152492668623
1361416860.373,31.615497076023395
1361416856.974,22.17741935483871
1361416861.076,21.155973451327434
1361416861.2,10.232300884955752
1361416861.385,38.55846774193549
1361416863.142,10.448042168674698
1361416864.638,10.479607250755286
1361416880.597,726.5625
1361416880.791,2968.75
1361416882.696,833.3333333333334
1361416882.887,2500.0
1361416887.534,812.5
1361416884.868,742.1875
1361416885.122,2968.75
1361416885.311,833.3333333333334
1361416887.002,1250.0
1361416887.061,1250.0
1361416887.828,1250.0
1361416868.302,567.471590909091
1361416865.301,10.232300884955752
1361416866.298,1769.53125
1361416865.155,29.49266503667482
1361416865.634,10.385479041916168
1361416866.268,10.479607250755286
1361416866.394,21.107456140350877
1361416867.953,11.559561128526646
1361416868.242,23.757309941520468
1361416868.995,543.75
1361416869.435,12.71712158808933
1361416871.63,10.323660714285714
1361416889.246,2437.5
1361416889.817,1250.0
1361416889.944,833.3333333333334
1361416890.514,3218.75
1361416892.396,639.2045454545454
1361416896.361,812.5
1361416889.675,1250.0
1361416890.12,494.7916666666667
1361416890.692,1218.75
1361416874.224,19.166076487252123
1361416874.572,10.354477611940299
1361416874.951,335.9375
1361416876.505,11.078742937853107
1361416874.483,18.540451895043734
1361416875.408,1359.375
1361416878.408,72.61029411764706
1361416880.538,10.416666666666666
1361416900.658,833.3333333333334
1361416901.166,1250.0
1361416897.706,437.5
1361416901.99,3218.75
1361416899.583,833.3333333333334
1361416904.478,2500.0
1361416896.725,2500.0
1361416897.365,2500.0
1361416901.522,1484.375
1361416898.806,2500.0
1361416902.894,2500.0
1361416904.754,1250.0
1361416881.324,20.45107033639144
1361416883.011,10.479607250755286
1361416883.829,10.448042168674698
1361416884.127,1734.375
1361416881.295,2175.78125
1361416881.464,10.232300884955752
1361416882.92,10.262573964497042
1361416884.033,14.989098837209303
1361416884.334,10.479607250755286
1361416885.208,13.75
1361416885.712,10.142543859649123
1361416886.707,113.28125
1361416885.983,10.448042168674698
1361416888.682,10.448042168674698
1361416909.952,968.75
1361416906.981,833.3333333333334
1361416911.255,812.5
1361416904.276,408.65384615384613
1361416906.733,2500.0
1361416910.315,1203.125
1361416910.487,3218.75
1361416911.183,2500.0
1361416888.883,10.448042168674698
1361416890.095,21.78030303030303
1361416892.923,23.616071428571427
1361416892.985,20.00368731563422
1361416893.237,366.07142857142856
1361416893.616,22.301962209302328
1361416895.851,10.448042168674698
1361416894.617,10.448042168674698
1361416913.655,2437.5
1361416917.875,625.0
1361416914.961,566.9642857142857
1361416916.172,3218.75
1361416919.179,1250.0
1361416913.256,1218.75
1361416913.574,60.57098765432099
1361416914.082,1250.0
1361416897.034,10.202205882352942
1361416898.239,10.323660714285714
1361416899.232,10.262573964497042
1361416897.398,10.262573964497042
1361416897.078,13.808139534883722
1361416897.623,23.551384839650147
1361416897.939,10.172287390029325
1361416902.039,10.262573964497042
1361416902.524,10.479607250755286
1361416903.469,16.157670454545457
1361416903.958,10.293026706231453
1361416904.213,10.385479041916168
1361416924.837,2500.0
1361416921.568,2500.0
1361416921.503,1250.0
1361416925.784,1218.75
1361416926.142,625.0
1361416926.838,250.0
1361416923.958,1250.0
1361416924.021,2500.0
1361416928.824,1453.125
1361416906.647,14.99820916905444
1361416906.69,19.861516034985424
1361416906.941,13.689159292035399
1361416909.927,10.416666666666666
1361416910.85,16.326721556886227
1361416910.419,149.4140625
1361416911.428,21.31102071005917
1361416929.539,1250.0
1361416930.748,1453.125
1361416931.172,2500.0
1361416931.679,989.5833333333334
1361416933.614,625.0
1361416935.988,500.0
1361416936.178,1250.0
1361416936.369,1250.0
1361416913.8,296.875
1361416913.397,1375.0
1361416914.764,1085.9375
1361416916.643,37.86231884057971
1361416914.297,29.467838196286472
1361416916.53,32.232142857142854
1361416916.593,30.539772727272727
1361416916.654,32.78097982708934
1361416917.176,33.70991253644315
1361416917.366,50.41189111747851
1361416918.486,149.4140625
1361416919.248,10.354477611940299
1361416917.022,52.11148648648649
1361416917.15,30.98441926345609
1361416917.085,203.22986577181206
1361416917.149,30.8806146572104
1361416917.637,25.90811965811966
1361416919.76,10.479607250755286
1361416920.271,20.566239316239315
1361416942.042,487.5
1361416939.452,1718.75
1361416941.144,1250.0
1361416942.768,2500.0
1361416940.397,1609.375
1361416943.594,2437.5
1361416944.362,1250.0
1361416921.862,17.477203647416413
1361416924.032,10.385479041916168
1361416921.938,10.385479041916168
1361416924.192,10.448042168674698
1361416924.49,10.385479041916168
1361416926.379,10.129766949152543
1361416926.442,19.98546511627907
1361416925.145,10.416666666666666
1361416927.334,271.875
1361416927.779,15.113467261904763
1361416928.325,19.71293604651163
1361416945.04,2500.0
1361416945.801,2500.0
1361416949.513,2500.0
1361416946.627,593.75
1361416946.755,500.0
1361416945.531,2500.0
1361416947.287,442.7083333333333
1361416947.603,833.3333333333334
1361416948.113,787.5
1361416928.94,74.70703125
1361416929.551,10.354477611940299
1361416929.738,3554.6875
1361416930.815,9.529532967032967
1361416931.867,10.354477611940299
1361416951.521,496.35416666666663
1361416933.095,10.479607250755286
1361416935.598,10.448042168674698
1361416933.926,10.323660714285714
1361416953.814,1250.0
1361416953.872,625.0
1361416954.512,833.3333333333334
1361416955.887,2500.0
1361416956.689,3218.75
1361416953.101,571.6145833333334
1361416955.37,2500.0
1361416955.369,2500.0
1361416960.069,989.5833333333334
1361416937.812,22.38051470588235
1361416938.491,12.566137566137565
1361416939.865,10.479607250755286
1361416938.403,10.871611445783133
1361416940.637,18.28080736543909
1361416940.637,18.677113702623906
1361416943.253,409.34187279151945
1361416941.882,37.94642857142857
1361416943.919,6593.75
1361416944.678,10.448042168674698
1361416940.962,22.346866096866098
1361416942.196,543.75
1361416960.947,2437.5
1361416961.896,625.0
1361416962.758,1250.0
1361416964.408,1250.0
1361416968.221,1250.0
1361416964.636,1484.375
1361416968.538,2500.0
1361416964.825,1250.0
1361416961.491,1250.0
1361416962.189,487.5
1361416964.372,500.0
1361416945.924,149.4140625
1361416946.114,14.191937869822485
1361416946.281,4.411764705882353
1361416946.408,360.8993902439024
1361416946.535,24.29552023121387
1361416946.534,9.939111747851003
1361416947.228,17.699115044247787
1361416947.609,4.437869822485207
1361416947.843,132.05645161290323
1361416945.268,20.43621700879765
1361416946.133,4.335260115606936
1361416946.512,4.3604651162790695
1361416948.619,21.09375
1361416972.702,5375.0
1361416951.816,10.293026706231453
1361416950.037,10.448042168674698
1361416968.934,1609.375
1361416973.402,2406.25
1361416973.953,1250.0
1361416974.459,2500.0
1361416975.766,726.5625
1361416968.15,166.66666666666666
1361416972.626,726.5625
1361416970.989,2437.5
1361416971.603,2437.5
1361416972.173,2500.0
1361416972.935,2500.0
1361416976.066,1250.0
1361416977.18,1250.0
1361416954.807,10.354477611940299
1361416955.412,10.511363636363637
1361416956.169,20.786411411411414
1361416956.231,39.8936170212766
1361416953.567,35.70103857566766
1361416954.072,18.26780415430267
1361416955.254,9.582182320441989
1361416957.458,16.283885542168676
1361416959.026,10.232300884955752
1361416959.948,1363.28125
1361416960.012,32.22078402366864
1361416977.323,2500.0
1361416977.766,625.0
1361416977.957,2437.5
1361416979.269,416.6666666666667
1361416979.395,1609.375
1361416979.522,2437.5
1361416982.845,1250.0
1361416983.036,625.0
1361416983.29,1218.75
1361416983.546,2500.0
1361416984.308,833.3333333333334
1361416977.175,1250.0
1361416977.873,357.14285714285717
1361416983.825,536.4583333333334
1361416984.014,1609.375
1361416961.474,10.262573964497042
1361416963.734,17.082725947521865
1361416964.717,10.448042168674698
1361416962.434,10.232300884955752
1361416964.29,9.329710144927537
1361416965.222,16.085914454277287
1361416967.408,679.6875
1361416967.583,16.954787234042552
1361416967.837,17.441860465116278
1361416968.342,1281.25
1361416966.12,29.56081081081081
1361416966.538,10.448042168674698
1361416988.904,1453.125
1361416987.136,792.1875
1361416988.027,593.75
1361416991.417,833.3333333333334
1361416991.861,2500.0
1361416992.371,625.0
1361416985.368,500.0
1361416987.991,2500.0
1361416981.454,19.396551724137932
1361416992.46,3218.75
1361416992.971,2906.25
1361416993.035,2906.25
1361416969.327,10.479607250755286
1361416971.882,2979.1666666666665
1361416971.942,181.25
1361416972.259,10.448042168674698
1361416972.767,10.293026706231453
1361416971.145,21.396396396396398
1361416973.242,12.718023255813954
1361416975.841,24.64561855670103
1361416976.383,725.0
1361416976.763,10.448042168674698
1361416975.021,18.306213017751478
1361416976.137,16.37801204819277
1361416976.389,375.0
1361416997.663,1250.0
1361416995.585,1250.0
1361416997.966,2968.75
1361416991.395,767.9614485981309
1361417000.201,348.2142857142857
1361416997.127,198.4375
1361417000.896,1250.0
1361417001.09,416.6666666666667
1361416977.842,10.293026706231453
1361416978.266,77.11693548387098
1361416978.328,9.509048257372653
1361416980.371,693.75
1361416980.752,18.601190476190474
1361416982.501,18.617021276595743
1361416982.564,4.559270516717325
1361416983.069,10.262573964497042
1361416984.217,10.448042168674698
1361416985.673,13.79700557103064
1361416981.808,10.448042168674698
1361417006.001,2500.0
1361417002.605,1609.375
1361416998.371,1406.6011235955057
1361417008.184,833.3333333333334
1361417005.715,2500.0
1361417006.539,1218.75
1361417007.221,2500.0
1361417007.155,1250.0
1361416987.099,10.479607250755286
1361416987.393,37.94642857142857
1361416987.79,10.416666666666666
1361416987.917,36.70058139534884
1361416988.984,7453.125
1361416989.425,19.98836436170213
1361416991.049,754.0064102564103
1361416991.049,713.4081196581196
1361416991.049,722.3557692307693
1361416991.044,711.8055555555555
1361416992.455,16.353862973760933
1361416989.798,12.518545994065283
1361416991.862,978.8995726495726
1361416991.862,534.8868534482759
1361417009.986,625.0
1361417010.112,2500.0
1361417011.383,1484.375
1361417011.678,2500.0
1361417012.439,69.01041666666667
1361417013.201,2500.0
1361417013.392,812.5
1361417017.142,3218.75
1361417017.333,2500.0
1361417010.982,2500.0
1361417011.3,833.3333333333334
1361416993.887,20.316804407713498
1361416994.586,14.21282798833819
1361416994.478,10.172287390029325
1361417001.389,10.293026706231453
1361416999.658,14.200367647058824
1361417001.405,10.293026706231453
1361417017.837,812.5
1361417022.31,1250.0
1361417019.167,3218.75
1361417023.938,2437.5
1361417024.762,494.7916666666667
1361417024.441,833.3333333333334
1361417024.949,460.9375
1361417022.738,2500.0
1361417020.147,2500.0
1361417025.445,1484.375
1361417001.875,10.448042168674698
1361417005.486,10.416666666666666
1361417003.519,10.112973760932944
1361417004.132,16.456117021276594
1361417007.139,14.592717717717719
1361417008.819,93.75
1361417026.051,421.875
1361417026.754,609.375
1361417027.707,1250.0
1361417031.483,3218.75
1361417028.217,1250.0
1361417028.45,625.0
1361417031.963,742.1875
1361417032.723,2500.0
1361417026.112,1609.375
1361417031.414,4453.125
1361417031.958,2500.0
1361417032.397,833.3333333333334
1361417032.778,1250.0
1361417009.981,13.637204142011834
1361417011.092,14.818796068796068
1361417011.471,10.416666666666666
1361417012.397,9.451634877384198
1361417015.39,149.4140625
1361417014.516,29.18462643678161
1361417017.367,10.385479041916168
1361417038.719,312.5
1361417038.904,1250.0
1361417028.005,1509.680706521739
1361417034.421,812.5
1361417038.26,833.3333333333334
1361417035.882,329.8611111111111
1361417039.443,625.0
1361417037.002,1203.125
1361417019.094,149.4140625
1361417020.397,15.531716417910449
1361417021.032,17.49271137026239
1361417021.271,10.448042168674698
1361417021.398,309.5703125
1361417023.847,10.172287390029325
1361417024.165,255.859375
1361417024.288,23.26388888888889
1361417024.537,21.956997084548103
1361417043.432,812.5
1361417047.436,968.75
1361417044.807,2500.0
1361417048.132,643.75
1361417049.512,2437.5
1361417045.607,968.75
1361417045.797,1453.125
1361417042.017,2437.5
1361417046.048,2906.25
1361417046.871,2500.0
1361417044.856,2437.5
1361417048.304,1250.0
1361417025.599,14.462425595238097
1361417027.737,8303.57142857143
1361417027.737,14234.375
1361417027.737,11479.166666666666
1361417027.737,8379.464285714286
1361417027.737,15479.166666666666
1361417026.868,679.6875
1361417028.24,73.47972972972973
1361417028.619,10830.357142857143
1361417029.091,444.19642857142856
1361417030.638,4.545454545454545
1361417030.702,22.408308383233532
1361417032.939,10.172287390029325
1361417030.302,537.109375
1361417032.046,33.339389534883715
1361417054.002,500.0
1361417054.064,609.375
1361417049.343,208.33333333333334
1361417050.15,1072.9166666666667
1361417054.685,1656.25
1361417052.474,1453.125
1361417056.943,2437.5
1361417049.327,416.6666666666667
1361417035.219,10.448042168674698
1361417035.577,10.448042168674698
1361417036.083,339.84375
1361417037.286,23.392857142857142
1361417037.094,10.479607250755286
1361417041.059,18.000730994152047
1361417041.435,10.479607250755286
1361417039.642,17.583819241982507
1361417040.189,10.416666666666666
1361417058.644,1250.0
1361417059.85,2500.0
1361417064.365,1250.0
1361417064.365,726.5625
1361417062.469,1609.375
1361417063.037,357.14285714285717
1361417064.727,742.1875
1361417044.08,30.83394970414201
1361417044.778,17.501876876876878
1361417043.985,10.232300884955752
1361417043.899,11.043848167539267
1361417045.268,10.479607250755286
1361417046.229,10.232300884955752
1361417046.544,16.472868217054266
1361417047.957,10.354477611940299
1361417049.086,10.416666666666666
1361417068.583,416.6666666666667
1361417068.519,2500.0
1361417072.481,1250.0
1361417070.84,331.25
1361417067.318,2437.5
1361417072.853,1250.0
1361417073.335,3218.75
1361417050.187,21.648044692737432
1361417051.57,10.112973760932944
1361417051.504,21.850899742930594
1361417053.093,16.9422238372093
1361417055.844,10.354477611940299
1361417057.142,23.69557057057057
1361417054.043,10.293026706231453
1361417055.782,10.354477611940299
1361417055.976,417.7827380952381
1361417057.472,29.152199074074073
1361417074.223,2500.0
1361417074.982,1250.0
1361417076.805,548.75
1361417080.068,2500.0
1361417074.836,416.6666666666667
1361417075.345,2500.0
1361417079.982,1250.0
1361417080.108,812.5
1361417058.32,1500.0
1361417058.395,13.694852941176471
1361417058.711,10.448042168674698
1361417060.973,36.25
1361417061.516,10.323660714285714
1361417064.514,4.518072289156627
1361417065.273,750.0
1361417063.091,10.323660714285714
1361417063.09,10.202205882352942
1361417063.221,10.385479041916168
1361417064.357,16.3646449704142
1361417064.843,2460.9375
1361417086.046,1250.0
1361417086.294,717.8819444444445
1361417082.646,2500.0
1361417082.774,488.78205128205127
1361417087.121,742.1875
1361417088.11,742.1875
1361417085.483,1250.0
1361417089.0,1250.0
1361417085.706,863.4868421052631
1361417082.118,2500.0
1361417082.625,833.3333333333334
1361417086.657,197.91666666666666
1361417086.953,378.2169117647059
1361417087.08,1120.4044117647059
1361417083.748,742.1875
1361417083.812,476.1513157894737
1361417087.52,1484.375
1361417087.963,2437.5
1361417067.324,24.789222873900293
1361417066.059,18.028846153846153
1361417067.491,9.967672413793105
1361417070.813,10.479607250755286
1361417072.309,10.29191616766467
1361417073.234,10.385479041916168
1361417072.266,74.70703125
1361417072.643,10.416666666666666
1361417073.38,22.94921875
1361417094.306,625.0
1361417094.306,2500.0
1361417095.041,2437.5
1361417096.18,625.0
1361417088.947,355.74776785714283
1361417089.265,677.0833333333334
1361417097.137,3218.75
1361417093.971,833.3333333333334
1361417091.274,902.7777777777778
1361417095.277,500.0
1361417095.717,1218.75
1361417096.991,1250.0
1361417074.03,19.722622478386167
1361417074.537,37.234042553191486
1361417075.042,58.423913043478265
1361417075.082,23.703835227272727
1361417075.333,59.72222222222223
1361417075.585,16.570605187319885
1361417076.032,18.53813559322034
1361417076.474,28.303571428571427
1361417077.087,22.257834757834758
1361417077.527,705.078125
1361417074.064,32.60476878612717
1361417074.127,16.068892045454543
1361417074.172,57.180851063829785
1361417074.676,31.33877840909091
1361417075.119,52.49297752808989
1361417075.5,35.3143063583815
1361417075.499,37.234042553191486
1361417075.729,10.232300884955752
1361417076.106,57.180851063829785
1361417076.866,796.875
1361417077.056,8.62363387978142
1361417077.12,27.826544943820224
1361417077.478,166.66666666666666
1361417102.91,465.625
1361417079.221,208.78775167785236
1361417078.122,57.180851063829785
1361417078.184,55.989583333333336
1361417078.247,18.571428571428573
1361417078.5,187.5
1361417078.627,207.3529411764706
1361417079.131,20.804794520547947
1361417079.234,21.804378531073446
1361417079.364,629.4642857142857
1361417080.503,19.90642655367232
1361417080.438,14.607988165680473
1361417080.501,22.35991379310345
1361417080.988,187.5
1361417080.988,187.5
1361417081.115,26.69460641399417
1361417081.238,51.68269230769231
1361417079.332,29.00598404255319
1361417079.458,55.989583333333336
1361417079.819,27.376760563380284
1361417080.263,10.293026706231453
1361417080.327,19.652974504249293
1361417080.325,37.19380403458213
1361417080.389,15.447443181818182
1361417080.452,250.0
1361417081.379,55.989583333333336
1361417081.507,49.65277777777777
1361417102.224,1250.0
1361417098.7,2437.5
1361417099.144,1203.125
1361417104.167,2500.0
1361417104.226,1250.0
1361417103.032,1250.0
1361417089.336,20.926339285714285
1361417082.757,277.068661971831
1361417082.49,35.090782122905026
1361417082.493,19.591346153846153
1361417082.493,18.617021276595743
1361417084.901,39.8936170212766
1361417085.596,88.9423076923077
1361417082.008,13.58309659090909
1361417081.941,22.151898734177216
1361417082.811,10.323660714285714
1361417082.81,10.448042168674698
1361417083.635,10.202205882352942
1361417083.975,10.262573964497042
1361417084.1,918.75
1361417084.164,10.416666666666666
1361417087.236,10.479607250755286
1361417088.102,68.01470588235294
1361417088.351,10.262573964497042
1361417088.897,611.8421052631578
1361417089.279,23.09384164222874
1361417086.81,31.61764705882353
1361417088.115,18.546388101983002
1361417109.952,968.75
1361417106.557,2437.5
1361417112.655,833.3333333333334
1361417112.59,581.25
1361417108.042,625.0
1361417112.006,1250.0
1361417112.573,2500.0
1361417090.808,21.067942942942942
1361417091.123,12.455357142857142
1361417091.733,149.4140625
1361417097.323,209.837962962963
1361417097.382,24.99072700296736
1361417094.153,20.7760989010989
1361417095.588,10.385479041916168
1361417095.84,10.232300884955752
1361417096.282,11.811023622047244
1361417096.706,20.877100840336134
1361417118.037,516.6666666666667
1361417114.453,726.5625
1361417115.343,2500.0
1361417120.166,487.5
1361417120.607,968.75
1361417113.502,609.375
1361417117.828,2437.5
1361417117.828,787.5
1361417114.622,726.5625
1361417115.637,3218.75
1361417119.703,812.5
1361417116.947,2437.5
1361417120.782,3218.75
1361417098.749,20.864520958083833
1361417100.733,10.448042168674698
1361417099.33,28.645833333333332
1361417100.511,1619.7916666666667
1361417100.766,10.416666666666666
1361417102.494,1734.375
1361417103.376,10.416666666666666
1361417104.92,4.424778761061947
1361417105.045,4.335260115606936
1361417105.299,4.3478260869565215
1361417103.253,2562.5
1361417103.295,4.451038575667656
1361417103.358,4.411764705882353
1361417103.548,4.322766570605188
1361417103.674,42.18307365439093
1361417104.24,20.693824404761905
1361417104.915,39.17507204610951
1361417105.232,4.261363636363636
1361417125.616,2500.0
1361417121.965,833.3333333333334
1361417126.186,1453.125
1361417126.312,1250.0
1361417123.808,1484.375
1361417125.854,2500.0
1361417122.907,416.6666666666667
1361415560.97,18683.896593658636
1361417106.145,4.335260115606936
1361417108.463,45.479910714285715
1361417109.131,302.0833333333333
1361417109.638,4.424778761061947
1361417107.104,10.416666666666666
1361417107.421,822.265625
1361417107.65,10.416666666666666
1361417108.914,4.464285714285714
1361417109.209,4.285714285714286
1361417109.399,614.2578125
1361417109.588,4.398826979472141
1361417110.15,10.354477611940299
1361417112.092,502.0559210526315
1361417112.831,906.25
1361417113.085,10.448042168674698
1361417113.715,679.6875
1361417110.189,4.398826979472141
1361417110.301,4.3604651162790695
1361417132.938,3218.75
1361417137.411,2500.0
1361417134.127,1250.0
1361417130.413,2437.5
1361417130.476,1250.0
1361417130.667,625.0
1361417134.695,625.0
1361417134.822,1250.0
1361417113.956,1034.375
1361417117.794,16.684322033898304
1361417114.586,10.293026706231453
1361417117.18,3437.5
1361417117.371,10.354477611940299
1361417117.178,7968.75
1361417117.553,10.479607250755286
1361417115.212,10.262573964497042
1361417115.378,14.549026946107784
1361417118.134,10.293026706231453
1361417118.704,1354.1666666666667
1361417119.085,19.642857142857142
1361417119.253,1934.375
1361417119.444,9.477459016393443
1361417118.045,10.448042168674698
1361417118.239,10.202205882352942
1361417119.358,39.8936170212766
1361417119.675,10.511363636363637
1361417119.8,35.39540816326531
1361417119.78,30.804843304843306
1361417120.026,49.8046875
1361417138.533,742.1875
1361417142.88,1250.0
1361417140.732,1218.75
1361417143.931,125.0
1361417144.376,2500.0
1361417145.267,742.1875
1361417134.23,45.37671232876713
1361417139.597,1250.0
1361417139.851,552.0833333333334
1361417122.272,14.373145400593472
1361417122.968,16.449780058651026
1361417124.342,14.09948224852071
1361417124.822,22.66533430232558
1361417125.39,1104.1666666666667
1361417122.159,18.31597222222222
1361417124.288,4.054054054054054
1361417124.982,37.760416666666664
1361417127.831,23.051167582417584
1361417149.873,2500.0
1361417150.378,1250.0
1361417150.758,1484.375
1361417147.491,726.5625
1361417153.218,415.17857142857144
1361417150.242,1484.375
1361417147.992,1250.0
1361417151.991,1218.75
1361417149.045,833.3333333333334
1361417132.954,10.479607250755286
1361417133.201,1947.9166666666667
1361417129.808,10.448042168674698
1361417129.808,4.087193460490463
1361417130.663,17.804154302670625
1361417132.961,14.787946428571429
1361417135.334,10.385479041916168
1361417137.364,128.93907563025212
1361417154.127,484.375
1361417154.314,1250.0
1361417158.668,625.0
1361417155.884,2437.5
1361417159.292,742.1875
1361417155.387,1250.0
1361417159.774,1203.125
1361417140.239,10.02528901734104
1361417164.934,1164.0625
1361417142.91,10.385479041916168
1361417143.15,12.644508670520231
1361417168.334,625.0
1361417168.525,447.9166666666667
1361417161.729,2500.0
1361417161.797,593.75
1361417161.909,1484.375
1361417161.972,1250.0
1361417163.178,2500.0
1361417167.269,1421.875
1361417164.235,1484.375
1361417167.561,306.03448275862064
1361417169.087,726.5625
1361417169.215,1250.0
1361417147.339,18.34964412811388
1361417147.654,10.385479041916168
1361417148.097,10.354477611940299
1361417149.722,33.27922077922078
1361417147.922,2242.1875
1361417148.238,8.734199438202246
1361417149.359,18.647693452380953
1361417151.745,25.78125
1361417152.129,12.762762762762764
1361417149.829,10.323660714285714
1361417151.892,19.938380281690144
1361417151.952,1281.25
1361417152.588,3406.25
1361417152.698,10.479607250755286
1361417173.605,835.4779411764706
1361417170.08,992.1875
1361417170.653,469.7265625
1361417171.665,409.8011363636364
1361417175.249,2500.0
1361417171.968,1250.0
1361417172.535,398.4375
1361417172.599,405.33088235294116
1361417176.435,2500.0
1361417176.176,1453.125
1361417173.739,833.3333333333334
1361417170.7,2500.0
1361417174.476,706.8014705882352
1361417175.046,833.3333333333334
1361417171.715,446.96969696969694
1361417175.425,1250.0
1361417177.247,1250.0
1361417157.846,30.802292263610315
1361417154.949,13.496376811594203
1361417157.756,22.292993630573246
1361417156.018,10.416666666666666
1361417157.524,165.625
1361417157.524,20.922364672364672
1361417158.008,19.71293604651163
1361417158.448,150.5681818181818
1361417158.954,57.180851063829785
1361417159.079,48.065110565110565
1361417159.312,57.180851063829785
1361417159.375,37.94001436781609
1361417159.944,28.063031161473088
1361417159.944,33.898305084745765
1361417159.944,31.06831395348837
1361417160.134,1281.25
1361417160.324,55.989583333333336
1361417160.514,10.448042168674698
1361417160.87,22.347383720930235
1361417161.316,36.532951289398284
1361417160.995,190.35218253968253
1361417158.273,30.600890207715132
1361417158.272,63.72626582278482
1361417158.336,39.478550295857985
1361417158.714,14.20856940509915
1361417158.842,21.82971014492754
1361417159.283,24.573037790697672
1361417159.283,22.245762711864405
1361417159.409,11.522861356932152
1361417159.617,19.575639204545457
1361417159.684,34.6045197740113
1361417160.19,26.012073863636363
1361417160.507,1322.265625
1361417160.697,19.800646551724135
1361417161.123,57.180851063829785
1361417161.251,184.0277777777778
1361417161.314,31.25
1361417161.377,25.43218085106383
1361417182.792,416.6666666666667
1361417179.949,625.0
1361417183.277,2500.0
1361417181.89,726.5625
1361417178.685,416.6666666666667
1361417179.889,1250.0
1361417179.885,833.3333333333334
1361417180.886,812.5
1361417161.6,146.23397435897436
1361417164.328,2476.5625
1361417162.046,36.30514705882353
1361417161.917,20.544825072886297
1361417162.297,10.385479041916168
1361417163.054,39.76925427872861
1361417163.351,17.13466183574879
1361417163.856,55.989583333333336
1361417163.855,10.202205882352942
1361417164.36,37.90838068181819
1361417164.488,29.435198300283286
1361417164.613,10.232300884955752
1361417164.848,36.637931034482754
1361417164.848,10.448042168674698
1361417164.847,25.820974576271187
1361417164.911,27.56320224719101
1361417165.289,57.180851063829785
1361417162.335,34.53480113636364
1361417162.335,656.25
1361417162.46,53.75
1361417162.757,25.951867816091955
1361417162.947,34.5821325648415
1361417162.946,24.98209169054441
1361417163.453,50.692471590909086
1361417163.58,37.58445945945946
1361417163.77,458.984375
1361417163.77,37.32142857142858
1361417163.77,165.625
1361417164.758,34.771126760563384
1361417166.762,10.202205882352942
1361417167.314,1035.15625
1361417166.903,10.714285714285714
1361417168.44,10.385479041916168
1361417188.43,581.25
1361417192.454,625.0
1361417188.164,2437.5
1361417170.331,23.4375
1361417170.849,6421.875
1361417172.088,10.416666666666666
1361417174.514,149.4140625
1361417175.148,10.448042168674698
1361417175.819,17171.875
1361417173.861,15.400502873563218
1361417175.858,8678.819444444445
1361417198.611,2500.0
1361417195.155,2437.5
1361417195.465,2437.5
1361417200.671,2500.0
1361417177.966,22.54098360655738
1361417180.222,10.08357558139535
1361417180.222,14.183407738095237
1361417177.725,33.059675141242934
1361417181.073,10.448042168674698
1361417183.42,10.479607250755286
1361417183.513,13.3406432748538
1361417183.701,4.099628712871287
1361417207.697,931.4236111111112
1361417208.898,2500.0
1361417201.834,1609.375
1361417209.641,2437.5
1361417201.897,581.25
1361417205.736,833.3333333333334
1361417202.401,968.75
1361417206.621,1484.375
1361417204.537,2437.5
1361417209.751,2500.0
1361417186.887,10.416666666666666
1361417187.315,14.824924698795181
1361417187.885,4.559270516717325
1361417187.885,12.105855855855856
1361417188.266,750.0
1361417189.127,4.3478260869565215
1361417189.253,4.335260115606936
1361417189.188,4.398826979472141
1361417186.045,13.71173469387755
1361417186.528,684.7426470588235
1361417186.97,4.335260115606936
1361417187.919,4.518072289156627
1361417188.28,4.559270516717325
1361417189.039,2718.75
1361417189.356,4.451038575667656
1361417189.673,4.411764705882353
1361417212.461,10078.125
1361417190.304,4.335260115606936
1361417191.064,17.11309523809524
1361417191.366,10.354477611940299
1361417191.489,4.424778761061947
1361417191.746,4.3604651162790695
1361417192.692,20.619501466275658
1361417190.665,4.437869822485207
1361417191.525,4.322766570605188
1361417191.655,15.397892441860465
1361417191.783,10.385479041916168
1361417192.269,21.551724137931036
1361417192.267,4.424778761061947
1361417192.964,10.172287390029325
1361417193.218,11.88248502994012
1361417193.531,4.437869822485207
1361417193.599,652.34375
1361417213.755,1250.0
1361417209.721,726.5625
1361417210.168,726.5625
1361417214.198,1250.0
1361417211.795,1484.375
1361417209.896,455.64516129032256
1361417217.703,2437.5
1361417213.92,2500.0
1361417211.354,2500.0
1361417212.089,536.4583333333334
1361417217.107,500.0
1361417194.065,4.424778761061947
1361417194.065,4.335260115606936
1361417195.015,13.660179640718564
1361417194.887,10.354477611940299
1361417195.435,52.36486486486486
1361417196.006,10.448042168674698
1361417196.512,23.651215805471125
1361417194.173,4.335260115606936
1361417194.424,243.7734962406015
1361417194.615,4.310344827586206
1361417195.603,6687.5
1361417219.007,1062.5
1361417199.447,19.50354609929078
1361417200.852,19.50354609929078
1361417200.785,19.50354609929078
1361417218.017,1250.0
1361417221.92,494.7916666666667
1361417218.523,2437.5
1361417222.426,2500.0
1361417220.85,1203.125
1361417224.177,487.5
1361417224.302,2437.5
1361417219.059,1250.0
1361417219.8,1250.0
1361417220.815,706.25
1361417221.007,1250.0
1361417204.232,32.986111111111114
1361417204.839,10.479607250755286
1361417205.533,10.479607250755286
1361417202.619,33.08546686746988
1361417202.809,187.5
1361417203.315,19.642857142857142
1361417203.736,19.50354609929078
1361417204.747,16750.0
1361417208.78,317.0955882352941
1361417206.118,10.354477611940299
1361417207.065,34.95762711864406
1361417207.001,10.448042168674698
1361417208.429,1354.1666666666667
1361417205.904,11.897590361445783
1361417207.396,12.681159420289855
1361417208.829,2031.25
1361417230.181,2500.0
1361417230.181,3218.75
1361417227.676,3218.75
1361417231.364,812.5
1361417231.427,989.5833333333334
1361417233.144,2500.0
1361417230.106,1250.0
1361417230.486,1250.0
1361417229.232,1421.875
1361417211.906,736.1111111111112
1361417210.672,7.2259759759759765
1361417210.924,54.01917404129793
1361417209.859,13.816765578635016
1361417210.745,37.88836705202312
1361417211.164,29.88939606741573
1361417214.022,10.448042168674698
1361417214.273,15.809911242603551
1361417215.034,24.59016393442623
1361417215.707,20.516304347826086
1361417216.605,20.135788690476193
1361417217.342,77.11693548387098
1361417234.083,552.0833333333334
1361417234.209,416.6666666666667
1361417234.336,3218.75
1361417238.424,500.0
1361417238.808,297.5
1361417239.127,2500.0
1361417236.154,1453.125
1361417237.609,2500.0
1361417233.752,625.0
1361417238.228,256.25
1361417234.643,2500.0
1361417235.47,1250.0
1361417236.139,1656.25
1361417239.593,641.633064516129
1361417218.231,825.5208333333334
1361417220.166,10.354477611940299
1361417219.864,10.479607250755286
1361417220.117,13.735250737463126
1361417221.292,10.416666666666666
1361417221.611,4.411764705882353
1361417241.858,710.9375
1361417242.625,5375.0
1361417223.39,36.72316384180791
1361417223.39,187.5
1361417224.399,19.125
1361417224.462,27.826544943820224
1361417221.803,4812.5
1361417221.803,10.416666666666666
1361417224.347,10.448042168674698
1361417224.791,184.0277777777778
1361417224.663,21.728515625
1361417224.851,33.5195530726257
1361417224.915,57.180851063829785
1361417225.298,24.456521739130437
1361417225.46,145.0320512820513
1361417225.46,16.581632653061227
1361417245.607,2500.0
1361417245.733,479.1666666666667
1361417241.824,455.35714285714283
1361417242.209,386.968085106383
1361417242.715,399.8397435897436
1361417246.681,627.0161290322582
1361417243.159,398.4375
1361417243.731,1250.0
1361417243.77,416.6666666666667
1361417243.64,470.75320512820514
1361417240.874,590.5330882352941
1361417242.437,2437.5
1361417243.135,430.28846153846155
1361417247.102,575.6048387096773
1361417243.555,808.8235294117648
1361417247.582,1250.0
1361417245.079,512.4198717948718
1361417240.531,508.81410256410254
1361417240.722,865.1315789473684
1361417225.911,11.047979797979798
1361417226.037,19.251432664756447
1361417226.416,25.56818181818182
1361417226.543,34.83166189111748
1361417226.606,55.989583333333336
1361417226.669,36.14672364672364
1361417226.922,18.38485054347826
1361417226.984,187.5
1361417226.984,19.121813031161473
1361417227.402,18.94077034883721
1361417227.844,20.419034090909093
1361417228.097,46.480429292929294
1361417228.35,165.625
1361417228.539,57.180851063829785
1361417228.895,19.77401129943503
1361417229.087,26.73512747875354
1361417229.466,214.28571428571428
1361417229.401,1593.75
1361417225.872,19.328034682080922
1361417226.132,38.43283582089553
1361417225.938,16.508556547619047
1361417226.319,17.28723404255319
1361417226.362,10.448042168674698
1361417227.308,26.887464387464387
1361417227.794,10.479607250755286
1361417227.857,214.28571428571428
1361417227.921,57.180851063829785
1361417227.984,53.06682180851064
1361417228.238,16.190807799442894
1361417228.681,77.11693548387098
1361417229.013,143.765318627451
1361417230.482,14.16015625
1361417230.482,10.385479041916168
1361417230.418,22.47191011235955
1361417230.482,18.947557471264368
1361417230.988,57.180851063829785
1361417230.988,33.214285714285715
1361417231.477,18.19164265129683
1361417232.04,17.491319444444446
1361417232.912,16.347543352601157
1361417233.417,31.33827683615819
1361417233.348,22.94921875
1361417229.891,23.659446022727273
1361417229.954,57.180851063829785
1361417229.953,24.717514124293785
1361417230.076,14.337713068181818
1361417230.693,46.818794964028775
1361417231.327,32.6867816091954
1361417231.454,57.180851063829785
1361417231.995,543.75
1361417231.994,25.735294117647058
1361417232.311,10.448042168674698
1361417232.245,72.44318181818183
1361417232.814,10.323660714285714
1361417232.814,33.4051724137931
1361417232.941,33.386752136752136
1361417233.005,25.551994301994302
1361417233.005,10.901162790697676
1361417233.321,35.399011299435024
1361417245.738,80.69620253164557
1361417251.719,1718.75
1361417247.237,430.5555555555556
1361417257.205,1250.0
1361417253.662,2500.0
1361417250.264,812.5
1361417250.964,2500.0
1361417251.155,3218.75
1361417251.701,2500.0
1361417252.081,1250.0
1361417252.715,3218.75
1361417256.232,2500.0
1361417253.478,1250.0
1361417257.355,581.25
1361417234.414,165.625
1361417234.477,17.561239193083573
1361417234.981,184.0277777777778
1361417235.973,57.180851063829785
1361417236.412,165.625
1361417236.478,18.139367816091955
1361417237.471,57.180851063829785
1361417237.535,18.963675213675213
1361417234.2,14.354292168674698
1361417233.883,26.129943502824858
1361417233.883,28.80586592178771
1361417234.266,20.419034090909093
1361417233.902,184.0277777777778
1361417234.474,17.491319444444446
1361417234.404,19.340701219512194
1361417234.976,44.61293565683646
1361417235.166,276.0416666666667
1361417235.355,18.05351906158358
1361417235.716,27.932960893854748
1361417235.778,26.520771513353115
1361417236.222,38.56382978723404
1361417236.219,57.180851063829785
1361417236.218,27.34375
1361417236.79,136.36363636363635
1361417237.338,38.01638176638176
1361417237.145,57.180851063829785
1361417238.015,33.05635838150289
1361417238.141,187.5
1361417238.519,19.642857142857142
1361417238.518,692.7083333333334
1361417240.077,38.62847222222222
1361417240.821,4.559270516717325
1361417241.197,21.12610946745562
1361417237.92,18.42948717948718
1361417237.92,29.88735465116279
1361417238.28,149.4140625
1361417239.903,18.75
1361417240.409,17.857142857142858
1361417241.402,10.385479041916168
1361417260.718,2500.0
1361417263.789,1250.0
1361417263.788,500.0
1361417264.17,487.5
1361417258.505,1250.0
1361417258.95,500.0
1361417259.775,2500.0
1361417260.093,192.30769230769232
1361417260.328,625.0
1361417241.899,3468.75
1361417243.128,20.586492890995263
1361417243.877,19.50354609929078
1361417243.877,14.426622418879056
1361417245.69,1156.25
1361417247.018,10.448042168674698
1361417248.578,77.11693548387098
1361417246.466,191.66666666666669
1361417269.663,812.5
1361417268.786,1250.0
1361417268.912,968.75
1361417268.282,1312.5
1361417272.856,2968.75
1361417253.867,4.398826979472141
1361417250.215,14.14695945945946
1361417251.226,10.479607250755286
1361417252.022,21.246189024390244
1361417252.4,22.74408284023669
1361417253.518,10.448042168674698
1361417250.918,15.164085545722715
1361417251.299,27.27272727272727
1361417251.911,53.42113466334165
1361417252.922,21.99961656441718
1361417253.048,4.398826979472141
1361417253.659,10.142543859649123
1361417273.906,758.9285714285714
1361417254.588,4.491017964071856
1361417255.326,4.310344827586206
1361417256.211,4.587155963302752
1361417256.147,10.479607250755286
1361417257.33,4.322766570605188
1361417257.518,10.448042168674698
1361417254.664,4.3478260869565215
1361417255.553,4.3478260869565215
1361417255.679,4.335260115606936
1361417255.679,25.423728813559325
1361417255.679,4.3604651162790695
1361417256.417,4.398826979472141
1361417278.616,2437.5
1361417276.594,625.0
1361417276.721,2500.0
1361417277.101,833.3333333333334
1361417280.931,1203.125
1361417277.606,2500.0
1361417274.571,833.3333333333334
1361417274.57,625.0
1361417275.015,625.0
1361417258.372,4.3478260869565215
1361417258.814,15.062326869806094
1361417259.486,3.6496350364963503
1361417260.181,4.3604651162790695
1361417260.434,12.58833922261484
1361417260.6,10.293026706231453
1361417260.663,4.385964912280701
1361417260.911,4.437869822485207
1361417261.105,4.3604651162790695
1361417257.767,16.79804804804805
1361417258.38,4.3604651162790695
1361417258.697,541.6666666666666
1361417258.822,4.373177842565598
1361417259.871,4.2979942693409745
1361417259.746,4.273504273504274
1361417259.81,18.617021276595743
1361417261.247,4890.625
1361417262.858,4.464285714285714
1361417262.921,4.2979942693409745
1361417262.985,4.398826979472141
1361417262.984,4.3604651162790695
1361417263.911,4.3604651162790695
1361417265.599,412.68382352941177
1361417265.469,4.310344827586206
1361417262.556,4.310344827586206
1361417262.551,7.161458333333333
1361417262.681,15.019044321329641
1361417262.745,4.398826979472141
1361417263.124,10.232300884955752
1361417263.441,17.44947604790419
1361417263.922,10.448042168674698
1361417263.985,21.31924198250729
1361417264.175,4.477611940298508
1361417264.301,10.262573964497042
1361417264.365,4.373177842565598
1361417264.997,19.50354609929078
1361417265.043,4.424778761061947
1361417265.549,4.424778761061947
1361417286.064,1250.0
1361417286.825,2500.0
1361417283.428,500.0
1361417283.488,1218.75
1361417284.42,812.5
1361417285.5,1218.75
1361417288.698,726.5625
1361417282.014,2500.0
1361417286.489,292.6136363636364
1361417282.648,625.0
1361417282.648,1250.0
1361417287.479,2906.25
1361417287.606,1453.125
1361417288.049,1250.0
1361417288.237,1250.0
1361417289.362,726.5625
1361417266.006,4.385964912280701
1361417266.512,20.01664201183432
1361417267.018,4.451038575667656
1361417267.564,4.2979942693409745
1361417268.067,15.100671140939598
1361417268.388,1104.1666666666667
1361417269.441,19.50354609929078
1361417265.915,4.573170731707317
1361417265.915,21.554969879518072
1361417267.224,4.385964912280701
1361417267.287,4.322766570605188
1361417269.587,4.285714285714286
1361417296.648,2687.5
1361417269.928,17.303719008264466
1361417271.549,64.39260563380282
1361417272.856,77.11693548387098
1361417272.983,24.43099710982659
1361417270.824,7281.25
1361417290.553,3218.75
1361417294.773,2500.0
1361417296.143,1453.125
1361417296.21,1250.0
1361417292.88,742.1875
1361417297.098,2437.5
1361417293.746,1609.375
1361417290.096,2500.0
1361417294.822,2500.0
1361417294.822,2500.0
1361417296.003,2500.0
1361417296.066,1250.0
1361417293.054,742.1875
1361417293.31,296.3169642857143
1361417296.956,625.0
1361417297.079,989.5833333333334
1361417273.231,693.75
1361417275.867,11812.5
1361417275.867,34.45290858725762
1361417276.12,11.455407303370785
1361417276.626,6218.75
1361417274.158,1500.0
1361417273.966,1354.1666666666667
1361417275.276,18.805309734513276
1361417277.53,51.724137931034484
1361417278.957,9.304775280898877
1361417279.586,12.296597633136095
1361417280.204,10.262573964497042
1361417281.631,77.11693548387098
1361417301.897,415.17857142857144
1361417302.656,968.75
1361417300.601,2437.5
1361417304.794,989.5833333333334
1361417304.922,833.3333333333334
1361417305.496,2500.0
1361417301.845,1453.125
1361417298.068,1453.125
1361417298.494,2968.75
1361417299.003,2500.0
1361417302.777,2500.0
1361417299.895,3421.875
1361417301.104,2500.0
1361417304.495,2500.0
1361417301.266,1453.125
1361417301.458,572.9166666666666
1361417304.587,1250.0
1361417305.164,487.5
1361417282.444,127.9296875
1361417283.013,11.71875
1361417285.119,4.491017964071856
1361417282.104,7.3005698005698
1361417282.289,10.479607250755286
1361417282.52,4828.125
1361417283.766,500.0
1361417311.943,752.6041666666666
1361417287.255,21.324088145896656
1361417287.615,1687.5
1361417288.523,14.797794117647058
1361417286.622,10.232300884955752
1361417310.883,1250.0
1361417309.754,363.28125
1361417309.944,2500.0
1361417314.455,1484.375
1361417307.471,2437.5
1361417308.17,242.1875
1361417312.677,1250.0
1361417313.25,833.3333333333334
1361417290.946,152.08333333333331
1361417291.239,23.29631024096386
1361417291.746,10.448042168674698
1361417291.871,18.662084398976983
1361417290.332,37.77521306818181
1361417290.457,10.170118343195266
1361417295.909,1734.375
1361417293.88,28.846153846153847
1361417295.439,10.232300884955752
1361417294.486,2070.3125
1361417297.233,10.448042168674698
1361417297.104,10.02528901734104
1361417313.96,1250.0
1361417317.985,625.0
1361417318.107,947.9166666666666
1361417316.41,2500.0
1361417321.261,625.0
1361417319.147,726.5625
1361417316.458,625.0
1361417320.417,2500.0
1361417297.885,10.416666666666666
1361417298.763,22.780797101449274
1361417299.57,9.50584975369458
1361417300.141,20.50487987987988
1361417300.139,13.28125
1361417305.013,18.26780415430267
1361417305.644,15.855457227138645
1361417305.644,1947.9166666666667
1361417304.859,10.142543859649123
1361417305.594,10.448042168674698
1361417328.646,625.0
1361417326.371,726.5625
1361417326.434,2437.5
1361417322.658,833.3333333333334
1361417323.292,329.24107142857144
1361417323.737,85.68548387096773
1361417309.79,2562.5
1361417305.946,10.479607250755286
1361417307.082,24.371355685131196
1361417308.333,10.262573964497042
1361417308.076,22.31474550898204
1361417309.46,18.092105263157894
1361417310.801,3625.0
1361417311.349,11.432926829268293
1361417310.309,14.852834302325581
1361417311.382,75.0
1361417312.56,21.327893175074184
1361417337.49,1250.0
1361417335.457,1609.375
1361417337.472,572.9166666666666
1361417337.598,1250.0
1361417314.062,10.416666666666666
1361417315.333,149.4140625
1361417314.228,10.448042168674698
1361417314.094,10.479607250755286
1361417316.042,21.228730366492147
1361417316.521,10.416666666666666
1361417319.009,10.054347826086955
1361417319.491,1281.25
1361417320.123,1023.4375
1361417320.82,35.714285714285715
1361417321.18,11.778115501519757
1361417338.097,2500.0
1361417338.161,2500.0
1361417341.809,1203.125
1361417338.604,2437.5
1361417343.373,833.3333333333334
1361417341.316,1218.75
1361417337.47,108.69565217391305
1361417342.179,353.61842105263156
1361417343.003,399.609375
1361417339.611,1250.0
1361417341.855,2968.75
1361417341.982,2500.0
1361417322.872,10.416666666666666
1361417323.291,17.46046686746988
1361417324.789,18.27485380116959
1361417324.846,14.841445427728614
1361417325.673,10.904456193353473
1361417322.38,253.28947368421052
1361417323.008,10.112973760932944
1361417324.827,10.479607250755286
1361417325.997,10.479607250755286
1361417328.675,1359.375
1361417326.817,75.0
1361417328.565,4.988704819277108
1361417349.523,833.3333333333334
1361417347.759,742.1875
1361417348.078,2500.0
1361417344.1,448.4375
1361417354.606,2437.5
1361417351.143,2437.5
1361417331.673,10.416666666666666
1361417330.568,10.416666666666666
1361417359.61,931.25
1361417334.398,734.375
1361417334.398,734.375
1361417334.06,4.559270516717325
1361417334.288,734.375
1361417336.797,149.4140625
1361417354.456,1609.375
1361417360.232,2437.5
1361417358.642,833.3333333333334
1361417356.809,1453.125
1361417339.58,10.448042168674698
1361417340.275,16.54682890855457
1361417341.577,10.448042168674698
1361417338.307,9.939111747851003
1361417361.912,1062.5
1361417342.02,5.928853754940711
1361417342.904,10.172287390029325
1361417341.989,18.612132352941178
1361417343.465,812.5
1361417344.349,21.773298816568047
1361417344.475,1281.25
1361417367.858,2500.0
1361417370.675,2500.0
1361417364.328,500.0
1361417365.572,1250.0
1361417366.144,1250.0
1361417349.567,9.554140127388534
1361417347.26,25.997150997150996
1361417353.826,12.48123123123123
1361417352.12,10.479607250755286
1361417373.914,487.5
1361417370.266,2437.5
1361417375.344,2500.0
1361417373.158,625.0
1361417370.868,536.4583333333334
1361417371.881,1250.0
1361417376.074,2500.0
1361417372.876,406.25
1361417374.335,2437.5
1361417377.849,1250.0
1361417370.041,448.2421875
1361417354.753,19.865412979351035
1361417355.007,14.36190119760479
1361417355.752,10.385479041916168
1361417358.864,2476.5625
1361417358.057,10.354477611940299
1361417359.195,31.914893617021274
1361417359.194,10.448042168674698
1361417360.63,23.74822443181818
1361417359.782,17.61049723756906
1361417361.149,22.3280325443787
1361417380.279,812.5
1361417380.597,2500.0
1361417380.787,500.0
1361417384.878,1250.0
1361417379.7,2500.0
1361417384.592,312.5
1361417384.848,2500.0
1361417385.353,3218.75
1361417362.191,458.49609375
1361417361.046,693.75
1361417361.875,21.435950413223143
1361417365.503,28.61952861952862
1361417362.172,10.416666666666666
1361417361.788,99.09539473684211
1361417363.891,30.23921832884097
1361417364.397,1464.84375
1361417369.059,10.054347826086955
1361417369.562,10.354477611940299
1361417389.911,2437.5
1361417386.959,484.375
1361417392.416,1250.0
1361417392.543,625.0
1361417391.141,2437.5
1361417387.745,2500.0
1361417391.813,1250.0
1361417392.445,2500.0
1361417393.144,500.0
1361417369.874,20.554315476190474
1361417370.446,10.479607250755286
1361417372.127,697.9166666666666
1361417374.141,10.479607250755286
1361417376.574,10.479607250755286
1361417376.809,10.354477611940299
1361417394.151,2500.0
1361417398.874,1250.0
1361417395.484,2437.5
1361417397.148,625.0
1361417400.408,1218.75
1361417402.23,1484.375
1361417402.294,2500.0
1361417402.354,726.5625
1361417379.667,495.5357142857143
1361417379.794,10.293026706231453
1361417383.697,23.092196132596687
1361417385.649,9.882478632478632
1361417402.0,875.0
1361417403.823,802.0833333333334
1361417405.219,3218.75
1361417402.859,487.5
1361417403.106,833.3333333333334
1361417407.265,3218.75
1361417407.834,1250.0
1361417405.247,3218.75
1361417408.829,726.5625
1361417406.199,1250.0
1361417409.334,2500.0
1361417409.78,1250.0
1361417410.481,833.3333333333334
1361417386.63,14.59703947368421
1361417387.137,10.448042168674698
1361417388.572,10.448042168674698
1361417389.893,10.385479041916168
1361417391.215,10.385479041916168
1361417391.318,12.701023391812866
1361417392.516,9.910714285714285
1361417392.751,10.172287390029325
1361417390.113,23.346656976744185
1361417391.9,20.66532258064516
1361417414.485,2500.0
1361417411.408,500.0
1361417415.667,1453.125
1361417412.978,947.9166666666666
1361417416.94,1453.125
1361417411.248,833.3333333333334
1361417413.093,1250.0
1361417416.207,2500.0
1361417413.194,432.2916666666667
1361417416.649,833.3333333333334
1361417418.288,2500.0
1361417393.91,4.3604651162790695
1361417394.356,10.354477611940299
1361417395.41,17.201409495548962
1361417395.725,22.135416666666668
1361417395.26,18.75
1361417422.45,2500.0
1361417419.691,2500.0
1361417423.697,625.0
1361417421.322,1250.0
1361417425.903,1250.0
1361417420.865,2437.5
1361417425.433,3218.75
1361417425.561,1250.0
1361417402.182,10.232300884955752
1361417402.09,10.479607250755286
1361417402.152,20.682803468208093
1361417402.506,14.114295580110497
1361417402.823,26.278409090909093
1361417404.049,10.416666666666666
1361417404.555,3492.1875
1361417408.677,925.0
1361417409.456,10.448042168674698
1361417409.71,906.25
1361417427.318,741.7763157894736
1361417431.219,593.75
1361417431.387,524.0709459459459
1361417425.995,178.57142857142858
1361417428.62,3218.75
1361417432.267,506.57894736842104
1361417410.66,10.385479041916168
1361417411.267,20.895522388059703
1361417413.461,2718.75
1361417410.06,12.620192307692308
1361417411.558,11.499297752808989
1361417438.646,1552.0833333333333
1361417414.233,18.145161290322584
1361417417.42,12.18841642228739
1361417417.736,10.479607250755286
1361417438.339,3218.75
1361417438.847,500.0
1361417439.477,1218.75
1361417436.51,833.3333333333334
1361417439.966,742.1875
1361417441.654,625.0
1361417434.293,735.1973684210526
1361417419.893,10.354477611940299
1361417421.199,20.610754985754987
1361417421.529,149.4140625
1361417445.882,885.4166666666666
1361417422.562,37.760416666666664
1361417424.793,17.46046686746988
1361417425.449,2562.5
1361417441.606,643.75
1361417448.787,625.0
1361417445.965,2500.0
1361417447.073,2500.0
1361417449.331,1250.0
1361417425.778,13.625372023809524
1361417427.397,289.0625
1361417428.769,10.076349431818182
1361415534.613,3313.0954465849386
1361417431.385,400.390625
1361417432.018,37.13703966005666
1361417431.832,10.448042168674698
1361417434.543,30.64903846153846
1361417451.173,1250.0
1361417456.026,812.5
1361417452.314,833.3333333333334
1361417452.803,3218.75
1361417456.638,178.57142857142858
1361417458.55,1609.375
1361417454.613,1250.0
1361417450.965,1781.25
1361417434.93,14.945652173913045
1361417435.12,70.72368421052632
1361417436.721,18.47866766467066
1361417434.878,10.293026706231453
1361417435.937,10.262573964497042
1361417457.399,4859.375
1361417437.839,867.1875
1361417439.644,10.416666666666666
1361417440.275,21.086626139817632
1361417440.59,4718.75
1361417438.921,77.11693548387098
1361417438.984,1353.125
1361417462.296,416.6666666666667
1361417459.793,2437.5
1361417461.472,2437.5
1361417464.544,1218.75
1361417464.86,2500.0
1361417465.557,833.3333333333334
1361417465.875,1453.125
1361417459.188,452.34375
1361417460.013,1250.0
1361417462.152,1484.375
1361417465.897,833.3333333333334
1361417445.139,15.263728323699421
1361417444.479,10.448042168674698
1361417444.99,578.125
1361417446.912,10.869565217391305
1361417448.599,10.202205882352942
1361417465.933,1453.125
1361417467.695,208.33333333333334
1361417467.822,2500.0
1361417467.886,2500.0
1361417468.815,1203.125
1361417469.573,833.3333333333334
1361417472.643,833.3333333333334
1361417470.316,581.25
1361417450.35,10.479607250755286
1361417450.476,10.416666666666666
1361417452.04,18.75
1361417456.565,2835.9375
1361417454.012,12.536873156342184
1361417454.075,10.172287390029325
1361417455.084,10.385479041916168
1361417456.938,17.554593373493976
1361417474.002,1218.75
1361417474.127,500.0
1361417478.348,481.97115384615387
1361417478.411,495.19230769230774
1361417480.106,2500.0
1361417476.777,487.5
1361417480.844,1453.125
1361417476.74,1250.0
1361417477.434,494.7916666666667
1361417477.752,1250.0
1361417477.878,2437.5
1361417481.452,353.36538461538464
1361417481.839,1250.0
1361417482.265,625.0
1361417460.46,17.422566371681416
1361417461.387,27.046783625730992
1361417461.514,10.448042168674698
1361417482.043,388.0208333333333
1361417482.298,610.2430555555555
1361417462.569,10.293026706231453
1361417463.179,17.37938596491228
1361417463.811,16.67580409356725
1361417463.025,149.4140625
1361417463.507,15.206473214285714
1361417464.705,271.875
1361417485.836,292.96875
1361417485.835,833.3333333333334
1361417488.65,500.0
1361417485.64,1250.0
1361417490.234,2437.5
1361417487.072,726.5625
1361417483.739,288.3522727272727
1361417487.894,2500.0
1361417484.309,2500.0
1361417488.504,742.1875
1361417485.747,247.27182539682542
1361417466.697,10.354477611940299
1361417468.199,10.448042168674698
1361417468.934,19.761029411764707
1361417466.042,1359.375
1361417466.336,11.921965317919074
1361417466.968,10.479607250755286
1361417471.898,19.64962121212121
1361417495.915,237.2159090909091
1361417491.302,1250.0
1361417495.775,324.70703125
1361417492.317,1218.75
1361417496.091,2968.75
1361417492.927,833.3333333333334
1361417496.763,458.1653225806452
1361417496.763,1250.0
1361417496.826,400.49342105263156
1361417497.715,1250.0
1361417476.072,10.448042168674698
1361417476.772,18.540451895043734
1361417479.59,10.323660714285714
1361417480.477,2718.75
1361417480.73,10.354477611940299
1361417481.463,10.479607250755286
1361417478.508,16.65805785123967
1361417479.938,10.448042168674698
1361417480.065,9.987745098039214
1361417502.871,477.734375
1361417499.094,431.4236111111111
1361417498.837,406.65064102564105
1361417499.284,2437.5
1361417503.123,369.0878378378378
1361417499.919,385.0
1361417500.108,968.75
1361417503.816,421.875
1361417503.82,435.546875
1361417503.82,492.78846153846155
1361417503.883,495.0657894736842
1361417500.78,495.9935897435898
1361417504.809,510.08064516129036
1361417501.543,1453.125
1361417501.86,394.140625
1361417501.987,1609.375
1361417505.184,2500.0
1361417498.82,1609.375
1361417502.726,3218.75
1361417502.726,445.91346153846155
1361417502.916,536.4583333333334
1361417498.755,372.99679487179486
1361417499.835,395.03205128205127
1361417500.406,1250.0
1361417500.447,2500.0
1361417500.701,493.5897435897436
1361417500.764,538.6029411764706
1361417504.155,500.0
1361417501.271,2968.75
1361417504.726,434.74264705882354
1361417501.717,494.39102564102564
1361417501.716,511.71875
1361417497.743,723.4375
1361417481.226,709.8214285714286
1361417483.543,17.714389534883722
1361417483.856,886.71875
1361417484.999,10.172287390029325
1361417485.928,74.70703125
1361417486.118,11.801359516616316
1361417486.623,77.20588235294117
1361417487.382,4421.875
1361417489.114,23.344494047619047
1361417506.851,506.0096153846154
1361417507.869,390.99702380952385
1361417514.353,2500.0
1361417505.836,289.58333333333337
1361417514.669,1250.0
1361417511.827,402.6442307692308
1361417507.987,435.50531914893617
1361417509.194,2500.0
1361417513.063,833.3333333333334
1361417509.797,408.8541666666667
1361417513.251,415.17857142857144
1361417513.759,415.17857142857144
1361417505.885,379.3218085106383
1361417490.718,10.479607250755286
1361417491.969,10.172287390029325
1361417492.222,9.996397694524497
1361417492.348,50.86436170212766
1361417493.01,214.28571428571428
1361417491.425,10.385196374622357
1361417492.539,22.123470948012233
1361417492.895,1281.25
1361417497.878,10.416666666666666
1361417494.098,165.625
1361417496.161,214.28571428571428
1361417497.027,10.385479041916168
1361417494.549,10.416666666666666
1361417518.611,357.14285714285717
1361417514.706,178.57142857142858
1361417517.226,3218.75
1361417518.242,1609.375
1361417515.46,2500.0
1361417516.284,833.3333333333334
1361417517.53,625.0
1361417521.108,1453.125
1361417521.301,1250.0
1361417514.321,618.5344827586207
1361417498.166,12.593283582089553
1361417497.978,10.416666666666666
1361417498.423,21.588387573964496
1361417498.802,10.262573964497042
1361417499.918,21.327893175074184
1361417500.675,22.600446428571427
1361417501.096,10.385479041916168
1361417528.642,2328.125
1361417503.111,10.448042168674698
1361417504.674,14.552238805970148
1361417502.937,17.529432132963986
1361417503.252,18.956456456456458
1361417503.315,20.833333333333332
1361417504.747,1052.0833333333333
1361417522.84,536.4583333333334
1361417527.376,833.3333333333334
1361417527.884,581.25
1361417524.871,833.3333333333334
1361417528.881,1453.125
1361417528.881,2406.25
1361417523.337,2968.75
1361417525.306,2500.0
1361417529.499,357.14285714285717
1361417530.201,726.5625
1361417505.916,10.447214076246334
1361417506.109,18.601190476190474
1361417507.314,16.133505917159763
1361417509.047,16.38487841945289
1361417506.152,166.66666666666666
1361417506.885,13.627485795454547
1361417507.202,214.28571428571428
1361417507.94,10.385479041916168
1361417508.383,10.448042168674698
1361417511.45,32.13028169014084
1361417512.394,10.385479041916168
1361417513.202,10.448042168674698
1361417538.628,2500.0
1361417531.326,1250.0
1361417535.54,2500.0
1361417532.087,625.0
1361417532.277,625.0
1361417535.986,2500.0
1361417532.768,135.99537037037038
1361417533.086,406.9940476190476
1361417533.085,329.92788461538464
1361417529.296,129.05092592592592
1361417529.043,2688.0208333333335
1361417536.102,2968.75
1361417532.646,2193.655303030303
1361417532.644,2816.40625
1361417533.001,1145.8333333333333
1361417528.707,2454.8732517482517
1361417537.217,2500.0
1361417537.533,416.6666666666667
1361417513.998,9.716386554621849
1361417514.062,33.46108490566038
1361417514.816,1734.375
1361417513.904,9.826487252124647
1361417516.308,24.474557522123895
1361417518.362,15.316031073446329
1361417538.043,776.0416666666666
1361417518.199,750.0
1361417520.395,14.071912650602409
1361417519.163,11.190181518151816
1361417520.088,10.448042168674698
1361417521.459,10.262573964497042
1361417542.845,1453.125
1361417539.258,804.6875
1361417539.639,2500.0
1361417529.101,1564.8634453781513
1361417542.476,968.75
1361417545.611,1144.230769230769
1361417541.19,3218.75
1361417541.507,1250.0
1361417545.914,2500.0
1361417523.633,10.479607250755286
1361417522.117,14.179104477611942
1361417523.478,10.448042168674698
1361417524.47,15.672205438066467
1361417529.376,4937.5
1361417528.585,1734.375
1361417527.289,11.610842541436465
1361417528.493,74.70703125
1361417528.723,23.178522099447513
1361417528.785,17.397757255936675
1361417526.499,21.109882005899703
1361417528.883,264.80263157894734
1361417548.509,2500.0
1361417553.777,833.3333333333334
1361417546.989,1218.75
1361417550.997,1250.0
1361417548.618,833.3333333333334
1361417548.934,183.87276785714286
1361417532.933,10.479607250755286
1361417530.838,11.814024390243903
1361417532.209,552.0833333333334
1361417532.528,486.91190036900366
1361417533.16,21.372615803814714
1361417537.053,1140.625
1361417537.468,159.375
1361417534.612,24.63235294117647
1361417536.974,10.448042168674698
1361417554.904,480.03472222222223
1361417554.835,821.1805555555555
1361417555.981,2500.0
1361417556.109,2968.75
1361417556.167,1250.0
1361417556.871,1421.875
1361417557.162,968.75
1361417558.369,818.5763888888888
1361417555.077,1250.0
1361417555.14,1218.75
1361417556.093,500.0
1361417556.789,346.15384615384613
1361417558.294,561.6319444444445
1361417541.579,10.354477611940299
1361417538.479,12.620192307692308
1361417543.67,18.51851851851852
1361417543.669,184.0277777777778
1361417543.921,49.05415430267062
1361417544.174,36.458333333333336
1361417544.555,57.180851063829785
1361417545.108,55.989583333333336
1361417544.911,29.676258992805757
1361417545.672,30.190677966101696
1361417543.269,4484.375
1361417543.521,21.513353115727003
1361417543.584,20.032051282051285
1361417543.648,184.0277777777778
1361417544.506,20.47413793103448
1361417544.57,57.180851063829785
1361417544.824,18.06232590529248
1361417544.887,54.4969512195122
1361417545.076,26.93965517241379
1361417545.076,35.256410256410255
1361417545.244,1359.375
1361417567.045,2437.5
1361417568.379,430.28846153846155
1361417568.481,625.0
1361417565.088,1484.375
1361417569.114,1218.75
1361417569.672,494.7916666666667
1361417545.953,202.24471830985917
1361417546.171,31.70421511627907
1361417546.358,29.538170163170165
1361417546.608,142.6235465116279
1361417546.608,32.885174418604656
1361417546.672,562.5
1361417547.179,29.094827586206897
1361417547.178,57.180851063829785
1361417547.411,15.846317280453256
1361417547.536,10.448042168674698
1361417547.853,35.91549295774648
1361417548.105,21.310888252148995
1361417548.231,58.423913043478265
1361417548.166,17.787782485875706
1361417546.082,38.56382978723404
1361417546.619,38.56382978723404
1361417546.619,21.395596590909093
1361417547.615,10.416666666666666
1361417548.876,12.214233038348084
1361417550.338,15.443840579710145
1361417552.481,2421.875
1361417552.709,20.12172965116279
1361417553.278,149.4140625
1361417576.92,298.2336956521739
1361417574.229,1250.0
1361417574.717,296.875
1361417574.717,2500.0
1361417575.351,833.3333333333334
1361417576.331,1484.375
1361417556.115,10.385479041916168
1361417555.295,10.385479041916168
1361417556.302,10.323660714285714
1361417558.041,159.0909090909091
1361417560.864,14.408682634730539
1361417582.804,2968.75
1361417582.863,833.3333333333334
1361417579.469,2437.5
1361417579.66,833.3333333333334
1361417580.231,2500.0
1361417585.189,1072.9166666666667
1361417578.398,901.3157894736842
1361417579.145,625.0
1361417579.208,1250.0
1361417583.49,1484.375
1361417583.744,2437.5
1361417577.812,807.9044117647059
1361417564.31,10.479607250755286
1361417564.754,25.69842406876791
1361417564.538,55.989583333333336
1361417565.11,24.56597222222222
1361417565.233,56.25
1361417565.128,4484.375
1361417565.442,37.234042553191486
1361417565.632,42.11590296495957
1361417565.987,21.38157894736842
1361417566.432,184.0277777777778
1361417566.432,15.803571428571427
1361417566.495,165.625
1361417566.483,23.64864864864865
1361417566.167,34.19642857142857
1361417566.23,23.03106936416185
1361417567.241,57.180851063829785
1361417567.659,37.234042553191486
1361417567.785,165.625
1361417565.882,33.14121037463977
1361417566.198,57.180851063829785
1361417566.563,23.36795252225519
1361417566.626,20.02514367816092
1361417566.69,24.610481586402265
1361417566.688,21.310888252148995
1361417567.068,37.23214285714286
1361417567.194,25.517751479289938
1361417567.32,17.412023460410555
1361417567.673,10.293026706231453
1361417568.303,19.916044776119403
1361417594.584,81728.125
1361417589.416,1927.827380952381
1361417592.931,2500.0
1361417593.377,2156.25
1361417590.617,833.3333333333334
1361417590.743,1250.0
1361417588.854,2906.25
1361417589.236,1718.75
1361417589.346,1492.7455357142858
1361417589.787,2406.25
1361417593.702,53289.0625
1361417571.118,10.112973760932944
1361417571.244,15.68579766536965
1361417572.673,373.6413043478261
1361417573.052,12.397080838323353
1361417573.368,4.398826979472141
1361417574.491,4.732142857142858
1361417573.896,14.17042042042042
1361417593.888,1062.5
1361417574.552,45.30352011494253
1361417574.74,4.335260115606936
1361417574.867,789.0625
1361417575.293,4.3478260869565215
1361417575.354,378.47222222222223
1361417575.67,10.385479041916168
1361417576.304,4.411764705882353
1361417576.783,4.3604651162790695
1361417573.868,4.3604651162790695
1361417574.247,4.310344827586206
1361417576.868,4.373177842565598
1361417577.787,4.373177842565598
1361417577.977,4.398826979472141
1361417594.847,1507.8125
1361417594.716,6066.731770833333
1361417599.636,996.875
1361417599.954,1484.375
1361417597.115,1250.0
1361417593.899,1499.4212962962963
1361417594.158,130.6640625
1361417602.221,1250.0
1361417594.77,1383.311170212766
1361417595.088,1250.0
1361417599.563,1092.4479166666667
1361417596.105,1656.25
1361417588.908,2039.3051242236027
1361417601.316,742.1875
1361417593.822,3606.7708333333335
1361417593.822,1695.9635416666667
1361417593.95,737.7717391304349
1361417578.593,19.20289855072464
1361417580.398,10.354477611940299
1361417578.605,23.277126099706745
1361417578.92,13.794277929155314
1361417578.92,27.7099609375
1361417582.345,14.021260997067449
1361417582.004,33.339389534883715
1361417585.441,17.876838235294116
1361417582.618,19.50354609929078
1361417583.438,828.125
1361417585.876,4265.625
1361417586.229,10.448042168674698
1361417606.621,1005.2083333333333
1361417604.751,1453.125
1361417605.486,2505.756578947369
1361417605.549,135.60956790123458
1361417605.547,135.99537037037038
1361417605.929,1557.0913461538462
1361417605.929,1822.544642857143
1361417605.929,389.9147727272727
1361417603.209,2500.0
1361417607.177,1250.0
1361417599.239,652.6834239130435
1361417605.091,3369.9087078651683
1361417605.853,388.4943181818182
1361417586.25,19.642857142857142
1361417589.118,109.7972972972973
1361417589.557,906.25
1361417586.322,10.479607250755286
1361417589.613,2862.934362934363
1361417593.792,34.85576923076923
1361417589.949,14.88970588235294
1361417590.18,750.0
1361417593.052,10.448042168674698
1361417593.432,22.381756756756758
1361417614.561,726.5625
1361417618.72,2500.0
1361417614.687,2500.0
1361417612.37,536.4583333333334
1361417616.142,1250.0
1361417617.642,312.5
1361417617.902,3937.5
1361417611.064,625.0
1361417616.493,625.0
1361417617.612,2500.0
1361417593.932,693.75
1361417594.359,4.335260115606936
1361417594.736,42.23850148367953
1361417594.794,4.2979942693409745
1361417595.921,4.424778761061947
1361417596.112,4.504504504504505
1361417596.678,4.537671232876712
1361417593.884,16.025641025641026
1361417594.432,4.322766570605188
1361417596.126,19.95481927710843
1361417596.189,19.507859281437128
1361417596.189,4.437869822485207
1361417596.442,37.71289537712896
1361417596.74,10.385479041916168
1361417596.866,45.97958452722063
1361417596.992,4.373177842565598
1361417597.178,4.385964912280701
1361417597.498,4.273504273504274
1361417598.108,4.358552631578947
1361417623.009,517.3611111111112
1361417598.103,22.11676217765043
1361417600.717,20.02967359050445
1361417598.309,10.416666666666666
1361417599.57,18.617021276595743
1361417599.634,664.0625
1361417602.364,10.142543859649123
1361417624.565,1250.0
1361417621.748,552.0833333333334
1361417625.514,357.14285714285717
1361417619.02,833.3333333333334
1361417622.987,2500.0
1361417620.711,2500.0
1361417605.141,19.50354609929078
1361417604.521,650.0
1361417606.342,10.479607250755286
1361417607.834,12.01923076923077
1361417606.427,10.416666666666666
1361417607.119,10.385479041916168
1361417626.895,2500.0
1361417631.62,500.0
1361417631.811,1250.0
1361417629.336,625.0
1361417629.843,500.0
1361417629.902,1250.0
1361417632.847,1250.0
1361417610.213,15.348451327433628
1361417611.524,10.448328267477203
1361417611.543,34.65432960893855
1361417612.048,31.87859195402299
1361417612.491,36.25
1361417612.849,5.003776435045317
1361417613.796,5609.375
1361417613.962,10.479607250755286
1361417615.356,36.11111111111111
1361417615.901,10.385479041916168
1361417617.148,10.448042168674698
1361417614.925,1187.5
1361417618.665,24.90671641791045
1361417639.623,178.57142857142858
1361417639.814,371.09375
1361417641.695,2968.75
1361417635.392,2500.0
1361417640.244,1250.0
1361417619.654,9.232954545454547
1361417625.582,3218.75
1361417622.972,843.75
1361417625.531,3468.75
1361417622.771,20671.875
1361417625.439,16.99561403508772
1361417622.215,8.04004854368932
1361417622.848,10.289634146341465
1361417625.55,528.90625
1361417647.301,833.3333333333334
1361417644.541,1484.375
1361417648.187,2437.5
1361417648.923,833.3333333333334
1361417643.576,500.0
1361417643.894,2968.75
1361417648.466,812.5
1361417648.724,1453.125
1361417646.032,500.0
1361417626.153,24.500739644970416
1361417626.402,8.695652173913043
1361417626.768,10.262573964497042
1361417627.524,31.517094017094017
1361417632.066,1406.25
1361417632.378,366.66666666666663
1361417634.111,20.645775623268698
1361417651.449,1750.0
1361417652.404,581.25
1361417652.531,1203.125
1361417635.551,1359.375
1361417637.114,734.375
1361417637.114,734.375
1361417637.117,734.375
1361417638.236,74.70703125
1361417640.7,8.960734870317003
1361417643.772,2718.75
1361417643.772,453.125
1361417643.976,2718.75
1361417645.913,50.86436170212766
1361417647.257,2562.5
1361417649.386,2882.8125
1361417651.007,51.81962025316456
1361417653.065,665.625
1361417654.692,16.96428571428571
1361417652.344,19.944105691056908
1361417652.954,70.79081632653062
1361417653.336,19.9468085106383
1361417656.417,3.95778364116095
1361417656.858,17.769607843137255
1361417657.367,17.65422077922078
1361417654.837,1023.4375
1361417656.079,3.926701570680628
1361417656.331,18.125
1361417658.569,16.843971631205672
1361417659.09,39.40217391304348
1361417660.163,18.494897959183675
1361417658.999,16.843971631205672
1361417660.053,25.252525252525253
1361417661.105,16.843971631205672
1361417661.23,16.843971631205672
1361417661.546,11.538461538461538
1361417665.645,59.840425531914896
1361417665.898,16.843971631205672
1361417666.279,33.56481481481482
1361417663.045,38.56382978723404
1361417663.995,16.843971631205672
1361417665.791,17.427884615384617
1361417666.168,16.843971631205672
1361417667.237,36.98979591836735
1361417668.122,17.769607843137255
1361417669.554,33.854166666666664
1361417668.562,5.39568345323741
1361417672.825,18.75
1361417673.203,18.00496688741722
1361417674.054,16.843971631205672
1361417674.243,18.125
1361417672.813,16.843971631205672
1361417672.88,16.843971631205672
1361417673.069,16.96428571428571
1361417677.604,16.843971631205672
1361417677.572,18.00496688741722
1361417677.593,34.403669724770644
1361417678.016,17.427884615384617
1361417677.927,16.96428571428571
1361417682.225,31.25
1361417682.733,38.56382978723404
1361417679.461,16.96428571428571
1361417680.276,11.363636363636363
1361417681.037,16.725352112676056
1361417681.964,15.957446808510637
1361417682.631,17.857142857142858
1361417683.15,17.886513157894736
1361417683.149,16.725352112676056
1361417684.586,15.957446808510637
1361417685.219,18.880208333333332
1361417685.877,17.886513157894736
1361417687.922,16.843971631205672
1361417688.109,16.96428571428571
1361417689.546,18.75
1361417690.495,16.843971631205672
1361417691.766,18.494897959183675
1361417694.13,18.880208333333332
1361417694.763,16.843971631205672
1361417690.857,16.843971631205672
1361417692.661,25.33783783783784
1361417693.463,15.100671140939598
1361417693.652,37.234042553191486
1361417694.033,18.36993243243243
1361417694.031,16.96428571428571
1361417694.515,16.843971631205672
1361417696.858,18.36993243243243
1361417696.817,16.96428571428571
1361417697.007,15.957446808510637
1361417698.564,18.75
1361417702.609,15.957446808510637
1361417698.829,16.843971631205672
1361417702.494,38.56382978723404
1361417703.183,59.840425531914896
1361417703.309,17.65422077922078
1361417703.308,16.843971631205672
1361417704.612,16.843971631205672
1361417705.118,17.769607843137255
1361417705.817,42.5531914893617
1361417703.1,16.843971631205672
1361417704.526,35.53921568627451
1361417705.494,16.843971631205672
1361417707.33,16.725352112676056
1361417708.153,17.31687898089172
1361417708.511,18.246644295302016
1361417708.887,39.8936170212766
1361417711.182,33.56481481481482
1361417711.139,16.96428571428571
1361417712.092,38.56382978723404
1361417714.266,16.96428571428571
1361417714.262,18.246644295302016
1361417711.056,18.246644295302016
1361417713.104,19.9468085106383
1361417714.414,16.843971631205672
1361417715.22,18.00496688741722
1361417716.041,16.843971631205672
1361417716.839,45.87765957446808
1361417718.085,59.840425531914896
1361417718.339,16.843971631205672
1361417717.235,16.843971631205672
1361417719.199,18.00496688741722
1361417719.199,15.939597315436243
1361417719.042,16.843971631205672
1361417721.209,16.843971631205672
1361417726.811,16.843971631205672
1361417725.537,27.41935483870968
1361417726.083,18.00496688741722
1361417723.73,16.725352112676056
1361417723.793,18.75
1361417726.112,16.96428571428571
1361417725.961,16.725352112676056
1361417728.617,42.582417582417584
1361417728.572,17.886513157894736
1361417727.665,41.666666666666664
1361417727.791,31.25
1361417729.105,17.886513157894736
1361417729.104,27.777777777777775
1361417729.231,16.843971631205672
1361417730.411,18.36993243243243
1361417733.823,18.246644295302016
1361417733.729,27.50809061488673
1361417735.844,16.18705035971223
1361417736.769,16.843971631205672
1361417737.149,16.725352112676056
1361417738.081,16.07142857142857
1361417740.264,16.843971631205672
1361417740.958,36.25
1361417741.822,16.96428571428571
1361417739.054,1796.875
1361417739.222,17.769607843137255
1361417739.222,16.96428571428571
1361417740.171,17.427884615384617
1361417740.762,16.304347826086957
1361417743.133,16.843971631205672
1361417744.077,16.843971631205672
1361417744.141,19.012237762237763
1361417744.559,38.56382978723404
1361417743.961,18.246644295302016
1361417744.565,31.914893617021274
1361417745.01,34.57446808510638
1361417748.567,36.98979591836735
1361417755.557,16.07142857142857
1361417757.173,19.14612676056338
1361417755.75,17.54032258064516
1361417756.743,18.75
1361417756.806,16.96428571428571
1361417759.473,16.843971631205672
1361417759.6,18.246644295302016
1361417760.451,19.012237762237763
1361417761.885,16.07142857142857
1361417759.371,34.85576923076923
1361417759.521,38.56382978723404
1361417760.66,15.957446808510637
1361417763.501,16.843971631205672
1361417764.481,18.125
1361417765.751,18.880208333333332
1361417763.466,16.07142857142857
1361417768.247,38.56382978723404
1361417768.389,36.98979591836735
1361417770.057,38.56382978723404
1361417772.983,16.843971631205672
1361417771.147,20.032051282051285
1361417775.051,34.57446808510638
1361417777.748,18.00496688741722
1361417778.741,17.65422077922078
1361417775.941,18.00496688741722
1361417780.889,18.246644295302016
1361417784.536,16.843971631205672
1361417785.104,34.85576923076923
1361417784.257,16.843971631205672
1361417790.836,16.96428571428571
1361417787.374,38.56382978723404
1361417790.717,18.125
1361417791.378,64.98015873015873
1361417792.323,16.843971631205672
1361417794.117,34.090909090909086
1361417797.132,16.843971631205672
1361417798.19,19.50354609929078
1361417802.075,40.558510638297875
1361417804.764,16.843971631205672
1361417803.662,16.96428571428571
1361417804.652,33.56481481481482
1361417810.621,16.07142857142857
1361417807.284,18.00496688741722
1361417809.215,27.331189710610932
1361417808.247,18.00496688741722
1361417810.097,17.886513157894736
1361417810.097,16.843971631205672
1361417814.622,31.994047619047617
1361417811.413,18.880208333333332
1361417812.847,18.36993243243243
1361417817.408,18.00496688741722
1361417814.873,16.96428571428571
1361417817.211,16.96428571428571
1361417819.391,15.957446808510637
1361417821.384,18.00496688741722
1361417822.435,38.56382978723404
1361417820.47,17.65422077922078
1361417824.083,33.56481481481482
1361417824.247,19.862288135593218
1361417825.805,18.125
1361417825.868,17.427884615384617
1361417823.834,16.843971631205672
1361417823.834,18.246644295302016
1361417825.751,16.843971631205672
1361417828.431,18.125
1361417828.685,16.843971631205672
1361417829.25,16.267123287671232
1361417828.151,19.9468085106383
1361417829.081,34.85576923076923
1361417830.008,13.210227272727273
1361417831.011,17.31687898089172
1361417833.19,16.843971631205672
1361417831.047,34.090909090909086
1361417832.059,16.843971631205672
1361417834.233,20.089285714285715
1361417835.572,30.0
1361417835.699,21.58273381294964
1361417837.574,16.96428571428571
1361417834.784,16.843971631205672
1361417837.456,17.54032258064516
1361417838.636,17.65422077922078
1361417841.199,37.760416666666664
1361417841.197,16.96428571428571
1361417841.323,16.07142857142857
1361417841.64,31.25
1361417843.852,18.621575342465754
1361417845.349,16.843971631205672
1361417843.483,26.136363636363633
1361417843.732,28.61952861952862
1361417843.859,16.96428571428571
1361417844.156,34.85576923076923
1361417846.093,17.53597122302158
1361417848.604,16.843971631205672
1361417848.604,38.56382978723404
1361417850.479,16.96428571428571
1361417851.622,16.96428571428571
1361417853.31,16.96428571428571
1361417853.435,18.00496688741722
1361417859.076,16.843971631205672
1361417860.383,18.880208333333332
1361417862.869,255.859375
1361417864.582,18.621575342465754
1361417865.596,18.00496688741722
1361417865.894,16.96428571428571
1361417865.426,16.843971631205672
1361417866.507,18.246644295302016
1361417867.08,16.07142857142857
1361417867.205,16.843971631205672
1361417869.938,17.65422077922078
1361417868.52,18.621575342465754
1361417869.216,17.769607843137255
1361417876.639,34.85576923076923
1361417882.057,16.725352112676056
1361417881.991,17.769607843137255
1361417881.882,16.96428571428571
1361417881.944,17.769607843137255
1361417882.134,16.843971631205672
1361417883.133,27.50809061488673
1361417883.582,17.0863309352518
1361417883.83,38.56382978723404
1361417887.134,16.843971631205672
1361417890.51,34.403669724770644
1361417892.38,16.843971631205672
1361417895.23,18.75
1361417895.799,16.843971631205672
1361417896.597,23.106060606060606
1361417895.606,18.36993243243243
1361417895.73,17.886513157894736
1361417902.845,16.843971631205672
1361417900.125,18.36993243243243
1361417901.448,16.07142857142857
1361417899.269,18.75
1361417899.272,16.96428571428571
1361417899.526,15.957446808510637
1361417901.332,18.00496688741722
1361417902.641,17.65422077922078
1361417903.579,16.725352112676056
1361417909.71,15.833333333333334
1361417911.074,16.96428571428571
1361417911.325,16.843971631205672
1361417914.507,20.032051282051285
1361417937.431,123.046875
1361417916.745,34.57446808510638
1361417918.122,16.843971631205672
1361417918.116,18.00496688741722
1361417920.305,16.843971631205672
1361417920.913,12.246621621621621
1361417922.665,39.40217391304348
1361417940.667,31.754032258064516
1361417924.59,17.427884615384617
1361417924.501,16.843971631205672
1361417927.653,16.843971631205672
1361417930.645,31.25
1361417927.285,18.621575342465754
1361417934.066,20.032051282051285
1361417937.579,17.65422077922078
1361417938.662,16.96428571428571
1361417939.206,15.734265734265735
1361417941.585,16.843971631205672
1361417943.658,16.843971631205672
1361417943.594,16.725352112676056
1361417949.809,16.843971631205672
1361417954.692,41.44385026737968
1361417954.946,38.56382978723404
1361417956.132,26.984126984126984
1361417962.132,18.494897959183675
1361417960.224,19.28191489361702
1361417960.224,16.843971631205672
1361417964.216,18.36993243243243
1361417964.665,38.56382978723404
1361417970.636,16.96428571428571
1361417968.966,18.36993243243243
1361417972.473,15.957446808510637
1361417973.779,16.96428571428571
1361417972.359,17.886513157894736
1361417972.992,16.07142857142857
1361417985.755,37.760416666666664
1361417985.767,36.98979591836735
1361417991.627,16.843971631205672
1361417994.266,37.760416666666664
1361417993.699,34.090909090909086
1361417994.076,16.843971631205672
1361418001.044,11.432926829268293
1361418013.261,16.843971631205672
1361418017.131,18.125
1361418017.13,36.72985781990521
1361418020.012,16.843971631205672
1361418023.355,34.403669724770644
1361418025.178,19.9468085106383
1361418026.047,20.032051282051285
1361418026.87,16.843971631205672
1361418026.886,18.36993243243243
1361418027.939,21.58273381294964
1361418034.355,26.136363636363633
1361418038.362,18.880208333333332
1361418042.117,17.886513157894736
1361418042.132,38.56382978723404
1361418048.132,25.252525252525253
1361418057.54,20.032051282051285
1361418059.411,37.760416666666664
1361418061.892,17.65422077922078
1361418064.073,16.843971631205672
1361418068.107,18.246644295302016
1361418068.012,16.843971631205672
1361418075.928,17.769607843137255
1361418075.882,16.843971631205672
1361418077.19,16.843971631205672
1361418080.052,16.843971631205672
1361418089.974,15.957446808510637
1361418094.836,15.957446808510637
1361418100.974,16.843971631205672
1361418106.887,16.843971631205672
1361418121.313,42.349726775956285
1361418123.837,61.49193548387097
1361418139.343,17.886513157894736
1361418139.343,38.177339901477836
1361418140.61,99.04233870967742
1361418142.592,18.246644295302016
1361418155.202,17.009493670886076
1361418158.318,38.56382978723404
1361418159.435,17.427884615384617
1361418161.983,16.96428571428571
1361418164.878,15.957446808510637
1361418200.671,19.14612676056338
1361418205.785,16.96428571428571
1361418205.668,17.886513157894736
1361418212.963,16.96428571428571
1361418212.852,19.14612676056338
1361418224.503,16.843971631205672
1361418224.503,36.25
1361418241.845,16.843971631205672
1361418258.689,16.07142857142857
1361418270.978,18.00496688741722
1361418290.779,56.778169014084504
1361418295.836,10.94187675070028
1361418314.437,67.1875
1361418337.884,38.98514851485149
1361418344.479,18.663194444444443
1361418368.069,17.65422077922078
1361418367.976,16.96428571428571
1361418369.407,16.125
1361418481.828,37.760416666666664
1361418491.954,292.4107142857143
1361418546.473,25.1953125
1361418548.546,16.304347826086957
1361418556.525,37.760416666666664
1361418556.839,15.957446808510637
1361418587.384,10.778743315508022
1361418601.463,41.77295918367347
1361418604.111,146.20535714285714
1361418617.432,16.07142857142857
1361418639.151,42.721518987341774
1361418643.016,83.16532258064515
1361418645.801,18.125
1361418679.99,10.257633587786259
1361418725.67,18.621575342465754
1361418725.56,18.12977099236641
1361418754.703,18.246644295302016
1361418782.066,15.957446808510637
1361418787.056,19.9468085106383
1361418823.838,11.197916666666666
1361418834.73,16.96428571428571
1361418834.634,18.36993243243243
1361418834.935,8.09487951807229
1361418840.127,28.61952861952862
1361418840.037,18.125
1361418890.98,37.5
1361418903.386,81.8452380952381
1361419011.165,110.57692307692307
1361419018.966,18.125
1361419052.227,38.37890625
1361419089.584,38.56382978723404
1361419121.795,28.61201298701299
1361419163.312,18.880208333333332
1361419163.375,16.843971631205672
1361419162.591,81.8452380952381
1361419172.343,15.957446808510637
1361419200.493,16.843971631205672
1361419200.4,17.65422077922078
1361419271.924,16.07142857142857
1361419313.054,20.032051282051285
1361419324.298,16.96428571428571
1361419324.121,17.886513157894736
1361419329.989,16.725352112676056
1361419330.872,18.246644295302016
1361419417.06,132.05645161290323
1361419435.382,14.928343949044587
1361419492.97,38.56382978723404
1361419511.939,310.09615384615387
1361419554.823,23.713235294117645
1361419608.718,16.96428571428571
1361419608.627,18.494897959183675
1361419659.28,513.3928571428571
1361419957.126,17.592592592592595
1361419985.392,335.9375
1361420021.55,16.843971631205672
1361420021.418,18.36993243243243
1361420078.609,29.10649819494585
1361420111.647,16.843971631205672
1361420133.403,20.77963917525773
1361420156.149,16.304347826086957
1361420185.252,20.411392405063292
1361420224.277,55.60344827586207
1361420249.422,23.302023121387283
1361420256.234,33.333333333333336
1361420259.686,40.3125
1361420306.149,310.09615384615387
1361420357.812,44.791666666666664
1361420383.488,335.9375
1361420414.342,310.09615384615387
1361420473.744,22.775423728813557
1361420473.807,310.09615384615387
1361420562.223,310.09615384615387
1361420613.961,29.00179856115108
1361420655.337,132.05645161290323
1361420673.349,33.87605042016806
1361420699.03,335.9375
1361420719.498,98.32317073170732
1361420742.828,21.273087071240106
1361420776.107,28.863365155131262
1361420846.963,322.5
1361420876.463,310.09615384615387
1361420911.686,27.146464646464647
1361420975.598,310.09615384615387
1361421000.225,24.358006042296072
1361421058.03,93.75
1361421085.379,21.385941644562333
1361421116.006,33.59375
1361421202.351,27.517064846416382
1361421397.479,39.8936170212766
1361421533.747,19.9468085106383
1361422912.517,19.9468085106383
1361423757.842,34.57446808510638
1361424369.932,11.591246290801186
1361424412.407,38.56382978723404
1361424458.999,18898.4375
1361424464.45,6076.171875
1361424463.164,3923.4375
1361424459.555,3378.472222222222
1361424463.602,2224.3055555555557
1361424465.736,9399.739583333334
1361424523.089,2156.25
1361424522.633,2156.25
1361424627.449,7671.875
1361424628.52,7096.6796875
1361424656.448,64.12760416666667
1361424626.768,187318.95017793594
1361424668.628,59.1796875
1361424668.66,29.964398734177216
1361424674.117,46.45833333333333
1361424687.368,2156.25
1361424737.831,59.92879746835443
1361424737.757,29.964398734177216
1361425271.021,59.92879746835443
1361425271.02,30.155254777070063
1361425351.825,38.96360759493671
1361425351.952,18594.05048076923
1361425358.752,36.9873046875
1361425358.75,36.9873046875
1361425362.825,43.353873239436616
1361426252.379,38.96360759493671
1361426263.313,44.38694267515923
1361426368.187,30.155254777070063
1361426368.186,30.155254777070063
1361426660.287,18882.8125
1361426660.605,37781.25
1361426660.425,18898.4375
1361427152.458,39.211783439490446
1361427163.425,44.38694267515923
1361427476.609,16.07142857142857
1361427683.146,10.003101736972706
1361428052.364,38.96360759493671
1361428059.829,39.784663865546214
1361428059.829,39.784663865546214
1361428063.306,49.07570422535211
1361429890.501,19.9468085106383
1361430402.721,16.07142857142857
1361432420.299,11.591246290801186
1361434398.309,159.7222222222222
1361436540.367,15.972222222222221
1361437874.204,32.608695652173914
1361437874.393,31.914893617021274
1361437874.158,31.25
1361437878.383,33.333333333333336
1361437977.934,31.25
1361438757.797,33.333333333333336
1361439380.1,9.33801775147929
1361439384.271,117.1875
1361439386.349,125.0
1361440555.117,11.322463768115941
1361440782.816,11.160714285714286
1361440803.492,14.109848484848486
1361441285.294,14.067220543806647
1361442516.952,28.76984126984127
1361442517.143,5.208333333333333
1361442521.6,453.125
1361443521.555,20.089285714285715
1361446715.885,15.957446808510637
1361447585.432,11.322463768115941
1361447917.632,16.07142857142857
1361448247.763,15.957446808510637
1361448854.083,16.96428571428571
1361448854.048,17.65422077922078
1361450554.459,51.520270270270274
1361451098.093,61.49193548387097
1361451313.594,11.160714285714286
1361451921.947,15.84507042253521
1361454188.178,33.854166666666664
1361454188.369,33.854166666666664
1361454189.442,33.163265306122454
1361454189.98,33.854166666666664
1361454290.2,34.57446808510638
1361454400.921,50.16447368421053
1361454655.842,48.87820512820513
1361462348.797,11.488970588235295
1361464963.874,22421.875
1361464968.161,12960.9375
1361464965.086,3904.94109947644
1361464965.658,50.738324175824175
1361464965.656,50.738324175824175
1361464964.944,1698.8932291666667
1361464965.198,1373.6702127659576
1361464965.581,50.738324175824175
1361464965.581,50.738324175824175
1361464967.812,410.04621478873236
1361464968.255,446.35009765625
1361464970.765,522.2557773109244
1361464963.79,194.44949127906978
1361465069.241,39109.375
1361465069.94,28652.34375
1361465090.585,3418.75
1361465090.585,5321.180555555556
1361465090.82,1091.517857142857
1361465088.123,11041.666666666666
1361465088.51,7940.625
1361465087.883,7776.5625
1361465069.034,211.34868421052633
1361465071.487,18539.0625
1361465106.109,18898.4375
1361465087.061,74312.5
1361465090.342,759.5108695652174
1361465091.358,13546.875
1361465110.991,7130.859375
1361465108.969,11756.25
1361465109.9,15011.71875
1361465102.91,1597.8365384615386
1361465131.885,2156.25
1361465112.732,1802.0833333333333
1361465147.736,2156.25
1361465147.735,2156.25
1361465163.34,2156.25
1361465257.64,325468.75
1361465257.639,372562.5
1361465260.152,436.1335551330798
1361465300.134,1896.875
1361465300.132,7390.625
1361465300.259,15968.75
1361465293.73,8390.625
1361465293.73,280.6547619047619
1361465293.729,296.875
1361465293.729,347.0238095238095
1361465293.729,325.74404761904765
1361465300.449,3802.0833333333335
1361465300.449,4671.875
1361465300.449,11953.125
1361465293.728,437.20238095238096
1361465293.728,418.45238095238096
1361465293.728,14875.0
1361465293.727,286.75595238095235
1361465300.638,5960.9375
1361465300.638,6007.8125
1361465293.981,3170.637376237624
1361465300.701,10734.375
1361465300.764,7867.1875
1361465300.76,4882.8125
1361465300.827,8437.5
1361465298.724,6421.502976190476
1361465298.663,893.1686046511628
1361465298.727,11111.235119047618
1361465298.727,9886.160714285714
1361465299.045,15296.875
1361465299.04,12343.75
1361465299.107,8156.25
1361465299.235,9500.0
1361465299.234,347.8860294117647
1361465299.426,11875.0
1361465299.233,373.1617647058824
1361465294.17,4849.280973451328
1361465301.017,9500.0
1361465301.145,2179.6875
1361465301.208,24187.5
1361465301.334,16062.5
1361465301.379,5151.041666666667
1361465294.595,133.5495283018868
1361465294.658,326.9345238095238
1361465294.658,493.1547619047619
1361465294.658,385.11904761904765
1361465294.658,368.0059523809524
1361465294.658,343.8988095238095
1361465294.657,383.7797619047619
1361465294.657,304.31547619047615
1361465301.441,6125.0
1361465294.657,481.84523809523813
1361465301.44,6380.208333333333
1361465294.847,104.31985294117648
1361465301.502,4250.0
1361465294.91,4195.3125
1361465301.566,12718.75
1361465301.693,9750.0
1361465301.693,5726.5625
1361465301.693,7289.0625
1361465301.628,12343.75
1361465301.688,6375.0
1361465301.691,5445.3125
1361465298.484,5478.819444444444
1361465298.678,196057.29166666666
1361465298.676,1057.2916666666667
1361465298.676,1011.1607142857142
1361465298.676,7957.589285714285
1361465298.676,5463.169642857143
1361465298.676,4718.75
1361465298.93,7390.625
1361465298.929,45343.75
1361465298.993,3247.4662162162163
1361465299.185,9741.72794117647
1361465299.185,9500.0
1361465294.213,108.93278301886792
1361465298.179,2358.309659090909
1361465298.626,39870.77702702703
1361465293.691,8062.911184210526
1361465294.203,101.70990566037736
1361465294.203,261.93985849056605
1361465298.617,3721.7060810810813
1361465298.808,452.66544117647055
1361465293.291,2357.7100409836066
1361465300.951,1212.5
1361465303.959,5925.0
1361465301.078,9500.0
1361465301.078,200.0
1361465304.208,1580.7291666666667
1361465308.242,14812.5
1361465308.242,1896.875
1361465302.452,5976.5625
1361465302.452,6601.5625
1361465309.304,9500.0
1361465305.592,1896.875
1361465302.52,11406.25
1361465302.519,9570.3125
1361465302.518,5765.625
1361465301.43,417.4342105263158
1361465301.43,357.2368421052631
1361465302.582,12718.75
1361465302.582,6992.1875
1361465302.582,7734.375
1361465302.581,6023.4375
1361465302.581,15750.0
1361465302.581,11015.625
1361465302.581,8437.5
1361465302.581,4468.75
1361465302.64,5289.0625
1361465302.64,5968.75
1361465302.64,6382.8125
1361465302.708,3161.4583333333335
1361465305.907,4742.1875
1361465305.907,14796.875
1361465309.683,9500.0
1361465309.747,15203.125
1361465302.771,12203.125
1361465306.035,1896.875
1361465302.897,9500.0
1361465302.897,5101.5625
1361465306.033,9500.0
1361465301.745,4718.75
1361465301.745,162.77472527472528
1361465301.745,5500.0
1361465301.808,6703.125
1361465302.896,14398.4375
1361465306.16,9500.0
1361465306.351,9864.583333333334
1361465306.351,3401.0416666666665
1361465303.213,14781.25
1361465303.341,9859.375
1361465303.51,5915.625
1361465303.509,2040.625
1361465298.58,8175.33396946565
1361465298.58,4775.524809160306
1361465306.772,4742.1875
1361465306.708,9500.0
1361465306.771,14796.875
1361465304.081,10130.208333333334
1361465299.214,140.93440594059405
1361465304.27,9500.0
1361465304.27,7394.53125
1361465304.526,9500.0
1361465307.277,9500.0
1361465307.34,14781.25
1361465307.467,9869.791666666666
1361465307.658,2371.09375
1361465307.914,9500.0
1361465307.913,14789.0625
1361465308.105,4742.1875
1361465308.232,3161.4583333333335
1361465308.424,4742.1875
1361465308.551,9500.0
1361465308.743,3161.4583333333335
1361465308.743,9500.0
1361465301.831,5695.3125
1361465304.839,9500.0
1361465304.839,1896.875
1361465301.894,197.80219780219778
1361465305.157,9500.0
1361465305.221,5921.875
1361465302.02,948.4375
1361465301.994,7398.4375
1361465308.904,9500.0
1361465305.448,9500.0
1361465305.511,5912.5
1361465308.903,2550.78125
1361465308.903,9869.791666666666
1361465302.245,14460.9375
1361465302.373,289.17253521126764
1361465302.373,7718.75
1361465309.092,9500.0
1361465302.499,11921.875
1361465302.499,14578.125
1361465301.346,308.67686170212767
1361465302.562,12265.625
1361465302.434,9750.0
1361465302.626,10130.208333333334
1361465309.281,9864.583333333334
1361465302.497,8500.0
1361465302.497,5773.4375
1361465305.953,14773.4375
1361465306.14,15210.9375
1361465309.47,4742.1875
1361465309.47,14796.875
1361465301.661,1400.2403846153845
1361465306.269,9500.0
1361465301.784,12859.375
1361465303.131,9500.0
1361465306.459,7398.4375
1361465306.459,2371.09375
1361465303.131,4742.1875
1361465302.937,9500.0
1361465302.937,9864.583333333334
1361465302.937,3161.4583333333335
1361465309.785,8781.25
1361465303.448,9500.0
1361465303.255,9500.0
1361465303.255,3260.4166666666665
1361465298.519,2215.291030534351
1361465298.519,10353.769083969466
1361465306.902,15203.125
1361465306.902,3161.4583333333335
1361465303.745,2371.09375
1361465303.745,14804.6875
1361465304.192,1896.875
1361465303.935,9500.0
1361465298.943,1959.6609477124182
1361465303.999,3401.0416666666665
1361465304.508,2371.09375
1361465304.508,7394.53125
1361465306.811,4750.0
1361465307.386,3161.4583333333335
1361465307.002,9500.0
1361465307.066,3161.4583333333335
1361465307.066,14781.25
1361465307.257,4742.1875
1361465307.577,7597.65625
1361465307.384,9500.0
1361465307.831,3161.4583333333335
1361465307.959,9500.0
1361465308.023,15195.3125
1361465308.15,15195.3125
1361465308.15,9500.0
1361465308.277,9500.0
1361465308.341,15195.3125
1361465308.469,3161.4583333333335
1361465308.533,14789.0625
1361465308.66,9869.791666666666
1361465315.927,9500.0
1361465311.959,3161.4583333333335
1361465315.991,15119.791666666666
1361465309.078,9500.0
1361465309.077,4742.1875
1361465312.274,9500.0
1361465309.393,9500.0
1361465312.336,7601.5625
1361465317.492,5203.125
1361465317.496,5609.375
1361465317.495,10406.25
1361465317.495,3739.5833333333335
1361465317.495,3468.75
1361465313.591,14804.6875
1361465317.559,5609.375
1361465310.391,15203.125
1361465310.391,3401.0416666666665
1361465310.582,14398.4375
1361465310.517,9500.0
1361465302.58,79.39369658119658
1361465310.708,14789.0625
1361465317.748,9750.0
1361465317.811,11218.75
1361465317.811,10406.25
1361465317.811,11218.75
1361465317.811,13265.625
1361465317.811,11796.875
1361465317.811,15750.0
1361465317.811,8437.5
1361465314.099,9848.958333333334
1361465309.746,4742.1875
1361465314.098,3161.4583333333335
1361465310.834,9854.166666666666
1361465314.289,2040.625
1361465314.412,9500.0
1361465311.02,3161.4583333333335
1361465311.215,3161.4583333333335
1361465311.215,14796.875
1361465314.478,15195.3125
1361465311.342,9500.0
1361465311.513,9859.375
1361465311.512,3161.4583333333335
1361465314.84,9500.0
1361465311.703,9869.791666666666
1361465311.703,3401.0416666666665
1361465311.894,1580.7291666666667
1361465311.894,9500.0
1361465298.773,96.02864583333333
1361465312.02,7601.5625
1361465312.275,3161.4583333333335
1361465299.217,7127.871621621622
1361465312.464,3161.4583333333335
1361465315.216,9500.0
1361465315.216,3161.4583333333335
1361465312.656,7390.625
1361465315.407,14796.875
1361465315.534,9500.0
1361465315.853,5101.5625
1361465316.173,9500.0
1361465316.173,7394.53125
1361465315.98,9500.0
1361465316.044,1580.7291666666667
1361465316.427,9500.0
1361465316.427,1896.875
1361465316.746,14796.875
1361465312.903,10130.208333333334
1361465312.903,9500.0
1361465310.023,15210.9375
1361465313.093,9848.958333333334
1361465313.093,3161.4583333333335
1361465310.134,3161.4583333333335
1361465310.198,14781.25
1361465310.134,9500.0
1361465313.269,2371.09375
1361465317.427,5609.375
1361465317.427,5609.375
1361465317.427,5609.375
1361465317.427,5203.125
1361465317.427,5203.125
1361465317.427,10406.25
1361465317.491,5203.125
1361465317.491,5203.125
1361465310.514,2371.09375
1361465313.522,4890.625
1361465313.648,9500.0
1361465313.648,9864.583333333334
1361465313.648,3161.4583333333335
1361465310.576,9500.0
1361465313.84,9500.0
1361465317.744,11218.75
1361465317.744,11218.75
1361465317.743,11218.75
1361465317.743,14578.125
1361465313.839,10140.625
1361465313.839,3161.4583333333335
1361465310.766,9500.0
1361465310.765,3161.4583333333335
1361465310.956,9500.0
1361465302.632,52.262931034482754
1361465310.952,9869.791666666666
1361465314.219,14804.6875
1361465314.219,9500.0
1361465314.532,2445.3125
1361465314.532,7593.75
1361465314.532,9500.0
1361465309.799,9848.958333333334
1361465311.335,4742.1875
1361465311.335,14781.25
1361465309.799,3161.4583333333335
1361465311.461,9500.0
1361465314.789,15210.9375
1361465314.788,3161.4583333333335
1361465311.843,14781.25
1361465314.978,3161.4583333333335
1361465314.978,10130.208333333334
1361465314.894,9500.0
1361465311.95,9500.0
1361465312.203,10135.416666666666
1361465312.394,15203.125
1361465312.394,9500.0
1361465312.521,9500.0
1361465312.585,2550.78125
1361465315.336,5101.5625
1361465315.143,10130.208333333334
1361465315.591,9500.0
1361465315.462,14789.0625
1361465315.462,1896.875
1361465315.782,14789.0625
1361465315.59,9864.583333333334
1361465315.908,9859.375
1361465316.48,9875.0
1361465316.674,9500.0
1361465316.354,14789.0625
1361465316.482,9500.0
1361465315.858,3161.4583333333335
1361465298.435,4898.4375
1361465316.893,5609.375
1361465316.892,5203.125
1361465316.956,1515.625
1361465317.019,127.57120253164558
1361465317.019,5609.375
1361465317.019,11218.75
1361465317.019,5609.375
1361465317.018,11218.75
1361465317.018,11218.75
1361465317.017,127.57120253164558
1361465317.145,10406.25
1361465316.244,197.19145569620252
1361465317.204,11218.75
1361465317.208,5609.375
1361465317.334,11218.75
1361465317.27,5609.375
1361465317.334,11218.75
1361465317.334,11218.75
1361465317.397,5203.125
1361465317.397,5609.375
1361465317.396,5203.125
1361465317.52,11218.75
1361465317.523,5203.125
1361465317.586,5609.375
1361465317.522,10406.25
1361465317.586,5609.375
1361465317.586,5609.375
1361465317.522,11218.75
1361465317.522,5203.125
1361465317.712,10406.25
1361465317.648,11218.75
1361465317.712,10406.25
1361465317.712,5203.125
1361465317.815,8250.0
1361465317.815,4468.75
1361465318.774,5609.375
1361465318.901,91.11842105263159
1361465316.944,412.36413043478257
1361465317.967,5609.375
1361465318.031,5203.125
1361465318.031,5203.125
1361465318.095,10406.25
1361465318.094,11218.75
1361465318.094,11218.75
1361465317.198,1217.9878048780488
1361465318.158,11218.75
1361465318.158,5609.375
1361465318.158,5609.375
1361465318.157,11218.75
1361465318.285,10406.25
1361465318.284,11218.75
1361465318.348,5203.125
1361465318.347,5609.375
1361465318.324,5609.375
1361465317.428,127.57120253164558
1361465318.448,11218.75
1361465318.578,10406.25
1361465318.514,5609.375
1361465318.639,10406.25
1361465318.639,10406.25
1361465318.638,5203.125
1361465318.702,5203.125
1361465317.742,107.39715189873418
1361465317.806,6429.6875
1361465317.806,5203.125
1361465317.806,5609.375
1361465317.805,5609.375
1361465317.741,1657.6704545454545
1361465317.804,5609.375
1361465301.442,919.154858299595
1361465301.569,1483.173076923077
1361465301.524,144.54706477732793
1361465300.164,22359.375
1361465300.538,1921.875
1361465300.665,192.14357429718876
1361465300.771,2587.7403846153848
1361465300.771,231.72883064516128
1361465300.77,75.91093117408906
1361465300.77,134.57661290322582
1361465301.03,126781.25
1361465301.343,139.32291666666666
1361465301.406,105.73544176706827
1361465301.528,13312.5
1361465301.757,80.28455284552847
1361465316.664,17328.125
1361465317.471,11973.011363636364
1361465318.847,3359.375
1361465317.395,577765.625
1361465320.74,100078.125
1361465298.63,1655.6225712435232
1361465351.027,2156.25
1361465342.829,23953.125
1361465381.19,5500.0
1361465378.718,5645.3125
1361465376.03,12246.52777777778
1361465376.666,188578.125
1361465379.923,4640.625
1361465379.99,14265.625
1361465380.946,9281.25
1361465380.945,5437.5
1361465381.136,5500.0
1361465377.719,1247.5198412698412
1361465378.665,7843.75
1361465378.664,5645.3125
1361465376.104,198359.375
1361465376.399,20359.375
1361465378.958,6281.25
1361465376.526,21187.5
1361465379.913,11234.375
1361465364.158,58002.13068181818
1361465382.138,16500.0
1361465382.265,11531.25
1361465382.2,9828.125
1361465382.391,383.04924242424244
1361465382.391,3539.0625
1361465381.49,6645.3125
1361465381.489,1100.0
1361465381.489,1123.4375
1361465381.739,5509.375
1361465376.97,55090.31593406593
1361465382.089,9968.75
1361465381.422,1426.5625
1361465378.659,97.0703125
1361465368.68,6781.25
1361465368.915,7828.125
1361465397.408,7078.125
1361465378.814,9639.86650485437
1361465379.88,2681.690705128205
1361465376.224,4849.407327586207
1361465376.223,22040.94827586207
1361465376.223,17005.907012195123
1361465376.074,281265.625
1361465376.206,408109.375
1361465377.842,49018.841911764706
1361465377.776,97578.125
1361465378.793,1587.5
1361465378.793,77072.17261904762
1361465378.793,6874.1776315789475
1361465378.792,5565.789473684211
1361465380.043,248161.45833333334
1361465377.772,5080.625
1361465377.708,21493.489583333332
1361465377.772,2399.356617647059
1361465378.725,46515.625
1361465378.723,89250.0
1361465378.723,8421.875
1361465378.723,1575.581395348837
1361465380.94,2121.09375
1361465380.016,338.9625420875421
1361465382.254,2745.2947443181815
1361465382.349,29220.588235294115
1361465381.26,8890.625
1361465384.222,430875.0
1361465384.476,10234.375
1361465384.476,48476.5625
1361465384.54,45015.625
1361465384.54,44945.3125
1361465384.539,11979.166666666666
1361465384.539,11979.166666666666
1361465382.27,19929.227941176472
1361465382.27,544218.75
1361465384.335,102630.859375
1361465384.462,13382.8125
1361465384.395,65343.75
1361465384.395,9062.5
1361465384.395,9062.5
1361465384.586,198101.5625
1361465382.062,9359.375
1361465382.317,59875.0
1361465384.697,17296.875
1361465384.44,160968.75
1361465385.015,368453.125
1361465412.347,3539.0625
1361465408.206,390.625
1361465429.149,15718.75
1361465429.212,7851.5625
1361465429.211,8614.583333333334
1361465429.211,14171.875
1361465429.334,12882.8125
1361465429.401,26867.1875
1361465429.464,2979.1666666666665
1361465429.464,9906.25
1361465429.336,3260.4166666666665
1361465429.525,2979.1666666666665
1361465428.337,8255.208333333334
1361465428.592,2156.25
1361465428.016,10937.5
1361465428.271,15531.25
1361465428.591,2156.25
1361465421.933,89.45741758241758
1361465429.1,2979.1666666666665
1361465429.163,11494.791666666666
1361465429.456,14640.625
1361465429.456,9765.625
1361465428.19,15781.25
1361465428.254,12882.8125
1361465419.198,718.8711240310078
1361465410.42,88.87453007518798
1361465430.91,32531.25
1361465430.91,15429.6875
1361465430.91,3260.4166666666665
1361465430.91,3260.4166666666665
1361465430.973,3453.125
1361465431.1,9906.25
1361465431.164,38531.25
1361465431.164,11156.25
1361465431.164,4882.8125
1361465427.236,2743.59631147541
1361465427.236,241.43145161290323
1361465427.616,803.125
1361465427.616,939.7727272727274
1361465427.616,735.2272727272727
1361465427.616,743.465909090909
1361465427.679,280.96590909090907
1361465427.743,14103.77358490566
1361465427.743,767.6886792452831
1361465427.743,1567.5117924528302
1361465427.743,283.90330188679246
1361465427.93,187.5
1361465427.614,740.909090909091
1361465427.614,952.5568181818181
1361465427.614,861.0795454545455
1361465427.614,701.4204545454545
1361465427.613,57225.85227272727
1361465427.613,21790.056818181816
1361465427.677,847.800925925926
1361465427.741,2389.1509433962265
1361465427.805,4172.1754807692305
1361465427.932,217.1875
1361465428.06,6718.75
1361465430.841,10441.40625
1361465430.841,60796.875
1361465430.841,30312.5
1361465430.841,6578.125
1361465431.095,4882.8125
1361465431.031,9906.25
1361465431.159,5140.625
1361465431.154,3562.5
1361465427.059,2712.7976190476193
1361465426.994,171.142578125
1361465427.185,1865.266393442623
1361465427.185,7379.098360655738
1361465427.184,727.8225806451612
1361465427.184,3246.7237903225805
1361465427.543,1874.7159090909092
1361465427.542,1513.6363636363637
1361465427.542,717.8977272727273
1361465427.542,809.0909090909091
1361465427.542,26766.761363636364
1361465427.605,138.59953703703704
1361465427.669,739.3867924528303
1361465427.541,914.4886363636363
1361465427.541,795.7386363636364
1361465427.541,779.8295454545454
1361465427.541,787.2159090909091
1361465427.54,54487.5
1361465427.54,22871.022727272728
1361465427.732,180.28846153846155
1361465427.604,3643.8078703703704
1361465427.668,985.5542452830189
1361465427.668,174.23349056603774
1361465427.924,162.62755102040816
1361465427.923,162.62755102040816
1361465427.923,196.74744897959184
1361465428.178,1529.1666666666665
1361465427.506,6056.603773584906
1361465427.824,3328.7760416666665
1361465430.814,217953.125
1361465438.212,4580.459770114942
1361465429.38,63.793789808917204
1361465428.42,7979.166666666667
1361465428.059,3054.3478260869565
1361465429.384,187093.75
1361465429.083,8523.92578125
1361465429.395,295.1388888888889
1361465429.315,99859.375
1361465430.88,11953.125
1361465431.133,10734.375
1361465431.101,258687.5
1361465431.101,118062.5
1361465456.044,8390.625
1361465456.553,13984.375
1361465439.788,6781.25
1361465439.978,11375.0
1361465470.753,86012.09677419355
1361465456.42,139656.25
1361465454.122,102284.375
1361465464.455,25.669642857142858
1361465468.024,718.75
1361465472.753,17328.125
1361465456.55,3631.8990384615386
1361465499.621,2156.25
1361465529.65,2156.25
1361467130.837,20.535714285714285
1361467176.353,15553.125
1361467172.55,3851.5625
1361467176.907,10318.181818181818
1361467176.058,94.24603174603175
1361467208.125,89.22101449275361
1361467207.671,17576.041666666664
1361467215.861,40.8135775862069
1361467215.861,40.8135775862069
1361467221.64,67.65776699029126
1361467236.209,2156.25
1361468121.5,97.265625
1361468354.147,29.964398734177216
1361468354.13,29.964398734177216
1361468447.187,33.56481481481482
1361468546.788,33.56481481481482
1361468559.53,408.65384615384613
1361468828.043,34.198113207547166
1361469008.582,75.07621951219512
1361469022.068,199.10714285714283
1361469325.375,4108.333333333333
1361469907.899,87.109375
1361469927.042,4828.125
1361469925.48,151.49456521739128
1361469927.485,292.36778846153845
1361470493.815,30.155254777070063
1361470493.814,30.155254777070063
1361470611.118,15.84507042253521
1361470798.73,1750.0
1361470804.628,8730.46875
1361470804.755,9500.0
1361470804.819,11630.208333333334
1361470804.882,120.48192771084338
1361470808.911,6993.75
1361470801.483,4569.602272727272
1361470805.898,11666.666666666666
1361470801.482,1446.0227272727273
1361470801.545,1135.7758620689656
1361470807.025,8746.09375
1361470811.095,9500.0
1361470811.159,4640.625
1361470811.221,14265.625
1361470811.474,8738.28125
1361470811.984,11640.625
1361470812.367,7012.5
1361470812.622,8617.1875
1361470805.448,43500.0
1361470805.511,41812.5
1361470805.575,18593.75
1361470805.684,14265.625
1361470805.748,8722.65625
1361470809.459,8722.65625
1361470806.129,8331.25
1361470809.838,8726.5625
1361470806.636,11651.041666666666
1361470802.411,677.2017045454546
1361470802.219,3091.346153846154
1361470810.601,8714.84375
1361470807.273,6856.25
1361470807.4,8761.71875
1361470807.591,8785.15625
1361470811.046,19968.75
1361470807.781,6871.875
1361470811.427,8738.28125
1361470811.468,7000.0
1361470805.44,730.875
1361470804.582,1412.784090909091
1361470803.164,540.7492897727273
1361470804.368,6141.918789808918
1361470811.863,8765.625
1361470803.671,179.22794117647058
1361470803.671,102.12418300653594
1361470811.927,1133.112980769231
1361470815.83,3496.09375
1361470815.83,3932.2916666666665
1361470815.83,4859.375
1361470815.829,4125.0
1361470811.733,1263.9204545454545
1361470815.829,3526.0416666666665
1361470815.829,5302.083333333333
1361470815.828,1854.6875
1361470795.988,1552.8846153846155
1361470808.019,175.91911764705884
1361470816.083,11296.875
1361470816.083,2020.8333333333335
1361470816.018,6429.6875
1361470812.434,1304.6875
1361470816.273,6601.5625
1361470816.273,5151.041666666667
1361470816.337,5960.9375
1361470816.401,4661.458333333333
1361470812.432,5242.1875
1361470816.335,1449.8005319148936
1361470796.687,86.1760496183206
1361470796.687,35.24570610687023
1361470812.687,13491.40625
1361470816.398,9750.0
1361470816.398,7289.0625
1361470796.686,35.24570610687023
1361470816.398,5507.8125
1361470812.622,1134.908536585366
1361470816.462,10734.375
1361470816.462,4125.0
1361470816.462,12718.75
1361470816.462,4468.75
1361470816.718,12859.375
1361470812.749,15156.25
1361470812.685,10781.25
1361470816.588,5968.75
1361470813.067,7421.875
1361470805.131,90.41030534351145
1361470805.194,1579.7173566878982
1361470805.449,873.015873015873
1361470814.321,2152.34375
1361470814.64,379.375
1361470814.831,7179.6875
1361470814.638,7468.75
1361470814.829,6375.0
1361470815.255,14054.6875
1361470810.647,5362.28813559322
1361470815.573,15453.125
1361470815.573,308.8768115942029
1361470815.572,6890.625
1361470815.572,4343.75
1361470802.964,1264.141061452514
1361470802.964,918.5579608938548
1361470815.124,2588.5416666666665
1361470802.964,984.7241620111732
1361470815.763,6359.375
1361470815.251,6890.625
1361470803.09,927.9661016949152
1361470803.154,228.24928977272725
1361470815.441,43500.0
1361470815.569,11953.125
1361470815.569,6380.208333333333
1361470803.28,207.97413793103448
1361470808.08,5396.780303030303
1361470803.47,1145.376461988304
1361470811.47,378.0570652173913
1361470808.462,915.3225806451612
1361470808.461,1136.0887096774193
1361470819.723,15093.75
1361470804.299,123.61550632911393
1361470804.554,332.0819805194805
1361470812.872,27750.0
1361470812.934,162.37745098039215
1361470812.998,1904.6875
1361470816.71,9750.0
1361470816.774,3867.1875
1361470816.774,6117.1875
1361470816.774,5367.1875
1361470816.774,6804.6875
1361470816.774,3979.1666666666665
1361470816.774,5250.0
1361470796.929,2732.0283882783883
1361470816.769,3351.5625
1361470816.837,4218.75
1361470816.964,14968.75
1361470805.123,331.89655172413796
1361470813.187,14265.625
1361470816.963,9500.0
1361470816.963,316.14583333333337
1361470805.251,513.8767482517483
1361470816.943,3214.285714285714
1361470817.071,12093.75
1361470809.135,321.98660714285717
1361470817.198,5703.125
1361470817.262,9570.3125
1361470817.262,5781.25
1361470813.358,8566.40625
1361470817.321,5617.1875
1361470817.389,12171.875
1361470797.613,86.1760496183206
1361470813.485,6804.6875
1361470809.325,32236.155063291135
1361470797.612,35.24570610687023
1361470817.196,5976.5625
1361470817.452,4750.0
1361470817.387,8500.0
1361470817.387,15734.375
1361470817.642,6101.5625
1361470813.93,9414.0625
1361470813.802,1475.4464285714287
1361470817.449,8437.5
1361470805.993,109.73282442748092
1361470813.992,22312.5
1361470814.056,6890.625
1361470817.64,10578.125
1361470814.247,1896.875
1361470818.023,10539.0625
1361470814.119,18828.125
1361470817.893,7328.125
1361470814.564,9500.0
1361470814.626,7804.6875
1361470814.753,1247.532894736842
1361470818.72,44343.75
1361470810.591,1731.9915254237287
1361470802.911,1387.4547101449275
1361470815.07,3882.8125
1361470815.134,15968.75
1361470815.262,7389.204545454546
1361470815.257,6585.9375
1361470815.517,14015.625
1361470815.517,5203.125
1361470815.517,4343.75
1361470815.324,5596.354166666667
1361470815.708,8500.0
1361470815.708,11109.375
1361470815.516,11406.25
1361470802.883,1212.56038647343
1361470815.684,6007.8125
1361470819.647,9500.0
1361470804.222,123.61550632911393
1361470815.281,1536.6161616161614
1361470814.279,157.67045454545456
1361470805.505,489.5148026315789
1361470813.824,5586.672008547009
1361470815.206,134.29054054054055
1361470809.24,447.5344036697247
1361470813.015,3758.125
1361470813.207,9190.159574468085
1361470813.399,262.58992805755395
1361470799.037,4855.698529411765
1361470798.971,1836.379716981132
1361470824.569,11682.291666666666
1361470816.7,2040.625
1361470816.7,97.02034883720931
1361470816.699,151.1627906976744
1361470816.699,458.5755813953488
1361470816.699,281.25
1361470813.112,237.01584507042253
1361470821.368,381.48271276595744
1361470821.367,548.8486842105264
1361470813.303,955.0359712230215
1361470825.397,12781.25
1361470817.269,353.61842105263156
1361470817.269,266.44736842105266
1361470817.588,289.8327464788733
1361470817.715,330.35714285714283
1361470825.714,2281.25
1361470822.32,6984.375
1361470825.84,6890.625
1361470814.255,66.15423387096773
1361470826.094,6734.375
1361470814.254,2939.1381048387093
1361470822.829,9500.0
1361470822.825,130.06161971830986
1361470822.825,7492.1875
1361470822.889,8734.375
1361470822.889,11635.416666666666
1361470823.274,130.28846153846155
1361470823.274,1572.021484375
1361470823.322,141.357421875
1361470815.001,50.64174107142857
1361470823.449,2314.549180327869
1361470815.192,131.4506880733945
1361470823.576,1466.40625
1361470826.775,6804.6875
1361470826.775,15312.5
1361470826.775,3882.8125
1361470823.703,8750.0
1361470826.775,9500.0
1361470826.775,3421.875
1361470815.447,297.9166666666667
1361470815.446,778.7202380952381
1361470823.766,8742.1875
1361470823.83,11645.833333333334
1361470814.998,50.64174107142857
1361470815.638,465.6559405940594
1361470826.901,12093.75
1361470824.021,1816.706730769231
1361470824.021,1822.1153846153845
1361470824.212,5843.75
1361470824.276,5859.375
1361470815.443,330.0595238095238
1361470827.027,6601.5625
1361470827.027,5976.5625
1361470827.091,15453.125
1361470827.219,6359.375
1361470827.091,9570.3125
1361470827.346,7289.0625
1361470827.218,5554.6875
1361470827.218,3734.375
1361470827.218,5765.625
1361470827.346,11937.5
1361470827.346,9750.0
1361470827.346,5898.4375
1361470827.409,6703.125
1361470827.473,11390.625
1361470827.469,6429.6875
1361470827.601,5203.125
1361470827.856,9500.0
1361470812.813,394.1089527027027
1361470816.652,97.02034883720931
1361470816.652,235.82848837209303
1361470816.652,1688.4084302325582
1361470816.652,167.38505747126436
1361470816.652,97.02034883720931
1361470816.652,172.23837209302326
1361470821.321,953.9473684210526
1361470821.321,1182.2368421052631
1361470821.317,140.26162790697674
1361470821.32,405.4188829787234
1361470821.32,419.2154255319149
1361470821.32,452.2938829787234
1361470813.256,1158.6106115107914
1361470817.261,241.98190789473685
1361470813.481,177.8935185185185
1361470825.193,672.7941176470589
1361470825.324,6734.375
1361470813.676,365.4119318181818
1361470821.994,216.33184523809524
1361470821.93,98.49683544303797
1361470817.576,16607.174295774646
1361470817.64,143.97321428571428
1361470825.639,2281.25
1361470805.991,1783.8541666666667
1361470825.767,28333.333333333332
1361470814.055,444.5684523809524
1361470817.511,168.4027777777778
1361470814.119,33.375
1361470822.374,8726.5625
1361470814.177,272.9334677419355
1361470818.021,6111.81640625
1361470822.757,2645.4665492957747
1361470822.756,8718.75
1361470822.691,19843.75
1361470822.755,130.06161971830986
1361470822.755,2620.3785211267605
1361470822.882,161.29032258064515
1361470814.434,281.51041666666663
1361470826.146,6890.625
1361470814.497,498.03046218487395
1361470814.625,171.875
1361470814.561,564.353813559322
1361470823.519,7000.0
1361470826.591,13671.875
1361470823.774,11651.041666666666
1361470826.718,9992.1875
1361470815.006,127.67454954954954
1361470826.59,6734.375
1361470815.389,377.67857142857144
1361470826.845,6015.625
1361470815.388,290.0297619047619
1361470818.716,178.9504716981132
1361470824.283,8773.4375
1361470824.283,8765.625
1361470827.035,11406.25
1361470827.098,8500.0
1361470827.138,5632.8125
1361470827.202,5367.1875
1361470827.266,7875.0
1361470827.266,4510.416666666667
1361470827.265,5289.0625
1361470827.329,8437.5
1361470827.265,7734.375
1361470827.519,9500.0
1361470827.775,4536.458333333333
1361470820.22,6056.024774774774
1361470804.586,1415.3571428571427
1361470806.423,769.1394376899697
1361470822.298,1101.371951219512
1361470822.413,727.5390625
1361470805.056,1452.7834699453551
1361470828.959,6804.6875
1361470833.879,28320.3125
1361470833.878,30312.5
1361470833.878,10072.916666666666
1361470834.387,11156.25
1361470831.739,6862.5
1361470834.682,3554.6875
1361470827.38,107.39715189873418
1361470827.634,127.57120253164558
1361470833.513,4593.75
1361470825.678,992.3780487804878
1361470834.505,18828.125
1361470834.309,9414.0625
1361470831.623,4385.416666666667
1361470827.074,240.70411392405063
1361470827.008,260.9953703703703
1361470827.072,197.19145569620252
1361470832.448,1369.579081632653
1361470827.562,127.57120253164558
1361470813.511,3145.4326923076924
1361470827.511,51.3771186440678
1361470830.73,87.39973262032086
1361470821.24,537.5
1361470824.38,1716.796875
1361470824.782,62184.375
1361470824.363,6178.125
1361470824.68,1901.5625
1361470824.995,992.6075268817203
1361470825.121,41656.25
1361470825.181,1764.5833333333335
1361470825.927,665.719696969697
1361470826.493,16414.0625
1361470826.623,358.5304054054054
1361470826.623,19781.25
1361470826.686,3875.0
1361470826.686,11750.0
1361470827.362,120882.8125
1361470824.344,10149.739583333334
1361470824.472,881.7349137931034
1361470824.471,6846.507352941177
1361470824.471,4127.757352941177
1361470824.849,216.46341463414635
1361470824.916,335.70075757575756
1361470824.916,1377.467105263158
1361470824.851,345.9375
1361470825.043,87083.33333333333
1361470825.519,169.80698529411765
1361470825.837,711.7346938775511
1361470825.835,428.6579457364341
1361470825.962,156.11413043478262
1361470826.214,16203.125
1361470826.596,8773.4375
1361470826.767,74.78090405904058
1361470826.829,12796.875
1361470827.02,28802.083333333332
1361470825.172,2838.2352941176473
1361470826.127,9406.25
1361470827.896,7875.0
1361470828.21,13015.625
1361470825.123,1926.875
1361470826.649,76531.25
1361470828.418,84203.125
1361470830.553,23460.9375
1361470830.421,2387.1951219512193
1361470832.191,7625.0
1361470833.439,79234.375
1361470833.437,50526.041666666664
1361470834.705,2887.6953125
1361470835.704,10074.21875
1361470833.06,17421.875
1361470833.729,245145.83333333334
1361470860.9,3.8963104325699747
1361470889.784,2156.25
1361470886.837,2156.25
1361470874.003,8.689839572192513
1361470884.093,52.41935483870968
1361470993.056,6984.375
1361470993.499,9984.375
1361470993.499,4750.0
1361470993.626,4640.625
1361470994.069,8753.90625
1361470994.259,11682.291666666666
1361470994.894,8761.71875
1361470994.739,27656.25
1361470992.618,6984.375
1361470992.809,8726.5625
1361470995.88,2588.5416666666665
1361470995.623,6734.375
1361470995.623,6390.625
1361470995.814,3402.34375
1361470995.942,8910.15625
1361470996.006,4593.75
1361470996.325,2238.28125
1361470996.325,3445.3125
1361470996.516,6734.375
1361470993.48,14265.625
1361470993.669,8742.1875
1361470993.923,8742.1875
1361470994.496,11697.916666666666
1361470994.24,8765.625
1361470994.62,8785.15625
1361470995.002,5242.1875
1361470995.0,14265.625
1361470992.734,8726.5625
1361470995.866,7984.375
1361470995.802,6369.791666666667
1361470995.802,2281.25
1361470995.993,6375.0
1361470996.439,6375.0
1361470996.567,3421.875
1361470996.567,3421.875
1361470993.046,113.99147727272728
1361470991.113,4500.0
1361470996.856,4593.75
1361470996.211,87.91415662650603
1361470991.809,495.44534412955466
1361470991.817,23640.625
1361470992.197,14140.625
1361470992.3,26296.875
1361470992.427,8312.5
1361470992.49,8341.269841269841
1361470992.807,649765.625
1361470991.668,2766.875
1361470992.341,7203.125
1361470992.276,659.1981132075472
1361470992.529,9882.8125
1361470991.698,3427.978515625
1361470991.885,1108.3984375
1361470991.842,1354.279891304348
1361470992.716,2879.507211538462
1361470992.787,9231.25
1361470996.689,9875.0
1361470992.912,9137.5
1361470992.912,5609.848484848484
1361470993.798,8250.0
1361470994.853,14316.666666666666
1361470995.107,24968.75
1361470995.489,1153.125
1361470995.934,2409.090909090909
1361470995.706,1744.7916666666667
1361470996.218,16445.3125
1361470995.706,59296.875
1361470996.473,2158.653846153846
1361470996.473,1517.857142857143
1361470993.137,8421.875
1361470993.137,8421.875
1361470993.627,100921.875
1361470993.627,1722.3837209302326
1361470993.878,9296.875
1361470993.878,13796.875
1361470994.893,5797.65625
1361470995.337,2712.0535714285716
1361470995.379,1360.4166666666665
1361470995.379,531.25
1361470995.632,41609.375
1361470996.012,8765.625
1361470996.393,2004.4642857142856
1361470996.393,7625.0
1361470994.446,576562.5
1361470995.018,1726.5625
1361470995.644,4589.285714285715
1361470994.974,4140.625
1361470995.038,77925.78125
1361470996.896,9015.625
1361471003.377,19359.375
1361471005.068,17338.815789473683
1361471010.124,2205.2283653846152
1361471070.253,2156.25
1361471088.793,3625.0
1361471213.444,1212.9934210526317
1361471213.444,1764.5285087719299
1361471217.537,8777.34375
1361471217.727,11687.5
1361471214.077,18593.75
1361471214.077,219.20509708737865
1361471214.077,88.7920673076923
1361471214.204,91.75857843137254
1361471214.268,11640.625
1361471214.332,451.3888888888889
1361471214.331,3786.142676767677
1361471214.395,11656.25
1361471214.395,11656.25
1361471218.231,441.2006578947368
1361471218.363,370.35472972972974
1361471214.459,3382.4097938144328
1361471218.553,1742.1875
1361471214.649,163.48684210526315
1361471214.904,18796.875
1361471214.968,11054.6875
1361471218.871,12781.25
1361471218.871,6734.375
1361471215.158,132.72270114942526
1361471215.158,132.72270114942526
1361471218.998,2281.25
1361471218.998,2281.25
1361471219.125,11611.607142857143
1361471215.413,294.61596385542174
1361471219.296,790.3645833333334
1361471219.488,14656.25
1361471215.965,8742.1875
1361471219.613,10523.4375
1361471219.74,9500.0
1361471216.218,19968.75
1361471216.282,11651.041666666666
1361471216.281,14265.625
1361471220.057,9500.0
1361471220.057,948.4375
1361471216.536,1587.158203125
1361471216.659,1323.73046875
1361471216.854,8746.09375
1361471216.854,11682.291666666666
1361471216.981,8742.1875
1361471217.045,11656.25
1361471217.045,8742.1875
1361471220.626,3984.375
1361471213.393,613.8980263157895
1361471212.945,5104.855371900826
1361471217.487,11703.125
1361471217.614,8769.53125
1361471214.014,497.42111650485435
1361471217.79,11692.708333333334
1361471214.077,11645.833333333334
1361471214.077,14265.625
1361471214.141,303.03030303030306
1361471214.012,9500.0
1361471214.012,290.7151442307692
1361471214.267,36.773989898989896
1361471214.584,1982.3803191489362
1361471214.774,11666.666666666666
1361471215.092,129.13074712643677
1361471218.868,3402.34375
1361471218.863,15531.25
1361471218.994,4536.458333333333
1361471219.057,9992.1875
1361471219.375,4536.458333333333
1361471215.917,11640.625
1361471215.917,8742.1875
1361471216.17,9500.0
1361471216.207,11640.625
1361471219.982,8480.46875
1361471216.27,144.92753623188406
1361471216.461,130.28846153846155
1361471220.362,11687.5
1361471220.361,14781.25
1361471220.553,7007.8125
1361471220.553,2851.5625
1361471220.617,7726.5625
1361471214.267,1051.4259708737864
1361471215.907,560.4707792207793
1361471221.389,6601.5625
1361471221.388,6101.5625
1361471221.388,5703.125
1361471221.388,5976.5625
1361471221.388,1102.2727272727273
1361471221.004,8500.0
1361471221.004,11109.375
1361471221.003,11203.125
1361471221.447,5554.6875
1361471221.451,5367.1875
1361471221.514,6007.8125
1361471221.513,4250.0
1361471221.065,5507.8125
1361471221.129,9750.0
1361471221.193,10578.125
1361471221.193,5500.0
1361471221.577,125.9765625
1361471221.193,2618.3035714285716
1361471221.128,7289.0625
1361471221.192,12234.375
1361471221.704,4661.458333333333
1361471221.192,227.31854838709677
1361471221.64,5492.1875
1361471221.704,8437.5
1361471221.703,5968.75
1361471222.148,4661.458333333333
1361471222.274,12765.625
1361471222.592,9500.0
1361471219.002,1349.264705882353
1361471220.702,451.3494318181818
1361471220.766,4785.15625
1361471220.894,9500.0
1361471220.894,7691.40625
1361471220.894,6359.375
1361471221.406,278.72983870967744
1361471221.02,5367.1875
1361471221.084,7875.0
1361471221.147,11937.5
1361471221.147,5765.625
1361471221.595,7289.0625
1361471221.595,9750.0
1361471221.147,8437.5
1361471221.147,24187.5
1361471221.659,4468.75
1361471221.146,4661.458333333333
1361471221.786,11390.625
1361471221.209,4286.458333333333
1361471222.04,5203.125
1361471221.272,3351.5625
1361471222.04,9750.0
1361471222.099,5156.25
1361471222.099,7828.125
1361471222.099,5898.4375
1361471222.099,7242.1875
1361471222.099,3402.34375
1361471222.099,4468.75
1361471222.528,5609.375
1361471222.527,9500.0
1361471222.591,4536.458333333333
1361471218.619,699.4201030927835
1361471219.509,916.2735849056603
1361471219.763,2207.2649572649575
1361471220.628,210.66810344827584
1361471226.244,2420.564516129032
1361471221.21,76.7822265625
1361471214.593,1905.99173553719
1361471213.76,1914.407169117647
1361471214.067,2140.066964285714
1361471214.067,1548.2742537313432
1361471221.694,102.22138554216868
1361471236.109,1441.7747641509434
1361471220.872,27.570857558139537
1361471222.251,40.17857142857143
1361471220.756,1531.25
1361471217.742,2464.154411764706
1361471217.869,25531.25
1361471218.059,2806.640625
1361471218.11,267.688679245283
1361471218.107,267.688679245283
1361471218.36,692.8125
1361471218.613,22343.75
1361471219.121,539.6634615384615
1361471219.248,71179.6875
1361471219.247,9170.703125
1361471220.169,3062.5
1361471221.483,1125.9765625
1361471221.609,2170.8333333333335
1361471221.545,3541.015625
1361471218.657,2404.4117647058824
1361471218.764,7358.75
1361471218.953,13156.25
1361471219.017,57359.375
1361471219.017,267.688679245283
1361471219.017,7068.181818181818
1361471219.27,19328.125
1361471219.522,13578.125
1361471220.03,539.6634615384615
1361471220.029,3359.375
1361471220.029,539.6634615384615
1361471221.026,63541.666666666664
1361471221.025,95265.625
1361471218.669,1499.751984126984
1361471218.668,909.4929245283018
1361471218.987,592609.375
1361471219.179,591125.0
1361471220.818,12560.763888888889
1361471221.201,7206.25
1361471220.755,3317.1875
1361471221.673,537593.75
1361471222.131,12156.25
1361471221.101,7570.3125
1361471221.228,15554.6875
1361471221.355,12703.125
1361471221.355,12687.5
1361471222.058,14093.75
1361471236.733,19390.625
1361471236.733,23281.25
1361471236.65,15781.25
1361471236.65,13796.875
1361471236.649,22484.375
1361471233.252,2122.9745370370374
1361471219.699,2996.3334837545126
1361471272.884,2156.25
1361471272.828,2156.25
1361471293.672,2156.25
1361471293.698,1272.8066770186335
1361471294.313,395.2323717948718
1361471298.755,2425.78125
1361471298.668,7843.75
1361471299.172,9218.75
1361471299.17,9234.375
1361471356.222,11614.583333333334
1361471356.347,11614.583333333334
1361471356.729,9500.0
1361471356.201,11645.833333333334
1361471356.201,11651.041666666666
1361471356.647,19656.25
1361471356.647,17078.125
1361471356.71,13453.125
1361471358.048,17507.8125
1361471358.174,17531.25
1361471358.427,17492.1875
1361471357.402,6975.0
1361471357.465,17484.375
1361471357.464,8746.09375
1361471357.589,11645.833333333334
1361471354.835,4892.420977011494
1361471359.058,7320.3125
1361471359.121,5187.5
1361471359.313,3445.3125
1361471359.313,17003.125
1361471359.312,13671.875
1361471359.312,10359.375
1361471359.356,2281.25
1361471359.736,4536.458333333333
1361471360.244,3445.3125
1361471356.78,4640.625
1361471357.674,8726.5625
1361471358.095,17539.0625
1361471358.094,22476.5625
1361471358.915,3402.34375
1361471359.233,14359.375
1361471359.233,9992.1875
1361471359.297,2281.25
1361471355.326,133.10917721518987
1361471359.614,6375.0
1361471359.678,10160.15625
1361471359.97,4750.0
1361471360.157,3402.34375
1361471358.823,63.793789808917204
1361471357.461,100875.0
1361471357.461,7656.25
1361471357.712,14294.270833333334
1361471355.504,227729.9107142857
1361471355.504,15882.8125
1361471355.504,901.625
1361471355.503,40227.27272727273
1361471355.503,97359.375
1361471355.503,138230.46875
1361471356.263,16500.0
1361471356.88,9224.479166666666
1361471356.003,3558.125
1361471356.193,1044.6947674418604
1361471356.878,5496.995192307692
1361471356.877,5400.240384615385
1361471356.821,2173.6111111111113
1361471357.444,4117.1875
1361471356.152,1845.2380952380954
1361471356.151,1394.6220930232557
1361471355.419,84694.19642857143
1361471356.158,1443.014705882353
1361471356.789,5134.259259259259
1361471359.186,11695.3125
1361471359.607,3160.714285714286
1361471359.734,4781.25
1361471359.859,8687.5
1361471360.301,4246.875
1361471360.192,14062.5
1361471358.785,17774.553571428572
1361471358.967,4555.098684210527
1361471359.038,1133.6805555555557
1361471359.038,7781.25
1361471359.038,1223.9583333333333
1361471359.038,1107.8125
1361471359.038,3451.3888888888887
1361471359.101,21455.729166666668
1361471359.021,3342.881944444445
1361471359.4,311703.125
1361471359.778,380187.5
1361471359.398,19015.625
1361471359.397,41656.25
1361471359.397,1860.2941176470588
1361471359.714,13609.375
1361471359.84,13609.375
1361471360.157,3029.0178571428573
1361471360.157,16843.75
1361471360.157,2975.4464285714284
1361471387.749,953.125
1361471374.058,2122.3958333333335
1361471383.041,46.37096774193549
1361471414.776,2156.25
1361471414.702,2156.25
1361471359.908,2908.8237441588785
1361471402.283,8.290816326530614
1361471433.854,1078.125
1361471651.121,9500.0
1361471651.314,4625.0
1361471651.249,11625.0
1361471651.503,8726.5625
1361471651.627,9035.15625
1361471651.943,8765.625
1361471652.106,11666.666666666666
1361471652.359,11677.083333333334
1361471652.927,15531.25
1361471650.302,12005.208333333334
1361471650.365,6968.75
1361471653.69,6445.3125
1361471650.997,9984.375
1361471651.103,14265.625
1361471651.729,12036.458333333334
1361471652.17,11687.5
1361471650.155,17437.5
1361471650.282,8722.65625
1361471652.905,6890.625
1361471653.16,13468.75
1361471653.158,12781.25
1361471653.413,6890.625
1361471653.409,9500.0
1361471653.409,3421.875
1361471653.412,3421.875
1361471653.604,4593.75
1361471654.011,9500.0
1361471654.011,28343.75
1361471652.587,210.9375
1361471654.211,6375.0
1361471649.183,4394.3359375
1361471653.758,6578.125
1361471662.766,1023.2599431818181
1361471652.751,108.47929936305732
1361471653.068,99.17625523012552
1361471649.172,4502.906976744186
1361471649.36,1813.2621951219512
1361471649.319,7968.75
1361471649.509,3472.7678571428573
1361471649.508,571.1725917431193
1361471650.077,326.3311933534743
1361471650.382,7608.366935483871
1361471649.428,220.61353211009174
1361471649.909,1291.1184210526317
1361471649.904,14945.3125
1361471649.904,10697.916666666666
1361471650.226,9238.541666666666
1361471650.226,46406.25
1361471652.063,4108.258928571428
1361471650.184,2019.2587209302326
1361471652.02,3703.125
1361471652.401,296648.4375
1361471653.783,13609.375
1361471650.903,8421.875
1361471650.902,8421.875
1361471653.84,3138.3928571428573
1361471652.576,13272.203947368422
1361471652.702,1328.125
1361471652.7,1330.5288461538462
1361471653.065,9484.375
1361471653.699,42328.125
1361471653.762,3118.055555555555
1361471653.762,3197.9166666666665
1361471651.258,99218.75
1361471651.29,8234.375
1361471651.601,13783.854166666666
1361471652.594,1091.3461538461538
1361471652.78,42895.833333333336
1361471652.719,22776.988636363636
1361471653.29,11692.708333333334
1361471653.22,10890.625
1361471653.48,13562.5
1361471653.224,3269.53125
1361471662.808,210.6353591160221
1361471662.809,141.74723756906076
1361471662.728,126.17187499999999
1361471662.725,132.07465277777777
1361471685.58,1099.7191011235957
1361471667.85,2204.326923076923
1361471675.655,27.644230769230766
1361471709.249,2156.25
1361471653.946,2878.5585260115604
1361471709.174,2156.25
1361471709.174,2156.25
1361471650.421,2817.5551470588234
1361471685.523,7365.625
1361471685.523,6453.125
1361471708.482,87.109375
1361471721.986,49.24841772151898
1361471727.901,2156.25
1361471768.457,784.765625
1361471783.891,1003.9893617021276
1361471768.328,315.31119246861925
1361471768.327,459.5812958435208
1361471768.327,265.29811715481173
1361471768.24,6701.38888888889
1361471768.238,231.50510204081633
1361471768.238,6338.541666666667
1361471770.775,8276.041666666666
1361471795.398,3992.1875
1361471795.588,11630.208333333334
1361471795.587,17492.1875
1361471795.713,17476.5625
1361471795.901,11671.875
1361471796.028,8765.625
1361471796.277,17500.0
1361471794.197,11619.791666666666
1361471797.14,2550.0
1361471794.388,11619.791666666666
1361471794.387,6965.625
1361471794.515,11635.416666666666
1361471797.33,2281.25
1361471797.456,3402.34375
1361471797.519,3421.875
1361471795.023,2000.0
1361471794.894,19812.5
1361471795.34,11630.208333333334
1361471795.513,17460.9375
1361471795.953,17507.8125
1361471796.014,11677.083333333334
1361471796.561,7312.5
1361471796.686,7146.875
1361471796.941,3367.1875
1361471797.322,4536.458333333333
1361471797.379,3402.34375
1361471794.818,9500.0
1361471794.886,11609.375
1361471794.886,4755.208333333333
1361471797.573,20898.4375
1361471795.408,205.9659090909091
1361471798.031,4010.416666666667
1361471792.74,4709.4494047619055
1361471793.188,136.56655844155844
1361471793.186,136.56655844155844
1361471794.015,419.921875
1361471795.027,73.2421875
1361471794.898,184.6875
1361471794.902,184.6875
1361471797.654,9031.25
1361471797.966,3402.34375
1361471797.97,3445.3125
1361471795.601,2131.859756097561
1361471793.071,138.8221153846154
1361471793.135,136.56655844155844
1361471793.326,2126.4780405405404
1361471793.813,226.5625
1361471794.131,415.47131147540983
1361471794.131,300.97336065573774
1361471794.893,18298.4693877551
1361471795.212,2272.0170454545455
1361471795.212,192.4715909090909
1361471796.605,63.793789808917204
1361471793.924,3661.204268292683
1361471794.178,2719.1611842105262
1361471794.178,2557.142857142857
1361471794.831,2354.4921875
1361471794.418,6513.392857142857
1361471793.886,10431.451612903225
1361471794.332,6601.190476190476
1361471796.371,7437.5
1361471797.312,5282.8125
1361471797.312,5731.25
1361471797.311,4798.61111111111
1361471797.374,323484.375
1361471797.266,118659.375
1361471797.266,2085.069444444445
1361471797.263,5355.902777777777
1361471797.541,7218.75
1361471795.969,13585.379464285714
1361471795.967,8067.708333333334
1361471796.156,10963.541666666666
1361471796.537,4832.03125
1361471796.537,1992.1875
1361471796.537,2429.6875
1361471796.601,2903.409090909091
1361471796.64,5539.0625
1361471796.701,3548.6111111111113
1361471796.828,1921.875
1361471797.018,41609.375
1361471797.144,13593.75
1361471797.393,3786.9318181818185
1361471797.455,2950.0
1361471797.455,7625.0
1361471797.455,7609.375
1361471797.455,7625.0
1361471795.211,13392.857142857143
1361471796.065,58531.25
1361471796.065,16445.3125
1361471796.065,58156.25
1361471796.426,1418.75
1361471796.426,4859.375
1361471796.424,9679.6875
1361471796.424,1418.75
1361471796.806,2239.5833333333335
1361471796.614,16843.75
1361471796.933,6804.6875
1361471828.337,1078.125
1361471810.833,2205.2283653846152
1361471858.227,2156.25
1361471871.324,2156.25
1361471872.433,1677.0833333333333
1361471892.634,12958.333333333334
1361471887.987,1951.171875
1361471892.351,8107.142857142858
1361471922.523,1708.3333333333333
1361472156.367,131.25
1361472159.328,31.25
1361471888.514,67292.03648915187
1361472381.01,32.608695652173914
1361472420.371,453.125
1361472422.651,25.87209302325581
1361473016.833,37.760416666666664
1361473016.833,16.96428571428571
1361473802.262,39.8936170212766
1361475678.915,886.2028301886793
1361475688.51,23.241206030150753
1361475700.215,12958.333333333334
1361475682.316,12.886597938144329
1361475695.97,4108.333333333333
1361475698.154,95.76612903225806
1361475700.372,9460.9375
1361475730.56,245.76822916666666
1361475711.483,228882.8125
1361475735.602,55.69852941176471
1361475730.845,43.82861635220125
1361475735.58,55.69852941176471
1361475741.183,120.37037037037037
1361475760.233,2156.25
1361475697.422,14674.33638996139
1361475806.73,4453.125
1361475806.65,7049.8046875
1361475837.846,20.80251479289941
1361475837.772,20.926339285714285
1361475837.771,20.926339285714285
1361475866.69,2156.25
1361476495.826,17750.0
1361476496.952,8289.253048780487
1361476640.651,107.21153846153845
1361477160.783,52.951388888888886
1361477439.972,11619.791666666666
1361477440.27,8722.65625
1361477440.653,17421.875
1361477439.826,8707.03125
1361477440.145,19968.75
1361477440.209,9500.0
1361477440.273,14265.625
1361477440.271,17468.75
1361477440.271,4640.625
1361477441.095,17468.75
1361477441.159,8753.90625
1361477441.73,11671.875
1361477442.11,11687.5
1361477442.3,8734.375
1361477442.364,11682.291666666666
1361477442.912,14460.9375
1361477442.912,6734.375
1361477442.976,12781.25
1361477443.04,4385.416666666667
1361477443.103,2281.25
1361477443.103,4536.458333333333
1361477443.481,223.5137195121951
1361477443.736,6804.6875
1361477443.736,5718.75
1361477443.798,5968.75
1361477444.052,6804.6875
1361477444.052,6804.6875
1361477444.052,6992.1875
1361477440.82,17460.9375
1361477441.264,8730.46875
1361477441.454,11625.0
1361477441.518,11625.0
1361477441.836,17500.0
1361477442.075,11697.916666666666
1361477442.835,9500.0
1361477438.227,3607.34375
1361477443.022,17515.625
1361477443.088,6804.6875
1361477443.023,3421.875
1361477443.342,5703.125
1361477443.341,14015.625
1361477443.404,197.19145569620252
1361477443.66,17006.25
1361477443.531,6007.8125
1361477443.977,6015.625
1361477444.105,9992.1875
1361477443.976,6117.1875
1361477443.976,7757.8125
1361477444.398,9500.0
1361477443.008,540.2199074074074
1361477443.008,222.2222222222222
1361477443.008,881.7997685185185
1361477443.008,881.7997685185185
1361477442.105,137.55122950819674
1361477442.999,610.9664351851852
1361477442.999,881.7997685185185
1361477442.999,137.7314814814815
1361477442.999,881.7997685185185
1361477443.063,6108.790887850467
1361477443.063,5575.204439252336
1361477439.668,567.28515625
1361477440.051,774.5535714285714
1361477440.871,332.4468085106383
1361477444.556,30365.282012195123
1361477440.843,613.2262323943662
1361477448.907,939.7823033707865
1361477440.587,715.3627622377622
1361477449.35,16945.3125
1361477449.477,24187.5
1361477449.604,226.27314814814815
1361477449.604,5703.125
1361477449.731,4661.458333333333
1361477449.858,6703.125
1361477449.794,166.43258426966293
1361477449.857,8437.5
1361477449.92,6375.0
1361477450.365,11218.75
1361477450.428,7289.0625
1361477450.492,10921.875
1361477450.492,7078.125
1361477450.428,9750.0
1361477450.491,4468.75
1361477450.49,8437.5
1361477450.851,18710.9375
1361477442.851,110.09837962962963
1361477442.851,52.517361111111114
1361477443.104,136.26802884615387
1361477443.295,148.9789603960396
1361477443.358,150.3125
1361477443.549,208.76288659793815
1361477443.867,386.88858695652175
1361477439.003,145.55431547619045
1361477443.994,92.70833333333334
1361477444.376,269.3452380952381
1361477439.741,3817.1073717948716
1361477439.741,96.7548076923077
1361477440.125,61.5625
1361477439.74,556.4903846153845
1361477440.569,62.82552083333333
1361477449.015,1168.8329646017698
1361477449.205,9500.0
1361477449.518,13203.125
1361477449.649,7289.0625
1361477441.648,734.7470238095239
1361477449.712,9750.0
1361477449.712,5507.8125
1361477449.712,6039.0625
1361477449.712,5765.625
1361477449.711,1666.193181818182
1361477449.966,11453.125
1361477442.284,2399.8397435897436
1361477450.412,6890.625
1361477442.347,2766.7025862068963
1361477442.454,633.9878318584072
1361477442.517,646.6238839285714
1361477442.771,225.26041666666666
1361477442.771,186.19791666666666
1361477442.835,133.76168224299064
1361477442.77,81.30787037037037
1361477442.77,52.517361111111114
1361477442.83,187.93808411214954
1361477443.025,136.26802884615387
1361477451.216,4536.458333333333
1361477443.532,734.375
1361477443.596,445.5592105263158
1361477443.723,528.7298387096773
1361477438.923,552.0833333333334
1361477438.923,747.8608630952382
1361477443.85,166.55219780219778
1361477444.168,364.28052325581393
1361477439.682,99.35897435897435
1361477440.066,61.5625
1361477440.066,3679.375
1361477439.426,158.3984375
1361477439.426,384.47265625
1361477439.92,1240.1041666666665
1361477439.985,1348.4195402298851
1361477440.755,1715.388808139535
1361477444.407,2216.6053921568628
1361477445.102,2208.2270408163267
1361477450.176,116.19015957446808
1361477449.897,200.27412280701753
1361477450.405,66.37814748201438
1361477459.466,545.0367647058823
1361477450.4,10109.375
1361477450.21,4726.5625
1361477450.441,1375.0
1361477450.567,4859.375
1361477451.452,99859.375
1361477451.559,7625.0
1361477449.907,1545.4545454545455
1361477449.97,3058.238636363636
1361477449.97,15140.625
1361477449.97,1116.4772727272727
1361477449.97,1553.5714285714287
1361477450.029,1375.0
1361477450.16,3075.78125
1361477450.35,1378.6764705882354
1361477450.476,569.1964285714286
1361477450.476,4859.375
1361477450.476,12598.214285714286
1361477451.343,59296.875
1361477451.469,7625.0
1361477451.469,7625.0
1361477450.941,9375.0
1361477450.941,9375.0
1361477451.893,225234.375
1361477450.904,9375.0
1361477460.046,1758.1716954022988
1361477457.891,2163.3254716981132
1361477459.936,4244.751291989664
1361477460.316,2808.6860236220473
1361477482.239,207.5320512820513
1361477480.857,23623.9406779661
1361477480.857,18925.052966101695
1361477484.822,6476.5625
1361477484.886,10250.0
1361477485.583,6804.6875
1361477485.583,6804.6875
1361477482.124,11619.791666666666
1361477482.124,9500.0
1361477482.124,8726.5625
1361477482.124,19843.75
1361477482.188,11630.208333333334
1361477482.315,270.27027027027026
1361477483.311,17460.9375
1361477483.69,8757.8125
1361477484.388,13437.5
1361477480.48,169.189453125
1361477484.556,2343.75
1361477484.556,1625.0
1361477484.745,7679.6875
1361477484.745,6578.125
1361477480.775,23043.697033898305
1361477484.807,10296.875
1361477481.22,293.1985294117647
1361477481.475,11614.583333333334
1361477481.474,563.8020833333334
1361477481.474,381.1848958333333
1361477481.474,314.453125
1361477485.505,6804.6875
1361477481.6,56643.055555555555
1361477482.045,11625.0
1361477482.426,14265.625
1361477482.552,17460.9375
1361477482.913,11645.833333333334
1361477483.105,11645.833333333334
1361477483.168,11666.666666666666
1361477483.103,8730.46875
1361477483.422,12083.333333333334
1361477483.548,11666.666666666666
1361477483.676,17539.0625
1361477484.311,12750.0
1361477484.375,4593.75
1361477484.375,2281.25
1361477484.439,3421.875
1361477484.503,11114.583333333334
1361477479.956,1596.3908450704225
1361477479.956,25318.661971830985
1361477481.167,299.8046875
1361477481.167,164.306640625
1361477489.733,11609.375
1361477490.98,17507.8125
1361477491.994,3882.8125
1361477491.994,6804.6875
1361477492.121,6375.0
1361477491.993,9648.4375
1361477491.993,3421.875
1361477490.222,11640.625
1361477491.724,6835.9375
1361477491.723,7179.6875
1361477484.296,63.793789808917204
1361477489.193,163.0230686695279
1361477481.918,1392.7734375
1361477482.279,2052.688953488372
1361477482.657,726.7628205128204
1361477482.123,1341.619318181818
1361477482.12,1332.638888888889
1361477481.72,121.30614657210403
1361477481.972,1305.1339285714284
1361477482.339,60.50857843137255
1361477482.779,258786.4583333333
1361477482.843,348.6842105263158
1361477482.843,348.0793450881612
1361477482.842,4117.1875
1361477484.524,131.7531779661017
1361477484.588,607.0954907161804
1361477484.588,484.107905982906
1361477484.587,13156.25
1361477484.522,131.7531779661017
1361477482.723,493.30357142857144
1361477482.722,462.82327586206895
1361477482.975,11933.035714285714
1361477484.029,4536.663385826771
1361477484.218,1584.2161016949153
1361477484.218,594.676906779661
1361477484.408,131.7531779661017
1361477484.597,326.6806722689076
1361477483.508,2664.0625
1361477485.025,248.72370049504948
1361477485.787,59.90911989795918
1361477485.785,79.40051020408164
1361477484.976,253.13273514851485
1361477485.739,79.40051020408164
1361477484.907,205.34048507462688
1361477485.095,128.14013317191282
1361477485.538,4859.375
1361477485.538,4859.375
1361477485.664,169.45043103448276
1361477485.664,137.21308933002481
1361477485.791,120.90866583541147
1361477485.855,36.0546875
1361477485.855,53.125
1361477485.07,7156.25
1361477485.426,4859.375
1361477485.552,394.5420110192838
1361477485.678,103.95885286783043
1361477485.804,136.02711970074813
1361477507.45,2862.147177419355
1361477508.907,17453.125
1361477509.093,17523.4375
1361477509.16,11666.666666666666
1361477510.047,12750.0
1361477510.218,3882.8125
1361477510.28,6354.166666666667
1361477510.28,4536.458333333333
1361477510.533,6375.0
1361477507.716,17453.125
1361477507.587,11625.0
1361477507.651,17437.5
1361477510.786,6804.6875
1361477508.224,11635.416666666666
1361477508.224,7492.1875
1361477510.911,9500.0
1361477510.911,5765.625
1361477510.911,6835.9375
1361477508.158,19968.75
1361477511.101,4718.75
1361477511.097,3421.875
1361477511.097,6039.0625
1361477512.294,11625.0
1361477508.646,8734.375
1361477508.899,17523.4375
1361477509.277,11609.375
1361477509.466,17500.0
1361477509.466,11666.666666666666
1361477509.952,13437.5
1361477510.269,17460.9375
1361477510.141,3421.875
1361477510.394,4593.75
1361477510.33,11687.5
1361477510.33,4536.458333333333
1361477507.576,18031.25
1361477510.584,14015.625
1361477510.583,11406.25
1361477510.773,11234.375
1361477508.085,9500.0
1361477508.149,17468.75
1361477510.836,7179.6875
1361477508.212,140.84507042253523
1361477510.836,6375.0
1361477511.026,6890.625
1361477511.026,3421.875
1361477508.466,17468.75
1361477508.465,11640.625
1361477512.211,11604.166666666666
1361477512.211,11635.416666666666
1361477512.083,11630.208333333334
1361477510.569,741.2946428571429
1361477484.515,6218.520702306079
1361477510.557,388.39285714285717
1361477511.057,1247.4798387096776
1361477512.9,17429.6875
1361477508.676,4383.698453608247
1361477512.899,7132.8125
1361477516.739,539.2628205128204
1361477512.77,226.79924242424244
1361477513.406,17453.125
1361477513.66,17445.3125
1361477514.041,11708.333333333334
1361477506.55,27.043269230769234
1361477514.484,15625.0
1361477506.548,5630.128816793893
1361477507.043,10216.57274590164
1361477514.787,4557.291666666667
1361477514.913,6804.6875
1361477510.621,236.03219696969697
1361477515.546,7389.204545454546
1361477508.12,151.48809523809524
1361477515.799,4536.458333333333
1361477511.763,2751.3020833333335
1361477511.762,17367.1875
1361477511.954,586.4583333333333
1361477516.559,15953.125
1361477508.559,95.50382653061224
1361477516.851,4593.75
1361477512.754,294.11764705882354
1361477512.754,19843.75
1361477513.455,17484.375
1361477513.518,17445.3125
1361477513.645,17468.75
1361477513.772,17515.625
1361477513.898,17515.625
1361477513.962,17492.1875
1361477514.025,8753.90625
1361477509.924,500.0
1361477510.114,96.31849315068493
1361477514.702,4880.208333333333
1361477514.894,9531.25
1361477514.766,6718.75
1361477514.957,3421.875
1361477514.953,27839.84375
1361477514.953,2041.6666666666665
1361477507.275,258.41346153846155
1361477507.275,31.11645299145299
1361477515.209,6015.625
1361477515.272,6890.625
1361477510.536,213.85261194029852
1361477510.536,260.9608208955224
1361477515.4,11187.5
1361477510.663,316.40625
1361477515.652,4536.458333333333
1361477515.779,6890.625
1361477516.353,14640.625
1361477511.68,6001.627604166667
1361477511.68,24316.40625
1361477511.744,318.15159574468083
1361477508.356,47.433035714285715
1361477508.483,175.9089052287582
1361477515.022,190.8112582781457
1361477515.148,83.6482558139535
1361477515.339,90.06485849056604
1361477508.637,4671.875
1361477506.544,806.3802083333334
1361477508.586,6471.2171052631575
1361477506.934,12705.872252747253
1361477508.046,2018.638392857143
1361477508.81,2052.821828358209
1361477507.996,785.4352678571429
1361477507.996,1438.0530973451328
1361477509.735,16805.989583333332
1361477509.774,3213.4765625
1361477509.965,247.33664772727275
1361477509.964,518.2291666666666
1361477510.154,1498.1617647058822
1361477511.023,7625.0
1361477511.97,89.45517015706807
1361477512.702,6054.166666666666
1361477510.922,11625.0
1361477531.074,87.109375
1361477515.307,100.15690376569037
1361477537.431,11614.583333333334
1361477512.635,1502.34375
1361477513.237,501.55057251908397
1361477514.477,1930.2496898263025
1361477514.899,191.4758269720102
1361477515.844,178.60576923076923
1361477515.844,124.31891025641026
1361477516.266,370.0499311294766
1361477514.457,1756.25
1361477514.708,1397.109375
1361477514.835,208.97943037974684
1361477514.96,4859.375
1361477514.958,130.65664556962025
1361477514.958,43.67897727272727
1361477515.212,134.198264781491
1361477515.719,106.89102564102564
1361477516.815,7625.0
1361477515.598,250.55239898989902
1361477516.551,83272.83653846153
1361477515.551,332.76184538653365
1361477516.503,626984.375
1361477537.587,8726.5625
1361477537.586,11625.0
1361477537.649,17429.6875
1361477538.158,11651.041666666666
1361477538.348,11635.416666666666
1361477538.348,7132.8125
1361477539.048,8730.46875
1361477539.303,8753.90625
1361477539.557,11682.291666666666
1361477539.619,12072.916666666666
1361477540.234,4260.416666666667
1361477540.361,4536.458333333333
1361477540.232,4479.166666666667
1361477540.615,3421.875
1361477540.549,2588.5416666666665
1361477540.929,6359.375
1361477541.052,4996.09375
1361477541.44,9500.0
1361477541.31,6890.625
1361477538.214,19968.75
1361477538.213,4750.0
1361477538.272,3093.75
1361477538.975,11656.25
1361477539.482,8781.25
1361477540.284,4593.75
1361477540.219,4750.0
1361477540.283,7765.625
1361477540.727,6804.6875
1361477536.183,4394.3359375
1361477540.855,4593.75
1361477540.855,15531.25
1361477541.045,4557.291666666667
1361477539.876,109.375
1361477536.153,591.6666666666666
1361477536.153,18.901209677419356
1361477541.334,49.56210191082803
1361477539.659,176.57208588957056
1361477529.541,90.40469973890339
1361477531.475,51.520270270270274
1361477536.643,331.336273006135
1361477536.828,3794.2708333333335
1361477536.828,23640.625
1361477537.337,8296.875
1361477537.613,263.1381381381381
1361477540.707,90.77904929577464
1361477536.903,3249.6875
1361477537.22,910.5113636363636
1361477538.071,1811.8351063829787
1361477537.173,2108.6309523809527
1361477536.955,7913.392857142857
1361477537.206,4569.791666666666
1361477537.204,4061.820652173913
1361477537.583,8421.875
1361477538.384,4117.1875
1361477538.643,10449.21875
1361477539.212,21333.333333333332
1361477539.403,777.34375
1361477539.751,5367.788461538462
1361477537.466,8421.875
1361477539.276,777.34375
1361477569.181,1684.6301020408164
1361477515.112,2071.8340611353715
1361477568.43,5.293159609120521
1361477541.558,3364.8015202702704
1361477588.875,2156.25
1361477588.802,2156.25
1361477569.124,4328.125
1361477569.188,4510.044642857143
1361477569.188,2061.3839285714284
1361477569.006,5360.416666666667
1361477569.07,2883.9285714285716
1361477569.07,2684.151785714286
1361477607.997,2156.25
1361477638.233,1375.6868131868132
1361477657.983,12414.0625
1361477778.022,12421.875
1361478282.903,13390.625
1361478283.031,8034.007352941176
1361478430.627,91.69407894736842
1361478440.663,268.02884615384613
1361479164.846,17.54032258064516
1361479330.896,615.625
1361479325.26,18.36993243243243
1361479341.191,44.10601265822785
1361479472.41,8050.000000000001
1361479472.075,10484.375
1361479474.724,8945.3125
1361479471.969,77645.3125
1361479482.409,37359.375
1361479520.771,16656.25
1361479505.82,15046.875
1361479531.702,2156.25
1361479474.06,29663.29861111111
1361479511.567,1556254.5904657643
1361479610.594,18.00496688741722
1361479791.457,131.94444444444446
1361479865.304,113.0952380952381
1361480017.048,5476.5625
1361480015.811,7031.25
1361480104.63,99.8263888888889
1361480104.63,94.57236842105263
1361480104.628,106.48148148148148
1361480130.039,107.95454545454545
1361480238.625,59.1796875
1361480238.568,29.775943396226417
1361480588.587,9.593465045592705
1361480605.664,16.843971631205672
1361480722.547,562.5
1361480751.044,12958.333333333334
1361480746.946,199.0370639534884
1361480751.279,6834.558823529412
1361480787.307,16.725352112676056
1361480884.35,2968.75
1361480880.186,4459.821428571428
1361480884.523,7048.828125
1361480944.301,1078.125
1361481222.019,146.57738095238096
1361481970.918,17500.0
1361481972.087,6531.631097560975
1361482122.408,94.89329268292683
1361482148.574,1406.25
1361482162.771,12958.333333333334
1361482159.044,3625.0
1361482163.434,10316.761363636364
1361482188.103,3468.75
1361482211.263,76.953125
1361482222.771,718.75
1361482306.832,10937.5
1361483003.31,12958.333333333334
1361483003.715,9619.791666666666
1361483023.153,696.875
1361483063.225,2156.25
1361483111.022,68.99752475247526
1361483820.113,15296.875
1361483820.239,9695.3125
1361483923.45,77.92721518987342
1361484011.382,278.75
1361484460.796,6695.3125
1361484461.114,14265.625
1361484459.288,61533.854166666664
1361484460.738,97236.63015463918
1361484460.716,315.6417560321716
1361484457.991,3299.4164156626503
1361484458.622,739562.5
1361484458.62,192421.875
1361484459.302,13838.541666666666
1361484459.297,2329.6506734006734
1361484459.871,616.5244464944649
1361484459.8,90500.0
1361484459.8,484.20266544117646
1361484459.868,247703.125
1361484459.868,2474.112084870849
1361484459.868,252140.625
1361484459.868,575.2527573529411
1361484459.868,4238.541666666666
1361484460.249,38778.645833333336
1361484459.142,1699.1629464285713
1361484459.205,1519.3080357142856
1361484459.204,735.1541994750656
1361484459.204,6374.895134228188
1361484459.498,651.6688481675392
1361484459.688,50750.0
1361484459.688,432.8469669117647
1361484459.752,211640.625
1361484459.752,169234.375
1361484459.752,219140.625
1361484459.752,78718.75
1361484459.687,75.73784722222223
1361484459.75,195015.625
1361484460.131,396.3906826568266
1361484460.39,6265.625
1361484461.093,15093.75
1361484461.092,15125.0
1361484464.33,1216.2298387096776
1361484460.971,15187.5
1361484465.918,2102.430555555555
1361484465.917,2119.7916666666665
1361484477.048,67857.421875
1361484477.046,64749.21875
1361484477.045,2895.4232283464567
1361484477.045,164.90185950413223
1361484477.045,197375.0
1361484483.611,11000.0
1361484484.399,522.3841292134831
1361484485.383,22593.75
1361484485.574,85.46325878594249
1361484485.446,4984.375
1361484485.573,84.21525559105432
1361484484.82,116287.94642857143
1361484484.819,311.2167874396135
1361484512.696,1750.0
1361484512.615,1750.0
1361484494.678,1243.111559139785
1361484513.475,12606.25
1361484458.233,9471.949084051725
1361484459.293,10007.306531284303
1361484512.639,11693.75
1361484458.224,3794.8860571736786
1361484497.414,1194.1731770833333
1361484514.155,16000.0
1361484514.416,209.1619318181818
1361484495.354,2867.618865030675
1361484554.446,1078.125
1361484554.373,1078.125
1361484555.409,3270.8333333333335
1361484475.565,45428.66564616988
1361484595.518,8062.5
1361484514.714,116960.63701923078
1361484654.79,304.8780487804878
1361484695.669,4433.8942307692305
1361484675.317,9812.5
1361484657.158,53532.73909395973
1361484716.194,63.326719576719576
1361484734.439,3350.032216494845
1361484741.183,2962.5
1361484741.432,986.9791666666666
1361484740.333,77976.5625
1361484741.07,170578.125
1361484460.642,96648.59375
1361484460.642,101570.46875
1361484758.681,2205.2283653846152
1361484818.542,2156.25
1361484823.219,98.49683544303797
1361484839.728,50625.0
1361484841.063,8722.65625
1361484841.127,11645.833333333334
1361484841.048,8734.375
1361484842.13,2320.3125
1361484842.321,8753.90625
1361484843.528,8761.71875
1361484843.592,407.2145061728395
1361484843.591,753.0864197530865
1361484839.278,2725.0844594594596
1361484844.458,4536.458333333333
1361484844.709,3402.34375
1361484844.836,3402.34375
1361484844.9,3882.8125
1361484845.027,4796.875
1361484841.862,2852.6785714285716
1361484841.862,1583.3333333333333
1361484842.053,6993.75
1361484842.305,14265.625
1361484842.555,11656.25
1361484843.192,11687.5
1361484843.064,8785.15625
1361484843.51,799.3827160493827
1361484843.508,922.2608024691358
1361484843.635,7812.5
1361484839.519,492.78846153846155
1361484844.57,3367.1875
1361484844.697,6375.0
1361484844.76,28640.625
1361484844.824,3421.875
1361484853.713,12791.666666666666
1361484841.997,18.028846153846153
1361484843.518,109.375
1361484852.389,8738.28125
1361484854.264,11835.9375
1361484854.323,13492.1875
1361484854.581,13968.75
1361484854.581,3402.34375
1361484843.314,210.08211678832117
1361484852.944,11661.458333333334
1361484840.753,1800.0844594594594
1361484839.735,645.7935750636133
1361484839.798,623.7696850393701
1361484841.351,1948.673184357542
1361484841.413,1257.584549071618
1361484841.54,135.53370786516854
1361484840.727,123.5313315926893
1361484840.73,200.33170391061452
1361484841.046,131.40581717451525
1361484841.043,1130.9729916897506
1361484841.17,124.47771587743732
1361484841.424,261.5870786516854
1361484861.803,97.65625
1361484841.898,26.61203170028818
1361484853.865,316.67313664596276
1361484842.661,26.971726190476193
1361484854.372,1514.0830592105262
1361484851.995,79.19973544973546
1361484843.845,78.32278481012658
1361484844.226,48.387096774193544
1361484844.226,38.35685483870968
1361484863.936,11630.208333333334
1361484844.16,189.9539262820513
1361484844.223,38.233520900321544
1361484844.604,66.14925986842105
1361484844.858,47.08264119601329
1361484845.178,74.21875
1361484856.376,88.80208333333334
1361484845.176,76.64695945945945
1361484864.822,11651.041666666666
1361484864.885,4640.625
1361484864.82,10328.125
1361484864.82,6996.875
1361484865.14,14265.625
1361484841.821,26.61203170028818
1361484854.041,144.10828025477707
1361484842.518,301.6505934718101
1361484842.773,259.38438438438436
1361484843.852,665.9414556962025
1361484863.627,11645.833333333334
1361484844.154,18.296370967741936
1361484844.281,18.415178571428573
1361484863.991,8722.65625
1361484863.99,11666.666666666666
1361484844.724,140.78073089700996
1361484844.915,47.92015050167224
1361484845.168,28.380102040816325
1361484845.104,51.2035472972973
1361484845.231,28.476962457337883
1361484864.682,4750.0
1361484844.778,212.11816720257235
1361484844.778,306.21985530546624
1361484844.777,604.2001607717041
1361484844.968,23.53896103896104
1361484842.472,257.4747838616715
1361484845.347,1964.97309602649
1361484844.767,604.2001607717041
1361484855.263,2746.3860544217687
1361484844.834,118.04435483870968
1361484864.657,7281.25
1361484841.093,810.0446428571429
1361484841.055,287.70137231503577
1361484841.055,254.34652278177455
1361484842.377,937.5
1361484865.79,6996.875
1361484865.721,11682.291666666666
1361484862.201,893.7218468468468
1361484866.546,8781.25
1361484866.737,7021.875
1361484859.051,12140.107044198896
1361484867.053,3367.1875
1361484867.308,3882.8125
1361484867.477,9546.875
1361484867.605,7179.6875
1361484868.491,3421.875
1361484868.49,4250.0
1361484868.49,3402.34375
1361484868.49,5418.75
1361484868.617,6589.84375
1361484868.681,9429.6875
1361484869.252,4593.75
1361484865.517,8738.28125
1361484865.834,8773.4375
1361484865.897,8746.09375
1361484862.12,1940.7670454545453
1361484862.12,144.17613636363635
1361484862.119,536.4583333333334
1361484866.214,7018.75
1361484866.659,7012.5
1361484866.977,4250.0
1361484867.141,3421.875
1361484867.396,3445.3125
1361484867.522,6390.625
1361484868.409,3421.875
1361484868.407,7312.5
1361484868.407,9625.0
1361484868.407,3402.34375
1361484869.172,4536.458333333333
1361484857.677,280.1120448179272
1361484867.41,63.793789808917204
1361484864.145,1045.8096590909092
1361484863.114,637.2282608695651
1361484863.114,677.6494565217391
1361484865.098,6799.632352941177
1361484864.967,8421.875
1361484865.411,99890.625
1361484865.406,7656.25
1361484865.664,13778.645833333334
1361484862.936,884.5108695652174
1361484862.935,2104.2798913043475
1361484862.935,1104.6195652173913
1361484863.739,8640.625
1361484863.865,13085.9375
1361484864.876,8421.875
1361484864.94,4013.392857142857
1361484865.36,8234.375
1361484886.552,6734.375
1361484886.806,2588.5416666666665
1361484884.096,8738.28125
1361484885.493,8769.53125
1361484886.474,3187.5
1361484886.722,4536.458333333333
1361484886.726,3882.8125
1361484867.204,132.32581967213113
1361484867.395,134.40583881578945
1361484884.774,11656.25
1361484867.753,175.1237623762376
1361484865.19,452.2619912790697
1361484865.777,2664.0625
1361484867.668,276.8297697368421
1361484866.109,1045.2328821656051
1361484867.599,57.274420529801326
1361484867.727,42375.0
1361484868.724,116.63879598662209
1361484868.723,116.63879598662209
1361484869.672,8656.25
1361484865.929,140609.375
1361484866.873,2336.88296178344
1361484867.039,880.5147058823529
1361484867.038,258.0167483660131
1361484867.164,246.92622950819674
1361484867.48,57.274420529801326
1361484867.48,255.6912251655629
1361484867.479,67.57036423841059
1361484868.599,116.58653846153847
1361484869.1,1619.7916666666667
1361484869.1,1619.7916666666667
1361484869.29,16843.75
1361484869.421,106921.875
1361484869.421,4718.75
1361484869.373,4718.75
1361484869.373,4734.375
1361484870.27,7625.0
1361484870.093,7625.0
1361484870.093,8343.75
1361484883.694,19.36502659574468
1361484877.489,14.973958333333334
1361484883.474,170.41412601626016
1361484886.662,47.68041237113402
1361484863.85,4637.21590909091
1361484884.085,2747.7134146341464
1361484887.077,2690.625
1361484887.203,13609.375
1361484910.917,435.546875
1361484895.625,26.63934426229508
1361484917.305,2156.25
1361484929.21,2156.25
1361484929.137,2156.25
1361484867.62,2506.7676183127573
1361484475.782,66604.76762820513
1361484966.612,4984.375
1361484967.307,20000.0
1361484967.306,9500.0
1361484967.369,2320.3125
1361484968.003,8738.28125
1361484968.55,11703.125
1361484969.371,14359.375
1361484969.626,1553.125
1361484969.625,1710.9375
1361484969.817,4593.75
1361484969.88,10425.78125
1361484970.072,4536.458333333333
1361484970.072,6804.6875
1361484966.595,5820.3125
1361484966.595,5815.104166666667
1361484967.354,7132.8125
1361484967.921,8742.1875
1361484967.924,8757.8125
1361484968.534,11687.5
1361484968.468,8765.625
1361484969.291,12750.0
1361484969.227,7320.3125
1361484969.355,10328.125
1361484975.228,11656.25
1361484975.228,6984.375
1361484975.797,7132.8125
1361484975.797,6978.125
1361484976.851,8746.09375
1361484976.845,8734.375
1361484976.912,11671.875
1361484977.675,8765.625
1361484978.25,8785.15625
1361484978.25,8769.53125
1361484978.249,11692.708333333334
1361484974.831,6978.125
1361484975.148,11630.208333333334
1361484975.591,19937.5
1361484975.655,9500.0
1361484975.718,3093.75
1361484964.388,3152.70390070922
1361484976.415,8746.09375
1361484966.152,99.5213963963964
1361484966.151,93.03977272727272
1361484977.605,11661.458333333334
1361484978.05,8714.84375
1361484978.368,11671.875
1361484969.777,51.056338028169016
1361484969.833,51.41843971631206
1361484966.439,9254.371761658032
1361484970.558,115.69656488549617
1361484970.622,116.46634615384616
1361484970.876,66.2202380952381
1361484970.876,66.2202380952381
1361484978.876,4593.75
1361484978.748,7179.6875
1361484978.939,3421.875
1361484978.939,7812.5
1361484979.066,6476.5625
1361484966.778,95.88815789473684
1361484979.255,6734.375
1361484979.318,8746.09375
1361484979.446,6531.25
1361484979.508,6416.666666666667
1361484979.635,4296.875
1361484967.283,3482.7438186813188
1361484967.283,87.39697802197801
1361484967.726,48.39285714285714
1361484964.397,1149.5044052863436
1361484980.461,3203.125
1361484965.011,6454.773509174312
1361484981.263,6734.375
1361484965.327,149.98525943396226
1361484981.39,3222.65625
1361484981.39,1531.25
1361484981.39,21515.625
1361484981.517,3960.9375
1361484966.153,86.21231155778894
1361484966.407,18.028846153846153
1361484985.543,2640.625
1361484969.159,65.89226973684211
1361484969.861,39.94278169014084
1361484970.499,147.4905303030303
1361484978.754,6835.9375
1361484978.817,6354.166666666667
1361484978.86,3421.875
1361484970.796,66.2202380952381
1361484979.176,4557.291666666667
1361484975.079,757.4152542372882
1361484979.303,10088.541666666666
1361484979.43,2281.25
1361484979.43,2281.25
1361484979.62,9414.0625
1361484979.62,210.534793814433
1361484979.683,6015.625
1361484967.202,87.39697802197801
1361484979.81,6578.125
1361484980.064,8761.71875
1361484967.711,1146.517857142857
1361484967.775,89.34985632183907
1361484980.445,10359.375
1361484980.508,770.7078313253012
1361484980.508,15156.25
1361484980.698,2268.2291666666665
1361484964.954,4357.654816513762
1361484964.954,4434.9197247706425
1361484964.954,6843.893348623853
1361484964.954,4597.835435779816
1361484964.954,609.0883027522935
1361484981.186,6390.625
1361484965.442,471.81519138755976
1361484973.378,5189.135174418604
1361484981.313,1761.71875
1361484981.44,8218.75
1361484966.203,244.28934010152284
1361484966.266,273.27806122448976
1361484966.266,152.20494923857868
1361484966.458,25.178108808290155
1361484966.394,55.49291237113402
1361484969.145,441.01821192052984
1361484969.783,39.94278169014084
1361484969.783,39.94278169014084
1361484970.421,115.69656488549617
1361484978.421,288.59375
1361484964.292,382.45192307692304
1361484965.843,1573.9767699115043
1361484965.907,525.234375
1361484965.874,786.5106783919598
1361484966.756,1017.0833333333334
1361484966.557,1820.79802259887
1361484968.844,129.20673076923077
1361484968.844,3599.072802197802
1361484967.371,3117.4908980582522
1361484967.37,1322.3870056497176
1361484968.174,779.226618705036
1361484969.123,3659.974093264249
1361484969.312,1318.8344594594594
1361484969.438,403.89784946236557
1361484969.674,197.54464285714286
1361484969.671,116.58653846153847
1361484969.987,1458.0492424242425
1361484978.695,73.70645491803279
1361484978.948,107.421875
1361484969.086,608.780570652174
1361484969.033,731.9123641304349
1361484974.325,244.24793956043956
1361484998.612,4880.208333333333
1361484978.835,139.39144736842104
1361484998.802,6364.583333333333
1361484998.929,12750.0
1361484999.055,4536.458333333333
1361484999.055,2281.25
1361484995.151,8746.09375
1361484995.151,8734.375
1361484995.151,7985.969387755102
1361484979.278,351.8246644295302
1361484999.308,4820.3125
1361484979.53,43.568686006825935
1361484995.722,230.859375
1361484999.625,3402.34375
1361484995.849,256.4102564102564
1361484979.656,34.74012027491409
1361484995.72,9984.375
1361484995.784,6987.5
1361484996.293,8761.71875
1361484996.293,8742.1875
1361484996.484,11226.5625
1361485000.004,6734.375
1361484980.227,149.60106382978725
1361485000.067,3402.34375
1361485000.131,1941.40625
1361485000.195,2281.25
1361485000.194,4691.40625
1361484996.546,6993.75
1361484980.545,63.740974729241884
1361484980.545,363.4363718411552
1361484980.545,134.87138989169677
1361484997.036,7031.25
1361485000.426,3187.5
1361484996.965,5843.75
1361484997.795,7804.6875
1361484998.113,4260.416666666667
1361484993.376,5963.4740259740265
1361484998.176,3445.3125
1361484998.302,2281.25
1361484994.01,5791.903409090909
1361484994.01,4331.202651515151
1361484994.01,4160.037878787879
1361484994.01,5500.473484848484
1361484994.01,7608.42803030303
1361484994.584,476.28348214285717
1361484994.839,176.59198113207546
1361484994.839,5817.708333333333
1361484998.679,11171.875
1361484998.742,9364.583333333334
1361484998.742,4536.458333333333
1361484998.787,6734.375
1361484994.69,336.77455357142856
1361484999.042,3882.8125
1361484998.976,3367.1875
1361484995.072,8718.75
1361484999.229,3402.34375
1361484979.58,195.58189655172416
1361484979.644,146.62629757785467
1361484979.644,75.96237024221453
1361484999.483,2734.375
1361484995.643,230.859375
1361484995.835,7132.8125
1361484995.643,4750.0
1361484995.707,1237.1794871794873
1361484979.898,446.56905594405595
1361484980.152,283.8541666666667
1361484999.928,6390.625
1361484996.535,8746.09375
1361485000.117,5019.53125
1361484997.044,8765.625
1361485000.372,3417.96875
1361484996.979,7012.5
1361484997.17,7015.625
1361484980.978,15.508828996282528
1361484993.305,1241.0416666666665
1361484981.337,54.36074144486692
1361484998.039,4479.166666666667
1361484998.229,2281.25
1361484998.101,2140.625
1361484993.936,6149.621212121212
1361484994.32,160.22245762711864
1361484980.53,343.80640794223825
1361484979.569,838.6665239726028
1361484980.205,2015.1245551601423
1361484979.499,51.26284246575342
1361484979.503,109.80308219178082
1361484978.136,3909.598214285714
1361484997.433,276.74278846153845
1361484998.197,62.99135220125786
1361484997.611,111.60714285714286
1361484991.273,97.7551424050633
1361484991.412,7822.916666666667
1361484996.561,106.66023166023166
1361484997.937,100.15690376569037
1361484994.29,1807.3979591836735
1361484995.158,1984.8278985507245
1361484994.046,2240.308544303797
1361484994.237,2252.0380434782605
1361484994.362,2801.339285714286
1361484994.927,3204.7413793103447
1361484995.543,99296.875
1361484995.541,7656.25
1361484997.099,8689.012096774193
1361484997.099,2405.241935483871
1361484997.289,2483.3333333333335
1361484997.353,913.7931034482759
1361484997.287,592.2619047619048
1361484997.415,1279.8295454545455
1361484997.351,5847.395833333334
1361484997.54,1801.7241379310344
1361484993.95,1239.8097826086955
1361484994.882,8099.330357142858
1361484994.817,5810.511363636364
1361484995.45,4125.0
1361484997.952,16007.589285714286
1361484998.205,548.7132352941177
1361484998.267,9397.32142857143
1361484997.64,2534.801136363636
1361484998.848,6437.5
1361484998.912,14093.75
1361484999.039,296304.6875
1361484997.606,2553.90625
1361484998.87,14093.75
1361484997.95,9390.625
1361484997.949,4859.375
1361484998.392,18031.25
1361484998.454,902.34375
1361484997.983,42375.0
1361484998.343,1843.2291666666667
1361484998.341,1873.3552631578948
1361485027.324,140.90401785714286
1361484656.528,112509.82765298219
1361485026.879,6921.875
1361485051.825,2156.25
1361485051.823,2156.25
1361485056.04,8753.90625
1361485056.04,8722.65625
1361485056.727,3093.75
1361485056.79,5820.3125
1361485056.79,7132.8125
1361485057.359,7003.125
1361485054.287,2156.25
1361485057.741,8742.1875
1361485054.285,2156.25
1361485058.251,7012.5
1361485058.25,7012.5
1361485055.971,5825.520833333333
1361485055.971,5830.729166666667
1361485056.605,9968.75
1361485056.733,9500.0
1361485057.534,7000.0
1361485057.534,6990.625
1361485057.534,7000.0
1361485054.205,2156.25
1361485058.107,5843.75
1361485057.978,7021.875
1361485058.106,5846.354166666667
1361484969.259,3130.3846877351393
1361485040.491,7.965686274509803
1361485059.314,4536.458333333333
1361485060.013,6890.625
1361485060.013,6390.625
1361485060.139,1710.9375
1361485060.393,4317.708333333333
1361485059.197,4489.583333333333
1361485059.192,6835.9375
1361485059.32,9554.6875
1361485059.431,3062.5
1361485059.431,3421.875
1361485059.622,6015.625
1361485059.749,4593.75
1361485059.939,4593.75
1361485059.939,6734.375
1361485059.939,15156.25
1361485060.067,4536.458333333333
1361485060.066,4812.5
1361485060.066,1710.9375
1361485054.271,5467.1875
1361485055.175,2763.073979591837
1361485055.289,1090.340909090909
1361485056.307,1768.6298076923076
1361485055.254,1787.8125
1361485055.253,1720.5528846153845
1361485054.201,23640.625
1361485054.201,2801.953125
1361485054.201,2470.4241071428573
1361485055.019,1022.1354166666667
1361485055.019,26390.625
1361485055.254,6681.795634920635
1361485055.253,2864.375
1361485056.073,4780.172413793103
1361485056.073,4874.461206896552
1361485056.875,10335.9375
1361485055.778,8640.625
1361485055.903,8296.875
1361485056.132,2457.1428571428573
1361485056.134,43875.0
1361485056.826,8262.276785714286
1361485056.953,4841.056034482759
1361485057.394,100921.875
1361485057.44,4117.1875
1361485059.67,198578.125
1361485059.669,197536.45833333334
1361485058.878,4670.454545454546
1361485058.75,3573.660714285714
1361485059.639,296304.6875
1361485058.273,2479.1666666666665
1361485058.781,4438.701923076924
1361485059.288,4710.9375
1361485057.816,15677.083333333334
1361485058.259,15610.677083333334
1361485058.259,21061.63194444444
1361485058.575,1441.40625
1361485058.511,4725.260416666667
1361485058.574,1182.2916666666667
1361485058.574,41656.25
1361485059.245,13625.0
1361485059.239,8656.25
1361485059.37,4781.25
1361485059.434,2338.5416666666665
1361485059.434,1633.4134615384614
1361485059.56,7625.0
1361485059.56,7625.0
1361485058.969,9639.880952380952
1361485059.457,1182.2916666666667
1361485059.457,923.1770833333334
1361485059.646,2322.9166666666665
1361485059.898,2646.875
1361485060.34,2338.5416666666665
1361485060.403,1203.125
1361485075.957,7828.125
1361485075.764,6421.875
1361485088.979,8.214285714285714
1361485087.462,3.859857482185273
1361485114.005,2156.25
1361485114.005,2156.25
1361485113.927,2156.25
1361485135.43,2156.25
1361485135.43,2156.25
1361485207.195,3093.75
1361485207.322,8718.75
1361485204.12,6131.144662921348
1361485204.757,134.64506172839504
1361485208.465,8746.09375
1361485208.892,7320.3125
1361485206.139,11619.791666666666
1361485206.137,17445.3125
1361485209.209,4479.166666666667
1361485209.144,29878.90625
1361485209.463,4953.125
1361485209.909,4317.708333333333
1361485209.909,4536.458333333333
1361485209.909,4296.875
1361485210.1,6375.0
1361485210.228,3421.875
1361485210.227,2588.5416666666665
1361485207.087,4750.0
1361485207.087,10109.375
1361485207.087,11645.833333333334
1361485207.19,14265.625
1361485207.254,11614.583333333334
1361485207.76,11625.0
1361485208.014,11692.708333333334
1361485204.685,134.64506172839504
1361485204.685,129.43672839506172
1361485208.205,11661.458333333334
1361485208.204,11651.041666666666
1361485204.683,128.08641975308643
1361485206.02,8710.9375
1361485206.147,17343.75
1361485209.155,3187.5
1361485205.955,36197.916666666664
1361485206.211,5148.4375
1361485209.218,4536.458333333333
1361485206.082,11630.208333333334
1361485206.122,29140.625
1361485206.441,212018.22916666666
1361485209.385,3062.5
1361485209.512,1140.625
1361485209.893,6734.375
1361485210.604,4593.75
1361485210.295,3386.71875
1361485208.686,63.793789808917204
1361485209.639,102.28924418604652
1361485204.993,358.0806213017751
1361485205.28,32621.875000000004
1361485205.278,47798.4375
1361485205.278,78323.4375
1361485205.952,14281.25
1361485206.078,791.3306451612904
1361485206.141,8281.25
1361485205.164,30431.25
1361485205.161,20531.25
1361485205.161,13843.75
1361485205.796,8640.625
1361485205.859,13171.875
1361485206.336,151484.375
1361485206.655,4475.09765625
1361485206.463,9104.6875
1361485206.51,7968.75
1361485207.653,1848.4375
1361485209.809,74162.109375
1361485206.413,1332.2916666666667
1361485206.413,3636.497641509434
1361485206.477,1548.4375
1361485209.713,3132.3529411764707
1361485206.861,44968.75
1361485208.121,99937.5
1361485208.101,7656.25
1361485208.164,4125.0
1361485209.112,5012.276785714285
1361485209.465,1013.3928571428572
1361485209.465,996.09375
1361485209.527,4275.568181818182
1361485209.527,2925.480769230769
1361485210.159,3314.453125
1361485210.477,1931.818181818182
1361485210.477,1870.8333333333333
1361485210.475,2390.625
1361485210.602,558.277027027027
1361485208.361,13971.354166666666
1361485208.739,8026.742788461538
1361485208.992,8577.083333333332
1361485209.342,791.2946428571429
1361485209.342,2664.434523809524
1361485209.526,41656.25
1361485209.589,1382.8125
1361485210.353,1931.818181818182
1361485210.032,16843.75
1361485209.841,3028.125
1361485210.478,14218.75
1361485210.478,14218.75
1361485210.478,322898.4375
1361485210.445,14218.75
1361485210.445,322898.4375
1361485210.885,3812.5
1361485210.885,3812.5
1361485210.792,3812.5
1361485223.488,2340.056818181818
1361485236.497,122.81411917098447
1361485263.825,2156.25
1361485263.825,2156.25
1361485250.698,6.845238095238095
1361485249.168,6.196120689655173
1361485250.734,6.944444444444444
1361485274.938,8714.84375
1361485275.258,4750.0
1361485274.531,11604.166666666666
1361485274.721,11619.791666666666
1361485274.784,11625.0
1361485275.103,21250.0
1361485275.167,4640.625
1361485275.103,8718.75
1361485275.166,14265.625
1361485252.703,9.232954545454547
1361485274.705,11645.833333333334
1361485274.58,11630.208333333334
1361485274.771,11656.25
1361485274.897,11640.625
1361485275.024,8746.09375
1361485275.337,11692.708333333334
1361485275.337,22476.5625
1361485275.341,17539.0625
1361485275.404,12062.5
1361485275.72,15515.625
1361485275.974,7320.3125
1361485276.097,7746.09375
1361485276.355,7179.6875
1361485276.526,3421.875
1361485276.716,9539.0625
1361485276.965,4010.416666666667
1361485276.968,6015.625
1361485272.614,3783.7890625
1361485278.603,6890.625
1361485278.602,6890.625
1361485278.602,6804.6875
1361485278.665,6890.625
1361485279.172,6835.9375
1361485279.171,6804.6875
1361485279.299,2281.25
1361485275.685,11645.833333333334
1361485277.248,6835.9375
1361485277.439,3882.8125
1361485277.693,9546.875
1361485277.819,16765.625
1361485278.391,6890.625
1361485279.135,7389.204545454546
1361485279.071,13468.75
1361485279.198,3421.875
1361485284.035,2156.25
1361485276.35,183.44541139240505
1361485276.476,108.37977707006368
1361485276.73,63.39003164556963
1361485273.498,536.7732558139535
1361485273.511,64242.1875
1361485273.51,51244.140625
1361485274.129,6834.20138888889
1361485274.449,8421.875
1361485274.508,7023.4375
1361485273.338,52677.083333333336
1361485273.338,20390.625
1361485273.336,17762.6953125
1361485273.336,42664.0625
1361485273.756,1887.019230769231
1361485273.756,8296.875
1361485274.387,9131.25
1361485276.741,104.47175732217573
1361485274.615,2913.306451612903
1361485275.185,2332.291666666667
1361485276.578,7437.5
1361485277.53,4550.78125
1361485274.316,3391.098484848485
1361485274.57,1874.0234375
1361485277.105,61291.487068965514
1361485277.296,3634.6153846153848
1361485277.487,4556.640625
1361485277.487,3378.90625
1361485274.849,99312.5
1361485274.91,7656.25
1361485276.047,6593.1712962962965
1361485276.28,70812.5
1361485276.279,4295.833333333333
1361485276.279,2339.0625
1361485276.595,1953.125
1361485276.594,7270.432692307692
1361485276.717,1263.2211538461538
1361485276.784,1008.3333333333333
1361485277.037,1575.625
1361485277.29,9390.625
1361485277.226,1756.25
1361485277.289,19562.5
1361485277.542,4859.375
1361485277.542,3617.788461538462
1361485277.542,16843.75
1361485277.902,3873.2638888888887
1361485278.469,7625.0
1361485274.881,4125.0
1361485275.114,14518.229166666666
1361485275.995,4556.490384615385
1361485276.185,13156.25
1361485276.86,41609.375
1361485276.794,1107.8125
1361485277.427,16843.75
1361485277.426,16843.75
1361485277.785,2139.266304347826
1361485277.975,2406.25
1361485291.786,6781.25
1361485292.039,7822.916666666667
1361485333.457,2156.25
1361485333.452,2156.25
1361485319.977,8.08457711442786
1361485352.28,2156.25
1361485352.279,2156.25
1361485539.144,15156.25
1361485539.159,9954.861111111111
1361485723.28,78.3005617977528
1361485811.512,90.50324675324676
1361485984.88,3593.75
1361486090.644,18291.666666666668
1361486448.763,100.92213114754098
1361486448.446,17905.38194444444
1361486454.649,32.650862068965516
1361486454.649,32.650862068965516
1361486459.936,66.19623655913978
1361486515.953,18590.04407051282
1361486515.767,76.953125
1361486524.765,49.31640625
1361486524.693,49.31640625
1361486529.627,64.80263157894736
1361487324.984,15734.375
1361487325.805,8148.809523809524
1361487416.451,409.9264705882353
1361487430.408,88.2120253164557
1361487672.297,3500.0
1361488501.966,11.556952662721894
1361489295.331,11.289739884393065
1361490536.163,11.003521126760562
1361490811.543,1812.5
1361490896.0,7.1358267716535435
1361490983.126,226.5625
1361490988.325,906.25
1361491075.031,30.720338983050848
1361491087.063,3625.0
1361491113.176,2718.75
1361491125.351,2718.75
1361491870.888,11107.142857142857
1361491866.513,2934.523809523809
1361491871.197,9399.739583333334
1361491880.097,206630.20833333334
1361491910.864,57292.96875
1361491911.12,13979.166666666666
1361491911.373,6890.625
1361491910.79,13906.25
1361491911.042,13979.166666666666
1361491910.451,264437.5
1361491917.12,13979.166666666666
1361491916.718,14192.1875
1361491930.993,1078.125
1361491928.492,41637.784090909096
1361491868.044,32454.863004362054
1361492013.32,5820.3125
1361492013.446,20906.25
1361492013.889,8742.1875
1361492013.953,14265.625
1361492013.951,4640.625
1361492014.206,8742.1875
1361492014.524,6996.875
1361492014.652,8746.09375
1361492014.843,17132.8125
1361492014.779,11453.125
1361492013.205,5815.104166666667
1361492013.682,8734.375
1361492013.617,11661.458333333334
1361492013.806,21250.0
1361492013.805,9500.0
1361492014.314,8726.5625
1361492018.815,2976.07421875
1361492013.946,1202.0970394736844
1361492017.978,427.8492647058824
1361492017.914,614.9839743589744
1361492018.809,2976.07421875
1361492019.184,2425.0
1361492019.248,12781.25
1361492019.248,856.1100746268658
1361492019.248,12750.0
1361492011.438,101.09508547008546
1361492011.438,102.02991452991454
1361492011.438,105.63568376068376
1361492019.5,5203.125
1361492019.496,284.423828125
1361492019.436,4078.125
1361492019.436,3796.875
1361492019.627,9500.0
1361492019.626,10020.833333333334
1361492019.626,3161.4583333333335
1361492019.626,6804.6875
1361492019.689,234.6311475409836
1361492019.689,2709.375
1361492019.689,9500.0
1361492019.752,603.0190677966102
1361492019.688,893.75
1361492019.752,9161.546610169491
1361492019.878,6734.375
1361492019.942,6375.0
1361492020.069,5703.125
1361492019.941,4593.75
1361492020.069,2281.25
1361492020.069,6380.208333333333
1361492020.005,21257.8125
1361492020.004,3421.875
1361492016.484,3562.5
1361492020.26,5695.3125
1361492020.195,8500.0
1361492020.195,9500.0
1361492020.386,6187.5
1361492020.45,5898.4375
1361492020.45,5695.3125
1361492020.45,6432.291666666667
1361492020.45,173.828125
1361492020.45,8437.5
1361492012.577,464.92346938775506
1361492012.577,547.3533163265306
1361492012.577,2336.4158163265306
1361492012.577,249.5216836734694
1361492016.993,3512.5
1361492020.385,9750.0
1361492020.385,208.22704081632654
1361492020.577,6062.5
1361492020.64,6015.625
1361492020.7,10867.1875
1361492020.512,6585.9375
1361492020.576,12859.375
1361492018.181,3433.59375
1361492013.634,3650.3652597402597
1361492018.434,5250.0
1361492018.433,10031.25
1361492018.433,7984.375
1361492018.556,3802.0833333333335
1361492018.556,431.4123376623377
1361492018.62,3984.375
1361492018.624,741.5707236842105
1361492018.624,14054.6875
1361492013.695,3066.0076530612246
1361492018.815,3047.5171232876714
1361492018.815,248.0736301369863
1361492018.814,13203.125
1361492018.814,6007.8125
1361492018.814,5367.1875
1361492018.814,234.375
1361492018.814,4250.0
1361492018.814,905.8333333333334
1361492018.814,301.7979452054795
1361492018.942,9750.0
1361492018.942,263.86443661971833
1361492018.942,340.66901408450707
1361492018.814,5703.125
1361492018.814,11562.5
1361492018.814,5554.6875
1361492019.006,143.08035714285714
1361492019.006,563.3928571428571
1361492018.814,5703.125
1361492019.005,289.28571428571433
1361492019.069,9750.0
1361492018.877,1046.875
1361492019.069,298.46014492753625
1361492018.941,424.73591549295776
1361492018.941,297.75528169014086
1361492018.941,7289.0625
1361492018.941,7867.1875
1361492019.069,9750.0
1361492018.941,2172.8219696969695
1361492018.941,4468.75
1361492019.133,302.8492647058824
1361492019.133,3659.375
1361492019.133,4468.75
1361492019.133,4510.416666666667
1361492019.132,106.84742647058823
1361492019.132,124.77022058823529
1361492018.94,5617.1875
1361492019.132,5968.75
1361492019.132,7296.875
1361492019.132,3684.375
1361492019.004,7781.25
1361492019.064,147.64492753623188
1361492019.128,12859.375
1361492019.128,196.69117647058823
1361492019.132,124.09420289855072
1361492014.075,114.44256756756756
1361492014.394,1213.2482394366198
1361492019.192,5898.4375
1361492019.188,490.48913043478257
1361492011.364,105.63568376068376
1361492019.425,90.0297619047619
1361492019.361,2281.25
1361492019.361,2281.25
1361492019.425,139.38492063492063
1361492019.361,8863.28125
1361492019.425,5203.125
1361492019.425,555.908203125
1361492019.424,280.2579365079365
1361492019.424,90.0297619047619
1361492011.679,938.6261261261262
1361492019.55,6804.6875
1361492019.678,718.75
1361492019.614,657.2745901639344
1361492019.677,615.4661016949152
1361492019.804,43500.0
1361492019.864,23375.0
1361492019.931,770.4545454545455
1361492019.994,6601.5625
1361492019.994,11901.041666666666
1361492016.409,3578.125
1361492019.993,11953.125
1361492019.993,15421.875
1361492020.057,5773.4375
1361492020.12,6359.375
1361492020.119,5554.6875
1361492020.119,5203.125
1361492020.119,5632.8125
1361492020.246,4536.458333333333
1361492020.309,7984.375
1361492020.309,5156.25
1361492020.309,4250.0
1361492020.373,15750.0
1361492020.373,12750.0
1361492020.373,14578.125
1361492020.372,7078.125
1361492020.372,173.828125
1361492020.372,4593.75
1361492012.5,42162.94642857143
1361492012.5,249.5216836734694
1361492020.372,4550.78125
1361492020.372,3351.5625
1361492020.499,11421.875
1361492020.499,7445.3125
1361492020.499,4468.75
1361492017.106,5011.160714285715
1361492020.626,6515.625
1361492020.626,4343.75
1361492017.424,7012.5
1361492020.815,8535.15625
1361492017.72,727.4816176470589
1361492017.784,11651.041666666666
1361492013.174,697.3778735632184
1361492017.91,9883.634868421053
1361492013.174,291.3074712643678
1361492018.102,1053.8194444444443
1361492018.101,9500.0
1361492018.101,7515.625
1361492018.356,14460.9375
1361492018.355,9500.0
1361492018.355,15445.3125
1361492018.483,502.7689873417721
1361492018.483,592.0138888888888
1361492018.547,363.8980263157895
1361492018.547,6601.5625
1361492018.547,7726.5625
1361492018.546,14460.9375
1361492018.546,406.65584415584414
1361492018.546,7012.5
1361492018.609,4785.15625
1361492018.737,248.0736301369863
1361492018.737,919.9486301369864
1361492018.737,445.53571428571433
1361492018.737,5609.375
1361492018.737,4401.041666666667
1361492013.809,119.92694805194805
1361492018.8,2779.5138888888887
1361492018.736,2550.78125
1361492018.736,4239.583333333333
1361492018.736,1790.625
1361492018.736,6804.6875
1361492018.864,6007.8125
1361492018.928,179.6875
1361492018.928,5968.75
1361492018.8,353.2986111111111
1361492018.863,5492.1875
1361492018.863,7078.125
1361492018.863,285.2112676056338
1361492010.927,1849.2123983739837
1361492018.863,5679.6875
1361492018.863,6130.208333333333
1361492018.863,8250.0
1361492018.927,205.1056338028169
1361492018.927,8437.5
1361492018.927,5289.0625
1361492019.055,11015.625
1361492019.055,4468.75
1361492019.055,5695.3125
1361492019.055,4218.75
1361492019.119,300.1399253731343
1361492018.991,7289.0625
1361492018.991,6992.1875
1361492018.991,193.84057971014494
1361492019.054,14578.125
1361492019.054,124.09420289855072
1361492019.054,4218.75
1361492019.118,9992.1875
1361492019.118,13468.75
1361492013.806,119.92694805194805
1361492013.806,1206.5972222222224
1361492013.997,1354.9408783783783
1361492014.061,122.25506756756756
1361492018.815,4132.7054794520545
1361492013.055,650.8819018404907
1361492018.815,1102.7397260273972
1361492019.198,26602.61194029851
1361492021.182,13380.642361111111
1361492019.517,529.2338709677418
1361492019.517,248.23588709677418
1361492012.538,1589.7295321637428
1361492013.818,1489.6854575163397
1361492013.052,1119.4401840490798
1361492018.808,2720.9821428571427
1361492018.999,2416.9921875
1361492019.51,9571.32056451613
1361492019.51,323.84072580645164
1361492020.472,369.0159574468085
1361492018.418,1453.125
1361492027.249,6453.125
1361492027.311,6804.6875
1361492027.311,11890.625
1361492027.374,11682.291666666666
1361492027.374,3843.75
1361492027.5,6015.625
1361492027.56,12781.25
1361492023.595,3666.3602941176473
1361492027.754,3421.875
1361492027.753,8906.25
1361492027.753,6578.125
1361492027.816,4536.458333333333
1361492024.486,11640.625
1361492024.74,9500.0
1361492028.323,12369.791666666666
1361492024.802,11661.458333333334
1361492028.385,8531.25
1361492025.057,11651.041666666666
1361492028.512,7398.4375
1361492028.512,6890.625
1361492025.311,11656.25
1361492028.701,6804.6875
1361492025.675,11661.458333333334
1361492025.547,11682.291666666666
1361492028.938,17750.0
1361492026.054,8785.15625
1361492026.499,11656.25
1361492026.69,7484.375
1361492027.009,12750.0
1361492027.137,3421.875
1361492027.234,9367.1875
1361492027.361,3843.75
1361492027.484,13468.75
1361492027.423,6734.375
1361492027.486,11218.75
1361492027.677,3421.875
1361492027.805,14796.875
1361492027.868,5410.15625
1361492027.867,6890.625
1361492027.995,7398.4375
1361492027.993,6804.6875
1361492028.184,11369.791666666666
1361492028.116,7484.375
1361492024.726,14265.625
1361492024.79,11630.208333333334
1361492024.66,21250.0
1361492024.787,11645.833333333334
1361492024.787,4640.625
1361492028.627,5613.28125
1361492025.425,11656.25
1361492025.726,8746.09375
1361492025.917,11677.083333333334
1361492025.66,8722.65625
1361492026.234,11697.916666666666
1361492025.913,11692.708333333334
1361492026.04,8777.34375
1361492026.615,9500.0
1361492026.866,6734.375
1361492026.994,6804.6875
1361492027.057,3421.875
1361492027.121,8371.09375
1361492023.986,486.85747663551405
1361492027.757,161.36532738095238
1361492019.171,4441.11473880597
1361492019.107,5152.097902097902
1361492020.242,4979.334677419355
1361492022.184,9015.625
1361492024.59,2483.6753731343283
1361492024.781,1746.228448275862
1361492024.784,1957.6480263157894
1361492025.163,3370.208333333333
1361492024.741,2373.2244318181815
1361492025.697,2664.0625
1361492024.647,23640.625
1361492025.084,8281.25
1361492025.083,12113.162878787878
1361492025.399,8421.875
1361492025.462,4708.243534482759
1361492025.397,8421.875
1361492025.441,11047.554347826088
1361492025.699,7428.977272727272
1361492025.697,4125.0
1361492025.696,22843.75
1361492025.887,16637.5
1361492027.577,936.3567073170732
1361492027.766,1592.3295454545455
1361492024.563,7072.115384615385
1361492024.625,23640.625
1361492024.94,521.455223880597
1361492025.548,98921.875
1361492027.366,33156.25
1361492027.492,784.8557692307693
1361492027.492,7083.984375
1361492027.556,4532.8525641025635
1361492027.488,784.8557692307693
1361492027.381,4066.706730769231
1361492027.445,253921.875
1361492027.38,4066.706730769231
1361492028.959,7250.0
1361492029.149,44954.32692307692
1361492028.136,5303.125
1361492028.39,14742.1875
1361492028.576,1920.673076923077
1361492030.205,683.8568652849741
1361492027.926,2242.1875
1361492028.052,6804.6875
1361492028.306,1992.1875
1361492028.306,9390.625
1361492028.497,1658.6538461538462
1361492028.496,1602.764423076923
1361492064.248,37776.78571428572
1361492064.733,37322.916666666664
1361492070.898,2156.25
1361492070.898,2156.25
1361492070.822,2156.25
1361492070.822,2156.25
1361492055.672,6.55241935483871
1361492054.59,6.178707224334601
1361492089.536,2156.25
1361492139.339,12958.333333333334
1361492140.003,9460.9375
1361492200.233,2156.25
1361492254.594,8734.375
1361492254.973,20218.75
1361492255.036,8726.5625
1361492255.097,4640.625
1361492255.73,8753.90625
1361492255.858,8738.28125
1361492255.729,11661.458333333334
1361492256.368,11661.458333333334
1361492256.432,11640.625
1361492254.445,8734.375
1361492254.511,8734.375
1361492254.446,8746.09375
1361492254.89,9500.0
1361492254.953,14265.625
1361492256.349,11666.666666666666
1361492253.55,441.40625
1361492256.739,11713.541666666666
1361492256.739,8785.15625
1361492257.376,316.6208791208791
1361492257.82,8750.0
1361492257.82,7025.0
1361492257.883,7710.9375
1361492253.787,301.8904320987654
1361492258.011,9500.0
1361492253.786,1286.2654320987654
1361492258.074,14953.125
1361492258.452,197.38924050632912
1361492258.456,237.6953125
1361492258.647,12015.625
1361492258.775,6375.0
1361492254.231,129.49486301369865
1361492258.774,5203.125
1361492254.338,356.9542253521127
1361492254.337,374.3489583333333
1361492258.945,2281.25
1361492258.944,4661.458333333333
1361492258.943,6359.375
1361492254.527,657.1691176470589
1361492259.135,4250.0
1361492259.071,6988.28125
1361492259.133,8921.875
1361492259.515,2756.25
1361492259.514,3402.34375
1361492255.033,2361.936475409836
1361492259.769,7398.4375
1361492260.086,8546.875
1361492255.536,170.69575471698113
1361492255.471,1922.7594339622642
1361492257.299,11703.125
1361492253.394,6258.175872093023
1361492257.742,8773.4375
1361492253.71,1145.0617283950617
1361492253.709,301.8904320987654
1361492258.25,11687.5
1361492258.377,3802.0833333333335
1361492258.372,6601.5625
1361492258.372,4536.458333333333
1361492258.504,9601.5625
1361492258.568,11562.5
1361492254.278,253.68923611111111
1361492258.672,6718.75
1361492258.672,4250.0
1361492258.735,4385.416666666667
1361492258.735,3402.34375
1361492258.799,9750.0
1361492258.862,11828.125
1361492258.798,7289.0625
1361492258.862,107.39715189873418
1361492258.862,2281.25
1361492258.862,5695.3125
1361492258.862,7312.5
1361492258.862,4468.75
1361492258.926,8437.5
1361492254.889,151.3831967213115
1361492259.433,6681.25
1361492254.889,151.3831967213115
1361492254.952,748.9754098360656
1361492259.815,7244.791666666667
1361492260.197,4536.458333333333
1361492255.713,1735.6505102040815
1361492258.676,63.39003164556963
1361492259.435,64.98805732484077
1361492257.66,108.37977707006368
1361492253.584,1527.385752688172
1361492253.707,1918.080357142857
1361492254.392,1879.044117647059
1361492253.665,1119.4029850746267
1361492253.853,4180.828651685393
1361492253.852,2169.9810606060605
1361492254.359,3957.03125
1361492253.743,893.465909090909
1361492254.251,5486.019736842105
1361492257.906,94.01150627615063
1361492258.089,2227.8645833333335
1361492258.152,296304.6875
1361492258.088,2223.9583333333335
1361492258.852,14218.75
1361492257.583,2813.5416666666665
1361492257.965,296304.6875
1361492257.965,2218.0989583333335
1361492258.601,13687.5
1361492257.608,20657.366071428572
1361492257.671,12356.770833333334
1361492257.734,58562.5
1361492257.797,59234.375
1361492257.86,5606.770833333333
1361492258.052,796.875
1361492258.051,481.6576086956522
1361492258.051,19328.125
1361492258.242,6546.875
1361492258.242,3906.25
1361492258.177,41656.25
1361492258.241,5216.145833333333
1361492258.431,6789.0625
1361492258.43,21906.25
1361492258.43,6781.25
1361492258.749,1038.1944444444443
1361492258.968,1312.5
1361492258.968,1377.8409090909092
1361492258.905,848.75
1361492257.573,663.0859375
1361492257.573,489.2241379310345
1361492257.573,489.2241379310345
1361492257.934,19359.375
1361492257.933,796.875
1361492258.06,9375.0
1361492258.124,28250.0
1361492258.056,2257.4728260869565
1361492258.124,47.69092689295039
1361492258.124,5875.0
1361492258.124,2239.5833333333335
1361492258.187,2687.5
1361492258.631,1039.351851851852
1361492258.88,1312.5
1361492258.728,55027.34375
1361492271.775,2163.6202830188677
1361492307.532,406.25
1361492313.161,2156.25
1361492313.161,2156.25
1361492313.145,1171.875
1361492313.081,2156.25
1361492324.056,85.50347222222223
1361492331.712,2156.25
1361492324.057,18590.04407051282
1361492337.286,59.1796875
1361492337.247,29.964398734177216
1361492342.582,45.84703947368421
1361492818.027,27992.1875
1361492893.94,6430.803571428572
1361492894.379,5237.847222222223
1361492895.525,3992.1875
1361492895.778,3824.21875
1361492895.954,1859.375
1361492896.139,4447.368421052632
1361492894.821,875.0
1361492894.821,15067.708333333334
1361492895.007,10950.892857142857
1361492897.207,11275.0
1361492897.684,7369.683609958506
1361492909.844,1992.8125
1361492910.097,8746.09375
1361492910.097,11234.375
1361492910.224,11645.833333333334
1361492910.922,8773.4375
1361492910.986,11682.291666666666
1361492910.919,8777.34375
1361492910.979,11713.541666666666
1361492899.782,14148.287259615385
1361492899.845,268.2669082125604
1361492899.845,2681.989734299517
1361492911.492,379.375
1361492907.778,231.3629518072289
1361492911.81,451.48026315789474
1361492907.887,3019.53125
1361492911.918,3802.0833333333335
1361492908.014,140.02403846153845
1361492911.981,6380.208333333333
1361492908.013,133.21314102564102
1361492911.788,14054.6875
1361492908.204,145.625
1361492911.852,7320.3125
1361492908.268,945.7347972972973
1361492911.914,4401.041666666667
1361492911.978,5976.5625
1361492912.105,12718.75
1361492909.032,11630.208333333334
1361492909.032,8734.375
1361492909.031,11640.625
1361492909.475,178.57142857142858
1361492909.219,29171.875
1361492909.222,153.90625
1361492912.549,8500.0
1361492912.549,5289.0625
1361492912.74,5367.1875
1361492912.932,1710.9375
1361492912.804,3979.1666666666665
1361492912.996,5203.125
1361492912.996,7085.9375
1361492913.124,5695.3125
1361492913.187,3402.34375
1361492913.187,3445.3125
1361492909.793,169.375
1361492909.793,177.38970588235296
1361492909.984,8746.09375
1361492910.047,1842.4479166666667
1361492910.158,8742.1875
1361492910.915,8769.53125
1361492899.713,2171.424278846154
1361492911.355,9500.0
1361492911.419,5990.625
1361492911.804,7320.3125
1361492907.963,133.21314102564102
1361492911.867,7726.5625
1361492908.155,140.0
1361492911.931,10328.125
1361492911.93,23231.25
1361492908.218,330.44763513513516
1361492908.281,1216.6666666666665
1361492908.703,495.56902985074623
1361492908.703,904.1819852941177
1361492908.958,11630.208333333334
1361492909.149,153.90625
1361492909.149,9500.0
1361492909.212,14265.625
1361492909.212,8718.75
1361492912.474,6085.9375
1361492912.474,6023.4375
1361492912.666,13437.5
1361492912.474,6390.625
1361492912.474,6171.875
1361492912.921,2721.875
1361492912.729,2281.25
1361492909.077,759.5703125
1361492909.069,759.765625
1361492909.069,1128.7109375
1361492911.049,1439.4132653061224
1361492913.782,5445.3125
1361492913.782,104.22390109890111
1361492913.782,4125.0
1361492913.782,101.13324175824177
1361492921.59,17140.625
1361492913.781,198.53940217391306
1361492913.781,106.90789473684211
1361492913.781,3351.5625
1361492913.907,8437.5
1361492913.907,93.75
1361492913.907,2721.875
1361492913.903,93.75
1361492913.711,4875.0
1361492913.774,4281.25
1361492914.415,51.504629629629626
1361492918.889,2912.7604166666665
1361492919.65,4359.375
1361492915.854,181.9385593220339
1361492919.948,3880.2083333333335
1361492911.756,112.32069672131148
1361492911.627,4043.676181102362
1361492911.882,493.61979166666663
1361492920.138,1357.142857142857
1361492911.69,294.5772058823529
1361492920.52,2496.651785714286
1361492911.88,135.546875
1361492911.88,554.9479166666666
1361492911.88,231.89786585365854
1361492920.583,1188.8020833333333
1361492920.9,2697.1153846153848
1361492909.251,2588.1076388888887
1361492909.251,1909.7222222222224
1361492912.515,351.70454545454544
1361492912.515,164.63068181818184
1361492912.515,108.0965909090909
1361492912.515,313.2102272727273
1361492912.771,1078.855140186916
1361492912.895,84.43509615384616
1361492912.959,163.9122596153846
1361492913.086,352.25866336633663
1361492913.086,217.35767326732673
1361492913.15,7389.204545454546
1361492913.09,99.11151960784314
1361492913.729,2796.875
1361492913.729,146.80989583333334
1361492921.537,11427.083333333334
1361492913.793,3187.5
1361492913.855,170.29494382022472
1361492913.727,7828.125
1361492913.663,110.73369565217392
1361492913.919,6429.6875
1361492913.727,4828.125
1361492913.727,226.30494505494505
1361492913.727,5960.9375
1361492913.727,79.84203296703296
1361492913.979,2721.875
1361492913.978,137.7840909090909
1361492914.092,229.4034090909091
1361492914.091,217.65988372093022
1361492910.565,1765.9313725490194
1361492919.136,1750.0
1361492919.581,4375.0
1361492919.645,4988.839285714285
1361492911.638,294.5772058823529
1361492911.706,137.55122950819674
1361492920.09,2112.5
1361492911.706,379.3191056910569
1361492920.19,1856.25
1361492911.806,181.17252066115702
1361492911.869,178.57142857142858
1361492911.869,498.1617647058824
1361492911.869,432.8125
1361492909.174,1909.0711805555557
1361492909.173,1899.7395833333333
1361492912.436,108.0965909090909
1361492912.436,572.1590909090909
1361492912.82,54.53725961538461
1361492912.82,169.7716346153846
1361492913.011,217.35767326732673
1361492912.819,54.53725961538461
1361492912.883,410.95266990291265
1361492913.075,1116.2347560975609
1361492909.528,792.3696319018405
1361492913.304,8178.549757281553
1361492913.304,523.5877403846155
1361492913.24,743.6899038461538
1361492913.304,523.4375
1361492913.431,71.07843137254902
1361492913.431,240.96200980392157
1361492914.518,7064.546130952382
1361492913.298,402.0432692307692
1361492914.512,7064.546130952382
1361492921.765,7000.0
1361492926.112,2239.5833333333335
1361492926.112,3871.09375
1361492926.176,1968.75
1361492926.62,1822.0108695652173
1361492926.994,1944.1964285714287
1361492923.925,5122.767857142857
1361492927.379,1360.9375
1361492927.251,1531.25
1361492924.67,7312.5
1361492925.304,2223.9583333333335
1361492925.368,972.0982142857143
1361492921.904,3507.8125
1361492926.039,2125.0
1361492926.673,1710.9375
1361492926.736,4003.125
1361492926.671,1710.9375
1361492926.988,13509.765625
1361492927.052,1821.4285714285713
1361492923.852,5113.839285714285
1361492923.851,5116.071428571428
1361492923.851,5013.392857142857
1361492924.74,3285.15625
1361492917.294,2419.5743865030677
1361492908.171,1501.674107142857
1361492924.245,107.35294117647058
1361492915.406,439.6196705426357
1361492918.757,843.2173295454546
1361492918.726,1017.0454545454546
1361492919.736,910.6137387387388
1361492917.663,38231.25
1361492917.663,101653.125
1361492917.663,62588.541666666664
1361492919.522,2361.6071428571427
1361492919.969,5053.20945945946
1361492920.413,60500.0
1361492920.541,2161.0576923076924
1361492920.857,1986.228813559322
1361492921.09,850.6944444444445
1361492918.574,69336.80555555556
1361492918.574,44326.5625
1361492918.574,39120.53571428572
1361492919.061,3106.25
1361492919.441,1478.515625
1361492919.441,4656.25
1361492920.39,1684.375
1361492920.43,2188.9880952380954
1361492920.368,1684.375
1361492921.065,916.6666666666666
1361492921.129,14671.875
1361492925.016,4774.356617647059
1361492925.521,1621.7672413793102
1361492925.521,5947.916666666667
1361492925.521,12.975778546712801
1361492925.648,567.5
1361492921.806,7078.125
1361492925.248,4346.754807692308
1361492925.438,35492.1875
1361492925.564,567.5
1361492925.628,7887.152777777777
1361492925.538,480.625
1361492924.039,2125.0
1361492925.632,59173.4375
1361492925.632,1945.3125
1361492924.992,1917.1875
1361492924.831,14907.2265625
1361492924.949,1722.65625
1361492925.589,1989.5833333333333
1361492926.108,1619.7916666666667
1361492926.782,1402.34375
1361492926.972,3812.5
1361492926.972,901.3671875
1361492926.975,13609.375
1361492925.93,531.25
1361492925.93,1619.7916666666667
1361492925.934,3460.227272727273
1361492925.933,1774.3055555555557
1361492926.628,1402.34375
1361492926.628,902.34375
1361492926.627,1843.75
1361492926.814,2390.625
1361492926.817,962.5
1361492927.057,4541.666666666667
1361492929.248,1051.9886363636365
1361492956.297,1078.125
1361492957.409,1078.125
1361492957.335,1078.125
1361492951.458,16.581632653061227
1361492986.739,142.78990963855424
1361493224.359,76.00308641975309
1361493242.908,41.72904191616767
1361493342.367,17218.75
1361493345.006,30545.535714285717
1361493570.273,18541.666666666668
1361493570.356,264437.5
1361493570.783,6890.625
1361493580.543,3548.046875
1361494124.502,39.211783439490446
1361494142.858,44.10601265822785
1361495023.843,384.765625
1361495042.497,44.10601265822785
1361495211.947,132179.6875
1361495193.595,15500.0
1361495213.901,37083.333333333336
1361495212.048,5562.5
1361495212.345,8387.5
1361495212.661,10062.5
1361495195.574,5978.197674418604
1361495221.191,9461.458333333332
1361495221.442,8387.5
1361495300.751,22393.75
1361495433.992,22393.75
1361495572.478,6890.625
1361495587.006,8718.75
1361495587.006,8726.5625
1361495580.155,25281.25
1361495586.955,6990.625
1361495579.31,2708.837365591398
1361495587.747,8781.25
1361495588.141,147.05882352941177
1361495595.562,8791.666666666666
1361495591.721,8734.375
1361495595.56,6835.9375
1361495595.687,3421.875
1361495595.687,3421.875
1361495588.515,7000.0
1361495588.518,8750.0
1361495591.974,11645.833333333334
1361495591.91,8742.1875
1361495588.517,8750.0
1361495592.48,11635.416666666666
1361495589.646,23375.0
1361495593.223,7003.125
1361495593.223,6990.625
1361495590.533,129.8828125
1361495594.305,11656.25
1361495594.753,8777.34375
1361495594.88,11656.25
1361495587.903,14265.625
1361495595.324,14640.625
1361495595.424,6718.75
1361495595.615,6578.125
1361495591.901,6984.375
1361495587.802,20218.75
1361495592.344,20218.75
1361495592.344,9500.0
1361495592.407,7132.8125
1361495592.471,4640.625
1361495589.015,11692.708333333334
1361495589.015,8785.15625
1361495589.142,8765.625
1361495593.169,8722.65625
1361495593.169,8734.375
1361495590.457,136.5234375
1361495594.229,11630.208333333334
1361495594.357,11718.75
1361495594.357,11687.5
1361495594.357,11692.708333333334
1361495594.357,8769.53125
1361495587.008,721.7620481927711
1361495587.195,10408.17901234568
1361495592.824,610.2083333333334
1361495587.906,2178.189212328767
1361495587.01,277.5621118012422
1361495596.094,6804.6875
1361495580.218,262.1137640449438
1361495588.408,1455.842391304348
1361495596.407,3417.96875
1361495580.598,3877.743320610687
1361495596.406,4479.166666666667
1361495587.893,108.20578231292517
1361495588.724,825.3472222222223
1361495596.66,2588.5416666666665
1361495596.915,3676.339285714286
1361495592.497,144.375
1361495597.105,3367.1875
1361495597.36,14640.625
1361495597.778,4593.75
1361495593.238,136.59274193548387
1361495585.556,274.1632513661202
1361495585.556,23.95260989010989
1361495593.556,1611.2938596491229
1361495585.872,76.35946327683615
1361495586.255,3749.0007267441856
1361495586.638,289.9096385542169
1361495586.638,439.6519461077844
1361495594.701,1224.3589743589744
1361495586.892,48.696319018404914
1361495596.039,6890.625
1361495596.042,8769.53125
1361495583.369,255.6163594470046
1361495580.169,773.7008426966293
1361495595.702,6773.4375
1361495579.822,930.5746336996336
1361495588.402,112.54528985507247
1361495587.823,108.20578231292517
1361495587.823,1608.6258561643835
1361495596.591,12147.32142857143
1361495596.463,4593.75
1361495596.717,3421.875
1361495597.163,4593.75
1361495597.417,15500.0
1361495585.252,5403.241978609626
1361495586.335,100.91911764705883
1361495586.591,312.8765060240964
1361495587.034,1372.8945035460993
1361495586.991,1897.5694444444443
1361495609.425,39093.75
1361495594.948,85.62219730941705
1361495595.624,68.14847417840375
1361495597.152,53.98478835978836
1361495609.246,19617.1875
1361495609.182,39109.375
1361495589.521,211.3095238095238
1361495589.584,213.0
1361495589.518,4282.483552631579
1361495589.581,163.25
1361495587.851,1723.6152694610778
1361495587.846,1008.5827464788732
1361495588.685,4094.094669117647
1361495589.93,1017.8395669291338
1361495589.971,883.2431102362204
1361495588.178,1098.5887096774195
1361495595.064,8093.75
1361495595.062,4385.7421875
1361495595.499,2716.5178571428573
1361495595.666,2204.7697368421054
1361495595.855,1893.9732142857142
1361495596.492,1025.735294117647
1361495596.619,1089.35546875
1361495596.808,7625.0
1361495596.871,7625.0
1361495595.899,4859.375
1361495596.54,1838.5416666666667
1361495596.539,2242.1875
1361495596.539,7500.868055555556
1361495597.238,57273.4375
1361495596.728,12757.8125
1361495597.366,1263.2575757575758
1361495597.492,41656.25
1361495597.22,198083.33333333334
1361495595.973,98622.39583333333
1361495599.322,428656.25
1361495609.879,2011.7872807017543
1361495623.69,5.891393442622951
1361495624.864,6.388888888888889
1361495626.489,7.223618090452262
1361495624.569,5.891393442622951
1361495627.303,7.1875
1361495669.899,2156.25
1361495678.856,9976.5625
1361495768.485,22507.8125
1361495768.612,22601.5625
1361495768.74,45203.125
1361495768.732,31937.5
1361495768.859,5777.6442307692305
1361495770.576,45203.125
1361495779.859,4750.0
1361495779.859,14492.1875
1361495779.984,4640.625
1361495780.364,7003.125
1361495780.364,8746.09375
1361495779.359,11635.416666666666
1361495779.678,6981.25
1361495779.613,6993.75
1361495779.931,14265.625
1361495780.291,11682.291666666666
1361495780.355,11656.25
1361495780.417,11656.25
1361495779.536,11640.625
1361495779.535,11635.416666666666
1361495783.955,9500.0
1361495779.859,174.23349056603774
1361495780.947,8769.53125
1361495784.018,11083.333333333334
1361495779.922,3775.625
1361495779.922,3121.6666666666665
1361495779.921,910.377358490566
1361495780.175,2066.326530612245
1361495781.198,11687.5
1361495784.398,7726.5625
1361495780.238,188.4765625
1361495784.398,5703.125
1361495784.462,9570.3125
1361495784.525,6359.375
1361495784.589,6171.875
1361495784.651,5726.5625
1361495784.651,7875.0
1361495784.715,9750.0
1361495784.651,5960.9375
1361495784.715,7289.0625
1361495784.715,7734.375
1361495784.779,8437.5
1361495784.778,6429.6875
1361495781.322,8726.5625
1361495781.637,221617.1875
1361495785.541,11218.75
1361495785.668,4536.458333333333
1361495785.668,9750.0
1361495785.668,5914.0625
1361495785.668,4718.75
1361495785.731,8437.5
1361495781.827,7062.5
1361495781.955,232.92151162790697
1361495777.794,4590.47965116279
1361495786.113,8093.75
1361495782.381,2923.6111111111113
1361495786.221,9515.625
1361495782.444,519.3014705882352
1361495782.444,4536.458333333333
1361495782.443,162.05357142857144
1361495782.443,6835.9375
1361495782.697,6835.9375
1361495778.47,3846.041666666667
1361495783.205,3882.8125
1361495778.661,8203.776041666666
1361495783.269,147822.91666666666
1361495778.72,665.0528169014085
1361495779.362,305.6955645161291
1361495779.617,1207.2368421052631
1361495779.868,1887.5
1361495783.967,6804.6875
1361495783.967,862.215909090909
1361495780.895,8781.25
1361495779.998,946.078431372549
1361495784.221,24187.5
1361495780.12,172.83163265306123
1361495784.347,6601.5625
1361495784.411,2228.125
1361495781.082,7015.625
1361495784.474,5601.5625
1361495784.473,5773.4375
1361495784.601,5289.0625
1361495784.601,4718.75
1361495784.601,5898.4375
1361495784.665,1139.6484375
1361495784.649,6375.0
1361495784.649,3351.5625
1361495784.712,4250.0
1361495784.776,1347.2222222222224
1361495784.772,5710.9375
1361495780.42,1909.3070652173913
1361495785.601,15750.0
1361495785.6,7289.0625
1361495785.6,8250.0
1361495781.76,7109.375
1361495785.664,6703.125
1361495781.76,701.7361111111111
1361495781.887,531.25
1361495781.951,11671.875
1361495774.207,7125.0
1361495781.887,7312.5
1361495785.727,12859.375
1361495782.077,14640.625
1361495774.205,796.2039877300614
1361495782.396,4536.458333333333
1361495782.396,1209.375
1361495782.587,2281.25
1361495786.426,9906.25
1361495782.394,162.05357142857144
1361495782.394,6718.75
1361495782.394,6609.375
1361495782.585,2281.25
1361495778.296,157.06168831168833
1361495783.031,6718.75
1361495782.902,3402.34375
1361495778.614,4356.119791666667
1361495778.614,10485.026041666666
1361495783.029,6390.625
1361495778.677,344.41021126760563
1361495783.136,2281.25
1361495783.136,4593.75
1361495783.265,11915.17857142857
1361495783.456,3531.25
1361495778.719,150.0
1361495783.391,3554.6875
1361495779.292,422.39583333333337
1361495779.727,174.23349056603774
1361495781.963,432.5892857142857
1361495782.027,2885.8901515151515
1361495779.65,342.7933673469388
1361495781.953,432.5892857142857
1361495782.017,2885.8901515151515
1361495782.017,2885.8901515151515
1361495782.017,2885.8901515151515
1361495778.928,1066.3109756097563
1361495779.697,349.9348958333333
1361495770.509,3751.7688679245284
1361495784.719,165.22606382978725
1361495784.909,275.7646276595745
1361495783.462,1137.6420454545455
1361495784.328,267.2072784810127
1361495784.392,204.46908602150538
1361495784.898,127.57120253164558
1361495785.912,71.85509554140128
1361495783.067,863.2409793814433
1361495778.715,2563.7254901960787
1361495778.362,2396.996359223301
1361495779.116,2357.768691588785
1361495785.181,192.46446488294313
1361495785.434,110.16680743243244
1361495785.814,44.766435986159166
1361495785.682,63.41280068728522
1361495781.919,9002.403846153848
1361495782.41,368.0186170212766
1361495782.407,9111.778846153848
1361495783.23,741.2109375
1361495783.23,572.3852040816327
1361495783.29,7609.375
1361495780.894,2630.5147058823527
1361495781.674,6062.0777027027025
1361495781.8,3149.2820945945946
1361495781.8,5428.90625
1361495781.863,5847.65625
1361495782.159,3164.0625
1361495782.286,1642.9521276595744
1361495782.286,599.4318181818182
1361495782.283,368.0186170212766
1361495782.283,301.86170212765956
1361495782.346,1869.419642857143
1361495782.599,2942.7083333333335
1361495783.107,711.7346938775511
1361495783.145,7625.0
1361495781.762,2148.9158163265306
1361495781.762,6661.086309523809
1361495781.825,118346.875
1361495781.726,1799.7448979591836
1361495783.726,9457.03125
1361495784.382,4296.875
1361495784.382,2148.4375
1361495784.446,16234.375
1361495784.699,2575.0
1361495784.635,7570.3125
1361495784.761,15734.375
1361495785.122,2745.028409090909
1361495785.31,1282.8947368421052
1361495785.5,1743.0555555555557
1361495784.392,1868.923611111111
1361495784.581,818.75
1361495784.581,914.0625
1361495784.581,1410.15625
1361495784.581,1133.3333333333333
1361495785.19,1230.2631578947369
1361495786.429,8078.125
1361495786.032,447015.625
1361495784.279,3249.243951612903
1361495797.038,2164.7995283018868
1361495834.216,406.25
1361495834.275,2156.25
1361495821.551,7.733585858585859
1361495834.198,2156.25
1361495834.133,406.25
1361495833.786,541.6666666666666
1361495833.786,541.6666666666666
1361495857.248,2156.25
1361495866.935,23687.5
1361495867.063,45203.125
1361495867.177,22507.8125
1361495867.11,45015.625
1361495884.179,4250.0
1361495884.37,4593.75
1361495884.433,6354.166666666667
1361495880.527,8730.46875
1361495880.779,8738.28125
1361495881.098,8738.28125
1361495881.668,9500.0
1361495881.795,4640.625
1361495881.859,11661.458333333334
1361495879.531,7133.659638554217
1361495883.175,221328.125
1361495883.239,8726.5625
1361495883.046,8781.25
1361495884.13,4479.166666666667
1361495884.257,8738.28125
1361495884.321,2041.6666666666665
1361495884.32,2281.25
1361495884.51,4385.416666666667
1361495884.574,6375.0
1361495880.775,5825.520833333333
1361495881.601,28484.375
1361495881.665,8730.46875
1361495881.537,6996.875
1361495881.664,14265.625
1361495881.792,8753.90625
1361495882.681,8773.4375
1361495882.975,7018.75
1361495883.23,3531.25
1361495883.229,3554.6875
1361495883.611,6804.6875
1361495883.739,7320.3125
1361495883.503,9364.583333333334
1361495881.858,342.7933673469388
1361495881.858,342.7933673469388
1361495867.033,5199.21875
1361495885.073,3531.25
1361495885.072,3554.6875
1361495880.272,115.28201219512195
1361495885.136,24187.5
1361495888.844,3713.5416666666665
1361495885.26,5703.125
1361495880.651,357.52467105263156
1361495880.778,206.763698630137
1361495880.777,641.4695945945946
1361495885.449,8500.0
1361495885.449,5367.1875
1361495885.513,6804.6875
1361495885.512,3531.25
1361495885.512,5289.0625
1361495885.576,11937.5
1361495885.576,12203.125
1361495884.872,221210.9375
1361495881.031,8801.339285714286
1361495885.447,11562.5
1361495885.702,6117.1875
1361495885.766,1839.0625
1361495885.828,274.64561855670104
1361495885.828,11911.458333333334
1361495886.147,7445.3125
1361495870.019,7022.662706611571
1361495870.078,564.1856846473029
1361495886.27,5203.125
1361495886.402,7867.1875
1361495881.665,153.90625
1361495886.529,4593.75
1361495886.273,10867.1875
1361495886.4,4125.0
1361495886.4,4468.75
1361495886.507,6429.6875
1361495882.09,910.377358490566
1361495882.089,910.377358490566
1361495879.334,125.32552083333334
1361495879.716,16513.715277777777
1361495879.78,21965.238764044945
1361495879.716,16828.819444444445
1361495879.716,5008.680555555556
1361495884.896,9500.0
1361495884.896,16609.375
1361495884.895,1133.6805555555557
1361495885.211,7007.8125
1361495884.571,950.9943181818182
1361495880.603,333.4703947368421
1361495885.25,11953.125
1361495880.578,241.15953947368422
1361495885.185,267.6028481012658
1361495885.185,7718.75
1361495885.185,237.6953125
1361495885.248,9570.3125
1361495885.375,12718.75
1361495880.959,2683.4821428571427
1361495885.37,11265.625
1361495880.954,78.125
1361495885.434,9750.0
1361495885.437,7289.0625
1361495885.437,4661.458333333333
1361495885.437,161.00543478260872
1361495885.437,5156.25
1361495885.437,5898.4375
1361495885.437,7875.0
1361495885.5,6703.125
1361495885.5,8437.5
1361495885.627,12859.375
1361495885.691,1347.2222222222224
1361495885.754,127.57120253164558
1361495889.592,3531.25
1361495881.59,153.90625
1361495886.262,4875.0
1361495886.326,10984.375
1361495886.326,14578.125
1361495886.326,7078.125
1361495886.389,4218.75
1361495886.58,8721.875
1361495882.035,159.78773584905662
1361495882.098,170.69575471698113
1361495882.034,1891.8042452830189
1361495882.288,1700.0
1361495879.639,13919.791666666666
1361495879.638,15082.46527777778
1361495886.39,85.75410798122066
1361495885.937,50.29965753424658
1361495886.574,58.014354066985646
1361495899.593,3531.25
1361495883.592,42.46323529411765
1361495880.279,2726.3997395833335
1361495880.661,1093.344155844156
1361495880.625,5578.125
1361495882.535,1504.5362903225807
1361495883.171,5640.422077922078
1361495883.424,3010.0235849056603
1361495883.27,16014.423076923076
1361495883.53,58531.25
1361495883.337,507.21153846153845
1361495883.337,5037.642045454546
1361495883.464,707.03125
1361495883.337,461.5885416666667
1361495883.4,9397.32142857143
1361495883.687,2471.2357954545455
1361495884.258,197536.45833333334
1361495881.68,2438.7718023255816
1361495884.217,2553.4539473684213
1361495884.045,9664.0625
1361495884.937,7625.0
1361495884.169,41656.25
1361495884.421,13578.125
1361495885.288,1307.6923076923076
1361495885.287,944.7115384615385
1361495885.35,1410.15625
1361495885.406,3437.5
1361495885.789,7473.958333333333
1361495883.928,4859.375
1361495884.115,2239.5833333333335
1361495884.303,637.784090909091
1361495884.303,1285.9738372093025
1361495885.105,2344.8660714285716
1361495885.168,15140.625
1361495885.231,1057.6923076923076
1361495885.382,10808.035714285714
1361495887.153,252609.375
1361495888.505,16140.625
1361495897.348,20671.875
1361495930.038,2156.25
1361495927.707,2156.25
1361495924.372,150.15243902439025
1361495942.824,44.10601265822785
1361496094.242,27992.1875
1361496162.885,15255.208333333334
1361496180.903,16.428154205607477
1361496298.742,3531.25
1361496304.528,9750.0
1361496304.528,6359.375
1361496304.591,11796.875
1361496304.59,4468.75
1361496304.59,5554.6875
1361496304.654,5156.25
1361496300.814,1041.0487288135594
1361496300.814,186.4406779661017
1361496304.718,4250.0
1361496304.781,5968.75
1361496304.845,1010.4166666666667
1361496304.908,5695.3125
1361496301.067,11630.208333333334
1361496301.508,1978.515625
1361496305.476,5609.375
1361496305.284,7244.791666666667
1361496305.607,7875.0
1361496305.607,5500.0
1361496305.671,8535.15625
1361496301.574,21156.25
1361496305.606,9750.0
1361496305.67,4536.458333333333
1361496305.67,4468.75
1361496301.701,9500.0
1361496301.701,14265.625
1361496301.957,206.55487804878047
1361496301.957,2517.5304878048782
1361496302.021,11677.083333333334
1361496302.021,180.46875
1361496302.466,11697.916666666666
1361496302.53,8769.53125
1361496302.528,11687.5
1361496303.328,6375.0
1361496298.722,2448.489010989011
1361496303.458,2281.25
1361496303.393,4536.458333333333
1361496303.393,3421.875
1361496303.775,6835.9375
1361496303.839,4536.458333333333
1361496299.422,140.234375
1361496299.422,145.5078125
1361496304.348,6601.5625
1361496304.348,5703.125
1361496304.092,16750.0
1361496299.612,3488.636363636364
1361496304.219,12093.75
1361496299.611,317.57305194805195
1361496299.611,1610.1866883116882
1361496304.536,7875.0
1361496304.536,7289.0625
1361496304.536,3496.09375
1361496304.536,1072.610294117647
1361496304.599,5781.25
1361496304.599,5632.8125
1361496304.599,8437.5
1361496304.599,5601.5625
1361496300.759,186.4406779661017
1361496304.663,5289.0625
1361496304.662,6429.6875
1361496300.758,429.5550847457627
1361496304.789,8914.0625
1361496300.986,862.7840909090909
1361496300.985,11645.833333333334
1361496300.984,11635.416666666666
1361496305.144,14890.625
1361496301.111,149.76415094339623
1361496305.524,7289.0625
1361496305.588,10984.375
1361496305.584,4661.458333333333
1361496305.651,6429.6875
1361496301.619,205.20833333333331
1361496301.619,205.20833333333331
1361496301.746,227.27272727272725
1361496301.873,8734.375
1361496301.937,8738.28125
1361496303.018,7312.5
1361496303.146,29160.15625
1361496303.21,7179.6875
1361496303.274,14320.3125
1361496299.345,145.5078125
1361496299.532,317.57305194805195
1361496299.344,138.8671875
1361496303.951,9500.0
1361496304.015,1354.9107142857142
1361496304.27,7726.5625
1361496304.334,5976.5625
1361496299.534,126761.36363636365
1361496299.534,3784.293831168831
1361496304.334,9570.3125
1361496304.397,3578.125
1361496300.107,1450.1378676470588
1361496301.138,807.6508620689656
1361496304.54,155.92105263157896
1361496304.794,272.8618421052632
1361496305.048,64.98805732484077
1361496303.72,970.9051724137931
1361496304.295,267.6028481012658
1361496304.842,127.57120253164558
1361496302.904,63.69426751592356
1361496304.22,237.6953125
1361496300.29,546.0526315789474
1361496299.965,538.6782786885245
1361496305.777,51.3771186440678
1361496302.006,2959.4216417910447
1361496301.172,1995.4166666666665
1361496301.813,8775.297619047618
1361496303.641,592609.375
1361496304.723,10087.5
1361496301.134,1171.875
1361496302.549,13903.645833333334
1361496303.118,26035.15625
1361496303.307,16445.3125
1361496303.607,1897.5183823529412
1361496303.925,291734.375
1361496303.595,1085.9375
1361496303.288,4217.01388888889
1361496303.284,70984.375
1361496303.603,1425.189393939394
1361496303.603,19359.375
1361496304.459,624.5404411764706
1361496304.585,16140.625
1361496304.775,767.578125
1361496301.688,6689.732142857143
1361496303.468,517.5304878048781
1361496303.47,1992.1875
1361496303.47,346.19140625
1361496303.469,20804.6875
1361496304.333,625.0
1361496304.332,625.0
1361496304.586,1868.923611111111
1361496304.911,1000.0
1361496304.927,2272.0588235294117
1361496304.988,15140.625
1361496304.984,1410.15625
1361496306.344,34582.03125
1361496305.996,50.68386426592797
1361496304.804,860.2941176470589
1361496305.308,16085.9375
1361496305.498,11687.5
1361496305.496,12718.75
1361496318.31,2163.3254716981132
1361496362.532,28171.875
1361496359.517,2343.75
1361496352.398,14.232673267326733
1361496352.285,14.232673267326733
1361496381.521,28484.375
1361496381.585,9500.0
1361496381.648,14265.625
1361496381.084,6984.375
1361496381.059,8722.65625
1361496378.806,2156.25
1361496380.489,5825.520833333333
1361496380.745,11651.041666666666
1361496380.872,8734.375
1361496357.25,65.0
1361496381.852,2057.904411764706
1361496382.422,3554.6875
1361496382.486,7018.75
1361496382.74,4997.767857142857
1361496383.185,7025.0
1361496383.63,8781.25
1361496384.055,4536.458333333333
1361496384.309,3421.875
1361496384.308,3882.8125
1361496384.689,7244.791666666667
1361496384.88,2296.875
1361496384.88,4401.041666666667
1361496385.07,4005.208333333333
1361496385.325,11937.5
1361496385.325,3421.875
1361496385.325,2281.25
1361496385.388,3445.3125
1361496381.796,8742.1875
1361496381.604,4640.625
1361496385.635,6015.625
1361496382.367,3531.25
1361496382.281,8761.71875
1361496382.663,5004.464285714285
1361496382.727,1944.1964285714287
1361496378.691,6884.811046511629
1361496383.547,8773.4375
1361496383.741,3195.3125
1361496383.741,3359.375
1361496384.25,3531.25
1361496384.25,3402.34375
1361496384.632,9369.791666666666
1361496384.803,3802.0833333333335
1361496385.058,6734.375
1361496385.186,5765.625
1361496385.057,11395.833333333334
1361496385.057,6375.0
1361496385.312,3539.0625
1361496385.311,9898.4375
1361496385.371,12265.625
1361496384.868,215.625
1361496384.867,196.99367088607593
1361496380.827,19.468582887700535
1361496381.593,133.50591715976333
1361496378.62,508.81696428571433
1361496390.97,3531.25
1361496379.88,3147.2848360655735
1361496380.392,2001.3586956521738
1361496379.963,1475.409836065574
1361496378.405,72.5
1361496379.649,26593.75
1361496379.77,5500.0
1361496379.902,7343.75
1361496380.344,4212.239583333333
1361496378.231,72.5
1361496378.8,23640.625
1361496379.77,2305.7291666666665
1361496379.77,23640.625
1361496380.154,8640.625
1361496380.592,1066.5760869565217
1361496380.656,6002.200704225352
1361496380.719,7140.625
1361496381.016,6577.806122448979
1361496381.143,4965.757978723404
1361496403.479,3531.25
1361496381.086,2320.3125
1361496383.314,2683.779761904762
1361496383.381,56355.654761904756
1361496382.14,1944.7408536585367
1361496381.689,13281.25
1361496384.61,76531.25
1361496381.375,748.5795454545454
1361496381.945,408.05288461538464
1361496382.548,100562.5
1361496382.858,894.2307692307693
1361496383.242,7726.5625
1361496383.665,1765.625
1361496384.107,1118.421052631579
1361496384.61,41656.25
1361496384.609,6968.75
1361496380.813,3770.0
1361496381.824,443.50961538461536
1361496382.115,10371.09375
1361496382.492,13424.31640625
1361496382.745,1086.9391025641025
1361496382.68,6131.696428571428
1361496382.931,681.8181818181818
1361496382.93,1809.5238095238096
1361496383.353,1308.59375
1361496384.172,9718.75
1361496385.56,69164.0625
1361496387.714,1812.5
1361496385.24,40421.875
1361496397.234,7583.333333333333
1361496396.799,4520.833333333333
1361496433.205,21.95945945945946
1361496457.62,2156.25
1361496457.567,2156.25
1361496473.06,10335.9375
1361496624.127,4134.375
1361496679.803,19.975142045454543
1361496679.802,20.204741379310345
1361496824.455,69.95738636363637
1361496842.755,86.03395061728395
1361496929.312,9929.276315789475
1361496963.674,22250.0
1361497207.644,17132.8125
1361497207.644,17101.5625
1361497207.581,11406.25
1361497204.929,3531.25
1361497207.123,6975.0
1361497207.378,8734.375
1361497207.797,20562.5
1361497207.918,14265.625
1361497212.016,8796.875
1361497208.493,8730.46875
1361497208.812,8750.0
1361497209.193,7018.75
1361497205.032,3999.1414835164837
1361497209.256,221445.3125
1361497209.32,8777.34375
1361497209.447,1177.0833333333333
1361497205.84,130.02232142857142
1361497210.32,1750.0
1361497210.574,5411.458333333333
1361497210.638,4489.583333333333
1361497205.837,125.0
1361497210.829,68924.10714285714
1361497210.828,64783.48214285714
1361497210.956,2588.5416666666665
1361497211.082,3421.875
1361497211.082,4398.4375
1361497211.082,4398.4375
1361497211.336,4593.75
1361497211.399,4536.458333333333
1361497211.399,4536.458333333333
1361497211.395,1002.8409090909091
1361497211.394,4398.4375
1361497211.394,4536.458333333333
1361497207.809,9500.0
1361497207.872,4640.625
1361497208.481,8742.1875
1361497208.736,8734.375
1361497208.735,8746.09375
1361497209.307,5017.857142857143
1361497209.37,3554.6875
1361497209.75,8761.71875
1361497210.004,3660.15625
1361497210.004,2721.875
1361497210.259,7816.40625
1361497205.757,130.02232142857142
1361497205.757,123.69791666666667
1361497210.491,1765.625
1361497210.555,4260.416666666667
1361497210.742,62808.03571428572
1361497213.882,8796.875
1361497211.318,6252.403846153846
1361497211.318,6958.333333333333
1361497211.381,2812.5
1361497209.964,63.793789808917204
1361497217.963,4398.4375
1361497206.286,486.78916309012874
1361497206.637,3515.0862068965516
1361497205.959,31506.57894736842
1361497205.959,8906.25
1361497205.954,61815.625
1361497206.334,11825.0
1361497206.771,65430.397727272735
1361497206.771,81383.68055555556
1361497206.77,161671.875
1361497206.77,71269.53125
1361497207.024,26578.125
1361497207.15,1697.610294117647
1361497225.95,4398.4375
1361497211.392,106.4297124600639
1361497207.318,2144.345238095238
1361497207.889,2358.618951612903
1361497210.165,3180.288461538462
1361497210.675,179859.375
1361497210.863,5732.291666666667
1361497207.268,1408.380681818182
1361497210.629,65546.875
1361497206.841,131117.1875
1361497207.096,15093.75
1361497207.22,15229.166666666666
1361497207.219,7100.360576923076
1361497207.471,99593.75
1361497207.534,4125.0
1361497207.846,11877.232142857143
1361497209.087,4275.122549019608
1361497209.211,9924.753289473685
1361497209.322,3654.4117647058824
1361497209.322,7468.75
1361497209.321,886.71875
1361497210.015,1593.75
1361497210.331,4859.375
1361497210.394,2213.9423076923076
1361497208.097,4389.6484375
1361497207.841,6905.078125
1361497208.348,7656.25
1361497208.601,4320.3125
1361497209.274,23812.5
1361497210.195,1081.0546875
1361497210.45,5263.608870967742
1361497210.45,13156.25
1361497211.207,16843.75
1361497211.207,4859.375
1361497211.27,2157.451923076923
1361497211.205,4859.375
1361497210.846,4871.875
1361497211.064,3177.0833333333335
1361497210.915,2887.5
1361497210.978,3609.375
1361497211.229,7625.0
1361497211.419,68437.5
1361497212.545,9015.625
1361497241.855,2932.2916666666665
1361497224.955,2122.9745370370374
1361497237.619,23.185483870967744
1361497262.809,27812.5
1361497262.824,132218.75
1361497264.867,2156.25
1361497264.791,1078.125
1361497253.27,8.831521739130434
1361497273.757,4398.4375
1361497284.653,2156.25
1361497337.514,8796.875
1361497380.19,6984.375
1361497380.698,8738.28125
1361497381.206,8753.90625
1361497381.205,6993.75
1361497381.523,3554.6875
1361497377.939,4398.4375
1361497381.586,11708.333333333334
1361497381.873,3445.3125
1361497382.315,3402.34375
1361497383.079,3402.34375
1361497383.271,29085.9375
1361497383.462,13468.75
1361497379.808,6987.5
1361497379.939,6981.25
1361497380.129,6993.75
1361497380.426,4750.0
1361497380.49,28484.375
1361497380.553,4640.625
1361497380.553,14265.625
1361497380.806,8753.90625
1361497377.92,7048.735119047618
1361497381.436,3531.25
1361497381.884,8785.15625
1361497381.82,7018.75
1361497382.138,10734.375
1361497382.558,9414.0625
1361497382.813,53664.0625
1361497383.324,8117.1875
1361497383.875,12781.25
1361497383.815,2281.25
1361497384.324,20187.5
1361497384.388,17178.125
1361497384.387,7244.791666666667
1361497384.578,3421.875
1361497384.642,4536.458333333333
1361497384.641,8550.78125
1361497383.764,2281.25
1361497384.083,8796.875
1361497380.051,48.1060606060606
1361497384.337,6585.9375
1361497384.641,6476.5625
1361497381.632,21.8001497005988
1361497378.874,602.8138528138528
1361497396.752,1844.7690217391303
1361497379.846,8640.625
1361497379.118,2248.788435828877
1361497378.997,2436.646174863388
1361497383.497,266.7629551820728
1361497384.136,520.6682276657061
1361497384.902,79.66417910447761
1361497380.369,466.3838120104439
1361497380.369,195.23111979166666
1361497382.772,232.89519498607243
1361497380.066,837.3800959232614
1361497381.02,755.2349744245524
1361497382.155,482.7412868632708
1361497380.067,67.24537037037037
1361497380.13,1062.7920560747664
1361497380.129,74.83756188118812
1361497380.256,539.3382352941176
1361497380.571,739.1377005347593
1361497380.442,1708.5782797029703
1361497380.759,40.371192893401016
1361497381.119,30.52699228791774
1361497381.118,508.8595360824743
1361497381.433,310.880829015544
1361497382.0,72.15447154471545
1361497382.679,35.16701101928375
1361497382.997,149.77134146341464
1361497382.803,2254.3282548476454
1361497383.44,62.5
1361497379.942,137.7314814814815
1361497380.068,23.22425558312655
1361497380.616,40.371192893401016
1361497380.679,503.19220430107526
1361497381.797,96.70182619647355
1361497382.107,138.67716802168022
1361497382.742,151.3935810810811
1361497382.867,57.80807365439093
1361497382.91,1251.736111111111
1361497383.437,488.3046407185629
1361497403.723,7028.125
1361497403.786,7109.375
1361497403.912,7031.25
1361497404.035,3445.3125
1361497384.263,126.73091317365271
1361497384.707,87.72935779816514
1361497401.09,4533.637152777777
1361497404.673,2354.1666666666665
1361497404.801,9992.1875
1361497404.672,4489.583333333333
1361497404.672,8039.0625
1361497404.864,3421.875
1361497404.862,20187.5
1361497401.662,6682.963709677419
1361497405.117,22648.4375
1361497405.116,22648.4375
1361497402.17,8718.75
1361497405.672,4536.458333333333
1361497402.344,11214.84375
1361497405.543,6712.5
1361497402.663,10437.5
1361497402.726,11635.416666666666
1361497402.662,9500.0
1361497402.789,14265.625
1361497403.044,11661.458333333334
1361497402.976,206.55487804878047
1361497403.234,11656.25
1361497403.234,8750.0
1361497403.234,8761.71875
1361497406.625,2239.5833333333335
1361497406.625,2125.0
1361497406.625,1177.0833333333333
1361497406.943,1838.5416666666667
1361497406.943,8796.875
1361497407.071,9031.25
1361497407.006,20187.5
1361497407.006,2281.25
1361497407.134,3402.34375
1361497403.485,771.780303030303
1361497403.612,442421.875
1361497403.739,7062.5
1361497403.738,5851.5625
1361497403.738,11682.291666666666
1361497404.411,14546.875
1361497404.601,5411.458333333333
1361497404.601,4260.416666666667
1361497404.664,4398.4375
1361497404.664,7710.9375
1361497401.016,1294.921875
1361497404.854,4894.53125
1361497404.79,3421.875
1361497404.79,2721.875
1361497404.854,1838.5416666666667
1361497401.589,5455.39314516129
1361497401.589,11496.219758064515
1361497401.587,4302.923387096774
1361497405.488,3402.34375
1361497402.288,11651.041666666666
1361497402.287,11645.833333333334
1361497405.486,3445.3125
1361497402.712,217.3913043478261
1361497403.224,8746.09375
1361497406.294,3450.8928571428573
1361497406.486,2705.7291666666665
1361497406.93,2281.25
1361497383.147,808.9192708333334
1361497383.399,167.14285714285714
1361497383.987,4692.191804407713
1361497385.212,1092.4403901734104
1361497384.483,256.21118012422363
1361497408.813,110.83984375
1361497405.158,56.429140127388536
1361497407.299,1493.2065217391303
1361497404.22,308.01930147058823
1361497404.326,63.793789808917204
1361497404.453,108.37977707006368
1361497404.823,98.52248953974896
1361497399.951,362.83623417721515
1361497403.741,15843.75
1361497404.313,7468.75
1361497404.984,8313.920454545456
1361497405.49,4859.375
1361497405.425,4859.375
1361497405.74,7276.041666666667
1361497405.995,2125.0
1361497405.929,5301.897321428572
1361497405.992,38718.75
1361497406.438,4812.5
1361497407.24,4171.875
1361497407.24,9781.25
1361497404.635,2263.608870967742
1361497405.561,688.28125
1361497406.131,69187.5
1361497407.111,4171.875
1361497407.217,179859.375
1361497407.534,17640.625
1361497407.496,21953.125
1361497408.009,86070.3125
1361497407.955,9015.625
1361497437.82,2156.25
1361497456.46,2156.25
1361497468.628,2156.25
1361497457.207,137.20154494382024
1361497549.95,7003.125
1361497550.439,6987.5
1361497550.374,10734.375
1361497550.497,14265.625
1361497550.497,4640.625
1361497550.565,8742.1875
1361497551.454,8750.0
1361497552.156,147786.45833333334
1361497552.156,11697.916666666666
1361497552.411,7109.375
1361497552.155,11697.916666666666
1361497552.411,7062.5
1361497549.685,11651.041666666666
1361497549.875,8726.5625
1361497549.81,6990.625
1361497550.319,9500.0
1361497551.312,8742.1875
1361497551.312,8750.0
1361497551.311,8750.0
1361497552.074,8792.96875
1361497552.945,7320.3125
1361497552.752,7018.75
1361497548.848,65.76624293785311
1361497548.847,63.12144886363637
1361497548.847,63.382768361581924
1361497553.07,13744.791666666666
1361497553.321,2354.1666666666665
1361497553.389,7929.6875
1361497553.389,2932.2916666666665
1361497553.516,13187.5
1361497553.516,6804.6875
1361497553.77,11166.666666666666
1361497554.151,16218.75
1361497554.151,6718.75
1361497554.279,2218.75
1361497554.406,3421.875
1361497554.896,12750.0
1361497554.894,16218.75
1361497555.022,2281.25
1361497555.149,6890.625
1361497555.017,2281.25
1361497555.148,9617.1875
1361497555.276,3421.875
1361497552.894,7812.5
1361497552.894,4536.458333333333
1361497548.796,65.76624293785311
1361497553.188,6734.375
1361497553.188,3854.1666666666665
1361497553.251,4260.416666666667
1361497553.315,12604.166666666666
1361497553.442,3421.875
1361497553.442,2281.25
1361497553.569,2281.25
1361497553.696,10085.9375
1361497553.632,10160.15625
1361497553.695,4536.458333333333
1361497553.822,6804.6875
1361497554.141,6390.625
1361497554.012,4398.4375
1361497554.14,4536.458333333333
1361497554.203,17000.0
1361497554.203,2281.25
1361497554.584,23515.625
1361497554.519,3367.1875
1361497554.837,13468.75
1361497554.837,3531.25
1361497555.029,4398.4375
1361497555.027,20171.875
1361497555.219,4250.0
1361497555.091,6687.5
1361497548.095,3231.434811827957
1361497564.665,4260.416666666667
1361497552.823,59.82389502762431
1361497552.823,109.375
1361497564.983,3421.875
1361497564.983,2281.25
1361497564.982,4398.4375
1361497553.077,102.8373430962343
1361497564.981,4536.458333333333
1361497553.713,132.32758620689654
1361497562.031,8734.375
1361497562.031,8738.28125
1361497565.614,6890.625
1361497562.731,9500.0
1361497562.859,4640.625
1361497563.367,11677.083333333334
1361497563.921,11708.333333333334
1361497560.84,12546.875
1361497564.616,4058.59375
1361497564.615,4489.583333333333
1361497564.615,2928.125
1361497564.615,1412.5
1361497564.933,10380.208333333334
1361497564.996,20187.5
1361497561.968,8746.09375
1361497565.551,6804.6875
1361497562.667,7132.8125
1361497554.602,934.7310126582279
1361497563.241,11661.458333333334
1361497563.304,8734.375
1361497563.814,15005.208333333334
1361497563.877,11718.75
1361497552.451,219.10511363636365
1361497560.067,4577.9296875
1361497549.518,519.650655021834
1361497550.216,1017.2872340425532
1361497549.227,1287.6758658008657
1361497549.481,763.8432017543859
1361497548.424,253.5860655737705
1361497548.867,86.47486772486772
1361497549.053,273.1450534759358
1361497549.352,2119.4145927601808
1361497549.793,1087.9360465116279
1361497549.728,78.61328125
1361497550.549,1044.3816489361702
1361497548.246,571.3068181818181
1361497548.307,253.5860655737705
1361497548.307,1479.3133802816903
1361497548.941,223.17216981132077
1361497548.94,154.1005291005291
1361497549.612,78.61328125
1361497549.676,1550.0146028037382
1361497550.434,72.14095744680851
1361497550.497,78.37433510638297
1361497551.666,581.781914893617
1361497551.728,23843.75
1361497552.356,15843.75
1361497564.294,63.793789808917204
1361497552.673,765.2304292929293
1361497553.235,388.13164893617017
1361497553.934,416.54624277456645
1361497553.198,330.5421270718232
1361497552.189,135.84183673469389
1361497552.188,7468.75
1361497552.25,2681.503378378379
1361497552.245,441.07891061452517
1361497552.69,4859.375
1361497552.69,5892.857142857143
1361497552.69,61.54513888888889
1361497553.001,9940.848214285714
1361497553.103,424.5057397959184
1361497553.166,287.25961538461536
1361497553.418,215960.9375
1361497553.672,123.33216292134831
1361497552.066,199.29846938775512
1361497552.066,621.8274111675128
1361497551.81,4275.428921568628
1361497551.998,3207.215314136126
1361497552.86,557.3317307692308
1361497554.713,2355.0575657894738
1361497564.944,44.90291262135922
1361497561.4,166304.6875
1361497561.585,382546.875
1361497565.01,696015.625
1361497563.943,13546.875
1361497564.635,16843.75
1361497567.323,725.1888736263736
1361497608.114,2156.25
1361497608.047,2156.25
1361497553.233,2816.753066588785
1361497593.386,6.974248927038627
1361497626.779,2156.25
1361497718.259,27812.5
1361497723.809,76.953125
1361497742.388,49.56210191082803
1361497784.089,3593.75
1361497875.348,9.202453987730062
1361497904.591,132.41969273743018
1361498236.588,18541.666666666668
1361498515.667,10113.636363636364
1361498582.376,59.1796875
1361498582.349,29.964398734177216
1361498624.437,93.75
1361498642.923,65.1285046728972
1361498641.878,12558.15972222222
1361498948.984,11.322463768115941
1361499186.336,27812.5
1361499307.646,4640.625
1361499306.899,13937.5
1361499307.346,8730.46875
1361499307.537,14265.625
1361499306.767,43500.0
1361499306.701,4984.375
1361499307.149,8730.46875
1361499307.212,11651.041666666666
1361499307.212,4750.0
1361499307.34,18593.75
1361499311.51,4475.446428571428
1361499307.861,775.304203539823
1361499307.605,437.09590517241384
1361499311.636,8218.75
1361499311.827,5479.166666666667
1361499308.05,20875.0
1361499308.177,13416.666666666666
1361499312.017,4557.291666666667
1361499312.08,180.0271739130435
1361499312.144,59292.41071428572
1361499312.144,835.4166666666667
1361499312.144,867.0138888888889
1361499312.144,60482.142857142855
1361499312.207,1710.9375
1361499308.427,8761.71875
1361499308.427,8742.1875
1361499308.43,11656.25
1361499312.334,8500.0
1361499312.334,765.625
1361499312.334,1008.9285714285714
1361499312.397,214.1768292682927
1361499309.257,7031.25
1361499312.841,3421.875
1361499312.841,9369.791666666666
1361499312.84,9369.791666666666
1361499309.384,221328.125
1361499309.575,263.31018518518516
1361499312.963,4250.0
1361499309.702,120.67018072289157
1361499309.574,2418.462643678161
1361499309.574,261.5740740740741
1361499313.284,6890.625
1361499305.282,2629.493464052288
1361499305.282,2081.495098039216
1361499311.83,13416.666666666666
1361499314.773,44375.0
1361499312.02,11807.291666666666
1361499306.772,10421.983506944445
1361499306.771,2995.7682291666665
1361499306.767,919.2708333333334
1361499315.218,68359.375
1361499312.402,10622.159090909092
1361499311.954,13015.625
1361499316.364,20664.0625
1361499315.979,2064.2361111111113
1361499315.979,2274.305555555555
1361499308.17,564.0368852459017
1361499312.585,106588.94230769231
1361499308.616,78.125
1361499308.935,3888.8888888888887
1361499312.965,4786.458333333333
1361499313.029,3531.25
1361499313.029,4058.59375
1361499313.151,2932.2916666666665
1361499313.282,1008.9285714285714
1361499313.266,1881.6964285714287
1361499313.518,1687.5
1361499309.87,8773.4375
1361499313.518,9925.78125
1361499313.772,183.03571428571428
1361499313.771,10697.916666666666
1361499309.991,7012.5
1361499314.026,6890.625
1361499310.185,432.11805555555554
1361499314.216,6804.6875
1361499306.024,4638.020833333333
1361499310.76,19851.5625
1361499314.215,6804.6875
1361499306.215,828.8398692810458
1361499306.278,116.05674342105263
1361499306.34,221.75082781456953
1361499306.722,700.0868055555555
1361499306.722,938.8020833333334
1361499306.721,587.5
1361499306.721,369.4661458333333
1361499312.287,7320.3125
1361499312.351,1052.1763392857142
1361499312.411,1210.7954545454545
1361499312.326,3656.25
1361499315.909,1962.5
1361499307.333,189.13246268656715
1361499307.459,465.5539772727273
1361499316.163,21750.0
1361499315.905,6817.708333333333
1361499308.289,1185.9243697478992
1361499308.352,78.2574152542373
1361499308.288,1951.4180672268908
1361499306.48,1055.6429856115108
1361499312.494,11152.77777777778
1361499312.429,3927.6494565217395
1361499312.493,898.8008720930233
1361499306.989,556.655534351145
1361499308.011,794.429347826087
1361499308.139,367.533185840708
1361499318.246,10682.291666666666
1361499306.917,428.14867424242425
1361499306.916,215.67234848484847
1361499312.484,757.9941860465116
1361499312.731,250.0
1361499312.667,237.0105421686747
1361499312.731,240.09146341463415
1361499307.859,825.6091101694916
1361499307.859,71.76906779661017
1361499316.04,8218.75
1361499312.196,672.0566860465116
1361499312.45,146.79783950617283
1361499316.928,11678.125
1361499316.991,9140.625
1361499317.373,29781.25
1361499313.21,255.88768115942028
1361499313.401,124.53358208955224
1361499317.88,10937.5
1361499317.88,5406.25
1361499321.512,9242.1875
1361499314.275,883.2547169811321
1361499306.526,1744.6712427745665
1361499315.036,10790.234375
1361499316.6,12927.083333333334
1361499312.376,146.79783950617283
1361499312.376,146.79783950617283
1361499316.663,9695.3125
1361499317.108,8882.102272727274
1361499317.171,9068.75
1361499318.49,10937.5
1361499314.327,124.30037313432835
1361499318.806,5406.25
1361499322.197,8910.15625
1361499315.193,22554.834905660377
1361499308.083,363.20935582822085
1361499316.073,368.64697802197804
1361499306.58,4032.4835526315787
1361499307.406,3916.9847328244277
1361499307.539,1521.6490963855422
1361499330.679,6114.583333333333
1361499330.606,17890.625
1361499309.59,24259.80392156863
1361499309.717,49906.25
1361499309.717,24145.380434782608
1361499309.715,33685.9375
1361499309.715,49229.166666666664
1361499311.11,8183.238636363637
1361499311.151,56600.44642857143
1361499311.086,520.4741379310344
1361499311.086,74491.47727272726
1361499311.72,368500.0
1361499309.631,30461.95652173913
1361499309.631,242843.75
1361499310.999,15185.9375
1361499312.002,89810.26785714286
1361499312.513,4381.617647058823
1361499311.975,6145.833333333333
1361499311.996,12388.020833333334
1361499311.995,27518.75
1361499313.613,54.474255583126556
1361499315.369,292.0833333333333
1361499315.299,825.6382625994695
1361499315.299,219.16445623342176
1361499315.362,2570.2293882978724
1361499311.903,22221.875
1361499311.898,11987.84722222222
1361499311.902,21406.25
1361499311.902,23790.625
1361499311.902,100616.47727272726
1361499313.525,56.296526054590565
1361499315.209,1144.852453580902
1361499315.209,831.9379973474801
1361499315.209,4160.280917553192
1361499315.203,904.3020557029178
1361499315.266,2570.146276595745
1361499315.736,31.378073770491802
1361499316.182,882.3784722222222
1361499316.182,140.66840277777777
1361499316.814,14.464285714285714
1361499316.75,2509.1257122507122
1361499316.946,216.228386167147
1361499316.946,170.97442363112393
1361499317.009,334.7252155172414
1361499316.945,170.4382183908046
1361499317.71,251.16257440476193
1361499317.964,342.33810240963857
1361499318.155,28.542933130699087
1361499329.737,534.7842261904761
1361499315.621,68.07731607629428
1361499315.685,369.02322404371586
1361499315.748,201.97233606557378
1361499316.13,140.58159722222223
1361499316.13,147.48263888888889
1361499316.194,208.17374651810584
1361499316.385,554.2693661971831
1361499316.385,149.05196629213484
1361499316.385,102.64084507042254
1361499316.62,1127.8852982954545
1361499316.749,14.464285714285714
1361499316.877,201.6882183908046
1361499316.877,75.70043103448276
1361499316.876,195.17780172413794
1361499316.94,64.11637931034484
1361499317.322,314.37866568914956
1361499317.635,312.4069940476191
1361499317.893,546.0278614457831
1361499317.892,130.69465361445785
1361499318.084,28.542933130699087
1361499329.666,6998.139880952382
1361499338.174,15550.0
1361499330.109,4791.88829787234
1361499330.236,297.8794642857143
1361499314.704,2865.053157216495
1361499315.455,701.6289893617021
1361499316.729,50.8690308988764
1361499315.36,494.1976127320955
1361499315.36,4336.662798408488
1361499315.424,431.14195478723406
1361499316.698,1709.0941011235957
1361499316.698,454.44171348314603
1361499317.047,578.392094017094
1361499317.685,172.05882352941177
1361499318.004,141.55783582089552
1361499318.259,64.42959337349397
1361499314.675,6956.266108247423
1361499318.387,20.596590909090907
1361499318.386,20.596590909090907
1361499317.037,306.2946428571429
1361499317.93,283.4356398809524
1361499317.994,72.76119402985074
1361499318.249,1786.3328313253012
1361499332.628,80409.11989795919
1361499346.42,461.37971698113205
1361499346.548,299.63235294117646
1361499347.059,198.0377906976744
1361499347.059,198.0377906976744
1361499347.123,498.51190476190476
1361499347.058,12676.962209302326
1361499347.058,118583.57558139536
1361499339.444,4576.581790123457
1361499344.367,5148.345588235295
1361499344.495,11869.352409638554
1361499344.495,26992.469879518074
1361499339.567,8127.636718750001
1361499339.567,16090.13671875
1361499339.566,14291.40625
1361499340.59,125.7595486111111
1361499346.538,2967.218137254902
1361499347.039,50877.18023255814
1361499347.039,229.2877906976744
1361499347.039,98582.8488372093
1361499347.039,229.2877906976744
1361499339.421,10492.1875
1361499339.548,9236.5234375
1361499344.475,307.605421686747
1361499344.475,35095.444277108436
1361499344.475,12956.701807228916
1361499344.475,39771.837349397596
1361499340.57,4225.260416666667
1361499331.062,167289.0625
1361499331.191,101381.25
1361499331.086,1256.7934782608697
1361499331.277,189968.75
1361499340.563,3386.160714285714
1361499340.819,558.3609271523179
1361499350.087,571.4045698924731
1361499350.596,2459.339488636364
1361499346.99,18233.19575471698
1361499355.176,50655.208333333336
1361499347.943,4397.6151315789475
1361499347.749,506.0975609756098
1361499347.939,447.36842105263156
1361499339.998,8236.111111111111
1361499340.513,3288.656655844156
1361499340.769,562.2916666666666
1361499352.672,4195.3125
1361499352.862,8390.625
1361499350.905,3877.858231707317
1361499347.538,1189.3168604651164
1361499355.092,24685.416666666664
1361499355.091,194196.875
1361499352.403,4195.3125
1361499352.403,8973.958333333334
1361499339.791,4479.897103658536
1361499339.919,5503.858024691359
1361499340.042,36018.9453125
1361499334.431,1736.7424242424242
1361499339.481,4290.9628378378375
1361499344.25,15279.364224137931
1361499343.929,47458.333333333336
1361499346.295,5218.455188679245
1361499346.908,226.72526041666666
1361499370.078,2242.1875
1361499370.078,3437.5
1361499310.253,2495.4664079229124
1361499321.943,45106.923204787236
1361499346.212,1066.517857142857
1361499347.167,12807.5
1361499346.846,3213.5416666666665
1361499348.048,137666.66666666666
1361499348.048,88054.6875
1361499348.048,116437.5
1361499348.048,85617.1875
1361499348.048,160562.5
1361499348.046,60062.5
1361499346.168,1104.9107142857142
1361499348.016,76148.4375
1361499348.004,130468.75
1361499348.004,85562.5
1361499348.004,85492.1875
1361499348.004,20578.125
1361499348.004,53052.083333333336
1361499351.895,36468.75
1361499351.895,22031.25
1361499348.178,196.02272727272725
1361499348.181,8421.875
1361499348.558,2333.1473214285716
1361499351.747,25093.75
1361499351.744,52093.75
1361499348.032,193.5096153846154
1361499348.096,196.02272727272725
1361499347.834,8640.625
1361499351.276,41671.13095238095
1361499351.657,41765.625
1361499351.721,32078.125
1361499351.721,44875.0
1361499351.347,70856.77083333333
1361499351.711,10734.375
1361499351.711,11343.75
1361499351.062,61446.875
1361499351.303,66309.89583333333
1361499351.679,251765.625
1361499352.272,7359.375
1361499352.272,30687.5
1361499352.272,8937.5
1361499351.898,40687.5
1361499351.965,18664.0625
1361499352.027,7218.75
1361499352.721,248375.0
1361499351.809,14476.5625
1361499351.872,10271.875
1361499353.689,189226.5625
1361499354.361,46353.125
1361499355.629,198980.46875
1361499355.629,175703.125
1361499355.619,395302.0833333333
1361499356.192,14562.5
1361499356.255,36671.875
1361499356.255,229000.0
1361499356.255,125343.75
1361499355.592,30875.0
1361499356.161,143534.375
1361499356.16,7791.666666666667
1361499356.224,120531.25
1361499356.224,188812.5
1361499384.863,21343.75
1361499391.915,2156.25
1361499391.869,2156.25
1361499332.064,3573.492883995704
1361499346.485,12455.085784313726
1361499347.06,7030.154596560847
1361499347.443,4095.1666666666665
1361499347.05,6509.073247354498
1361499347.049,8863.983961640211
1361499398.821,2156.25
1361499385.281,1625.0
1361499386.147,2189.4054878048782
1361499445.853,2156.25
1361499524.053,87.109375
1361499988.041,38.96360759493671
1361500221.133,77.92721518987342
1361500223.702,285311.9918699187
1361500239.957,53.53260869565218
1361500259.583,66.64156626506023
1361500423.748,24187.5
1361500423.62,22507.8125
1361500423.81,22507.8125
1361500424.0,45203.125
1361500423.863,44203.125
1361500423.988,16125.0
1361500424.643,17384.420955882353
1361500425.022,2310.546875
1361500425.15,17000.0
1361500424.24,18182.291666666668
1361500424.935,6775.111607142857
1361500443.33,2205.2283653846152
1361500463.121,10492.1875
1361500464.051,68781.25
1361500503.179,2156.25
1361501121.365,77.92721518987342
1361501216.789,27812.5
1361501216.459,4335.9375
1361501212.313,104.64638157894737
1361501230.135,880.6059160305344
1361501306.966,39109.375
1361501307.193,13036.458333333334
1361501306.446,98238.83928571429
1361501324.874,33140.625
1361501324.948,19851.5625
1361501326.257,12841.145833333334
1361501303.845,99375.0
1361501307.039,213.37297570850203
1361501308.161,18539.0625
1361501326.925,3700.5208333333335
1361501348.86,1750.0
1361501348.86,1750.0
1361501348.86,1750.0
1361501348.859,1750.0
1361501348.778,2562.5
1361501348.778,1750.0
1361501324.041,74312.5
1361501348.736,1750.0
1361501348.736,1750.0
1361501348.736,1750.0
1361501326.959,3744.7916666666665
1361501347.562,372562.5
1361501348.681,8421.875
1361501348.681,8421.875
1361501347.472,162734.375
1361501347.699,18388.39285714286
1361501348.591,8421.875
1361501348.591,4210.9375
1361501368.019,2156.25
1361501350.329,1824.21875
1361501348.88,440.8653846153846
1361501386.216,2156.25
1361501441.154,114.00462962962963
1361501439.056,2156.25
1361501449.461,76.00308641975309
1361501449.6,18487.559713375795
1361501505.711,69.140625
1361501574.655,22046.875
1361501575.158,5660.823170731707
1361501585.102,1200.6316489361702
1361501644.626,2156.25
1361501714.006,1871.394230769231
1361501773.943,2156.25
1361501888.324,24187.5
1361501893.799,6859.375
1361501887.996,22507.8125
1361501874.654,2845.754523026316
1361501875.094,8421.875
1361501875.094,8421.875
1361501875.538,372562.5
1361501875.979,49.16530944625407
1361501875.979,8421.875
1361501894.541,17931.2118902439
1361501895.179,363.70481927710847
1361501895.179,10062.98828125
1361501895.179,338.29365079365084
1361501895.178,240.02259036144576
1361501895.877,8049.479166666666
1361501896.259,8218.75
1361501894.484,2701.605902777778
1361501895.103,989.0813253012049
1361501895.103,495.8545918367347
1361501895.102,543.6746987951807
1361501895.102,45343.75
1361501895.102,4127.685546875
1361501895.102,9254.39453125
1361501895.735,9500.0
1361501895.989,5479.166666666667
1361501896.307,37781.25
1361501896.497,418.45703125
1361501894.284,795.2334630350194
1361501895.719,18.683510638297875
1361501888.86,4188.337053571428
1361501892.681,15156.25
1361501892.681,40238.63636363637
1361501892.848,2163.030660377359
1361501892.83,57010.86956521739
1361501893.571,80203.125
1361501896.212,2289.0625
1361501892.924,4454.056766055046
1361501953.142,2156.25
1361502046.137,18358.682753164558
1361502046.136,38.96360759493671
1361502067.023,29.964398734177216
1361502066.95,29.964398734177216
1361502077.543,59.1796875
1361502077.544,29.964398734177216
1361502200.135,2078.125
1361502301.428,6645.833333333333
1361502301.511,59.1796875
1361502502.342,2078.125
1361502690.423,59.92879746835443
1361502690.422,19937.5
1361502805.006,2078.125
1361502918.831,1867.7884615384614
1361502918.83,19937.5
1361502918.882,57.82245222929936
1361502918.803,43.988853503184714
1361502919.566,32.650862068965516
1361502912.682,38.96360759493671
1361502946.475,76.953125
1361502964.336,19937.5
1361502964.318,29.964398734177216
1361503017.677,29.964398734177216
1361503017.677,29.964398734177216
1361503107.617,1039.0625
1361503404.048,7333.333333333333
1361503404.656,4584.558823529412
1361503410.149,2078.125
1361503604.388,3684.8958333333335
1361503603.746,3158.4821428571427
1361503603.805,70.75471698113208
1361503604.694,32.650862068965516
1361503604.623,32.650862068965516
1361503711.837,2078.125
1361503770.921,30.155254777070063
1361503770.921,30.155254777070063
1361503813.011,77.92721518987342
1361503846.689,77.92721518987342
1361504014.303,2078.125
1361504426.136,30.155254777070063
1361504426.065,30.155254777070063
1361504568.798,59.840425531914896
1361504568.679,59.840425531914896
1361504573.721,59.840425531914896
1361504573.718,59.840425531914896
1361504619.2,2078.125
1361504712.355,77.92721518987342
1361504732.567,22507.8125
1361504732.626,45015.625
1361504732.648,19093.75
1361504753.762,11661.458333333334
1361504746.143,44.10601265822785
1361504750.173,1509.672619047619
1361504754.517,11687.5
1361504754.521,11708.333333333334
1361504752.503,14265.625
1361504752.374,26765.625
1361504752.693,8722.65625
1361504752.692,8730.46875
1361504752.756,140.37298387096774
1361504752.691,8742.1875
1361504756.655,17093.75
1361504756.654,17132.8125
1361504753.581,8757.8125
1361504753.961,8750.0
1361504754.088,11682.291666666666
1361504750.183,191.26506024096383
1361504750.118,1073.4747023809523
1361504750.182,1469.3147590361446
1361504754.254,8781.25
1361504754.698,34040.625
1361504754.765,11677.083333333334
1361504750.86,1228.90625
1361504754.889,1750.0
1361504755.843,11630.208333333334
1361504752.384,2000.0
1361504752.32,9500.0
1361504756.032,8734.375
1361504752.703,8734.375
1361504756.523,19906.25
1361504756.523,9500.0
1361504756.651,4640.625
1361504756.587,17125.0
1361504753.194,11630.208333333334
1361504756.586,14265.625
1361504753.449,8757.8125
1361504753.64,11651.041666666666
1361504732.988,3977.163461538462
1361504753.794,886.9842233009708
1361504751.933,765.3882575757576
1361504752.509,231.4532520325203
1361504752.701,2359.027777777778
1361504756.536,529.9479166666666
1361504752.694,2060.0694444444443
1361504734.988,3476.742327365729
1361504736.227,939.1425202156333
1361504735.444,154.61387434554973
1361504757.737,7000.0
1361504749.737,164.65585443037975
1361504749.927,14280.84677419355
1361504761.894,5289.0625
1361504757.99,8750.0
1361504757.156,2381.3244047619046
1361504758.116,11640.625
1361504758.18,8765.625
1361504762.083,6718.75
1361504757.283,11661.458333333334
1361504762.083,7757.8125
1361504762.336,10984.375
1361504762.336,7867.1875
1361504762.336,6992.1875
1361504762.335,1407.451923076923
1361504758.558,11718.75
1361504758.622,8769.53125
1361504750.937,10159.767670157067
1361504750.937,5165.9849476439795
1361504750.941,43713.187172774866
1361504750.941,2814.872382198953
1361504762.652,9992.1875
1361504758.939,641.3352272727273
1361504762.779,8437.5
1361504762.779,7031.25
1361504762.778,6429.6875
1361504755.034,46.875
1361504762.778,5591.145833333333
1361504762.906,6773.4375
1361504751.514,117.00581395348837
1361504751.51,116.4001937984496
1361504759.253,1133.6805555555557
1361504759.257,278.94467213114757
1361504759.385,7757.8125
1361504763.032,43500.0
1361504759.64,2282.3863636363635
1361504759.512,727.6348039215686
1361504759.639,24187.5
1361504759.639,1225.5681818181818
1361504759.767,5151.041666666667
1361504759.703,249.14772727272728
1361504759.767,293.9268867924528
1361504759.831,326.62259615384613
1361504759.831,4489.583333333333
1361504759.747,398.29009433962267
1361504759.746,3802.0833333333335
1361504760.0,6007.8125
1361504760.0,8500.0
1361504760.064,3421.875
1361504752.698,402.5900900900901
1361504763.77,6890.625
1361504763.578,6585.9375
1361504752.762,140.9090909090909
1361504763.766,3257.8125
1361504752.696,8189.611486486486
1361504763.768,6661.458333333333
1361504763.768,6804.6875
1361504763.767,4343.75
1361504752.951,1021.4488636363636
1361504764.022,3351.5625
1361504752.886,643.107476635514
1361504753.014,2055.5775316455697
1361504753.013,454.5990566037736
1361504753.013,1748.5259433962265
1361504764.083,4536.458333333333
1361504764.21,4479.166666666667
1361504764.402,6664.0625
1361504764.594,3421.875
1361504764.589,4536.458333333333
1361504764.657,10515.625
1361504761.837,5367.1875
1361504761.837,5710.9375
1361504757.913,8757.8125
1361504761.881,11937.5
1361504750.103,3596.8543046357613
1361504762.007,8796.875
1361504762.007,6375.0
1361504762.133,11421.875
1361504762.259,3421.875
1361504762.259,7289.0625
1361504762.259,3421.875
1361504762.258,4468.75
1361504750.865,9788.44895287958
1361504750.865,1612.4100719424462
1361504750.864,3186.8455497382197
1361504757.455,8753.90625
1361504762.7,2020.8333333333335
1361504762.764,1697.9166666666667
1361504751.372,393.3894230769231
1361504751.436,116.03682170542635
1361504751.436,120.15503875968993
1361504758.859,8789.0625
1361504762.891,1531.25
1361504759.114,11656.25
1361504762.954,1492.1875
1361504758.986,8781.25
1361504762.954,338.72767857142856
1361504759.113,1981.8548387096776
1361504759.177,9500.0
1361504759.177,5946.875
1361504759.56,23196.875
1361504759.56,533.7611607142857
1361504751.88,482.3424796747968
1361504763.08,364.78365384615387
1361504759.623,4337.572674418604
1361504759.687,4401.041666666667
1361504759.687,3984.375
1361504759.751,6375.0
1361504759.75,4785.15625
1361504759.558,305.1136363636364
1361504763.27,5609.375
1361504759.874,8761.71875
1361504759.874,6359.375
1361504763.266,7984.375
1361504752.069,605.5989583333334
1361504759.685,329.8938679245283
1361504759.749,504.50721153846155
1361504759.813,3531.25
1361504759.792,8109.375
1361504759.92,11562.5
1361504759.919,5960.9375
1361504759.983,3882.8125
1361504752.302,137.12284482758622
1361504752.302,1630.3879310344826
1361504752.365,138.31521739130434
1361504763.565,15531.25
1361504763.691,6804.6875
1361504752.619,402.5900900900901
1361504752.619,402.5900900900901
1361504752.683,130.6818181818182
1361504763.69,6890.625
1361504764.135,15875.0
1361504764.198,3854.1666666666665
1361504764.198,3531.25
1361504764.198,6835.9375
1361504764.326,9500.0
1361504764.326,4398.4375
1361504764.321,2281.25
1361504764.325,2281.25
1361504764.388,21523.4375
1361504764.452,14656.25
1361504752.575,1157.0870535714287
1361504762.505,2028.3333333333333
1361504762.505,950.2083333333334
1361504762.824,212.5
1361504756.423,542.626096491228
1361504763.974,333.53365384615387
1361504760.389,12271.267361111111
1361504760.517,3542.279411764706
1361504762.817,589.9553571428572
1361504763.456,124.21875
1361504764.798,4632.211538461538
1361504760.638,1943.5586734693877
1361504761.972,412.7956081081081
1361504770.099,8734.375
1361504762.225,214.28571428571428
1361504766.32,102.34375
1361504766.319,102.34375
1361504762.351,122.96195652173914
1361504762.351,105.29891304347825
1361504762.351,302.8492647058824
1361504762.351,124.09420289855072
1361504770.539,14265.625
1361504770.475,19906.25
1361504762.794,681.1995967741935
1361504763.047,173.76077586206898
1361504763.047,141.16379310344828
1361504759.654,2323.1981981981985
1361504763.172,3349.8883928571427
1361504763.172,1797.7120535714287
1361504763.172,510.6026785714286
1361504767.844,8750.0
1361504760.015,331.2800480769231
1361504771.15,8765.625
1361504760.078,1135.967548076923
1361504760.078,1282.7524038461538
1361504771.149,8753.90625
1361504768.14,20093.75
1361504763.276,638.8888888888888
1361504767.692,11651.041666666666
1361504771.657,11277.34375
1361504768.201,14984.375
1361504768.201,270.27027027027026
1361504768.392,11250.0
1361504764.039,3457.217261904762
1361504764.039,167809.1517857143
1361504764.039,99.33035714285714
1361504764.103,1644.0548780487804
1361504764.42,32753.03819444444
1361504772.676,6804.6875
1361504764.74,4250.0
1361504765.889,749.6843434343434
1361504761.92,1786.0416666666667
1361504769.984,6990.625
1361504769.984,11661.458333333334
1361504762.047,280.5989583333333
1361504762.28,193.84057971014494
1361504770.468,9500.0
1361504770.531,4640.625
1361504762.723,221.56762295081967
1361504767.073,8710.9375
1361504762.976,173.76077586206898
1361504763.104,2825.3348214285716
1361504767.328,8730.46875
1361504767.071,11656.25
1361504763.102,3094.8660714285716
1361504763.102,1797.7120535714287
1361504759.326,2760.190217391304
1361504763.102,513.671875
1361504763.292,303.0660377358491
1361504771.1,8746.09375
1361504763.355,291.46634615384613
1361504759.963,1806.845238095238
1361504763.419,1340.3125
1361504763.482,1054.0625
1361504771.418,6975.0
1361504763.482,187.8125
1361504768.089,9500.0
1361504768.149,8742.1875
1361504771.736,8769.53125
1361504771.736,8769.53125
1361504768.599,1437.5
1361504752.961,4303.665303738318
1361504764.032,5423.399390243902
1361504772.223,11656.25
1361504764.222,622.5328947368422
1361504764.477,315.7169117647059
1361504752.692,1548.3228764478765
1361504752.037,869.4543393782384
1361504753.688,431.37254901960785
1361504773.717,7273.4375
1361504773.717,6390.625
1361504773.717,15843.75
1361504773.781,11692.708333333334
1361504777.749,9500.0
1361504773.908,3421.875
1361504773.908,3882.8125
1361504773.908,4398.4375
1361504777.876,303.03030303030306
1361504774.035,6890.625
1361504774.099,101.64835164835165
1361504774.285,6804.6875
1361504765.905,86.5439497716895
1361504770.0,65.625
1361504769.999,2113.709677419355
1361504778.38,6996.875
1361504778.444,11666.666666666666
1361504778.443,11687.5
1361504765.577,7132.254464285715
1361504775.177,44343.75
1361504766.536,201.03169856459328
1361504765.576,19359.444754464286
1361504765.576,7635.881696428572
1361504779.079,8773.4375
1361504779.078,11703.125
1361504779.078,7031.25
1361504767.045,312.18905472636817
1361504767.235,6208.017676767677
1361504779.819,14640.625
1361504779.882,6835.9375
1361504768.106,122.70720108695653
1361504776.937,582.8804347826086
1361504777.257,8738.28125
1361504777.257,8742.1875
1361504780.072,2281.25
1361504780.072,7328.125
1361504780.135,1838.5416666666667
1361504780.199,7015.625
1361504780.326,6835.9375
1361504780.581,6804.6875
1361504773.668,6734.375
1361504777.7,19687.5
1361504773.732,228.84114583333334
1361504765.732,94.38631221719457
1361504773.859,7023.4375
1361504764.963,7005.328757225434
1361504777.762,14265.625
1361504769.949,1026.6129032258063
1361504769.953,560.0806451612902
1361504761.889,756.6169928825623
1361504774.432,2171.875
1361504774.495,401.503164556962
1361504778.206,8734.375
1361504774.82,106.97115384615384
1361504778.594,8218.75
1361504766.434,134.765625
1361504765.469,12108.816964285714
1361504765.473,7743.512834821428
1361504765.473,6775.809151785715
1361504775.2,1709.8524305555557
1361504778.847,11692.708333333334
1361504763.036,343.69036259541986
1361504776.089,7358.297413793103
1361504779.734,7937.5
1361504768.022,122.70720108695653
1361504779.798,13468.75
1361504776.721,196.94010416666666
1361504779.925,10348.958333333334
1361504779.797,7062.5
1361504779.988,6804.6875
1361504780.052,10343.75
1361504776.916,352.2727272727273
1361504779.924,8796.875
1361504779.924,3421.875
1361504777.044,11635.416666666666
1361504777.171,8734.375
1361504780.476,6804.6875
1361504772.411,157.47282608695653
1361504772.475,84.15570175438597
1361504772.41,76.35869565217392
1361504772.601,28835.9375
1361504770.564,15276.008064516129
1361504774.723,2905.5555555555557
1361504763.458,4003.0545112781956
1361504773.185,361.8421052631579
1361504768.699,1000.4245923913045
1361504773.178,212.71929824561403
1361504781.794,5367.1875
1361504781.793,5976.5625
1361504781.856,6171.875
1361504781.984,7875.0
1361504781.023,9500.0
1361504781.983,8437.5
1361504781.983,11015.625
1361504781.983,3351.5625
1361504782.173,4750.0
1361504782.173,6429.6875
1361504782.172,3739.5833333333335
1361504782.364,127.57120253164558
1361504782.363,127.57120253164558
1361504781.588,264.2578125
1361504781.65,4785.15625
1361504781.714,300.17605633802816
1361504779.574,1615.4725609756097
1361504781.733,4015.625
1361504781.801,6085.9375
1361504781.864,9750.0
1361504781.864,3496.09375
1361504781.928,107.39715189873418
1361504780.968,6878.90625
1361504781.928,14578.125
1361504781.928,5968.75
1361504781.928,5695.3125
1361504781.927,5500.0
1361504782.119,9500.0
1361504782.054,5710.9375
1361504782.246,6804.6875
1361504781.387,14460.9375
1361504781.576,15453.125
1361504781.576,14015.625
1361504781.576,11953.125
1361504781.576,5703.125
1361504781.576,197.38924050632912
1361504781.639,229.1015625
1361504781.638,4250.0
1361504781.638,4239.583333333333
1361504765.607,2520.2020202020203
1361504764.765,25187.5
1361504766.982,655.5793991416309
1361504766.694,484.6280364372469
1361504767.491,3239.69414893617
1361504768.568,89.22697368421052
1361504767.409,12754.971590909092
1361504768.46,1933.312908496732
1361504768.524,143.16152597402598
1361504781.015,43.90914351851852
1361504781.923,90.42388613861387
1361504782.113,61.23737373737374
1361504772.116,494.4385593220339
1361504769.738,952.1233974358975
1361504772.891,55.34420289855072
1361504770.609,2364.6965579710145
1361504771.111,932.2916666666666
1361504770.519,1657.5892857142858
1361504772.367,2474.21875
1361504773.668,3728.515625
1361504773.626,12064.0625
1361504774.063,2052.8067129629626
1361504779.914,3608.035714285714
1361504779.978,14125.0
1361504780.168,696015.625
1361504776.967,1687.905844155844
1361504779.934,2486.7424242424245
1361504781.14,1802.734375
1361504781.137,1804.6875
1361504778.44,9073.4375
1361504781.618,7625.0
1361504781.614,7625.0
1361504779.912,160843.75
1361504780.101,3940.814393939394
1361504780.101,2026.7857142857144
1361504780.48,9531.960227272726
1361504780.543,16843.75
1361504780.667,68421.875
1361504781.046,1894.53125
1361504781.495,7625.0
1361504781.617,16265.625
1361504779.816,11179.6875
1361504779.785,16445.3125
1361504779.977,4859.375
1361504779.977,2364.5833333333335
1361504780.104,41609.375
1361504781.649,76531.25
1361504781.92,9718.75
1361504782.046,3273.4375
1361504782.046,19781.25
1361504782.046,7570.3125
1361504782.109,5875.0
1361504781.947,9375.0
1361504782.074,262789.0625
1361504782.01,3875.0
1361504799.089,122.81411917098447
1361504791.149,26.62037037037037
1361504794.28,17343.75
1361504799.358,9187.5
1361504777.318,3437.3104784366574
1361504824.758,2156.25
1361504808.151,6.274131274131274
1361504843.502,2156.25
1361504845.206,14937.5
1361504844.026,11693.75
1361504823.022,62.5
1361504845.469,5186.079545454546
1361505077.049,21.30681818181818
1361505077.002,21.30681818181818
1361505234.591,22234.375
1361505235.96,5896.763392857143
1361505444.765,68.17277070063695
1361505444.764,57.82245222929936
1361505468.098,59.1796875
1361505468.048,29.964398734177216
1361505618.193,30.155254777070063
1361505618.193,30.155254777070063
1361505612.466,38.96360759493671
1361505646.255,44.10601265822785
1361506265.522,49.31640625
1361506265.456,49.31640625
1361506271.651,63.93045774647887
1361506271.584,63.93045774647887
1361506488.662,57.45648734177215
1361506488.661,57.45648734177215
1361506512.284,44.10601265822785
1361506537.734,5324.652777777777
1361506537.171,12960.9375
1361506546.389,44.38694267515923
1361506538.95,8815.625
1361506577.202,43.71044303797468
1361506577.148,43.71044303797468
1361506597.171,2156.25
1361507066.177,4954.017857142858
1361507169.629,59.92879746835443
1361507154.43,2476.5625
1361507157.874,1341.7553191489362
1361507169.585,29.964398734177216
1361507217.863,2156.25
1361507412.601,38.96360759493671
1361507446.428,77.92721518987342
1361508312.512,63.46649484536082
1361508346.731,410.41666666666663
1361508975.774,24671.875
1361508977.144,13913.541666666668
1361509160.222,43.988853503184714
1361509160.221,43.988853503184714
1361509213.097,77.92721518987342
1361509246.543,39.211783439490446
1361509401.471,1233.0309139784945
1361509410.56,50.16447368421053
1361509458.65,8390.625
1361509458.218,4195.3125
1361509458.282,13101.5625
1361509459.228,8390.625
1361509461.119,2156.25
1361509449.87,50.16447368421053
1361509469.71,1437.5
1361509451.481,248375.0
1361509451.924,8421.875
1361509451.922,8421.875
1361509451.398,8472.997572815533
1361509451.818,146.54126213592232
1361509451.818,8421.875
1361509451.817,8421.875
1361509458.47,25945.3125
1361509458.47,26312.5
1361509458.47,37875.0
1361509458.47,39500.0
1361509458.47,45906.25
1361509458.534,52093.75
1361509458.534,53140.625
1361509458.468,50484.375
1361509458.532,27046.875
1361509458.658,14437.5
1361509458.334,46218.75
1361509458.334,36812.5
1361509458.334,34390.625
1361509458.334,36093.75
1361509458.334,35968.75
1361509458.398,52031.25
1361509458.398,41062.5
1361509458.334,39687.5
1361509458.334,58890.625
1361509458.397,42437.5
1361509458.397,32796.875
1361509461.334,164513.75404530746
1361509458.221,114837.890625
1361509458.189,54410.71428571428
1361509457.85,60303.125
1361509458.896,314375.0
1361509490.629,12750.0
1361509490.629,19554.6875
1361509484.471,405411.4583333333
1361509489.887,5468.75
1361509489.95,5270.833333333333
1361509490.142,12875.0
1361509490.332,8687.5
1361509490.151,7765.625
1361509490.282,12750.0
1361509490.154,7656.25
1361509490.837,7859.375
1361509469.985,7822.916666666667
1361509469.32,151.13863031914892
1361509490.877,4445.3125
1361509490.749,579.0178571428571
1361509491.004,7734.375
1361509491.067,4468.75
1361509491.131,6062.5
1361509491.639,15171.875
1361509491.639,5192.708333333333
1361509491.702,2281.25
1361509488.978,342.28515625
1361509489.045,5272.253787878788
1361509489.108,2226.5625
1361509489.107,13419.98106060606
1361509489.107,2678.125
1361509489.107,691.015625
1361509489.298,26844.184027777777
1361509489.298,3366.9763513513512
1361509489.298,17968.75
1361509489.425,24021.651785714286
1361509489.552,1553.5037878787878
1361509489.552,1166.6666666666667
1361509489.551,233.88671875
1361509489.551,23479.846014492752
1361509489.551,1579.5454545454545
1361509489.807,97.1798780487805
1361509490.317,1079.7072784810127
1361509491.212,127.57120253164558
1361509490.89,9789.0625
1361509490.954,5898.4375
1361509490.953,4718.75
1361509490.953,8437.5
1361509491.017,107.39715189873418
1361509490.953,7242.1875
1361509490.953,7828.125
1361509491.017,6078.125
1361509491.081,12765.625
1361509491.017,4480.46875
1361509491.207,127.57120253164558
1361509491.335,12453.125
1361509491.462,4210.9375
1361509489.059,1170.3125
1361509489.25,2574.7466216216217
1361509489.25,29033.227848101265
1361509489.25,32364.800347222223
1361509489.057,2935.15625
1361509489.504,233.88671875
1361509489.248,39766.020569620254
1361509489.247,1974.662162162162
1361509489.375,1424.2424242424242
1361509489.375,1553.5037878787878
1361509489.498,3957.03125
1361509489.502,1122.1590909090908
1361509489.502,1174.7159090909092
1361509489.502,1316.287878787879
1361509489.502,1155.3030303030303
1361509489.502,14825.994318181818
1361509489.502,2453.857421875
1361509489.502,1313.4469696969697
1361509489.502,1023.2007575757576
1361509489.758,97.1798780487805
1361509490.46,2258.8848039215686
1361509492.413,25126.849112426036
1361509490.427,916.09375
1361509490.554,91.46148989898991
1361509491.257,509.27473262032083
1361509491.257,6520.638368983957
1361509491.513,59.68237704918033
1361509492.406,745.0073964497042
1361509490.356,1597.0149253731342
1361509490.356,401.66355721393035
1361509490.547,3072.9166666666665
1361509490.931,475.830078125
1361509491.25,143.9672459893048
1361509491.25,1004.846256684492
1361509491.382,418.0743243243243
1361509503.222,8906.25
1361509491.761,41.637569832402235
1361509502.812,9851.5625
1361509491.673,39.42169540229885
1361509491.8,54.6875
1361509491.991,49.371301775147934
1361509503.892,26951.38888888889
1361509492.5,185.55900621118013
1361509489.654,3309.298780487805
1361509489.65,255.2591463414634
1361509489.65,241.84451219512195
1361509489.91,67.63059701492537
1361509489.909,46.64179104477612
1361509490.165,2015.228426395939
1361509490.165,349.30203045685283
1361509490.292,434.6955128205128
1361509490.291,242.06730769230768
1361509490.355,3145.6185567010307
1361509498.606,27417.78846153846
1361509490.67,288.24013157894734
1361509490.862,77.03293010752688
1361509502.769,4632.8125
1361509491.057,112.53415300546447
1361509491.057,55.669398907103826
1361509491.057,87.17554644808743
1361509491.057,39.70286885245901
1361509491.12,51.57103825136612
1361509503.087,5867.1875
1361509491.565,138.66071428571428
1361509491.565,139.10714285714283
1361509491.925,49.371301775147934
1361509491.989,317.1875
1361509492.242,159.7751524390244
1361509489.352,429.6501196172249
1361509489.606,229.26829268292684
1361509489.797,43.08477722772277
1361509489.861,54.02674129353234
1361509489.669,459.19296116504853
1361509489.989,2905.072236180905
1361509489.86,54.02674129353234
1361509489.86,989.5055970149253
1361509503.802,252.46710526315792
1361509502.365,2601.4476102941176
1361509502.365,623.9659926470589
1361509502.364,4702.895220588235
1361509502.188,4097.486413043479
1361509502.315,14078.469669117647
1361509502.315,1767.0036764705883
1361509508.409,97225.44642857143
1361509503.301,48614.583333333336
1361509503.489,17984.375
1361509502.503,35487.132352941175
1361509502.948,13341.145833333334
1361509503.193,21531.25
1361509503.255,20880.208333333332
1361509503.447,349703.125
1361509503.447,21656.25
1361509503.007,125689.73214285714
1361509503.382,55320.3125
1361509503.385,41777.34375
1361509504.081,17921.875
1361509502.917,82531.25
1361509502.981,92890.625
1361509503.969,2872.3958333333335
1361509503.968,17925.0
1361509529.059,2156.25
1361509507.346,104.70166163141995
1361509535.555,8390.625
1361509535.554,8984.375
1361509535.872,8390.625
1361509540.931,3437.5
1361509540.994,2343.75
1361509540.994,4484.375
1361509534.697,62435.76388888888
1361509535.795,123890.625
1361509535.794,27281.25
1361509535.984,14437.5
1361509553.822,17328.125
1361509576.66,3166.6666666666665
1361509576.659,4895.833333333333
1361509577.294,4083.333333333333
1361509577.841,23375.0
1361509577.84,2179.6875
1361509577.968,11953.125
1361509577.968,6380.208333333333
1361509578.031,6359.375
1361509578.031,3848.9583333333335
1361509578.095,640.625
1361509578.095,2777.34375
1361509578.094,4036.458333333333
1361509578.222,4875.0
1361509578.286,7789.0625
1361509578.285,1781.25
1361509578.285,3187.5
1361509578.285,2837.5
1361509576.713,6164.0625
1361509576.583,5098.958333333333
1361509576.583,3166.6666666666665
1361509576.774,7937.5
1361509577.599,3166.6666666666665
1361509577.917,15453.125
1361509577.917,13203.125
1361509577.916,11406.25
1361509577.98,4005.208333333333
1361509577.98,4250.0
1361509578.108,3796.875
1361509578.235,11796.875
1361509578.17,7976.5625
1361509578.234,12343.75
1361509578.234,8375.0
1361509578.234,1781.25
1361509578.234,6656.25
1361509578.234,6703.125
1361509578.077,5460.9375
1361509576.346,4378.860294117647
1361509576.023,1595.434131736527
1361509576.15,12977.614182692309
1361509576.15,6552.336165048544
1361509576.339,2606.25
1361509576.339,69599.94612068965
1361509576.339,67.74068322981367
1361509576.589,1483.4104938271603
1361509577.966,267.6028481012658
1361509577.966,234.7608024691358
1361509576.098,10397.754854368932
1361509576.096,2410.497572815534
1361509576.288,6754.595588235295
1361509576.287,499.63235294117646
1361509576.286,3378.8602941176473
1361509576.261,5542.64705882353
1361509576.71,474.9212184873949
1361509576.71,9053.636695906433
1361509577.028,857.693829113924
1361509577.152,716.6341145833334
1361509577.914,194.7265625
1361509589.699,1078.125
1361509576.024,165203.125
1361509577.395,1674.107142857143
1361509577.712,49614.583333333336
1361509577.901,4382.8125
1361509578.153,8054.6875
1361509578.47,11375.0
1361509578.469,6546.875
1361509576.253,120.02388535031847
1361509576.44,197375.0
1361509577.121,12881.25
1361509576.868,1875.0
1361509577.122,1045.2302631578948
1361509577.628,152353.125
1361509578.366,3882.8125
1361509576.422,136890.625
1361509576.422,2034.9264705882356
1361509577.733,76531.25
1361509576.386,19687.5
1361509576.385,491197.9166666667
1361509597.704,6421.875
1361509597.867,7822.916666666667
1361509630.493,13140.625
1361509630.555,9500.0
1361509630.747,6601.5625
1361509630.874,7354.166666666667
1361509630.61,28109.375
1361509630.738,270.1480263157895
1361509630.802,11203.125
1361509630.673,5703.125
1361509630.864,5765.625
1361509629.762,747.8380503144654
1361509630.462,137.7314814814815
1361509630.717,203.515625
1361509630.717,237.6953125
1361509630.646,8712.5
1361509630.18,22625.0
1361509657.601,2156.25
1361509663.669,12312.5
1361509663.669,3166.6666666666665
1361509663.669,3166.6666666666665
1361509663.923,28921.875
1361509664.049,6601.5625
1361509664.112,11953.125
1361509664.239,12718.75
1361509664.239,7875.0
1361509664.239,5960.9375
1361509664.239,7656.25
1361509664.239,6117.1875
1361509664.302,6703.125
1361509663.612,3166.6666666666665
1361509663.676,278.9522058823529
1361509663.997,5703.125
1361509664.06,15421.875
1361509664.123,5765.625
1361509664.187,14578.125
1361509664.122,9570.3125
1361509664.186,5367.1875
1361509664.25,11390.625
1361509664.122,5601.5625
1361509664.185,8500.0
1361509664.185,7078.125
1361509664.185,5492.1875
1361509664.185,6375.0
1361509664.29,12859.375
1361509664.289,6101.5625
1361509664.289,505.20833333333337
1361509664.671,4359.375
1361509663.927,78.01339285714286
1361509666.598,989.123774509804
1361509663.59,125.41666666666667
1361509664.094,536.1258865248227
1361509649.189,17328.125
1361509671.596,5109.375
1361509663.663,7912.291666666666
1361509663.663,1410.0
1361509663.663,2330.416666666667
1361509663.663,99.83221476510066
1361509663.662,297.1875
1361509663.662,1629.1666666666667
1361509671.854,15312.5
1361509671.98,7765.625
1361509672.107,12750.0
1361509664.043,113.28125
1361509672.107,7859.375
1361509664.17,142.6056338028169
1361509664.234,72.2517730496454
1361509664.233,65.27039007092199
1361509664.297,67.41071428571428
1361509664.359,149.23007246376812
1361509664.423,78.23822463768116
1361509672.551,2963.5416666666665
1361509664.487,78.80930656934306
1361509672.614,19671.875
1361509672.677,8056.25
1361509664.613,69.3287037037037
1361509664.613,2479.62962962963
1361509672.995,12460.9375
1361509672.994,13312.5
1361509672.994,8302.083333333334
1361509673.186,4210.9375
1361509673.249,15109.375
1361509673.926,23875.0
1361509662.976,1533.984375
1361509671.425,16312.01171875
1361509671.489,238.09523809523807
1361509671.484,238.09523809523807
1361509663.608,286.5625
1361509663.608,1583.0208333333333
1361509663.608,161.5625
1361509663.608,3145.208333333333
1361509671.802,15812.5
1361509671.929,13031.25
1361509663.992,148.60139860139859
1361509671.928,13031.25
1361509663.991,237.6953125
1361509664.055,153.29982517482517
1361509664.183,113.14273049645391
1361509664.055,118.55332167832168
1361509672.183,8500.0
1361509664.182,121.7863475177305
1361509664.181,51.52925531914894
1361509672.546,19671.875
1361509672.609,4503.90625
1361509673.244,7781.25
1361509673.244,3421.875
1361509673.112,4210.9375
1361509673.242,7781.25
1361509670.994,5104.779411764705
1361509671.439,238.09523809523807
1361509671.439,237.8472222222222
1361509676.651,5124.147727272727
1361509674.345,6771.634615384615
1361509671.398,2343.065693430657
1361509673.699,1246.5965346534654
1361509671.618,64.35185185185185
1361509671.682,71.41203703703704
1361509671.681,69.44444444444444
1361509679.807,1185.546875
1361509672.316,546.5
1361509680.059,7984.375
1361509664.315,375.5
1361509672.379,438.125
1361509672.57,112.47417355371901
1361509672.57,112.47417355371901
1361509680.313,11406.25
1361509680.313,7726.5625
1361509680.377,11953.125
1361509680.313,7007.8125
1361509680.44,5601.5625
1361509680.44,8500.0
1361509680.499,6085.9375
1361509680.503,5554.6875
1361509680.567,5695.3125
1361509680.567,7289.0625
1361509680.567,4718.75
1361509677.303,226.3962765957447
1361509677.303,961.436170212766
1361509677.303,1179.8537234042553
1361509677.303,904.9202127659574
1361509680.566,8250.0
1361509680.566,3661.4583333333335
1361509680.566,4468.75
1361509677.302,826.7952127659574
1361509677.302,1264.627659574468
1361509680.693,12859.375
1361509673.141,218.60923423423424
1361509673.141,61.796171171171174
1361509677.429,8390.625
1361509680.757,5710.9375
1361509677.557,8390.625
1361509673.263,86.29587155963303
1361509673.331,1399.8579545454545
1361509673.458,77.97897196261682
1361509681.073,4359.375
1361509673.674,236.19538834951456
1361509674.115,314.4736842105263
1361509671.36,1581.0688405797102
1361509671.424,156.0251798561151
1361509671.36,1436.2454379562043
1361509683.003,8390.625
1361509683.13,8390.625
1361509683.002,13460.9375
1361509683.258,8390.625
1361509671.546,69.44444444444444
1361509671.546,80.43981481481481
1361509679.608,12328.125
1361509679.735,9500.0
1361509679.799,14765.625
1361509671.843,657.5721153846154
1361509672.035,313.48425196850394
1361509679.714,9500.0
1361509679.968,14460.9375
1361509672.223,438.125
1361509680.095,6125.0
1361509680.158,9976.5625
1361509680.283,12718.75
1361509680.283,3848.9583333333335
1361509677.147,8390.625
1361509677.147,884.3085106382979
1361509677.147,888.6303191489362
1361509677.147,830.4521276595744
1361509677.147,758.6436170212766
1361509677.147,1097.4069148936169
1361509680.475,12750.0
1361509680.41,9750.0
1361509680.41,7875.0
1361509677.145,13101.5625
1361509677.145,642.2872340425532
1361509677.145,794.2154255319149
1361509680.473,8437.5
1361509680.536,5765.625
1361509672.982,216.23883928571428
1361509672.982,61.796171171171174
1361509672.982,208.33333333333334
1361509673.109,86.29587155963303
1361509673.426,184.19471153846155
1361509673.913,244.36211340206185
1361509674.04,216.11842105263156
1361509671.286,67.40419708029196
1361509671.286,929.5164233576643
1361509671.285,196.33152173913044
1361509671.413,64.35185185185185
1361509663.386,472.4409448818898
1361509663.386,263.16437007874015
1361509663.956,109.73478618421052
1361509679.764,20603.632478632477
1361509679.763,2231.5705128205127
1361509679.759,127.8409090909091
1361509680.332,267.6028481012658
1361509680.332,229.1039156626506
1361509680.391,196.99367088607593
1361509680.584,106.0546875
1361509680.838,127.57120253164558
1361509680.837,127.57120253164558
1361509680.964,97.08567415730337
1361509680.964,2116.89082278481
1361509679.399,1513.0208333333333
1361509679.713,2428.6858974358975
1361509679.777,64.29140127388536
1361509679.713,1611.912393162393
1361509680.259,306.4365671641791
1361509674.046,379.0703781512605
1361509680.556,76.10677083333334
1361509680.682,54.359243697478995
1361509687.127,13154.513888888889
1361509680.077,8943.75
1361509680.393,3309.8958333333335
1361509683.258,38265.625
1361509683.257,38984.375
1361509683.256,34640.625
1361509683.379,133.13045058139537
1361509680.423,16140.625
1361509680.485,9718.75
1361509680.611,6546.875
1361509680.61,15140.625
1361509680.609,3906.25
1361509680.609,261.33144475920676
1361509681.242,91.72453703703704
1361509683.117,29703.125
1361509683.117,46640.625
1361509683.117,43046.875
1361509683.117,37328.125
1361509683.355,2339.786807580175
1361509703.82,19656.25
1361509704.137,12445.3125
1361509704.201,26453.125
1361509704.389,7781.25
1361509704.389,7789.0625
1361509704.96,8036.458333333334
1361509702.842,15194.3359375
1361509702.946,7906.25
1361509703.137,8687.5
1361509703.136,7765.625
1361509703.263,12750.0
1361509703.705,4867.1875
1361509703.832,9980.46875
1361509703.832,19671.875
1361509703.891,9007.8125
1361509704.214,8421.875
1361509704.149,12460.9375
1361509704.277,8421.875
1361509704.277,7585.9375
1361509704.404,3421.875
1361509702.892,5109.375
1361509703.147,7851.5625
1361509703.274,13023.4375
1361509680.131,76531.25
1361509682.295,69589.84375
1361509680.224,10109.375
1361509702.726,2098.0392156862745
1361509704.771,1040.547520661157
1361509703.607,388.4086879432624
1361509703.797,98.61865942028986
1361509704.114,152.37312030075188
1361509704.24,52.76442307692308
1361509704.303,72.91666666666667
1361509704.302,53.1734496124031
1361509712.743,14781.25
1361509712.875,16312.5
1361509713.128,11875.0
1361509713.128,6359.375
1361509713.128,5617.1875
1361509713.128,5960.9375
1361509713.251,4718.75
1361509713.251,5492.1875
1361509713.187,5367.1875
1361509713.254,5968.75
1361509705.252,261.7872807017544
1361509702.795,1294.5106907894738
1361509702.795,61.67763157894736
1361509702.731,3728.896103896104
1361509702.921,57.916666666666664
1361509703.431,278.4090909090909
1361509703.494,385.67341549295776
1361509703.616,97.20982142857143
1361509704.167,185.83015267175574
1361509704.165,272.9567307692308
1361509704.293,1186.1778846153845
1361509704.228,92.29651162790698
1361509704.29,73.486328125
1361509712.482,4750.0
1361509712.482,4750.0
1361509712.545,4750.0
1361509712.545,12312.5
1361509704.545,154.35987903225805
1361509704.672,195.81653225806454
1361509712.799,28109.375
1361509712.99,11953.125
1361509712.99,15453.125
1361509712.99,11406.25
1361509712.862,2365.625
1361509712.989,6380.208333333333
1361509712.989,14015.625
1361509713.053,8500.0
1361509713.053,5765.625
1361509713.18,11390.625
1361509713.18,9750.0
1361509713.18,7875.0
1361509713.18,7734.375
1361509705.116,71.92887931034484
1361509713.115,5679.6875
1361509705.179,1016.4473684210526
1361509713.303,6429.6875
1361509713.175,7289.0625
1361509713.243,8437.5
1361509705.243,218.8882743362832
1361509713.243,4468.75
1361509713.306,6117.1875
1361509702.36,1093.8482704402518
1361509713.943,2179.6875
1361509702.678,60.35539215686275
1361509702.742,61.67763157894736
1361509702.677,48.91748366013072
1361509702.869,57.916666666666664
1361509702.677,832.312091503268
1361509702.741,61.67763157894736
1361509702.741,63.42516447368421
1361509702.741,140.12096774193546
1361509703.06,559.8606418918919
1361509703.292,1342.8758741258741
1361509703.998,132.5792910447761
1361509712.476,11050.502232142857
1361509712.476,2474.3303571428573
1361509712.54,2685.5292792792793
1361509712.54,64.29140127388536
1361509712.983,196.99367088607593
1361509713.238,107.39715189873418
1361509713.428,127.57120253164558
1361509713.745,97.43679775280899
1361509711.792,1471.0090361445782
1361509712.402,2325.613839285714
1361509712.465,2709.037162162162
1361509712.465,2620.0731981981985
1361509712.528,144.65206185567013
1361509712.909,304.46428571428567
1361509712.909,237.6953125
1361509712.908,263.4765625
1361509713.416,124.42129629629629
1361509702.635,691.3807189542483
1361509712.626,45.818236714975846
1361509713.388,94.46747448979592
1361509713.264,62.17948717948718
1361509713.71,1794.451871657754
1361509731.148,4927.083333333333
1361509731.339,15531.25
1361509704.516,213.506711409396
1361509732.084,130.20833333333334
1361509732.084,9500.0
1361509732.083,9500.0
1361509732.146,1050.6114130434783
1361509732.273,313.41911764705884
1361509732.273,7726.5625
1361509732.337,197.38924050632912
1361509732.273,7007.8125
1361509732.273,5703.125
1361509732.4,5765.625
1361509732.464,11359.375
1361509732.464,7875.0
1361509732.528,4468.75
1361509732.463,5492.1875
1361509732.591,12859.375
1361509732.527,107.39715189873418
1361509732.715,127.57120253164558
1361509731.203,4576.264880952382
1361509731.203,1815.1041666666667
1361509731.203,3365.5133928571427
1361509732.034,9500.0
1361509732.161,2179.6875
1361509732.16,28109.375
1361509732.224,5976.5625
1361509732.224,263.8671875
1361509732.224,237.6953125
1361509732.288,9570.3125
1361509732.287,5554.6875
1361509732.351,4250.0
1361509732.351,6359.375
1361509732.351,5617.1875
1361509732.415,9750.0
1361509732.415,4718.75
1361509732.415,8250.0
1361509732.415,6375.0
1361509732.415,7289.0625
1361509732.371,11390.625
1361509732.31,5773.4375
1361509732.437,11390.625
1361509732.564,125.9765625
1361509712.378,113.86138613861387
1361509712.378,129.33168316831683
1361509712.947,506.06187290969893
1361509730.923,4893.787202380952
1361509730.922,16372.95386904762
1361509730.922,6022.507440476191
1361509712.968,64.27083333333333
1361509712.32,49.81435643564357
1361509712.803,173.22466777408638
1361509712.997,74.71026490066225
1361509712.933,56.8561872909699
1361509712.145,14588.541666666666
1361509712.653,102.4247491638796
1361509712.906,126.88758389261746
1361509712.841,41.074414715719065
1361509712.904,48.913043478260875
1361509732.067,2130.1751592356686
1361509732.572,51.59574468085106
1361509734.9,98.36647727272728
1361509731.18,64.29140127388536
1361509741.318,53248.64969135803
1361509730.843,1090.5473602484471
1361509723.296,17328.125
1361509732.532,65.01116071428571
1361509749.233,3083.984375
1361509749.805,8718.970070422536
1361509749.805,3594.4102112676055
1361509749.805,2772.667253521127
1361509749.868,9500.0
1361509749.803,12312.5
1361509749.803,2693.661971830986
1361509749.803,142.16549295774647
1361509749.803,133.58274647887325
1361509749.866,9500.0
1361509750.25,333.0078125
1361509749.929,7390.625
1361509750.376,5617.1875
1361509750.44,105.78893442622952
1361509750.44,139.08811475409834
1361509750.12,8156.25
1361509750.242,238.037109375
1361509750.242,15453.125
1361509750.242,11406.25
1361509750.246,243.65234375
1361509750.246,3942.7083333333335
1361509750.309,277.5297619047619
1361509750.757,176.80921052631578
1361509750.373,6085.9375
1361509750.436,4661.458333333333
1361509750.436,7289.0625
1361509750.436,327.60416666666663
1361509750.412,298.92418032786884
1361509750.476,6703.125
1361509734.475,520.6993569131832
1361509750.477,5695.3125
1361509750.603,11421.875
1361509750.603,209.05172413793102
1361509734.474,729.903536977492
1361509731.648,64.77591036414566
1361509732.032,126.93067528735632
1361509732.031,34.23962093862816
1361509732.413,88.17616959064327
1361509749.73,35630.94190140845
1361509749.73,5439.040492957746
1361509749.73,229.38368055555554
1361509749.73,9500.0
1361509749.729,105.4137323943662
1361509749.793,638.3928571428571
1361509749.984,14054.6875
1361509750.11,5976.5625
1361509750.174,6601.5625
1361509750.174,330.322265625
1361509750.301,6359.375
1361509750.173,6380.208333333333
1361509750.236,5554.6875
1361509750.364,7875.0
1361509750.236,4250.0
1361509750.364,5781.25
1361509750.428,203.8934426229508
1361509750.3,311.4919354838709
1361509750.299,5937.5
1361509750.363,9750.0
1361509750.363,138.31967213114754
1361509750.491,12859.375
1361509750.363,5156.25
1361509750.363,5914.0625
1361509750.363,5773.4375
1361509750.427,138.31967213114754
1361509750.427,8437.5
1361509750.427,6375.0
1361509750.618,173.76077586206898
1361509734.426,522.6085209003215
1361509754.265,5468.75
1361509734.425,654.1398713826367
1361509751.001,169.11764705882354
1361509751.0,6563.725490196078
1361509754.392,7390.625
1361509751.192,2179.6875
1361509754.519,7289.0625
1361509731.0,353.7915512465374
1361509731.743,206.58225574712642
1361509754.237,13571.022727272726
1361509754.237,6797.443181818182
1361509754.237,3376.2784090909095
1361509753.787,23293.26923076923
1361509753.787,20348.023504273508
1361509753.787,16557.55876068376
1361509749.755,263.6160714285714
1361509750.265,1219.2540322580644
1361509750.329,163.67827868852459
1361509755.449,1777.815934065934
1361509754.229,90.19886363636363
1361509754.229,9958.806818181818
1361509754.229,10036.363636363638
1361509754.229,10326.84659090909
1361509753.78,8801.816239316238
1361509753.78,24966.479700854703
1361509753.784,37577.457264957266
1361509754.36,7455.29513888889
1361509749.747,196.65178571428572
1361509756.007,117.55952380952381
1361509756.07,880.0223214285714
1361509756.069,880.0223214285714
1361509756.705,9171.875
1361509760.8,9500.0
1361509757.023,2868.7959558823527
1361509760.863,9500.0
1361509760.989,14054.6875
1361509761.117,6601.5625
1361509761.117,7718.75
1361509761.117,5703.125
1361509761.243,8500.0
1361509761.371,11390.625
1361509761.243,6359.375
1361509761.243,6007.8125
1361509761.37,7875.0
1361509761.37,7289.0625
1361509761.37,5492.1875
1361509761.37,8250.0
1361509761.497,5710.9375
1361509753.752,6741.071428571428
1361509754.308,1854.971590909091
1361509754.306,91.76136363636364
1361509754.369,364.82224770642205
1361509755.513,10468.75
1361509755.513,11471.668956043955
1361509755.513,1836.3667582417581
1361509755.511,96.49725274725274
1361509755.511,11468.23489010989
1361509755.511,2342.3763736263736
1361509755.511,9493.30357142857
1361509755.767,4961.925287356322
1361509756.213,1248.070987654321
1361509755.956,117.55952380952381
1361509756.465,9171.875
1361509760.73,12328.125
1361509760.794,1275.390625
1361509760.92,7390.625
1361509757.016,9210.9375
1361509761.046,5976.5625
1361509761.046,8156.25
1361509761.11,9570.3125
1361509757.27,18406.25
1361509761.173,5914.0625
1361509761.173,5960.9375
1361509761.173,5765.625
1361509761.237,11546.875
1361509761.236,11359.375
1361509761.3,6992.1875
1361509761.3,9750.0
1361509761.3,4468.75
1361509761.299,11875.0
1361509757.587,361.26077586206895
1361509761.362,11937.5
1361509761.425,12859.375
1361509755.438,22395.604395604394
1361509755.438,8755.666208791208
1361509755.438,63679.945054945056
1361509755.436,96.49725274725274
1361509755.5,87.6736111111111
1361509760.333,1382.8125
1361509760.84,64.29140127388536
1361509760.84,2360.2061170212764
1361509760.84,1016.2898936170212
1361509761.094,263.8671875
1361509761.157,240.70411392405063
1361509761.157,197.5870253164557
1361509766.209,4359.375
1361509764.928,99.49712643678161
1361509760.704,137.86764705882354
1361509760.768,2888.2978723404253
1361509760.767,7254.820478723404
1361509761.019,304.46428571428567
1361509761.272,107.39715189873418
1361509761.526,127.57120253164558
1361509761.525,125.9765625
1361509772.194,9500.0
1361509772.193,4660.819575471698
1361509772.193,146.80989583333334
1361509772.447,7765.625
1361509772.506,5976.5625
1361509772.506,7007.8125
1361509772.51,7726.5625
1361509772.573,197.38924050632912
1361509772.572,263.22115384615387
1361509772.636,8500.0
1361509772.572,5554.6875
1361509772.636,11546.875
1361509772.188,9500.0
1361509772.635,6359.375
1361509772.635,6101.5625
1361509772.698,9750.0
1361509772.186,4617.334905660377
1361509772.762,12750.0
1361509772.758,6992.1875
1361509772.758,7734.375
1361509772.825,4286.458333333333
1361509773.016,127.57120253164558
1361509761.487,68.89204545454545
1361509772.327,14781.25
1361509772.327,28921.875
1361509772.434,267.6028481012658
1361509772.434,5703.125
1361509772.498,9570.3125
1361509772.494,234.7608024691358
1361509772.561,5765.625
1361509772.113,6164.0625
1361509772.112,4750.0
1361509772.56,6023.4375
1361509772.112,2532.576650943396
1361509772.112,3370.2830188679245
1361509772.112,1203.7146226415093
1361509772.687,107.39715189873418
1361509772.687,5289.0625
1361509772.687,4468.75
1361509772.686,14578.125
1361509772.682,15750.0
1361509772.682,10984.375
1361509772.746,4067.708333333333
1361509772.686,8437.5
1361509760.717,62773.79637809187
1361509772.94,127.57120253164558
1361509773.067,101.65441176470588
1361509773.13,4359.375
1361509761.348,104.43149717514125
1361509753.927,3306.5200617283954
1361509754.117,117.41394927536231
1361509772.168,54.76051401869159
1361509764.99,2046.4915644171779
1361509778.894,17952.83564814815
1361509772.082,44.319509345794394
1361509772.656,90.16768292682927
1361509772.784,59.72906403940887
1361509771.585,1109.6578054298643
1361509760.574,181.09199438202248
1361509760.574,207.42626404494382
1361509761.019,107.71648044692738
1361509760.478,192.73743016759775
1361509760.913,850.0702247191011
1361509760.472,225.625
1361509760.471,488.60497237569064
1361509760.725,171.5238764044944
1361509760.846,289.67013888888886
1361509760.977,68.99578651685394
1361509761.041,214.84375
1361509760.977,96.045197740113
1361509760.977,15140.625
1361509761.041,82.62711864406779
1361509760.932,127.47175141242938
1361509772.194,12714.84375
1361509800.263,8109.375
1361509800.326,7679.6875
1361509800.386,5554.6875
1361509800.453,12625.0
1361509800.389,9570.3125
1361509800.516,12234.375
1361509800.451,8500.0
1361509800.514,11531.25
1361509800.514,7828.125
1361509800.514,8250.0
1361509800.514,5492.1875
1361509800.514,9750.0
1361509800.514,5890.625
1361509800.513,7242.1875
1361509800.513,4661.458333333333
1361509800.577,11937.5
1361509800.577,8437.5
1361509800.577,6703.125
1361509800.64,12765.625
1361509800.64,6101.5625
1361509802.712,4359.375
1361509799.893,6164.0625
1361509799.957,4750.0
1361509800.083,7343.75
1361509800.147,14460.9375
1361509800.273,5703.125
1361509800.273,7007.8125
1361509800.273,5976.5625
1361509800.337,5914.0625
1361509800.4,11203.125
1361509800.527,10578.125
1361509800.525,10734.375
1361509799.904,4750.0
1361509799.882,4750.0
1361509777.953,194.78581460674158
1361509800.418,196.79588607594937
1361509800.417,263.8671875
1361509800.797,127.57120253164558
1361509799.35,1487.1046686746988
1361509799.989,142.0990566037736
1361509800.307,311.0795454545455
1361509800.37,234.7608024691358
1361509800.559,107.39715189873418
1361509800.749,127.57120253164558
1361509809.447,45466.796875
1361509802.511,92.0877659574468
1361509799.946,110409.46691176471
1361509799.946,63.88449367088607
1361509800.441,41.95115546218487
1361509799.859,75.53137651821862
1361509799.859,75.53137651821862
1361509800.369,316.2918410041841
1361509799.839,63.638663967611336
1361509800.515,35.45168067226891
1361509800.514,63.090861344537814
1361509800.513,52.25840336134454
1361509809.084,53.48557692307692
1361509809.465,116.70918367346938
1361509810.396,1021.460843373494
1361509810.395,565.1355421686746
1361509810.395,1026.1671686746988
1361509810.395,520.7078313253012
1361509799.892,30.301113360323885
1361509799.955,38.55436991869919
1361509811.475,84.28030303030303
1361509811.475,162.87878787878788
1361509800.271,63.21317427385892
1361509800.399,80.80543933054393
1361509800.462,79.17542016806722
1361509800.525,72.28203781512606
1361509800.461,27.113970588235293
1361509808.589,103.1813063063063
1361509800.588,54.81991525423729
1361509800.524,35.45168067226891
1361509809.012,115.234375
1361509809.393,811.0650510204082
1361509810.346,1285.3915662650604
1361509810.342,785.2033132530121
1361509810.342,2328.125
1361509810.342,6564.9472891566265
1361509802.537,1635.5182926829268
1361509810.343,830.9487951807229
1361509799.845,180.414979757085
1361509799.907,91.39989837398375
1361509811.725,79731.55737704919
1361509803.987,97.12009803921569
1361509808.298,2507.0968511450383
1361509809.985,6510.127314814815
1361509808.571,11938.368055555555
1361509809.873,4924.515845070423
1361509809.874,7819.762323943662
1361509810.764,789.2117834394905
1361509813.894,33187.5
1361509814.336,3385.838963963964
1361509815.27,92.03296703296704
1361509815.265,227.23599137931032
1361509815.333,1838.5416666666667
1361509813.737,27476.5625
1361509814.353,383796.875
1361509814.351,512687.5
1361509815.238,8281.25
1361509815.172,9765.625
1361509821.417,10750.0
1361509822.198,11171.875
1361509809.083,7825.130662020906
1361509809.082,11501.034407665506
1361509822.088,50802.48679577465
1361509867.486,2156.25
1361509843.605,293.1701030927835
1361509843.711,4833.333333333333
1361509843.517,102.70700636942675
1361509810.343,5340.81457925636
1361509847.175,16913.184523809523
1361509825.688,66468.71399769586
1361509875.779,383453.125
1361509875.941,979.9601800554017
1361509875.941,543.2392659279778
1361509875.941,760.6042243767313
1361509875.941,76151.04166666667
1361509875.941,117515.625
1361509876.851,547.2212603878116
1361509876.851,743.1613573407202
1361509876.851,164031.25
1361509876.851,190546.875
1361509876.851,126984.375
1361509892.745,76.78571428571429
1361509899.863,603.9930555555557
1361509931.019,9500.0
1361509931.146,9500.0
1361509931.46,15343.75
1361509931.456,11953.125
1361509931.328,28109.375
1361509931.523,4250.0
1361509931.523,5976.5625
1361509931.459,11406.25
1361509931.459,5890.625
1361509931.715,14578.125
1361509931.715,15750.0
1361509931.651,12171.875
1361509931.715,6296.875
1361509931.779,29500.0
1361509931.779,12046.875
1361509931.779,54218.75
1361509930.942,12312.5
1361509931.133,14687.5
1361509931.324,2365.625
1361509931.066,9500.0
1361509931.449,5773.4375
1361509931.449,6359.375
1361509931.192,8109.375
1361509931.576,11390.625
1361509931.264,10984.375
1361509931.264,7078.125
1361509931.264,7734.375
1361509931.264,6375.0
1361509931.008,13203.125
1361509931.008,6380.208333333333
1361509931.072,5601.5625
1361509931.2,11562.5
1361509931.2,9750.0
1361509931.264,8437.5
1361509911.483,70406.25
1361509911.377,26557.291666666668
1361509911.372,46375.0
1361509911.372,29369.791666666668
1361509931.478,11429.6875
1361509932.539,3554.6875
1361509932.539,21500.0
1361509932.665,18828.125
1361509932.089,3138.0208333333335
1361509932.153,121.42319277108433
1361509932.724,96.70138888888889
1361509931.087,729.5673076923077
1361509931.151,2903.237951807229
1361509931.023,9934.926470588236
1361509931.15,4377.635542168675
1361509931.15,3117.8463855421687
1361509931.531,276.7857142857143
1361509931.467,197.5870253164557
1361509931.85,14546.875
1361509931.977,127.57120253164558
1361509932.1,181.19517543859646
1361509932.103,10105.46875
1361509932.842,2179.6875
1361509931.015,2711.408132530121
1361509931.331,267.6028481012658
1361509931.395,181.46658415841586
1361509931.01,3772.3214285714284
1361509931.074,138.3495145631068
1361509931.648,107.39715189873418
1361509931.408,198.77049180327867
1361509931.28,290.9226190476191
1361509916.002,29078.125
1361509932.82,2130.374203821656
1361509930.601,1475.2286585365855
1361509944.037,6730.46875
1361509944.228,8390.625
1361509931.056,64.29140127388536
1361509943.983,4195.3125
1361509944.286,8390.625
1361509931.346,223.63983812949638
1361509931.733,40.153952205882355
1361509931.6,282.2764598540146
1361509943.184,3198.7567204301076
1361509932.03,3131.9054307116107
1361509931.951,569.5283457249071
1361509932.077,299.8010299625468
1361509948.78,14823.384831460673
1361509948.78,143.17602040816328
1361509948.776,2362.3595505617977
1361509948.776,5123.946629213483
1361509948.776,9500.0
1361509948.839,9500.0
1361509933.347,188.95495951417004
1361509949.478,273.23717948717945
1361509949.478,267.6028481012658
1361509949.478,7007.8125
1361509949.477,4250.0
1361509949.541,197.19145569620252
1361509949.605,6359.375
1361509949.54,9570.3125
1361509949.668,3812.5
1361509949.604,5937.5
1361509949.732,4661.458333333333
1361509949.731,7289.0625
1361509949.795,9414.0625
1361509949.663,3848.9583333333335
1361509949.791,6375.0
1361509949.795,11156.25
1361509949.795,3526.0416666666665
1361509949.731,5695.3125
1361509949.73,9750.0
1361509949.794,8250.0
1361509950.049,127.57120253164558
1361509949.985,127.57120253164558
1361509950.367,2179.6875
1361509944.001,567.1875
1361509944.001,453.125
1361509944.001,418.75
1361509944.001,549.609375
1361509944.001,368.75
1361509944.001,134.5703125
1361509931.579,73.9051094890511
1361509931.451,61.53759057971014
1361509931.707,58.65119485294118
1361509931.707,49.17279411764706
1361509931.707,31.364468864468865
1361509931.706,75.7123161764706
1361509931.706,26.711856617647058
1361509948.727,3581.2851123595506
1361509948.727,1580.7291666666667
1361509948.791,9500.0
1361509948.726,4127.457865168539
1361509948.726,5532.303370786517
1361509948.853,4927.083333333333
1361509948.98,14460.9375
1361509949.039,16312.5
1361509949.086,5976.5625
1361509933.277,659.5394736842105
1361509949.399,7726.5625
1361509949.463,3942.7083333333335
1361509949.403,28023.4375
1361509949.403,5703.125
1361509949.403,15156.25
1361509949.467,14953.125
1361509949.595,5601.5625
1361509949.594,3713.5416666666665
1361509949.658,7875.0
1361509949.722,107.39715189873418
1361509949.722,4468.75
1361509949.722,5898.4375
1361509949.721,8437.5
1361509949.785,3554.6875
1361509949.785,6429.6875
1361509949.849,3807.2916666666665
1361509949.848,9414.0625
1361509950.099,104.2921686746988
1361509943.952,499.0234375
1361509943.952,473.6328125
1361509943.952,568.359375
1361509943.952,427.1484375
1361509944.144,198.05194805194807
1361509930.82,111.5909090909091
1361509930.788,145.15398550724638
1361509930.66,147.2571942446043
1361509931.224,354.10943223443223
1361509932.252,112.47702205882352
1361509931.598,147.95081967213113
1361509931.598,124.09090909090908
1361509931.51,79.14772727272727
1361509950.198,2116.7919303797466
1361509948.749,64.29140127388536
1361509948.362,1520.6404320987654
1361509949.487,168.14793577981652
1361509949.815,73.3125
1361509949.942,52.16733870967742
1361509949.553,40.82262845849802
1361509949.251,326117.1875
1361509949.208,76531.25
1361509949.336,5054.6875
1361509949.871,16234.375
1361509949.998,79234.375
1361509949.997,19437.5
1361509950.125,9890.625
1361509950.188,7812.5
1361509950.123,9375.0
1361509951.118,153093.75
1361509949.089,6781.25
1361509949.406,11726.5625
1361509949.888,4431.25
1361509949.951,75093.75
1361509950.014,7570.3125
1361509950.014,6546.875
1361509950.078,11750.0
1361509951.006,30671.875
1361509974.328,7708.333333333333
1361509974.519,2457.03125
1361509972.868,3126.7361111111113
1361509972.995,14155.29336734694
1361509974.082,162.22993827160496
1361509974.082,129.05092592592592
1361509974.082,167.96875
1361509974.785,176.11882716049382
1361509972.479,4982.122747747748
1361509972.862,3685.8149509803925
1361509972.99,2611.926020408163
1361509972.99,2612.5637755102043
1361509978.415,317479.75852272724
1361509986.96,33750.0
1361509982.479,153.3462389380531
1361510008.795,2156.25
1361510005.401,9582.03125
1361510005.843,8687.5
1361510006.611,6005.208333333333
1361510006.546,9835.9375
1361510006.866,12460.9375
1361510006.865,12460.9375
1361510007.163,5187.5
1361510010.423,7851.5625
1361510010.422,15812.5
1361510010.55,15421.875
1361510010.674,8583.333333333334
1361510010.928,2979.1666666666665
1361510011.055,4480.46875
1361510011.055,8960.9375
1361510011.119,3260.4166666666665
1361510011.246,9906.25
1361510011.246,9906.25
1361510011.374,11390.625
1361510011.438,13687.5
1361510011.502,3421.875
1361510011.374,4210.9375
1361510011.502,2807.2916666666665
1361510011.501,5187.5
1361510011.692,7781.25
1361510005.46,5468.75
1361510005.65,7906.25
1361510005.841,5239.583333333333
1361510005.84,5229.166666666667
1361509993.488,37383.180147058825
1361510006.031,12750.0
1361510006.031,13015.625
1361510006.349,2963.5416666666665
1361510006.412,9835.9375
1361510006.604,9007.8125
1361510006.92,2807.2916666666665
1361510010.248,10937.5
1361510007.048,7585.9375
1361510007.176,2281.25
1361510010.502,12984.375
1361510010.437,13031.25
1361510010.501,7812.5
1361510010.539,8739.583333333334
1361510010.858,9781.25
1361510010.794,2222.65625
1361510010.858,2979.1666666666665
1361510010.921,19578.125
1361510011.048,3260.4166666666665
1361510011.176,12460.9375
1361510011.24,9765.625
1361510011.304,7585.9375
1361510011.368,10968.75
1361510011.619,3921.875
1361510012.154,4281.25
1361510012.71,14921.875
1361510012.774,31378.90625
1361510005.408,1598.7261146496817
1361510005.454,88.30645161290322
1361510005.453,88.30645161290322
1361510006.024,1299.9614197530864
1361510010.178,8930.6640625
1361510013.321,825.8522727272726
1361510005.445,2220.269097222222
1361510011.651,4070.7236842105267
1361510010.874,72.04433497536945
1361510008.055,1013.2113821138211
1361510005.019,68.32627118644068
1361510005.082,1189.0943877551022
1361510005.529,1200.7839721254356
1361510005.529,64.40548780487805
1361510005.529,55.42247386759582
1361510005.529,65.33101045296168
1361510025.176,2179.6875
1361510005.719,474.6919014084507
1361510005.911,174.48843416370107
1361510005.91,174.48843416370107
1361510006.229,387.63537906137185
1361510006.993,178.97727272727275
1361510007.184,62.26053639846743
1361510006.992,130.08996212121212
1361510007.247,58.29326923076923
1361510006.991,26.081273764258555
1361510007.246,110.69711538461539
1361510007.246,34.85576923076923
1361510008.12,232.46951219512195
1361510011.634,57.837041884816756
1361510023.852,5703.125
1361510023.852,6601.5625
1361510024.044,12625.0
1361510024.044,5960.9375
1361510024.107,6117.1875
1361510024.107,5773.4375
1361510024.107,5968.75
1361510024.107,5289.0625
1361510024.107,702.5240384615385
1361510024.235,6382.8125
1361510023.403,1354.9107142857142
1361510023.467,4750.0
1361510023.531,7343.75
1361510023.91,6380.208333333333
1361510024.106,4661.458333333333
1361510024.106,5851.5625
1361510024.106,7242.1875
1361510024.17,8437.5
1361510024.298,527.1739130434783
1361510005.067,25.59726962457338
1361510005.259,97.73706896551725
1361510005.387,568.1423611111112
1361510005.446,65.33101045296168
1361510005.446,1241.7247386759582
1361510005.45,69.57752613240419
1361510005.64,911.0915492957746
1361510006.277,390.45454545454544
1361510006.277,182.4247262773723
1361510007.041,35.901717557251914
1361510006.913,252.0123106060606
1361510006.913,42.25852272727273
1361510023.322,6171.875
1361510023.322,4750.0
1361510023.386,4750.0
1361510023.578,7718.75
1361510023.642,28921.875
1361510023.769,7679.6875
1361510023.769,5976.5625
1361510023.961,8500.0
1361510024.025,7828.125
1361510023.961,12015.625
1361510024.089,6703.125
1361510024.024,6171.875
1361510024.024,5156.25
1361510024.216,11390.625
1361510006.694,148.84259259259258
1361510005.959,732.9343971631206
1361510006.662,323.9737084870848
1361510008.413,203.23988970588235
1361510008.413,165.43367346938774
1361510005.753,77.45774021352312
1361509719.882,193397.0939490446
1361510025.078,2130.1751592356686
1361510023.434,3020.0352822580644
1361510023.434,5338.079637096774
1361510023.433,2610.509072580645
1361510023.881,196.99367088607593
1361510022.985,1119.8529411764705
1361510023.432,123.35526315789473
1361510024.456,127.57120253164558
1361510023.88,260.9953703703703
1361510023.88,192.92763157894737
1361510025.027,101.83823529411765
1361510022.809,1142.3295454545455
1361510022.937,6710.661764705883
1361510023.385,1664.4405241935485
1361510023.385,116.52260638297872
1361510023.385,13045.488911290322
1361510023.385,64.29140127388536
1361510023.941,304.46428571428567
1361510024.132,107.39715189873418
1361510024.324,125.9765625
1361510024.392,76531.25
1361510024.519,10109.375
1361510024.144,106390.625
1361510024.328,10914.0625
1361510024.391,5875.0
1361510024.455,7812.5
1361510024.645,44239.583333333336
1361510023.748,4230.46875
1361510024.818,129059.89583333334
1361510023.766,8070.3125
1361510023.893,19437.5
1361510023.926,19781.25
1361510023.93,6546.875
1361510023.323,39083.680555555555
1361510028.188,169.1310975609756
1361510025.237,62078.125
1361510025.285,2960.9375
1361510055.792,4484.375
1361509755.598,73272.89870689655
1361510061.71,94.62780898876404
1361510082.737,8390.625
1361510082.862,2796.875
1361510082.989,8390.625
1361510082.685,13460.9375
1361510090.859,5109.375
1361510091.303,15625.0
1361510091.366,8468.75
1361510091.43,8921.875
1361510091.683,3234.375
1361510084.706,22785.653409090908
1361510090.98,7859.375
1361510091.107,13390.625
1361510091.234,7804.6875
1361510091.676,19578.125
1361510091.93,19578.125
1361510092.308,8421.875
1361510092.307,12460.9375
1361510092.433,7789.0625
1361510092.496,2281.25
1361510092.559,7781.25
1361510090.799,1438.9204545454545
1361510090.799,17345.703125
1361510090.862,91.59482758620689
1361510091.941,4480.46875
1361510092.13,12460.9375
1361510092.383,15140.625
1361510092.383,8421.875
1361510098.692,2156.25
1361510090.817,91.59482758620689
1361510091.302,3631.4144736842104
1361510091.748,3746.875
1361510090.423,58.26130319148936
1361510091.605,160.1808176100629
1361510090.413,924.6176861702128
1361510082.713,69859.375
1361510082.88,28234.375
1361510082.88,36468.75
1361510082.88,45937.5
1361510082.879,44781.25
1361510082.879,48375.0
1361510082.879,33531.25
1361510082.943,12500.0
1361510082.775,50546.875
1361510082.775,38390.625
1361510082.775,35296.875
1361510082.775,32406.25
1361510082.774,119.79166666666667
1361510082.774,38531.25
1361510082.9,216.6748046875
1361510102.507,4079.25
1361510091.278,64037.49999999999
1361510092.031,26140.625
1361510091.303,4433.238636363637
1361510092.004,3244.3181818181815
1361510092.473,8667.96875
1361510092.785,7625.0
1361510092.768,7609.375
1361510090.962,4414.0625
1361510090.96,2511.71875
1361510090.96,3348.9583333333335
1361510091.024,5744.791666666667
1361510091.279,16083.333333333332
1361510092.395,5171.875
1361510092.394,23625.0
1361510092.495,11093.75
1361510092.682,1515.625
1361510090.852,165062.5
1361510090.852,3348.9583333333335
1361510090.851,58286.458333333336
1361510090.914,40734.375
1361510091.169,21644.53125
1361510091.168,9621.52777777778
1361510091.168,24156.25
1361510091.549,26484.375
1361510092.939,1565.625
1361510093.382,29046.875
1361509820.668,337875.0
1361509815.036,199381.34765625
1361510112.457,76.953125
1361510121.698,2625.0
1361510121.698,4484.375
1361510110.495,24079.196428571428
1361510108.652,309.69427244582045
1361510132.75,8389.476102941177
1361510132.75,1438.9204545454545
1361510132.813,5468.75
1361510132.813,91.59482758620689
1361510133.066,15531.25
1361510133.32,15703.125
1361510133.319,13031.25
1361510133.761,9007.8125
1361510133.764,19656.25
1361510134.083,4210.9375
1361510134.21,7781.25
1361510134.4,3421.875
1361510134.4,5187.5
1361510132.756,91.59482758620689
1361510132.947,15812.5
1361510133.01,13031.25
1361510133.074,8500.0
1361510133.197,15703.125
1361510133.327,12750.0
1361510133.263,3760.5263157894738
1361510133.503,3255.2083333333335
1361510133.566,9828.125
1361510133.819,4500.0
1361510134.011,15140.625
1361510133.818,8312.5
1361510134.074,12460.9375
1361510134.2,4210.9375
1361510134.136,6843.75
1361510134.262,15140.625
1361509834.386,120542.8036971831
1361510142.54,9843.75
1361510142.73,19656.25
1361510142.898,7604.166666666667
1361510143.088,4210.9375
1361510143.088,15101.5625
1361510143.088,7570.3125
1361510143.279,7632.8125
1361510143.215,2645.8333333333335
1361510143.342,7781.25
1361510143.405,7539.0625
1361510141.96,94.86607142857143
1361510141.96,94.86607142857143
1361510141.958,5468.75
1361510142.596,4503.90625
1361510142.723,4500.0
1361510143.168,3421.875
1361510143.167,7781.25
1361510143.164,4210.9375
1361510143.291,5192.708333333333
1361510133.562,166.78659539473685
1361510132.338,1141.858552631579
1361510132.773,2415.560787671233
1361510132.773,2239.116379310345
1361510132.773,104.0948275862069
1361510132.773,120.38590604026845
1361510132.773,120.21683673469389
1361510133.311,1185.9375
1361510134.011,340.3942953020134
1361510133.217,4344.3877551020405
1361510132.847,104.0948275862069
1361510132.847,187.2874149659864
1361510132.847,112.69263698630137
1361510132.847,110.11904761904762
1361510133.162,660.0215517241379
1361510134.111,483.05457746478874
1361510134.724,185.37414965986395
1361510134.728,214.61693548387098
1361510132.824,194.39655172413794
1361510132.824,1116.9181034482758
1361510133.077,1092.5807823129253
1361510133.203,583.6588541666666
1361510133.458,1113.090034965035
1361510133.56,53328.125
1361510134.004,582.9741379310344
1361510134.067,3421.875
1361510133.996,91.36284722222223
1361510135.016,387.41134751773046
1361510150.917,17014.02559055118
1361510143.302,46453.125
1361510168.82,4927.083333333333
1361510169.01,7765.625
1361510169.074,7726.5625
1361510169.074,6601.5625
1361510169.074,5703.125
1361510169.137,6380.208333333333
1361510169.132,4250.0
1361510169.263,6171.875
1361510169.326,5289.0625
1361510169.389,5968.75
1361510169.453,9750.0
1361510169.452,7875.0
1361510169.452,4661.458333333333
1361510169.516,6703.125
1361510169.831,19328.125
1361510170.378,3554.6875
1361510170.759,4359.375
1361510168.639,9500.0
1361510168.893,14054.6875
1361510169.016,11953.125
1361510169.147,5367.1875
1361510169.147,6359.375
1361510169.123,6007.8125
1361510169.186,5554.6875
1361510169.249,11359.375
1361510169.375,7289.0625
1361510169.375,5500.0
1361510169.375,5898.4375
1361510169.438,8437.5
1361510169.501,5695.3125
1361510169.501,6429.6875
1361510158.998,13373.4375
1361510168.563,9500.0
1361510168.563,9500.0
1361510168.563,12343.75
1361510150.607,17343.75
1361510168.666,182.33816964285714
1361510168.73,169.48198198198196
1361510168.73,143.01801801801804
1361510169.305,758.2720588235294
1361510169.497,110.3219696969697
1361510170.265,8240.122126436783
1361510169.174,173.828125
1361510168.801,53.899082568807344
1361510168.99,168.48466981132077
1361510169.054,209.07738095238096
1361510169.053,155.35714285714286
1361510169.117,162.35119047619048
1361510169.117,204.32692307692307
1361510169.116,157.56425233644862
1361510177.179,19671.875
1361510177.243,4503.90625
1361510169.431,72.65625
1361510169.431,92.96085858585859
1361510169.495,186.06505102040816
1361510169.557,322.32603092783506
1361510177.493,8307.291666666666
1361510169.621,125.0
1361510177.744,7781.25
1361510177.746,15109.375
1361510177.746,7781.25
1361510170.126,909.6235795454546
1361510170.126,1756.7471590909092
1361510167.922,2052.638319672131
1361510171.185,443.88204225352115
1361510175.729,2625.0
1361510176.239,15312.5
1361510176.238,10937.5
1361510168.622,3753.519144144144
1361510168.622,2199.887387387387
1361510168.621,67.4268018018018
1361510168.621,85793.6373873874
1361510168.621,200.89285714285714
1361510168.621,85.44481981981981
1361510168.621,252.1114864864865
1361510176.492,12750.0
1361510176.684,12750.0
1361510169.045,226.27314814814815
1361510176.917,2230.46875
1361510169.045,88.74393203883494
1361510169.108,334.49635922330094
1361510177.107,19656.25
1361510177.169,4503.90625
1361510169.359,102.9040404040404
1361510169.359,124.375
1361510169.359,208.01767676767676
1361510169.422,95.32828282828284
1361510177.485,12460.9375
1361510177.547,8421.875
1361510169.611,112.46744791666667
1361510177.547,8421.875
1361510169.675,113.65131578947368
1361510177.737,2281.25
1361510170.628,109.77056962025317
1361510170.626,4233.583860759493
1361510171.118,2167.693661971831
1361510168.552,2812.0777027027025
1361510168.552,1562.7815315315315
1361510168.551,5661.0360360360355
1361510168.551,52.78716216216216
1361510168.551,90.93468468468468
1361510176.294,8687.5
1361510176.358,13031.25
1361510176.294,15812.5
1361510176.549,15718.75
1361510176.357,15531.25
1361510176.862,375.1070205479452
1361510176.984,95.17045454545455
1361510177.052,95.8406690140845
1361510185.687,9500.0
1361510185.687,9500.0
1361510185.687,1185.546875
1361510185.813,7390.625
1361510185.94,11953.125
1361510185.94,16312.5
1361510177.62,182.44830827067668
1361510185.94,15453.125
1361510185.94,5703.125
1361510186.067,5914.0625
1361510185.939,9570.3125
1361510186.067,5781.25
1361510177.746,51.96496212121212
1361510186.002,10734.375
1361510177.618,173.8721804511278
1361510186.001,2833.3333333333335
1361510186.001,4239.583333333333
1361510186.065,5710.9375
1361510186.188,10984.375
1361510186.188,14578.125
1361510186.188,10578.125
1361510186.188,11875.0
1361510177.934,65.185546875
1361510177.934,73.486328125
1361510178.493,251.05042016806723
1361510187.13,4468.75
1361510176.178,60.483870967741936
1361510176.114,15191.27155172414
1361510176.114,137.4604430379747
1361510176.114,61.798878205128204
1361510176.177,101.01744186046511
1361510176.432,639.2798013245033
1361510176.684,464.71088435374145
1361510184.936,6171.875
1361510176.811,375.1070205479452
1361510185.617,9500.0
1361510185.617,15296.875
1361510185.744,28109.375
1361510185.872,14015.625
1361510186.062,9750.0
1361510177.55,182.56578947368422
1361510185.934,3755.2083333333335
1361510186.062,7875.0
1361510186.125,11937.5
1361510186.125,7734.375
1361510185.997,5554.6875
1361510186.061,4661.458333333333
1361510186.188,12859.375
1361510186.124,8437.5
1361510186.188,6101.5625
1361510177.676,51.96496212121212
1361510177.803,64.55910852713178
1361510177.867,73.486328125
1361510187.298,1453.125
1361510175.778,84.9609375
1361510175.842,1237.5196540880504
1361510175.585,1080.5214723926379
1361510176.032,1463.721264367816
1361510176.032,1128.8813694267517
1361510176.031,59.19471153846153
1361510176.095,70.06048387096773
1361510176.03,69.6113782051282
1361510176.093,109.375
1361510176.477,267.1979865771812
1361510176.477,267.1979865771812
1361510175.951,2006.25
1361510179.145,1144.6022727272727
1361510185.667,2081.676136363636
1361510185.667,1838.3049242424242
1361510185.667,2383.6410984848485
1361510185.667,64.29140127388536
1361510185.856,267.6028481012658
1361510186.363,127.57120253164558
1361510184.341,1464.340490797546
1361510185.595,130.78703703703704
1361510185.595,1349.905303030303
1361510185.595,2168.560606060606
1361510185.53,4834.703947368421
1361510185.784,293.30357142857144
1361510185.847,197.38924050632912
1361510189.879,13460.9375
1361510185.847,179.6875
1361510186.1,107.39715189873418
1361510189.875,8390.625
1361510190.065,8390.625
1361510190.128,4195.3125
1361510186.288,125.9765625
1361510187.147,109.57278481012658
1361510176.456,661.1960431654677
1361510175.956,101.23546511627907
1361510175.863,587.7786624203821
1361510187.244,2116.7919303797466
1361510186.245,51.59574468085106
1361510177.221,457.7132936507937
1361510177.285,213.07963709677418
1361510177.903,296.875
1361510186.103,46.2484335839599
1361510194.037,31192.927631578947
1361510186.483,10109.375
1361510185.65,21734.375
1361510185.776,16171.875
1361510185.839,32714.84375
1361510185.966,15140.625
1361510186.029,7812.5
1361510185.964,19781.25
1361510187.232,2960.9375
1361510185.438,16921.875
1361510185.751,9718.75
1361510186.068,17188.020833333332
1361510189.11,20324.776785714286
1361510189.835,30843.75
1361510189.835,38125.0
1361510189.835,37796.875
1361510189.835,39890.625
1361510189.834,38265.625
1361510189.834,31218.75
1361510189.834,36171.875
1361510189.834,30593.75
1361510189.834,39968.75
1361510189.833,33953.125
1361510189.96,7218.75
1361510189.726,40484.375
1361510189.726,40468.75
1361510189.726,8937.5
1361510189.723,47140.625
1361510189.723,35640.625
1361510189.723,33125.0
1361510189.723,32234.375
1361510189.723,46250.0
1361510206.191,42099.14434523809
1361510193.69,17312.5
1361510217.021,12293.9453125
1361510241.037,7007.8125
1361510241.037,5976.5625
1361510241.037,5703.125
1361510241.1,6380.208333333333
1361510241.164,4250.0
1361510241.163,3703.125
1361510241.163,5601.5625
1361510241.227,2287.109375
1361510241.226,7875.0
1361510241.417,6375.0
1361510241.417,5765.625
1361510241.417,5289.0625
1361510241.417,8250.0
1361510241.417,6429.6875
1361510241.543,5710.9375
1361510241.539,4041.666666666667
1361510239.84,13156.25
1361510239.839,451.63690476190476
1361510240.858,7390.625
1361510240.985,7765.625
1361510240.985,7726.5625
1361510241.112,6359.375
1361510241.176,10734.375
1361510241.175,5492.1875
1361510241.235,4468.75
1361510241.171,7289.0625
1361510241.366,7078.125
1361510241.366,6085.9375
1361510241.365,3554.6875
1361510230.517,9409.1796875
1361510240.793,29492.1875
1361510240.792,14054.6875
1361510241.008,306.4365671641791
1361510241.007,194.921875
1361510241.196,106.0546875
1361510241.512,127.57120253164558
1361510246.111,1563.2716049382716
1361510246.178,99.609375
1361510246.369,15812.5
1361510246.432,6515.625
1361510246.368,7765.625
1361510246.685,8500.0
1361510247.238,9835.9375
1361510247.557,8302.083333333334
1361510247.364,9980.46875
1361510247.62,13226.5625
1361510239.235,1460.9848484848485
1361510247.618,8312.5
1361510247.81,4210.9375
1361510247.937,2281.25
1361510239.744,8257.8125
1361510239.808,3884.007352941176
1361510239.807,3682.169117647059
1361510239.807,2920.955882352941
1361510239.806,149.3421052631579
1361510248.638,49203.125
1361510241.018,199.21875
1361510241.589,127.57120253164558
1361510246.047,19552.083333333332
1361510246.114,10937.5
1361510246.112,99.609375
1361510246.366,6515.625
1361510246.301,15312.5
1361510246.557,15718.75
1361510246.428,8494.791666666666
1361510247.129,4445.3125
1361510247.128,9828.125
1361510247.256,4503.90625
1361510247.702,4210.9375
1361510247.829,5187.5
1361510247.893,5187.5
1361510247.764,7570.3125
1361510239.763,2693.198529411765
1361510239.763,64.29140127388536
1361510239.762,2679.779411764706
1361510240.888,264.2578125
1361510225.926,163.47287735849056
1361510246.906,804.6875
1361510247.224,86.68391719745223
1361510247.159,86.68391719745223
1361510248.348,120.3812893081761
1361510245.712,1011.9642857142857
1361510240.172,17328.125
1361510240.065,1067.3272357723579
1361510239.687,210.78228476821192
1361510239.92,9838.541666666666
1361510239.514,136.16071428571428
1361509958.01,333082.8947368421
1361510241.496,4585.9375
1361510241.56,8790.354330708662
1361510241.066,1170.673076923077
1361510240.918,18500.0
1361510240.918,50526.041666666664
1361510240.917,379.6073717948718
1361510241.17,15140.625
1361510246.477,320187.5
1361510245.992,86093.75
1361510245.99,4260.416666666667
1361510245.99,8828.125
1361510246.307,14432.291666666666
1361510246.92,53953.125
1361510247.742,25411.458333333332
1361510247.613,23453.125
1361510247.612,6046.875
1361510247.735,7625.0
1361510248.312,7822.916666666667
1361510245.891,2854.1666666666665
1361510245.886,165062.5
1361510245.886,2140.625
1361510245.886,2511.71875
1361510246.516,9320.3125
1361510246.77,53328.125
1361510247.641,8593.75
1361510247.513,11156.25
1361510247.576,8593.75
1361510263.747,9134.982638888889
1361510249.163,82479.16666666667
1361510248.896,14531.25
1361510282.001,15171.875
1361510282.0,5192.708333333333
1361510278.99,16741.826923076926
1361510279.096,10937.5
1361510280.173,5270.833333333333
1361510280.363,6511.71875
1361510280.363,6515.625
1361510281.126,4445.3125
1361510281.189,9835.9375
1361510281.424,4503.90625
1361510281.736,11406.25
1361510281.859,8421.875
1361510281.987,3421.875
1361510270.657,4715.6613372093025
1361510280.095,5104.166666666667
1361510280.159,7765.625
1361510280.285,6371.09375
1361510278.664,1150.662251655629
1361510279.107,99.609375
1361510281.056,86.68391719745223
1361510278.529,62.9177807486631
1361510278.906,1544.2073170731708
1361510279.037,99.609375
1361510280.668,785.9738372093024
1361510267.853,17359.375
1361510279.371,159218.75
1361510279.456,1698.5518292682925
1361510278.902,7890.625
1361510278.837,39835.9375
1361510278.901,2214.6139705882356
1361510278.9,1906.25
1361510280.532,50359.375
1361510278.753,173890.625
1361510278.753,10953.125
1361510278.816,2541.6666666666665
1361510278.814,1906.25
1361510281.38,38296.875
1361510281.569,8460.9375
1361510281.633,26664.0625
1361510281.633,52210.9375
1361510307.621,10937.5
1361510307.685,7851.5625
1361510307.635,7804.6875
1361510307.635,7718.75
1361510281.358,599640.625
1361510281.798,108.66983372921615
1361510280.897,21854.166666666668
1361510281.69,103.10273159144893
1361510282.002,1445.8333333333333
1361510309.01,2281.25
1361510309.137,5187.5
1361510309.137,5026.041666666667
1361510309.2,7789.0625
1361510308.11,834.4907407407406
1361510308.235,7812.5
1361510308.361,19578.125
1361510308.361,8739.583333333334
1361510308.424,19578.125
1361510308.551,4480.46875
1361510308.799,15125.0
1361510308.926,15140.625
1361510308.862,4210.9375
1361510315.808,10937.5
1361510307.487,994.873046875
1361510307.487,15578.125
1361510307.487,238.09523809523807
1361510307.486,237.8472222222222
1361510307.614,67.87109375
1361510307.867,12984.375
1361510309.082,5088.541666666667
1361510308.225,2963.5416666666665
1361510308.416,5973.958333333333
1361510308.604,8312.5
1361510308.853,2807.2916666666665
1361510308.916,3968.75
1361510308.915,5187.5
1361510307.544,67.87109375
1361510307.735,8739.583333333334
1361510307.798,13390.625
1361510316.989,2614.5833333333335
1361510317.116,4210.9375
1361510317.116,15109.375
1361510315.964,7718.75
1361510316.025,8828.125
1361510316.089,15625.0
1361510316.088,8927.083333333334
1361510316.151,20359.375
1361510316.339,23921.875
1361510316.591,9906.25
1361510316.655,4476.5625
1361510316.714,11843.75
1361510316.718,11843.75
1361510316.844,74628.125
1361510316.971,12468.75
1361510315.661,1472.3837209302326
1361510315.789,94.86607142857143
1361510320.905,21343.75
1361510315.911,15718.75
1361510317.126,3421.875
1361510315.974,15218.75
1361510317.19,7781.25
1361510316.036,12703.125
1361510316.162,2979.1666666666665
1361510316.266,23921.875
1361510316.329,3260.4166666666665
1361510316.58,10195.3125
1361510316.642,10621.09375
1361510316.706,6244.791666666667
1361510315.736,93.75
1361510018.169,315849.4791666666
1361510325.245,2162.566489361702
1361510325.434,8218.75
1361510308.28,104.49486301369863
1361510316.524,85.1063829787234
1361510326.572,4427.5
1361510327.65,12944.19642857143
1361510306.785,900.1130490956072
1361510307.512,4682.904411764705
1361510308.011,1224.1379310344826
1361510307.893,16156.25
1361510307.891,680.8035714285714
1361510308.079,822.021484375
1361510308.079,53328.125
1361510308.678,80.810546875
1361510308.739,6046.875
1361510308.734,6328.125
1361510308.801,121.55511811023622
1361510307.11,152.79103053435114
1361510307.109,2792.613636363636
1361510307.298,126.77556818181817
1361510307.298,169.8158914728682
1361510307.362,1242.3023897058822
1361510307.425,120.27616279069768
1361510309.652,11093.75
1361510309.652,23250.0
1361510307.826,2382.22947761194
1361510307.822,237.43206521739128
1361510308.205,1232.8125
1361510308.332,141.23062015503876
1361510309.145,260.76680672268907
1361510309.717,41114.583333333336
1361510308.91,8593.75
1361510309.415,314.5380434782609
1361510309.415,175.49070247933884
1361510308.882,276.375
1361510309.576,433.2837301587302
1361510335.531,32812.5
1361510316.329,7890.625
1361510317.343,1917.8761848341233
1361510317.123,39.852941176470594
1361510316.994,48.558255269320846
1361510316.895,56.10119047619048
1361510317.147,20.057091346153847
1361510345.087,4359.375
1361510343.342,9500.0
1361510343.278,9500.0
1361510343.578,7726.5625
1361510343.446,7765.625
1361510343.705,12718.75
1361510343.704,5554.6875
1361510343.703,5367.1875
1361510343.895,2625.0
1361510343.894,3351.5625
1361510344.022,6429.6875
1361510343.894,9750.0
1361510343.894,7875.0
1361510343.957,8437.5
1361510344.085,5710.9375
1361510344.211,30312.5
1361510344.528,5976.5625
1361510344.655,8500.0
1361510344.399,9414.0625
1361510344.719,18828.125
1361510344.527,7492.1875
1361510343.2,12343.75
1361510343.2,1020.3125
1361510343.263,7390.625
1361510343.39,28921.875
1361510343.262,9500.0
1361510343.517,7007.8125
1361510343.581,9570.3125
1361510343.516,5703.125
1361510343.644,5601.5625
1361510343.707,6085.9375
1361510343.643,6187.5
1361510343.834,4718.75
1361510343.706,5289.0625
1361510343.897,2156.25
1361510343.897,5968.75
1361510343.833,5507.8125
1361510343.833,5156.25
1361510343.833,7289.0625
1361510344.152,56468.75
1361510344.151,10734.375
1361510344.34,8234.375
1361510344.449,11156.25
1361510344.513,3554.6875
1361510323.972,2493.9236111111113
1361510325.658,8609.375
1361510343.195,4036.402925531915
1361510343.259,3422.5470430107525
1361510343.195,34351.063829787236
1361510343.258,136.37742718446603
1361510343.577,237.6953125
1361510343.576,267.6028481012658
1361510344.133,125.9765625
1361510344.195,125.9765625
1361510344.832,103.05059523809523
1361510343.128,2466.589095744681
1361510343.192,64.29140127388536
1361510343.127,3067.81914893617
1361510343.127,2987.2007978723404
1361510343.574,197.38924050632912
1361510343.573,300.17605633802816
1361510343.828,106.0546875
1361510344.782,2116.89082278481
1361510335.607,74250.0
1361510335.363,19617.1875
1361510361.314,887.109375
1361510361.314,632.421875
1361510361.314,827.34375
1361510361.314,938.671875
1361510361.313,735.546875
1361510361.313,940.234375
1361510361.313,8734.375
1361510361.313,1057.421875
1361510361.313,813.671875
1361510361.313,712.5
1361510361.313,2668.75
1361510345.504,109.86498257839722
1361510361.503,8390.625
1361510361.631,258.03571428571433
1361510356.441,9820.02840909091
1361510343.614,50.78125
1361510343.805,64.69648562300318
1361510343.868,220.5528846153846
1361510343.868,23.287259615384617
1361510343.932,66.43145161290323
1361510344.054,47.21715328467153
1361510363.513,9500.0
1361510363.513,9500.0
1361510363.513,12343.75
1361510363.64,14781.25
1361510363.64,9640.625
1361510344.311,38.25231481481482
1361510363.831,10593.75
1361510344.31,262.44877049180326
1361510344.31,499.6413934426229
1361510361.264,8390.625
1361510361.264,941.015625
1361510361.264,1013.2812499999999
1361510361.264,830.859375
1361510361.264,1039.0625
1361510361.264,1092.1875
1361510361.264,1083.984375
1361510361.264,1250.390625
1361510361.264,1139.84375
1361510361.264,1128.125
1361510361.264,266.015625
1361510361.391,16437.5
1361510345.454,539.4163763066202
1361510361.434,317.14527027027026
1361510361.558,8390.625
1361510343.371,601.4400470219435
1361510343.562,158.32674050632912
1361510343.816,51.1318108974359
1361510343.815,98.05689102564102
1361510343.815,39.86378205128205
1361510343.815,65.59127697841727
1361510343.942,30.345659163987136
1361510363.437,1956.25
1361510363.757,14625.0
1361510363.628,7765.625
1361510344.235,44.56967213114754
1361510363.755,13203.125
1361510343.511,67.5929588607595
1361510343.381,287.9807692307692
1361510343.509,112.19343354430379
1361510344.402,672.7487664473684
1361510343.99,35.00600961538461
1361510343.924,247.1046325878594
1361510344.499,313.2709703947368
1361510344.498,2138.627049180328
1361510342.437,1454.4588414634145
1361510343.385,96.9045741324921
1361510343.983,100.35488958990537
1361510344.046,109.72112341772151
1361510343.917,63.14077287066246
1361510344.724,379.22434853420197
1361510360.069,4666.239754098361
1361510363.946,10734.375
1361510364.072,9750.0
1361510364.072,4718.75
1361510364.135,8250.0
1361510364.07,5523.4375
1361510364.134,4468.75
1361510363.514,3442.116477272727
1361510363.514,3136.008522727273
1361510363.832,11953.125
1361510363.832,271.03365384615387
1361510363.831,313.41911764705884
1361510363.892,6007.8125
1361510365.044,8437.5
1361510363.892,4250.0
1361510363.892,6359.375
1361510363.956,11531.25
1361510365.043,6429.6875
1361510365.043,6375.0
1361510363.955,5726.5625
1361510365.171,11421.875
1361510365.171,127.57120253164558
1361510365.17,127.57120253164558
1361510364.018,10578.125
1361510364.017,7875.0
1361510364.017,7289.0625
1361510364.08,107.39715189873418
1361510363.463,141.18303571428572
1361510363.441,1976.0298295454545
1361510363.441,3051.3139204545455
1361510363.76,6380.208333333333
1361510363.758,234.7608024691358
1361510363.758,197.38924050632912
1361510363.822,11109.375
1361510363.513,28055.092592592595
1361510363.464,64.29140127388536
1361510361.569,17343.75
1361510365.119,51.3771186440678
1361510383.149,2156.25
1361510383.08,2156.25
1361510364.251,5054.6875
1361510364.158,336570.3125
1361510363.816,1214.84375
1361510363.879,671.09375
1361510364.005,2350.0
1361510363.94,6546.875
1361510363.736,6357.421875
1361510363.863,15140.625
1361510363.863,9375.0
1361510363.925,7812.5
1361510363.925,8289.0625
1361510364.453,15348.958333333334
1361510364.963,9890.625
1361510365.027,13546.875
1361510365.216,8671.875
1361510395.581,10937.5
1361510395.644,15812.5
1361510395.708,5072.916666666667
1361510395.708,5145.833333333333
1361510384.635,72995.84288990826
1361510395.658,16807.291666666668
1361510395.931,12984.375
1361510395.994,49515.625
1361510397.337,15140.625
1361510397.273,4210.9375
1361510397.4,7781.25
1361510397.399,3421.875
1361510396.371,742.7884615384615
1361510396.686,4445.3125
1361510395.373,22743.509615384613
1361510395.373,1406.9444444444446
1361510397.096,12460.9375
1361510396.682,19578.125
1361510396.746,4480.46875
1361510395.454,90.55397727272728
1361510395.454,90.55397727272728
1361510395.835,12703.125
1361510405.674,76309.26724137932
1361510396.644,86.68391719745223
1361510395.082,874.3003731343284
1361510409.53,406.25
1361510394.968,66.7873475609756
1361510389.676,17328.125
1361510395.741,2251.3020833333335
1361510395.585,53364.583333333336
1361510395.886,38265.625
1361510395.885,16403.846153846152
1361510396.32,53328.125
1361510396.195,8421.875
1361510396.195,48476.5625
1361510396.259,2140.625
1361510396.176,2140.625
1361510396.24,2854.1666666666665
1361510397.119,619640.625
1361510396.091,54179.6875
1361510396.155,3640.625
1361510396.088,5599.431818181818
1361510396.151,8828.125
1361510396.151,20128.90625
1361510397.43,1445.8333333333333
1361510397.873,29031.25
1361510398.033,23453.125
1361510398.032,6046.875
1361510398.159,8593.75
1361510400.64,871179.6875
1361510122.23,292746.6145833333
1361510437.045,3554.6875
1361510425.329,95.58823529411764
1361510436.208,3972.614247311828
1361510436.208,150.84134615384613
1361510436.207,1185.546875
1361510436.207,9500.0
1361510436.207,9500.0
1361510436.334,14781.25
1361510436.46,13203.125
1361510436.459,281.25
1361510436.459,11406.25
1361510438.059,2179.6875
1361510436.649,10578.125
1361510436.649,30312.5
1361510436.521,6007.8125
1361510436.521,237.6953125
1361510436.713,14578.125
1361510436.713,6992.1875
1361510436.712,4468.75
1361510436.776,5695.3125
1361510436.648,5679.6875
1361510436.647,6375.0
1361510436.839,6429.6875
1361510436.71,106.0546875
1361510436.963,127.57120253164558
1361510436.159,6906.25
1361510436.159,3031.418010752688
1361510436.159,9500.0
1361510436.221,12343.75
1361510437.796,105.3734756097561
1361510436.26,28109.375
1361510436.322,7765.625
1361510436.386,15453.125
1361510436.386,11953.125
1361510436.386,196.40031645569618
1361510436.386,267.6028481012658
1361510436.449,6359.375
1361510436.449,9570.3125
1361510436.508,5554.6875
1361510436.448,4250.0
1361510436.512,11546.875
1361510436.575,10755.208333333334
1361510436.511,18822.916666666668
1361510436.639,10921.875
1361510436.639,7859.375
1361510436.574,5765.625
1361510436.638,8437.5
1361510436.638,7734.375
1361510436.828,330.2083333333333
1361510436.827,18828.125
1361510436.89,127.57120253164558
1361510436.854,52.489177489177486
1361510436.168,45.25414937759336
1361510437.878,1566.588785046729
1361510436.469,70.5413179916318
1361510436.658,44.46083690987125
1361510436.658,78.59241452991454
1361510449.178,14943.380376344086
1361510436.315,4476.5625
1361510436.314,9742.1875
1361510436.283,14796.875
1361510436.792,5054.6875
1361510436.925,602.4305555555555
1361510436.986,17093.75
1361510437.108,16171.875
1361510437.237,37531.25
1361510437.361,16414.0625
1361510437.463,6546.875
1361510437.463,9890.625
1361510437.463,2703.125
1361510435.847,14140.625
1361510437.377,3906.25
1361510437.376,9789.0625
1361510437.501,75093.75
1361510437.049,651468.75
1361510461.256,66.71779141104295
1361510461.387,27789.238061797754
1361510472.72,81946.26798561151
1361510468.347,5863.28125
1361510468.071,6421.875
1361510503.003,85202.82160194175
1361510509.709,26089.532208588957
1361510524.092,377.3915816326531
1361510524.092,335.85858585858585
1361510524.092,375.797193877551
1361510524.092,487.53156565656565
1361510524.092,441.2878787878788
1361510524.156,374.5167525773196
1361510524.091,223.01136363636365
1361510524.091,326.37117346938777
1361510524.091,407.5255102040816
1361510524.151,390.625
1361510525.819,3338.2482394366193
1361510524.407,8390.625
1361510526.453,4198.770491803279
1361510526.453,4766.393442622951
1361510526.453,73849.8975409836
1361510526.453,4750.0
1361510526.517,862.215909090909
1361510526.452,5483.862704918032
1361510526.452,4750.0
1361510526.452,239.6673387096774
1361510526.516,397.28483606557376
1361510526.767,7726.5625
1361510526.831,1392.6136363636363
1361510526.835,312.22098214285717
1361510526.834,387.5
1361510526.898,6359.375
1361510526.898,11203.125
1361510526.962,11562.5
1361510527.025,11421.875
1361510527.025,5695.3125
1361510527.089,8250.0
1361510527.089,181.4903846153846
1361510530.608,7648.4375
1361510527.088,3351.5625
1361510527.024,588.3413461538462
1361510527.152,8437.5
1361510527.152,6429.6875
1361510527.216,3110.0127551020405
1361510527.216,242.5
1361510527.088,15750.0
1361510530.735,8687.5
1361510527.087,7289.0625
1361510527.343,209.9609375
1361510530.863,7859.375
1361510527.406,22312.5
1361510530.974,8500.0
1361510527.257,9414.0625
1361510527.705,210.36585365853657
1361510531.352,19656.25
1361510531.48,4503.90625
1361510527.768,2179.6875
1361510527.446,2156.25
1361510527.446,3554.6875
1361510531.734,7703.125
1361510531.606,12460.9375
1361510524.044,4195.3125
1361510524.044,486.44770408163265
1361510524.044,516.7410714285714
1361510524.044,270.72704081632656
1361510524.044,296.3966836734694
1361510524.044,13101.5625
1361510524.108,423.8079896907216
1361510524.044,254.41919191919195
1361510524.044,357.4810606060606
1361510524.044,423.78826530612247
1361510524.233,112.00657894736841
1361510524.296,8390.625
1361510526.385,8752.81762295082
1361510526.449,13156.25
1361510526.385,4758.965163934426
1361510526.385,293.54508196721315
1361510526.449,168.22916666666669
1361510526.385,4750.0
1361510526.512,7382.8125
1361510526.576,301.6419491525424
1361510526.576,28921.875
1361510526.699,6601.5625
1361510526.699,5703.125
1361510526.638,7765.625
1361510526.702,273.0263157894737
1361510526.766,303.85044642857144
1361510526.766,11953.125
1361510526.702,370.33991228070175
1361510526.765,6380.208333333333
1361510526.829,622.9745370370371
1361510526.829,5960.9375
1361510526.828,4250.0
1361510526.892,11546.875
1361510526.956,9750.0
1361510527.02,6765.625
1361510527.019,10921.875
1361510527.019,30312.5
1361510526.951,5968.75
1361510527.015,16132.8125
1361510527.019,56078.125
1361510527.019,351.2620192307692
1361510527.019,139.72355769230768
1361510527.082,5695.3125
1361510530.41,10937.5
1361510527.018,403.79901960784315
1361510527.018,166.36029411764704
1361510530.537,15812.5
1361510530.664,13031.25
1361510527.144,206.5625
1361510527.331,214.4281914893617
1361510527.398,2156.25
1361510531.237,2984.375
1361510527.461,18828.125
1361510531.3,9835.9375
1361510531.428,18015.625
1361510527.587,7970.2380952380945
1361510531.681,24125.0
1361510507.741,23.89705882352941
1361510526.57,348.10450819672127
1361510526.57,551.9979508196722
1361510527.017,1432.2916666666667
1361510527.149,210.03605769230768
1361510526.563,348.10450819672127
1361510522.914,2383.4745762711864
1361510527.329,14229.910714285714
1361510531.894,8421.875
1361510531.894,7585.9375
1361510531.893,5187.5
1361510530.28,1391.4835164835165
1361510530.407,89.53651685393258
1361510531.909,7781.25
1361510531.972,3421.875
1361510530.209,17479.08653846154
1361510530.335,89.53651685393258
1361510530.908,844.921875
1361510530.473,1744.5652173913045
1361510531.24,314.0443313953488
1361510531.24,189.22601744186045
1361510532.39,817.573051948052
1361510539.965,13630.055147058823
1361510539.965,17236.672794117647
1361510539.965,9176.470588235294
1361510539.965,4600.183823529412
1361510531.901,93.26171875
1361510539.964,9500.0
1361510539.964,441.1764705882353
1361510539.964,12343.75
1361510539.964,296.875
1361510532.153,53.48557692307692
1361510532.153,53.48557692307692
1361510541.689,6007.8125
1361510532.216,221.7741935483871
1361510541.752,196.99367088607593
1361510541.688,308.8768115942029
1361510541.688,223.71323529411765
1361510524.152,96.41903914590748
1361510542.005,28289.0625
1361510542.005,15156.25
1361510542.005,3526.0416666666665
1361510542.005,3578.125
1361510529.845,63.94361413043478
1361510542.132,5098.958333333333
1361510529.908,962.3463114754098
1361510542.132,5851.5625
1361510542.132,7289.0625
1361510542.132,7867.1875
1361510542.319,12859.375
1361510540.591,14054.6875
1361510542.386,18828.125
1361510532.658,201.85810810810813
1361510542.386,22312.5
1361510542.45,125.9765625
1361510530.288,49.91554054054054
1361510530.288,968.9189189189188
1361510530.288,58.69932432432432
1361510530.352,59.018342391304344
1361510530.669,273.9175977653631
1361510540.972,5703.125
1361510530.77,277.0127118644068
1361510531.089,316.5643063583815
1361510531.215,89.02391975308642
1361510531.661,199.19478527607362
1361510531.725,42.34182098765432
1361510528.267,716.796875
1361510539.911,8380.514705882353
1361510539.91,5918.658088235295
1361510539.91,9500.0
1361510539.91,9500.0
1361510539.974,1247.0394736842106
1361510531.91,43.140723270440255
1361510539.91,364.78365384615387
1361510531.973,102.84810126582279
1361510540.036,7390.625
1361510532.1,53.48557692307692
1361510523.972,103.35689045936395
1361510541.635,4250.0
1361510541.635,6312.5
1361510541.634,267.7210365853658
1361510541.698,9570.3125
1361510540.226,7765.625
1361510541.932,3843.75
1361510541.931,6039.0625
1361510541.931,3703.125
1361510541.931,4250.0
1361510542.058,10755.208333333334
1361510542.058,106.0546875
1361510542.058,7734.375
1361510542.057,4661.458333333333
1361510542.121,4468.75
1361510542.121,11390.625
1361510542.121,8437.5
1361510542.374,2369.7916666666665
1361510542.374,125.9765625
1361510530.213,58.69932432432432
1361510530.277,52.39470108695652
1361510542.437,9414.0625
1361510530.277,1069.3783967391303
1361510540.899,5976.5625
1361510540.899,7679.6875
1361510540.899,7007.8125
1361510526.946,396.2289029535865
1361510530.783,226.20738636363635
1361510530.974,318.3369252873563
1361510531.165,88.92746913580248
1361510531.609,149.34815950920247
1361510528.197,145.83333333333334
1361510527.388,192.44552752293578
1361510539.382,2461.864406779661
1361510539.885,2823.044478527607
1361510540.624,97.13375796178345
1361510546.95,46019.41287878787
1361510530.354,696.4536516853933
1361510531.255,914.3350290697675
1361510553.463,17903.2654494382
1361510542.255,51.3771186440678
1361510540.403,3421.875
1361510540.463,977.7199074074074
1361510540.726,544984.375
1361510541.038,16171.875
1361510542.103,5054.6875
1361510542.392,326523.4375
1361510542.172,4689.732142857143
1361510542.171,16265.625
1361510542.678,11750.0
1361510542.678,8742.1875
1361510542.677,7812.5
1361510542.528,6546.875
1361510542.528,37546.875
1361510542.528,4804.6875
1361510542.591,9890.625
1361510559.101,75667.28414948453
1361510572.209,1494.7916666666667
1361510548.482,6781.25
1361510548.733,11367.1875
1361510583.12,17312.5
1361510608.891,2156.25
1361510617.446,9500.0
1361510617.508,9500.0
1361510617.572,7390.625
1361510617.889,14460.9375
1361510618.015,7726.5625
1361510618.079,6380.208333333333
1361510618.142,12343.75
1361510618.142,11921.875
1361510618.138,15156.25
1361510618.138,8500.0
1361510618.138,6007.8125
1361510618.269,9750.0
1361510618.332,16500.0
1361510618.204,5695.3125
1361510618.331,5492.1875
1361510618.395,412.7604166666667
1361510617.394,13156.25
1361510617.389,677.4553571428571
1361510617.457,9500.0
1361510617.647,7765.625
1361510617.965,5703.125
1361510617.965,5976.5625
1361510618.029,18822.916666666668
1361510617.965,7007.8125
1361510618.092,12718.75
1361510618.092,5773.4375
1361510618.092,16132.8125
1361510618.219,5968.75
1361510618.219,7875.0
1361510618.219,4661.458333333333
1361510618.155,5679.6875
1361510618.282,7289.0625
1361510619.326,5664.0625
1361510619.326,6429.6875
1361510619.262,4468.75
1361510619.258,8437.5
1361510619.451,22312.5
1361510619.515,3554.6875
1361510619.577,18828.125
1361510620.274,4359.375
1361510593.904,12.6953125
1361510617.45,3987.65756302521
1361510617.449,2943.27731092437
1361510618.019,263.22115384615387
1361510618.018,267.2072784810127
1361510618.018,237.6953125
1361510618.59,127.57120253164558
1361510616.696,1521.800149700599
1361510617.396,2410.714285714286
1361510617.396,1700.7615546218487
1361510617.396,3009.05987394958
1361510617.394,64.29140127388536
1361510617.394,135.81730769230768
1361510618.03,197.38924050632912
1361510619.263,107.39715189873418
1361510619.453,125.9765625
1361510620.086,94.78021978021978
1361510617.442,27071.81631455399
1361510619.379,51.59574468085106
1361510620.075,2118.6708860759495
1361510637.488,127.57120253164558
1361510637.868,2179.6875
1361510636.392,3865.4119318181815
1361510636.388,9500.0
1361510618.339,61.708192567567565
1361510636.514,7390.625
1361510636.641,7765.625
1361510636.767,11406.25
1361510636.831,322.9166666666667
1361510637.022,5554.6875
1361510637.022,7726.5625
1361510637.022,5773.4375
1361510637.064,4250.0
1361510637.128,12718.75
1361510637.0,11953.125
1361510636.999,6007.8125
1361510636.999,194.3359375
1361510637.063,226.27314814814815
1361510637.19,4718.75
1361510637.254,107.39715189873418
1361510637.251,15312.5
1361510637.251,15750.0
1361510637.495,127.57120253164558
1361510637.622,103.05059523809523
1361510638.916,2156.25
1361510637.314,6578.125
1361510637.314,130.73394495412845
1361510637.314,9500.0
1361510637.314,9500.0
1361510637.504,14054.6875
1361510619.264,36.624556737588655
1361510637.631,267.2072784810127
1361510637.694,14015.625
1361510637.694,9570.3125
1361510637.947,6375.0
1361510637.947,5726.5625
1361510638.073,12234.375
1361510638.137,6171.875
1361510638.136,9750.0
1361510638.2,11390.625
1361510638.199,11703.125
1361510638.179,4468.75
1361510638.179,14578.125
1361510638.179,8437.5
1361510638.241,6429.6875
1361510617.626,85.0929054054054
1361510618.259,509.469696969697
1361510617.465,249.54637096774192
1361510617.593,130.17314189189187
1361510618.359,64.92003367003367
1361510618.422,651468.75
1361510617.947,139.32291666666666
1361510618.01,109.58614864864865
1361510618.199,106.14406779661017
1361510618.389,395.5676020408163
1361510618.513,104.45205479452055
1361510618.64,221.88545150501673
1361510618.825,49.40878378378378
1361510618.745,41.49070945945946
1361510618.934,129.05290102389077
1361510619.855,154000.0
1361510617.865,50.99239864864865
1361510618.24,212.91035353535352
1361510618.663,11953.125
1361510618.726,50062.5
1361510618.662,91.90244932432432
1361510618.724,76.22466216216216
1361510619.771,30718.75
1361510637.433,85.38732394366197
1361510645.812,2064.7865853658536
1361510645.876,6171.875
1361510645.812,3309.832317073171
1361510645.812,4750.0
1361510645.876,7343.75
1361510646.129,14460.9375
1361510646.256,267.6028481012658
1361510646.256,5703.125
1361510646.255,18760.416666666668
1361510646.319,220.82078313253012
1361510646.382,6312.5
1361510646.382,2065.625
1361510646.382,6054.6875
1361510646.445,6085.9375
1361510646.572,4468.75
1361510646.572,15656.25
1361510646.572,7078.125
1361510647.143,9750.0
1361510647.143,6429.6875
1361510647.143,11156.25
1361510647.143,9414.0625
1361510647.207,8437.5
1361510647.334,18828.125
1361510637.262,126.61637931034484
1361510649.221,2179.6875
1361510637.633,1872.9923184357542
1361510645.759,4750.0
1361510645.759,3821.265243902439
1361510645.759,3389.672256097561
1361510645.822,1275.390625
1361510645.758,3444.359756097561
1361510645.758,4750.0
1361510645.949,7718.75
1361510646.185,6601.5625
1361510646.185,15156.25
1361510646.185,7679.6875
1361510646.253,16132.8125
1361510646.253,197.38924050632912
1361510646.253,9570.3125
1361510646.188,11953.125
1361510646.188,284.1666666666667
1361510636.332,64.51955782312925
1361510646.252,5367.1875
1361510646.252,11921.875
1361510646.316,8500.0
1361510646.379,6375.0
1361510646.379,5765.625
1361510646.506,14484.375
1361510646.506,3554.6875
1361510648.078,5695.3125
1361510648.078,5289.0625
1361510648.077,5898.4375
1361510648.077,5500.0
1361510631.38,1275.451030927835
1361510636.389,60.64967105263158
1361510649.082,94.08967391304347
1361510645.746,245.18107476635515
1361510631.996,60122.32415902141
1361510648.122,107.39715189873418
1361510648.314,125.9765625
1361510648.185,125.9765625
1361510650.01,2116.7919303797466
1361510637.463,23015.625
1361510637.601,2684.375
1361510637.961,13562.5
1361510647.308,51.59574468085106
1361510645.801,4787.946428571428
1361510646.77,17296.875
1361510647.471,9171.875
1361510646.277,471.1277173913043
1361510646.53,37453.125
1361510646.909,2156.25
1361510646.505,12375.0
1361510646.695,8175.78125
1361510647.559,17515.625
1361510665.835,49843.90318627451
1361510676.704,4484.375
1361510673.177,58.9171974522293
1361510673.239,20041.25702247191
1361510670.946,125.04944620253164
1361510671.198,13125.0
1361510693.409,7789.0625
1361510693.408,7781.25
1361510693.408,3421.875
1361510691.998,8687.5
1361510692.061,7757.8125
1361510692.188,8500.0
1361510692.44,8500.0
1361510692.629,2984.375
1361510692.692,9835.9375
1361510692.882,4480.46875
1361510693.072,15132.8125
1361510693.2,11390.625
1361510693.199,8421.875
1361510693.262,2645.8333333333335
1361510693.242,7781.25
1361510693.305,15140.625
1361510691.828,98.37962962962963
1361510691.827,7906.25
1361510694.359,7632.8125
1361510694.423,7539.0625
1361510693.14,5234.375
1361510693.203,5239.583333333333
1361510693.329,768.1107954545454
1361510693.329,13031.25
1361510693.752,6005.208333333333
1361510693.687,9835.9375
1361510694.257,8421.875
1361510692.781,99.609375
1361510692.584,1507.4404761904764
1361510692.584,13543.45703125
1361510691.213,48.61828512396694
1361510691.261,731.3278008298755
1361510693.591,119.46022727272728
1361510709.652,8390.625
1361510710.315,4195.3125
1361510710.324,26234.375
1361510692.518,40023.4375
1361510692.646,4409.226190476191
1361510693.474,3876.953125
1361510692.494,10824.21875
1361510692.493,43859.375
1361510693.599,10552.083333333334
1361510693.662,3023.4375
1361510692.033,4414.0625
1361510692.03,54109.375
1361510692.03,48476.5625
1361510692.03,2140.625
1361510692.094,2869.7916666666665
1361510692.089,16281.25
1361510692.535,36546.875
1361510692.762,26640.625
1361510693.491,23625.0
1361510693.491,23242.1875
1361510693.555,6312.5
1361510693.617,14109.375
1361510691.947,8421.875
1361510691.947,2511.71875
1361510691.946,54.49007220216606
1361510691.946,98.69884341637011
1361510691.946,1712.5
1361510694.097,1447.9166666666667
1361510694.476,14523.4375
1361510694.011,1802.734375
1361510731.509,2156.25
1361510709.119,141156.25
1361510697.047,7847.619282334385
1361510737.682,2242.1875
1361510715.331,188.51902173913044
1361510742.031,8390.625
1361510742.03,13101.5625
1361510742.221,8390.625
1361510746.315,7765.625
1361510746.442,12750.0
1361510746.314,7656.25
1361510746.504,15718.75
1361510746.567,8500.0
1361510746.949,4851.5625
1361510747.012,19671.875
1361510747.075,4503.90625
1361510748.757,3421.875
1361510748.5,2807.2916666666665
1361510748.626,7585.9375
1361510748.69,7781.25
1361510743.176,8390.625
1361510747.078,10937.5
1361510747.141,15812.5
1361510747.269,13031.25
1361510747.396,13031.25
1361510747.877,9820.3125
1361510748.004,4503.90625
1361510748.322,12453.125
1361510748.321,12468.75
1361510748.448,2807.2916666666665
1361510748.638,7781.25
1361510746.114,86.61684782608695
1361510746.998,23852.783203125
1361510746.933,1347.0744680851064
1361510747.061,86.61684782608695
1361510747.482,4807.085396039603
1361510760.567,2156.25
1361510745.648,849.1353155339806
1361510747.832,86.68391719745223
1361510747.831,86.5843949044586
1361510754.152,12098.790322580646
1361510741.668,22415.865384615383
1361510742.385,38781.25
1361510742.384,23687.5
1361510742.384,50046.875
1361510742.384,35828.125
1361510742.447,8937.5
1361510742.234,211.80555555555554
1361510742.298,53500.0
1361510742.298,36546.875
1361510742.298,51546.875
1361510742.297,33453.125
1361510742.361,389.66346153846155
1361510762.07,111538.25934579439
1361510747.033,307.96612709832135
1361510747.668,15390.625
1361510746.873,1565.2573529411764
1361510748.778,125093.75
1361510748.332,1562.5
1361510746.404,43.526785714285715
1361510746.399,396.905637254902
1361510746.335,859.375
1361510746.339,875.0386757425742
1361510746.717,24156.25
1361510747.076,260.929802955665
1361510747.074,53328.125
1361510747.83,11156.25
1361510747.893,38.11728395061728
1361510747.931,8593.75
1361510748.122,7625.0
1361510748.246,74.76790450928382
1361510746.319,43.526785714285715
1361510746.254,37.36076732673267
1361510746.318,39.87068965517242
1361510746.318,41.383044554455445
1361510748.597,14531.25
1361510746.612,420.2743902439025
1361510747.719,111.22229064039409
1361510747.719,114.89197530864197
1361510747.718,25.540123456790123
1361510747.718,6046.875
1361510748.034,7625.0
1361510773.517,7585.9375
1361510773.58,7789.0625
1361510771.916,99.609375
1361510771.975,7906.25
1361510772.105,15437.5
1361510772.105,12835.9375
1361510772.231,13109.375
1361510772.23,2979.1666666666665
1361510772.294,15609.375
1361510772.42,3260.4166666666665
1361510772.61,9765.625
1361510772.863,4445.3125
1361510772.926,2320.3125
1361510772.987,6402.34375
1361510774.408,8421.875
1361510772.804,1582.8125
1361510772.804,9980.712890625
1361510772.865,100.87025316455696
1361510774.593,3421.875
1361510772.928,10937.5
1361510774.783,12375.0
1361510778.94,6546.875
1361510773.305,12984.375
1361510773.477,9906.25
1361510773.541,804.6875
1361510773.668,13921.875
1361510773.791,9789.0625
1361510774.234,12437.5
1361510774.231,12375.0
1361510772.434,931.9315159574468
1361510773.729,86.68391719745223
1361510789.83,12468.75
1361510789.957,3421.875
1361510790.021,7781.25
1361510788.418,18259.375
1361510788.545,93.75
1361510788.672,8687.5
1361510788.734,7765.625
1361510788.861,12750.0
1361510788.988,719.0824468085107
1361510790.342,4503.90625
1361510790.468,4503.90625
1361510790.652,12468.75
1361510790.843,15140.625
1361510790.842,7773.4375
1361510790.842,8421.875
1361510789.366,1455.4597701149426
1361510789.493,93.75
1361510789.492,10937.5
1361510789.556,15812.5
1361510789.851,8500.0
1361510789.783,15687.5
1361510789.786,7851.5625
1361510789.913,13023.4375
1361510790.231,19671.875
1361510779.991,73301.32728494624
1361510790.294,9835.9375
1361510790.166,4445.3125
1361510773.126,572500.0
1361510773.126,473171.875
1361510772.921,101677.08333333333
1361510772.893,153302.08333333334
1361510773.083,377625.0
1361510772.604,17531.25
1361510772.082,45132.8125
1361510772.078,101.11692015209125
1361510772.265,48625.0
1361510771.615,352.16769366197184
1361510771.996,51.520270270270274
1361510771.995,24402.34375
1361510774.025,66953.125
1361510774.089,197.25048449612405
1361510774.055,503.43826405867975
1361510774.564,909.1676904176904
1361510774.531,200.75061274509804
1361510774.067,154.2135663507109
1361510774.574,79.52334630350194
1361510798.381,13023.4375
1361510798.442,6515.625
1361510799.014,4503.90625
1361510799.141,4503.90625
1361510798.885,9828.125
1361510799.395,8421.875
1361510799.586,3421.875
1361510799.65,7789.0625
1361510799.457,7554.6875
1361510799.018,14645.263671875
1361510799.273,15531.25
1361510799.337,15312.5
1361510799.209,10937.5
1361510799.208,15812.5
1361510799.336,8500.0
1361510799.817,2963.5416666666665
1361510799.944,19671.875
1361510800.262,12445.3125
1361510800.325,12453.125
1361510800.453,7781.25
1361510800.453,8421.875
1361510809.577,6843.75
1361510809.577,8421.875
1361510798.052,826.9074675324675
1361510798.179,56.41233766233766
1361510798.179,56.41233766233766
1361510809.053,10937.5
1361510809.244,8687.5
1361510809.307,15703.125
1361510809.303,15718.75
1361510809.817,2984.375
1361510809.368,8500.0
1361510809.496,12921.875
1361510810.136,8500.0
1361510810.199,8307.291666666666
1361510810.391,7585.9375
1361510809.815,9828.125
1361510809.879,3260.4166666666665
1361510809.939,9835.9375
1361510810.067,4503.90625
1361510810.39,12437.5
1361510810.454,2320.3125
1361510810.581,7781.25
1361510799.605,443.5876623376623
1361510809.126,15812.5
1361510809.031,7765.625
1361510809.155,12750.0
1361510809.284,7765.625
1361510809.284,6515.625
1361510809.603,2979.1666666666665
1361510810.242,8421.875
1361510809.857,4503.90625
1361510809.921,9906.25
1361510788.999,3081.6532258064517
1361510809.832,7781.25
1361510788.388,1690.1041666666667
1361510788.324,87.97998366013073
1361510788.699,1569.9282786885246
1361510788.699,65.625
1361510788.761,79.9512987012987
1361510788.761,80.81371753246754
1361510788.995,911.922770700637
1361510789.057,436.7827868852459
1361510789.43,233.21197411003237
1361510787.663,23453.125
1361510788.589,1677.5428921568628
1361510788.652,74.26948051948051
1361510788.652,781.8567961165048
1361510788.651,78.07491987179486
1361510788.647,106.58482142857143
1361510788.964,23750.0
1361510789.214,14051.339285714286
1361510789.276,1023.5639158576051
1361510790.153,83.43446601941748
1361510790.152,132.45967741935482
1361510790.07,409.0221774193548
1361510790.07,224.16258169934642
1361510808.861,17522.596153846156
1361510808.925,234.375
1361510808.989,85.68548387096773
1361510808.859,1602.8481012658228
1361510808.853,234.130859375
1361510808.916,85.68548387096773
1361510809.424,804.6875
1361510798.387,159.11787974683546
1361510798.3,86.64772727272728
1361510817.721,136.19237588652484
1361510827.66,4484.375
1361510827.66,2343.75
1361510817.962,21325.22764900662
1361510808.681,444.0874035989717
1361510834.357,11098.958333333334
1361510834.549,31218.75
1361510832.89,12882.8125
1361510833.017,8687.5
1361510833.081,2979.1666666666665
1361510833.273,3260.4166666666665
1361510833.65,12734.375
1361510833.526,4476.5625
1361510833.526,8496.875
1361510833.589,19656.25
1361510833.653,13927.083333333334
1361510834.164,3968.75
1361510834.228,7632.8125
1361510833.844,2614.5833333333335
1361510834.228,3421.875
1361510834.356,2434.375
1361510834.163,5187.5
1361510835.177,7460.9375
1361510832.271,15869.471153846154
1361510832.399,10937.5
1361510832.462,4843.75
1361510832.842,7656.25
1361510832.842,7765.625
1361510832.968,12921.875
1361510833.032,15718.75
1361510833.096,12750.0
1361510833.159,2979.1666666666665
1361510833.159,2979.1666666666665
1361510833.351,3260.4166666666665
1361510833.35,3260.4166666666665
1361510833.478,9765.625
1361510833.35,9765.625
1361510833.605,4503.90625
1361510833.796,2320.3125
1361510833.795,2320.3125
1361510834.115,15140.625
1361510833.918,15085.9375
1361510833.918,4562.5
1361510834.05,8421.875
1361510834.241,7789.0625
1361510834.241,7539.0625
1361510810.437,626.1104060913706
1361510809.977,55.236486486486484
1361510810.607,138.56281725888326
1361510810.081,80.90807888040713
1361510834.878,20609.375
1361510816.106,111.84475806451613
1361510539.811,290855.24764150946
1361510831.935,57.64802631578947
1361510835.773,5512.3456790123455
1361510832.316,692.0855978260869
1361510832.38,46.95945945945946
1361510844.521,7757.8125
1361510844.52,5234.375
1361510844.647,12750.0
1361510844.647,7859.375
1361510833.444,80.93398876404495
1361510832.312,46.95945945945946
1361510844.214,7906.25
1361510844.213,10937.5
1361510844.34,13023.4375
1361510844.721,12750.0
1361510844.657,12875.0
1361510833.201,383.7780898876405
1361510834.133,65.18710191082802
1361510819.117,13.31967213114754
1361510819.968,15.186915887850468
1361510820.166,15.186915887850468
1361510843.966,2979.1666666666665
1361510843.965,9835.9375
1361510844.093,4503.90625
1361510844.155,4890.625
1361510845.41,20585.9375
1361510845.344,15085.9375
1361510845.662,3421.875
1361510845.662,7539.0625
1361510845.597,7796.875
1361510844.118,8906.70955882353
1361510844.245,89.53651685393258
1361510844.856,3244.7916666666665
1361510845.169,9906.25
1361510845.487,4375.0
1361510845.487,7585.9375
1361510845.486,7640.625
1361510845.486,8421.875
1361510845.546,3093.75
1361510845.613,7781.25
1361510844.05,1376.3586956521738
1361510844.175,88.54166666666667
1361510844.62,824.314024390244
1361510832.004,3387.632978723404
1361510833.43,5462.858606557377
1361510832.349,139.55592105263156
1361510832.349,81.11702127659575
1361510832.982,933.442679558011
1361510834.188,516.066384180791
1361510834.101,61.617231638418076
1361510834.101,48.55225988700565
1361510834.164,77.33050847457628
1361510831.951,872.8622512437811
1361510832.268,1860.3040540540542
1361510832.268,1734.8845108695652
1361510832.268,119.40173796791444
1361510832.268,149.56701807228913
1361510832.268,124.58664021164022
1361510832.268,81.66118421052632
1361510832.332,171.5407754010695
1361510832.332,982.2860962566845
1361510833.347,594.627808988764
1361510834.021,243.85533707865167
1361510834.021,258.47457627118644
1361510853.445,13101.5625
1361510853.633,8390.625
1361510860.032,8390.625
1361510860.286,8390.625
1361510849.371,14183.173076923078
1361510854.489,4195.3125
1361510853.389,8390.625
1361510859.955,13132.8125
1361510844.778,71.75062189054727
1361510835.138,584.967320261438
1361510835.328,25093.75
1361510844.489,14609.375
1361510845.814,1446.875
1361510845.94,8343.75
1361510844.459,23750.0
1361510845.798,13625.0
1361510844.352,24234.375
1361510862.755,21166.940789473683
1361510852.153,9494.345238095239
1361510853.523,76.41973350253807
1361510853.523,91.25158629441624
1361510853.523,131.46414974619287
1361510853.521,100.6107233502538
1361510853.521,88.15831218274111
1361510853.521,88.79282994923858
1361510853.521,77.29219543147208
1361510853.437,113.65799492385787
1361510853.437,88.79282994923858
1361510853.437,232.27315989847716
1361510853.437,96.0501269035533
1361510853.436,89.74460659898477
1361510853.436,104.85406091370558
1361510853.436,128.29156091370558
1361510854.357,28.075527704485488
1361510854.52,133.86824324324326
1361510858.493,142.0641447368421
1361510860.045,25.63142123287671
1361510878.026,1177.5873655913977
1361510878.024,762.4327956989248
1361510878.51,7390.625
1361510878.637,7648.4375
1361510878.701,9500.0
1361510878.763,3882.8125
1361510860.104,49.299568965517246
1361510877.96,1126.008064516129
1361510877.96,171.53897849462365
1361510877.958,989.9193548387096
1361510878.591,6164.0625
1361510878.591,4750.0
1361510878.718,4390.625
1361510878.654,9500.0
1361510887.147,3496.09375
1361510887.147,127.57120253164558
1361510887.146,4250.0
1361510887.146,127.57120253164558
1361510885.097,3082.03125
1361510885.096,861.2637362637363
1361510885.096,2375.0
1361510885.096,231.3262195121951
1361510885.409,14460.9375
1361510885.536,4401.041666666667
1361510885.535,188.94974226804123
1361510885.534,3802.0833333333335
1361510877.98,12459.395559210525
1361510885.724,2833.3333333333335
1361510877.979,15230.674342105263
1361510877.979,12865.439967105263
1361510886.024,1457.8125
1361510886.024,98.65552325581395
1361510886.022,1546.875
1361510886.467,2812.5
1361510886.722,1689.732142857143
1361510886.722,1587.0535714285713
1361510887.099,3796.875
1361510885.05,2375.0
1361510887.288,3796.875
1361510885.048,139.7058823529412
1361510885.048,2375.0
1361510885.465,3984.375
1361510885.465,192.32253086419755
1361510885.528,1276.0416666666667
1361510885.463,263.8671875
1361510885.591,318.0970149253731
1361510885.463,5151.041666666667
1361510877.91,12758.42927631579
1361510877.908,28331.08108108108
1361510877.908,17710.83470394737
1361510877.907,17084.498355263157
1361510877.907,64.29140127388536
1361510885.715,6359.375
1361510877.97,661.4925986842105
1361510885.841,1083.3333333333333
1361510885.968,1575.0
1361510886.032,1340.625
1361510886.031,734.375
1361510878.542,85.1510067114094
1361510878.606,94.84375
1361510886.579,2667.96875
1361510886.643,1511.1607142857142
1361510886.579,3308.035714285714
1361510886.579,1299.8046875
1361510886.643,1647.3214285714287
1361510886.643,1716.517857142857
1361510895.914,9500.0
1361510895.914,9500.0
1361510896.293,11203.125
1361510896.105,7765.625
1361510896.169,5976.5625
1361510896.169,7718.75
1361510896.296,6375.0
1361510896.36,11390.625
1361510896.295,8500.0
1361510896.295,12718.75
1361510896.487,5500.0
1361510896.359,11531.25
1361510877.735,983.2072953736655
1361510896.551,6429.6875
1361510896.422,3539.0625
1361510896.422,5445.3125
1361510896.422,7289.0625
1361510887.397,63.45016891891891
1361510895.84,9500.0
1361510895.839,12328.125
1361510895.966,14781.25
1361510895.961,14460.9375
1361510896.093,6601.5625
1361510896.093,5703.125
1361510896.156,5570.3125
1361510896.156,9570.3125
1361510896.22,10734.375
1361510896.283,5289.0625
1361510896.347,9750.0
1361510896.347,7867.1875
1361510896.41,4468.75
1361510896.346,11421.875
1361510878.669,16140.625
1361510877.853,4894.53125
1361510878.453,221.19472789115648
1361510878.52,555.7565789473684
1361510878.519,80.91310408921933
1361510878.337,17328.125
1361510878.305,167.71097715736042
1361510878.305,176.31662436548223
1361510878.305,239.04272151898735
1361510879.249,345953.125
1361510879.039,110.69036989795919
1361510879.038,224.17255784061695
1361510879.271,24421.875
1361510903.853,9500.0
1361510903.985,15531.25
1361510903.984,14460.9375
1361510904.175,5960.9375
1361510895.983,82.95223577235772
1361510896.174,177.04133064516128
1361510904.238,12718.75
1361510904.11,7007.8125
1361510896.174,130.375
1361510904.11,7726.5625
1361510904.11,6380.208333333333
1361510904.301,9750.0
1361510904.301,7656.25
1361510904.365,10890.625
1361510904.237,8500.0
1361510904.237,11203.125
1361510904.429,12859.375
1361510896.492,149.5172764227642
1361510904.3,7875.0
1361510904.364,10578.125
1361510904.364,8437.5
1361510904.363,5648.4375
1361510896.491,74.82215447154472
1361510896.682,101.89075630252101
1361510896.809,89.23037190082644
1361510903.787,12312.5
1361510903.787,9500.0
1361510903.787,7390.625
1361510895.845,127.01612903225806
1361510904.037,5976.5625
1361510904.037,5703.125
1361510904.231,11359.375
1361510896.103,178.42741935483872
1361510904.231,12750.0
1361510904.231,11562.5
1361510904.167,5773.4375
1361510896.167,215.625
1361510904.23,7289.0625
1361510904.294,7078.125
1361510904.294,6703.125
1361510896.421,108.73983739837398
1361510896.61,87.77947154471545
1361510896.864,77.73760330578513
1361510885.383,790.6901041666666
1361510885.529,128.26655052264806
1361510885.561,155.54714532871972
1361510884.409,119.50431034482759
1361510886.002,86.40350877192984
1361510886.002,375.0
1361510885.978,63.21271929824561
1361510886.042,75.21929824561403
1361510886.612,5706.25
1361510885.892,199.23245614035088
1361510886.526,361.02272727272725
1361510903.856,76.28205128205128
1361510903.856,52.056760204081634
1361510904.175,213.11773255813955
1361510895.983,60.05094043887147
1361510904.11,112.30964467005076
1361510904.554,127.57120253164558
1361510904.552,125.9765625
1361510916.326,12312.5
1361510916.326,9500.0
1361510916.326,9500.0
1361510916.432,7390.625
1361510916.557,7765.625
1361510916.683,5976.5625
1361510916.747,5367.1875
1361510916.81,10390.625
1361510903.297,432.5284090909091
1361510903.296,358.6566091954023
1361510895.676,554.6628548895899
1361510903.74,11070.149739583334
1361510904.037,111.27855329949239
1361510904.099,82.98788265306123
1361510904.289,107.39715189873418
1361510904.606,105.3734756097561
1361510904.67,2130.374203821656
1361510916.252,9500.0
1361510916.442,9369.791666666666
1361510916.629,7726.5625
1361510916.633,6601.5625
1361510916.632,5703.125
1361510916.696,9570.3125
1361510916.696,5554.6875
1361510916.76,8500.0
1361510916.76,12718.75
1361510916.76,6171.875
1361510916.923,9750.0
1361510916.923,5289.0625
1361510916.986,14578.125
1361510916.985,1516.9270833333333
1361510923.447,12312.5
1361510923.511,9500.0
1361510917.111,1212.5
1361510923.827,11406.25
1361510923.827,13203.125
1361510904.367,92.56027918781726
1361510904.431,61.86224489795918
1361510924.589,12750.0
1361510924.589,15750.0
1361510924.589,6992.1875
1361510924.589,8437.5
1361510924.652,4250.0
1361510924.716,11390.625
1361510916.396,451.63690476190476
1361510924.588,6359.375
1361510924.78,11390.625
1361510924.651,5773.4375
1361510924.69,12859.375
1361510924.69,11296.875
1361510916.687,146.95945945945945
1361510916.687,201.13636363636365
1361510916.877,11359.375
1361510916.877,6375.0
1361510916.871,4718.75
1361510916.871,5492.1875
1361510916.871,7875.0
1361510916.934,8250.0
1361510916.934,83.66477272727272
1361510916.934,4468.75
1361510916.934,8437.5
1361510916.998,12203.125
1361510916.996,6429.6875
1361510923.46,9500.0
1361510923.46,9500.0
1361510917.123,90.73004201680672
1361510923.522,7390.625
1361510917.186,91.4989406779661
1361510923.65,15968.75
1361510917.249,97.43679775280899
1361510923.648,28109.375
1361510923.775,15453.125
1361510916.323,134.29054054054055
1361510924.515,10984.375
1361510924.515,5960.9375
1361510924.515,14578.125
1361510924.515,6380.208333333333
1361510924.513,11953.125
1361510924.513,11203.125
1361510924.513,7734.375
1361510924.513,4468.75
1361510924.577,12250.0
1361510924.64,11562.5
1361510916.639,234.7608024691358
1361510916.639,199.57386363636365
1361510903.606,682210.9375
1361510904.293,107.31511254019293
1361510903.709,63.69331742243436
1361510903.708,179.44510739856804
1361510930.92,6125.0
1361510930.984,6312.5
1361510930.983,11546.875
1361510931.047,5968.75
1361510931.111,9750.0
1361510931.11,7242.1875
1361510931.11,4125.0
1361510931.11,5507.8125
1361510931.109,3539.0625
1361510931.173,4078.125
1361510931.236,6382.8125
1361510923.491,84.68191964285714
1361510923.806,146.95945945945945
1361510924.568,224.01147959183672
1361510924.568,223.48484848484847
1361510924.567,177.03276699029126
1361510930.871,11406.25
1361510930.743,7937.5
1361510924.919,91.32281553398059
1361510930.935,11109.375
1361510930.935,8500.0
1361510930.934,6007.8125
1361510930.934,5765.625
1361510931.061,7828.125
1361510931.061,5289.0625
1361510931.125,4468.75
1361510931.121,8437.5
1361510931.125,3796.875
1361510923.441,244.83816964285714
1361510924.505,89.3507281553398
1361510924.632,121.25
1361510924.504,237.6953125
1361510924.696,103.81610576923077
1361510924.757,104.82402912621359
1361510930.513,12312.5
1361510930.833,11953.125
1361510930.833,13203.125
1361510930.64,14687.5
1361510930.704,14054.6875
1361510930.832,15359.375
1361510930.872,4785.15625
1361510930.939,146.8186936936937
1361510931.192,82.91103603603604
1361510937.739,7390.625
1361510937.674,9500.0
1361510937.866,28921.875
1361510938.057,3578.125
1361510938.185,5968.75
1361510938.249,5507.8125
1361510938.249,7875.0
1361510937.989,7726.5625
1361510937.989,4785.15625
1361510938.12,5601.5625
1361510938.248,5289.0625
1361510938.312,6703.125
1361510938.312,12203.125
1361510938.312,8437.5
1361510930.886,199.32432432432432
1361510931.14,164.55518018018017
1361510931.331,112.26851851851852
1361510931.395,97.26914414414415
1361510931.522,83.56584821428571
1361510931.457,98.1534090909091
1361510937.625,13140.625
1361510937.625,4750.0
1361510937.625,4750.0
1361510937.941,11140.625
1361510937.941,5703.125
1361510937.816,15531.25
1361510937.944,6601.5625
1361510938.008,3703.125
1361510938.008,2833.3333333333335
1361510938.072,6359.375
1361510938.072,5781.25
1361510938.135,5679.6875
1361510938.199,9750.0
1361510938.199,7289.0625
1361510938.199,7734.375
1361510938.199,7078.125
1361510938.327,12859.375
1361510930.582,86.22159090909092
1361510930.822,199.57386363636365
1361510930.822,237.6953125
1361510930.568,135.79545454545456
1361510938.76,4359.375
1361510916.036,178.7050898203593
1361510916.035,246.88430059523807
1361510915.995,197.4176646706587
1361510916.506,898.2732732732733
1361510916.57,109.84281437125748
1361510916.93,81.58682634730539
1361510916.305,103.04054054054055
1361510916.659,173.66340361445785
1361510916.722,371.0820895522388
1361510916.777,68.67514970059881
1361510915.901,953.4564393939394
1361510916.511,74.10179640718563
1361510916.701,215.9431137724551
1361510916.701,154.09805389221557
1361510946.926,5867.1875
1361510946.926,6992.1875
1361510946.99,1522.1354166666667
1361510946.99,6703.125
1361510946.989,8437.5
1361510937.665,1424.812030075188
1361510946.174,12312.5
1361510946.237,9500.0
1361510946.237,9500.0
1361510938.365,95.47244094488188
1361510937.981,123.57954545454545
1361510946.301,14781.25
1361510946.365,16312.5
1361510946.365,28921.875
1361510938.493,79.97685185185185
1361510946.425,5151.041666666667
1361510946.489,5703.125
1361510946.488,6380.208333333333
1361510946.492,3671.875
1361510946.62,5937.5
1361510946.62,5367.1875
1361510946.619,6359.375
1361510946.747,12750.0
1361510946.747,5289.0625
1361510946.811,4039.0625
1361510946.811,5914.0625
1361510946.811,6101.5625
1361510946.875,8250.0
1361510946.811,7289.0625
1361510946.875,6703.125
1361510938.746,70.6062030075188
1361510946.937,6429.6875
1361510947.001,1102.2727272727273
1361510947.38,4359.375
1361510937.619,111.72462406015038
1361510937.683,71.3110902255639
1361510937.939,237.6953125
1361510937.874,165.06109022556393
1361510946.45,1971.3541666666667
1361510937.938,167.61363636363635
1361510946.577,6007.8125
1361510946.641,12375.0
1361510946.129,4750.0
1361510946.769,7875.0
1361510946.188,443.61413043478257
1361510946.828,7078.125
1361510946.832,8437.5
1361510946.832,7289.0625
1361510938.192,135.76388888888889
1361510938.192,68.1712962962963
1361510938.448,79.97685185185185
1361510946.384,3984.375
1361510946.384,4401.041666666667
1361510946.576,4250.0
1361510946.639,12171.875
1361510946.767,9750.0
1361510946.807,1405.048076923077
1361510946.807,9750.0
1361510927.404,7218.75
1361510947.18,127.57120253164558
1361510946.174,25391.32724719101
1361510946.238,58.693910256410255
1361510946.429,1134.889240506329
1361510946.429,304.46428571428567
1361510946.493,240.70411392405063
1361510946.493,197.38924050632912
1361510947.127,127.57120253164558
1361510947.253,97.83380681818183
1361510952.289,2156.25
1361510945.751,661.6242038216561
1361510946.131,139.92745535714286
1361510946.835,107.39715189873418
1361510946.386,267.6028481012658
1361510946.866,107.39715189873418
1361510931.988,223.3866869918699
1361510930.977,127.00803212851406
1361510937.571,100.32894736842105
1361510937.634,833.2175925925925
1361510938.545,2269.2389455782313
1361510945.841,16531.25
1361510945.876,16531.25
1361510945.858,3200.0
1361510946.84,6546.875
1361510946.903,7812.5
1361510946.565,14822.916666666666
1361510946.692,36062.5
1361510946.819,2350.0
1361510946.61,15250.0
1361510946.42,74781.25
1361510946.514,9171.875
1361510946.514,297968.75
1361510946.578,10109.375
1361510980.465,12328.125
1361510980.465,4750.0
1361510980.465,4750.0
1361510980.718,14765.625
1361510980.78,27296.875
1361510980.413,4750.0
1361510977.566,4484.375
1361510977.629,2343.75
1361510980.953,5703.125
1361510981.017,197.38924050632912
1361510981.016,267.2072784810127
1361510981.08,270.1480263157895
1361510981.015,3828.125
1361510981.015,237.6953125
1361510981.079,2886.71875
1361510981.078,2800.78125
1361510981.268,4250.0
1361510981.268,6125.0
1361510981.266,3703.125
1361510981.394,7734.375
1361510981.393,7867.1875
1361510981.393,4718.75
1361510981.457,8437.5
1361510981.645,125.9765625
1361510981.836,109.375
1361510988.719,9500.0
1361510988.719,9500.0
1361510988.783,7382.8125
1361510980.59,130.41338582677164
1361510980.9,7718.75
1361510980.964,3300.78125
1361510980.964,2988.28125
1361510981.027,3179.6875
1361510981.217,3786.4583333333335
1361510981.196,5765.625
1361510981.323,7289.0625
1361510981.323,5289.0625
1361510981.322,106.0546875
1361510981.321,5492.1875
1361510981.321,5968.75
1361510981.385,4468.75
1361510981.449,6382.8125
1361510981.511,11421.875
1361510981.632,127.57120253164558
1361510981.886,4359.375
1361510980.412,20001.28676470588
1361510980.412,73.52228682170544
1361510988.666,12312.5
1361510988.666,9500.0
1361510964.067,7583.333333333333
1361510963.797,6781.25
1361510988.935,7765.625
1361510989.06,5976.5625
1361510989.06,6601.5625
1361510989.06,6380.208333333333
1361510989.06,5703.125
1361510989.123,5960.9375
1361510989.187,5632.8125
1361510989.249,5968.75
1361510989.249,9750.0
1361510989.248,7875.0
1361510989.312,7078.125
1361510981.372,148.05947580645162
1361510989.565,127.57120253164558
1361510981.501,99.38524590163934
1361510989.691,107.06018518518519
1361510996.764,9500.0
1361510996.763,9500.0
1361510988.946,266.63961038961037
1361510989.01,7726.5625
1361510989.009,229.1039156626506
1361510989.009,194.921875
1361510989.004,267.6028481012658
1361510989.132,8500.0
1361510989.263,8250.0
1361510989.262,107.39715189873418
1361510989.134,5367.1875
1361510989.133,5765.625
1361510989.133,6359.375
1361510989.192,5742.1875
1361510989.195,7289.0625
1361510989.195,5507.8125
1361510989.259,5695.3125
1361510989.451,125.9765625
1361510989.258,4468.75
1361510989.258,8437.5
1361510989.321,5679.6875
1361510989.321,6429.6875
1361510981.747,2130.374203821656
1361510988.648,117.93154761904762
1361510988.716,81.625
1361510996.716,12328.125
1361510996.716,9500.0
1361510988.841,14460.9375
1361510978.734,1023.4086715867159
1361510997.012,14460.9375
1361510997.079,7718.75
1361510997.142,273.75
1361510997.206,2281.25
1361510997.205,3090.625
1361510997.205,2988.28125
1361510997.205,3503.90625
1361510997.205,1740.056818181818
1361510997.205,234.7608024691358
1361510989.331,136.5438432835821
1361510989.458,91.85606060606061
1361510997.519,1816.9642857142858
1361510997.833,4875.0
1361510997.897,5898.4375
1361510997.897,4468.75
1361510997.897,6375.0
1361510997.896,3496.09375
1361510997.959,3526.0416666666665
1361510998.023,4286.458333333333
1361510998.022,3755.2083333333335
1361510996.78,27232.565789473687
1361510996.779,127.67454954954954
1361510998.251,127.57120253164558
1361510998.251,127.57120253164558
1361510998.378,100.65406976744185
1361510998.505,4359.375
1361510997.09,257.8125
1361510997.153,192.51543209876542
1361510997.216,1110.9375
1361510997.407,1062.5
1361510997.47,1720.982142857143
1361510997.469,1767.857142857143
1361510997.533,1924.4791666666667
1361510997.828,5156.25
1361510997.827,7875.0
1361510997.827,7289.0625
1361510997.827,106.0546875
1361510997.827,6101.5625
1361510997.89,8437.5
1361510996.797,7335.9375
1361510980.195,201.28676470588235
1361510980.951,967.1753875968992
1361510981.012,109.85762548262548
1361510980.155,319.2223837209303
1361510980.154,194.9142156862745
1361510980.858,112.57716049382715
1361510980.921,147.22222222222223
1361510981.167,339.7235576923077
1361510981.294,69.82800387596899
1361510981.354,83.41439688715953
1361510980.356,184.24479166666666
1361510980.356,368.92023346303506
1361510980.356,67.32536764705883
1361510980.356,83.74083129584352
1361510981.193,236.6431451612903
1361510981.193,128.86100386100387
1361510981.191,216.4486434108527
1361511006.991,3578.125
1361511007.055,5601.5625
1361511007.055,4250.0
1361511007.054,4125.0
1361511007.181,3526.0416666666665
1361511007.244,107.39715189873418
1361511007.244,1671.875
1361511007.18,3539.0625
1361511007.244,8250.0
1361511007.244,2343.75
1361511007.24,4468.75
1361511007.24,8437.5
1361511008.131,11937.5
1361510997.886,124.67893835616438
1361510998.072,84.79020979020979
1361510996.839,66.68709150326798
1361510998.374,2116.7919303797466
1361511006.63,557.9044117647059
1361511006.566,4750.0
1361511006.629,7375.0
1361511006.757,15968.75
1361511006.82,267.6028481012658
1361511006.884,3828.125
1361511006.88,5976.5625
1361511006.88,7007.8125
1361511006.88,5703.125
1361511006.88,7726.5625
1361511006.88,6125.0
1361511006.88,237.6953125
1361511006.879,197.19145569620252
1361511006.883,3973.9583333333335
1361511007.007,6359.375
1361511007.134,9750.0
1361511007.134,3661.4583333333335
1361511007.134,5244.791666666667
1361511007.134,3807.2916666666665
1361511007.134,4859.375
1361511007.198,2287.109375
1361511007.325,12859.375
1361511007.325,2425.0
1361511007.452,127.57120253164558
1361511007.448,125.9765625
1361511008.184,11390.625
1361511006.514,9500.0
1361511006.832,263.22115384615387
1361511006.507,13140.625
1361511006.511,4750.0
1361511006.703,14460.9375
1361510988.715,242.3095703125
1361511015.217,9500.0
1361511015.217,9500.0
1361511015.217,9500.0
1361511015.408,7984.375
1361511015.344,14460.9375
1361511015.468,5976.5625
1361511015.468,6601.5625
1361511015.535,197.5870253164557
1361511015.471,297.554347826087
1361511015.598,12250.0
1361511015.662,11546.875
1361511015.662,11484.375
1361511015.725,14578.125
1361511015.725,107.39715189873418
1361511015.725,10984.375
1361511015.725,4468.75
1361511015.788,6429.6875
1361511015.916,11390.625
1361511006.598,117.53731343283583
1361511015.233,7382.8125
1361511012.929,77.92721518987342
1361511015.42,264.2578125
1361511015.42,5151.041666666667
1361511015.42,3802.0833333333335
1361511015.487,9570.3125
1361511015.551,11109.375
1361511015.55,4250.0
1361511015.614,12718.75
1361511015.678,6992.1875
1361511015.614,12015.625
1361511015.677,8437.5
1361511015.677,5289.0625
1361511015.613,9750.0
1361511015.677,12375.0
1361511015.677,15750.0
1361511015.677,7734.375
1361511015.74,6375.0
1361511008.227,76.84426229508198
1361511015.064,12312.5
1361510996.65,223536.45833333334
1361511015.303,92.08131067961165
1361511015.62,166.143216080402
1361511015.747,176.53245192307693
1361511016.001,103.81610576923077
1361511023.936,2156.25
1361511016.128,89.84375
1361511028.222,9500.0
1361511028.222,12328.125
1361511028.221,9500.0
1361511028.284,14671.875
1361511028.667,11406.25
1361511021.883,95.80176767676768
1361511021.883,9500.0
1361511028.666,13203.125
1361511028.73,11109.375
1361511028.73,6359.375
1361511028.729,5601.5625
1361511028.857,10203.125
1361511022.073,28109.375
1361511028.857,11531.25
1361511022.136,5976.5625
1361511022.2,15453.125
1361511022.264,9570.3125
1361511022.263,6359.375
1361511022.259,12375.0
1361511022.323,9750.0
1361511022.391,14578.125
1361511022.391,15750.0
1361511022.391,8250.0
1361511022.391,181.15717821782178
1361511022.368,8437.5
1361511022.496,122.47474747474747
1361511022.623,127.57120253164558
1361511022.623,127.57120253164558
1361511022.751,108.59375
1361511015.187,143.9623786407767
1361511015.89,102.82738095238095
1361511015.826,118.87254901960783
1361511028.175,9500.0
1361511028.301,7718.75
1361511028.605,11953.125
1361511028.476,14460.9375
1361511021.82,13125.0
1361511021.82,274.46338383838383
1361511021.819,9500.0
1361511021.819,9500.0
1361511028.667,8500.0
1361511021.882,7382.8125
1361511028.602,15453.125
1361511028.602,9570.3125
1361511028.794,15750.0
1361511028.794,8437.5
1361511028.666,11546.875
1361511028.729,12265.625
1361511028.793,10578.125
1361511028.793,11937.5
1361511014.264,129.03559602649005
1361511022.008,15531.25
1361511022.072,217.35767326732673
1361511022.135,13203.125
1361511022.135,11406.25
1361511022.071,210.3960396039604
1361511022.135,170.29671717171718
1361511022.135,161.35519801980197
1361511022.135,5960.9375
1361511022.198,10734.375
1361511022.198,4250.0
1361511022.198,6007.8125
1361511022.326,10578.125
1361511022.326,91.12004950495049
1361511022.325,11937.5
1361511022.325,11828.125
1361511022.325,6992.1875
1361511022.325,11453.125
1361511022.325,4468.75
1361511022.389,4078.125
1361511022.389,4286.458333333333
1361511006.674,300.3115835777126
1361511006.799,213.38757396449702
1361511006.862,80.62130177514793
1361511006.797,121.25554733727812
1361511005.855,1625.0
1361511005.911,828.4926470588235
1361511006.716,211.98694029850745
1361511006.78,67.86242603550296
1361511006.312,181.2130177514793
1361511006.312,190.4585798816568
1361511006.76,882.3746312684366
1361511006.883,108.2227138643068
1361511006.274,195.08136094674555
1361511008.255,224.6151026392962
1361511028.998,12265.625
1361511028.22,72.95673076923077
1361511028.601,306.4365671641791
1361511029.945,127.57120253164558
1361511028.664,179.6875
1361511028.854,7078.125
1361511030.006,125.9765625
1361511028.854,7734.375
1361511028.854,107.39715189873418
1361511036.847,8781.25
1361511030.45,101.65441176470588
1361511028.891,6429.6875
1361511028.177,115.38461538461539
1361511028.6,130.5
1361511028.534,267.6028481012658
1361511028.788,4468.75
1361511036.787,9500.0
1361511014.861,78.125
1361511014.781,100.33885542168674
1361511015.054,170.3125
1361511015.229,129.203216374269
1361511036.981,15968.75
1361511037.17,12250.0
1361511037.169,4039.0625
1361511037.233,264.2578125
1361511037.233,281.25
1361511037.232,5976.5625
1361511037.232,6601.5625
1361511037.296,9570.3125
1361511037.359,11796.875
1361511037.359,2723.9583333333335
1361511037.359,4250.0
1361511037.358,2604.910714285714
1361511037.421,5601.5625
1361511037.421,5679.6875
1361511037.421,2543.75
1361511037.485,3078.125
1361511037.738,9750.0
1361511037.738,5968.75
1361511037.738,7242.1875
1361511037.802,6703.125
1361511037.737,4671.875
1361511037.801,225.0
1361511028.84,138.51033834586465
1361511037.928,11390.625
1361511036.838,137.86764705882354
1361511036.902,1227.3065476190477
1361511036.838,7382.8125
1361511036.837,677.4553571428571
1361511038.539,104.66867469879517
1361511038.67,4359.375
1361511036.997,28109.375
1361511037.186,5703.125
1361511037.185,7726.5625
1361511037.249,208.27414772727275
1361511037.312,9750.0
1361511037.312,6703.125
1361511037.312,14578.125
1361511037.312,7875.0
1361511037.312,5960.9375
1361511037.312,4661.458333333333
1361511037.312,174.26470588235293
1361511037.371,2146.875
1361511037.439,3214.84375
1361511037.693,5695.3125
1361511037.692,5492.1875
1361511037.692,1750.0
1361511037.692,4671.875
1361511037.692,4661.458333333333
1361511029.819,103.63247863247864
1361511037.755,8437.5
1361511036.773,60097.017045454544
1361511045.599,9500.0
1361511045.598,12312.5
1361511045.913,6601.5625
1361511045.976,5960.9375
1361511045.893,266.63961038961037
1361511045.893,7679.6875
1361511045.893,4785.15625
1361511045.956,164.57359813084113
1361511046.084,7828.125
1361511046.084,7734.375
1361511046.148,11937.5
1361511046.02,8500.0
1361511046.02,12015.625
1361511046.079,9750.0
1361511046.079,7242.1875
1361511046.147,12375.0
1361511046.147,8437.5
1361511046.593,105.75457317073172
1361511045.53,21286.83035714286
1361511045.53,9500.0
1361511037.657,92.55725190839695
1361511045.529,238.35495283018867
1361511045.529,9500.0
1361511037.72,140.02403846153845
1361511045.715,14054.6875
1361511045.654,7382.8125
1361511045.78,264.2578125
1361511045.844,7984.375
1361511045.844,5703.125
1361511045.844,5976.5625
1361511045.844,194.3359375
1361511045.971,12625.0
1361511046.034,5851.5625
1361511046.034,6765.625
1361511046.098,10578.125
1361511045.969,10734.375
1361511045.968,6125.0
1361511046.032,6101.5625
1361511046.096,107.39715189873418
1361511046.096,4468.75
1361511046.16,12765.625
1361511046.16,3765.625
1361511046.351,127.57120253164558
1361511046.35,127.57120253164558
1361511046.605,4359.375
1361511027.781,6213.541666666667
1361511056.552,4750.0
1361511056.742,7390.625
1361511056.742,14460.9375
1361511056.869,16312.5
1361511056.869,5976.5625
1361511056.933,15453.125
1361511056.932,3942.7083333333335
1361511056.932,13203.125
1361511056.996,10734.375
1361511056.996,8500.0
1361511056.932,5976.5625
1361511056.996,5601.5625
1361511057.059,11875.0
1361511045.603,55.14171511627907
1361511057.119,12750.0
1361511057.119,10984.375
1361511057.119,14578.125
1361511057.119,15750.0
1361511057.119,4468.75
1361511057.122,6992.1875
1361511057.122,8250.0
1361511057.185,6054.6875
1361511057.799,2179.6875
1361511038.532,2238.8842281879192
1361511035.829,665.327380952381
1361511056.481,6164.0625
1361511056.481,4750.0
1361511056.48,4750.0
1361511045.534,57.86700581395349
1361511056.862,9570.3125
1361511056.861,11406.25
1361511056.989,5726.5625
1361511056.925,6359.375
1361511056.988,5781.25
1361511057.052,5289.0625
1361511057.051,8437.5
1361511057.115,6429.6875
1361511046.105,106.26827485380116
1361511046.168,72.60479041916167
1361511036.846,961.8167202572347
1361511036.182,308.21175078864354
1361511036.246,153.40455271565494
1361511036.184,158.09116242038215
1361511037.129,148984.375
1361511036.999,118.34677419354838
1361511036.84,257.6355177993527
1361511036.902,240.46415441176472
1361511037.194,5875.0
1361511035.978,193.01743323442136
1361511036.039,503.03542993630566
1361511036.44,163.91321656050957
1361511036.75,233.41423948220063
1361511036.75,74.23139158576052
1361511036.73,88.18770226537217
1361511063.513,7281.25
1361511056.639,64.08361486486487
1361511064.574,12328.125
1361511064.574,6718.75
1361511064.573,14781.25
1361511056.893,150.3638698630137
1361511064.637,1583.3333333333333
1361511064.636,2259.6153846153848
1361511064.7,1900.0
1361511056.892,145.54794520547946
1361511057.146,139.79640151515153
1361511057.272,93.9922480620155
1361511065.463,1750.0
1361511057.462,83.05288461538461
1361511065.526,7875.0
1361511065.526,7289.0625
1361511065.526,7078.125
1361511065.526,7734.375
1361511065.589,1309.1517857142858
1361511065.653,6429.6875
1361511046.108,132.7662721893491
1361511066.074,379.375
1361511066.074,14460.9375
1361511066.264,15453.125
1361511066.264,5570.3125
1361511066.264,6380.208333333333
1361511066.392,3644.53125
1361511066.392,2882.8125
1361511066.392,2796.875
1361511066.392,3300.0
1361511066.387,3019.53125
1361511066.387,2730.46875
1361511066.451,3187.5
1361511066.583,8437.5
1361511066.646,12765.625
1361511067.666,4484.375
1361511056.526,114.61975524475525
1361511056.525,1908.790650406504
1361511056.89,134.81404958677686
1361511056.89,158.00107758620692
1361511057.08,70.25286259541986
1361511057.27,81.79450757575756
1361511065.398,4083.333333333333
1361511065.398,4875.0
1361511065.461,5492.1875
1361511065.461,4468.75
1361511065.397,4039.0625
1361511065.525,8437.5
1361511065.589,1010.4166666666667
1361511057.524,87.61682242990653
1361511065.969,4750.0
1361511065.969,1093.75
1361511066.159,5976.5625
1361511066.095,2179.6875
1361511066.283,5773.4375
1361511066.351,3250.0
1361511066.222,13203.125
1361511066.35,3937.5
1361511066.35,2816.40625
1361511066.222,5703.125
1361511066.414,962.9934210526316
1361511066.414,2644.53125
1361511066.285,4250.0
1361511066.285,6359.375
1361511066.413,2681.25
1361511066.669,6117.1875
1361511066.668,808.3333333333334
1361511044.981,74.70538720538721
1361511045.294,136.64504716981133
1361511064.232,411.10819327731093
1361511064.232,10964.285714285714
1361511064.422,95.90517241379311
1361511064.422,96.50735294117648
1361511064.422,105.1470588235294
1361511064.422,105.1470588235294
1361511064.549,73.79518072289157
1361511072.801,9500.0
1361511064.992,52.78201219512195
1361511073.054,11953.125
1361511073.053,5570.3125
1361511073.117,12250.0
1361511073.181,6312.5
1361511065.5,128.35743801652893
1361511073.18,4114.583333333333
1361511073.229,14484.375
1361511065.677,304.7578828828829
1361511073.229,7734.375
1361511073.229,6992.1875
1361511073.293,8437.5
1361511073.292,12750.0
1361511073.292,3786.4583333333335
1361511073.292,3526.0416666666665
1361511065.74,222.00520833333334
1361511073.419,3042.96875
1361511066.184,198.5981308411215
1361511066.184,207.10495283018867
1361511064.165,1637.736344537815
1361511064.165,301.73319327731093
1361511064.356,175.3676470588235
1361511064.356,87.86764705882352
1361511064.356,87.86764705882352
1361511064.61,792.1040076335878
1361511072.734,9500.0
1361511072.734,9500.0
1361511072.798,14687.5
1361511072.861,14054.6875
1361511072.861,7937.5
1361511072.988,7679.6875
1361511072.988,6601.5625
1361511072.988,4785.15625
1361511072.988,11406.25
1361511073.052,2833.3333333333335
1361511073.115,3848.9583333333335
1361511073.115,3734.375
1361511073.115,4875.0
1361511073.179,15656.25
1361511073.175,4468.75
1361511073.175,3671.875
1361511057.562,2390.138408304498
1361511073.242,6382.8125
1361511065.69,89.97395833333334
1361511055.554,1052.0833333333333
1361511056.046,105.25306748466258
1361511083.999,9500.0
1361511083.998,9500.0
1361511084.319,13203.125
1361511084.319,6380.208333333333
1361511084.319,5976.5625
1361511084.382,6359.375
1361511084.445,12375.0
1361511077.533,9500.0
1361511084.509,5367.1875
1361511084.509,4875.0
1361511084.509,6375.0
1361511077.532,14781.25
1361511084.508,4718.75
1361511084.508,5104.166666666667
1361511077.596,8156.25
1361511077.596,14054.6875
1361511084.635,8437.5
1361511084.635,12203.125
1361511084.635,6429.6875
1361511077.722,5914.0625
1361511077.722,15453.125
1361511077.849,11875.0
1361511077.848,11437.5
1361511077.848,11203.125
1361511077.848,174.25595238095238
1361511077.848,4468.75
1361511077.911,6375.0
1361511073.019,169.1228693181818
1361511077.947,11390.625
1361511077.947,122.47474747474747
1361511078.011,11390.625
1361511073.209,88.24573863636363
1361511073.462,106.3565340909091
1361511066.226,175.0801282051282
1361511083.922,9500.0
1361511083.922,12328.125
1361511083.985,7390.625
1361511084.112,28109.375
1361511084.112,16312.5
1361511064.207,23.1629392971246
1361511084.239,15453.125
1361511084.239,3942.7083333333335
1361511077.455,9500.0
1361511077.455,9500.0
1361511084.238,5976.5625
1361511084.238,11406.25
1361511084.301,3003.90625
1361511084.364,11875.0
1361511077.388,12312.5
1361511084.427,4250.0
1361511084.427,5679.6875
1361511077.451,92.98406862745098
1361511077.643,13203.125
1361511084.491,4468.75
1361511077.642,5367.1875
1361511084.426,7875.0
1361511084.426,7289.0625
1361511084.426,5507.8125
1361511077.705,9750.0
1361511077.769,8500.0
1361511077.769,6359.375
1361511077.769,15750.0
1361511084.553,10578.125
1361511077.769,8171.875
1361511077.64,11953.125
1361511077.768,5679.6875
1361511077.64,5703.125
1361511072.712,128.16722972972974
1361511077.64,6380.208333333333
1361511077.64,5976.5625
1361511077.831,6429.6875
1361511077.766,14578.125
1361511077.766,11015.625
1361511072.902,229.93607954545456
1361511077.766,6992.1875
1361511072.965,226.42857142857142
1361511077.765,8437.5
1361511073.155,253.25520833333331
1361511073.283,178.30882352941177
1361511073.346,105.75564971751413
1361511073.599,90.44642857142857
1361511062.684,180.6469298245614
1361511064.033,397.02868852459017
1361511064.979,153.89052013422818
1361511064.912,1254.7189597315435
1361511064.118,217.8733498349835
1361511064.884,594187.5
1361511063.084,13375.0
1361511064.476,228.125
1361511064.964,303.55639730639734
1361511064.963,114.3036912751678
1361511065.851,238.04120111731845
1361511063.825,310.0387828162291
1361511064.881,343.64513422818794
1361511064.88,115.8459595959596
1361511065.069,243.36526381909547
1361511091.44,7007.8125
1361511091.435,5976.5625
1361511091.501,9570.3125
1361511091.5,5570.3125
1361511091.627,7289.0625
1361511091.627,9750.0
1361511091.626,5679.6875
1361511091.626,7875.0
1361511091.754,14578.125
1361511091.626,5500.0
1361511084.074,91.92004504504504
1361511091.754,10734.375
1361511091.754,10578.125
1361511091.753,12750.0
1361511091.753,7078.125
1361511091.753,4468.75
1361511091.753,8437.5
1361511084.327,237.6953125
1361511084.58,165.76704545454547
1361511092.132,4359.375
1361511084.705,112.26851851851852
1361511084.831,98.1534090909091
1361511091.13,12312.5
1361511091.13,9500.0
1361511091.13,9500.0
1361511091.13,9500.0
1361511091.258,14109.375
1361511091.258,7984.375
1361511091.384,5703.125
1361511091.384,7726.5625
1361511091.448,8062.5
1361511084.726,97.26914414414415
1361511091.51,4250.0
1361511091.51,6125.0
1361511091.573,12718.75
1361511091.573,11531.25
1361511091.573,11203.125
1361511091.573,6992.1875
1361511091.573,5492.1875
1361511091.637,9750.0
1361511091.637,6703.125
1361511091.7,10984.375
1361511091.636,8437.5
1361511091.7,12859.375
1361511091.827,11390.625
1361511084.253,197.21283783783784
1361511084.252,149.6559633027523
1361511084.252,199.32432432432432
1361511084.44,82.91103603603604
1361511072.726,137.79398954703834
1361511084.819,84.17792792792793
1361511091.125,14781.25
1361511068.948,129.76190476190476
1361511072.247,212.9448784722222
1361511072.28,90.37456445993033
1361511072.43,201.65505226480838
1361511072.62,183.6206896551724
1361511091.415,234.7608024691358
1361511091.601,194.24342105263156
1361511091.601,96.875
1361511091.729,198.4206989247312
1361511091.856,118.64697802197801
1361511091.983,95.46703296703296
1361511091.371,166.29464285714286
1361511091.371,234.05612244897958
1361511091.371,224.01147959183672
1361511083.752,670.8611641221373
1361511091.687,98.95833333333333
1361511091.751,131.79347826086956
1361511091.814,118.64697802197801
1361511091.065,136.36363636363635
1361511091.065,100.03063725490196
1361511091.064,12949.721534653465
1361511090.836,909.6875
1361511103.386,88140.625
1361511104.342,22250.0
1361511091.988,2105.345911949685
1361511104.654,9976.5625
1361511084.01,65.54307116104869
1361511112.865,20274.553571428572
1361511090.659,4575.892857142857
1361511091.102,6114.583333333333
1361511090.623,16546.875
1361511090.995,149562.5
1361511090.922,8578.125
1361511091.049,16351.5625
1361511091.049,36062.5
1361511090.97,5734.375
1361511091.033,13625.0
1361511121.268,406.25
1361511123.211,2156.25
1361511102.118,160.44560185185185
1361511127.705,2343.75
1361511137.274,9500.0
1361511137.465,5145.833333333333
1361511137.632,28921.875
1361511137.76,14015.625
1361511137.76,11406.25
1361511137.76,15343.75
1361511137.76,11953.125
1361511137.822,6312.5
1361511137.822,5960.9375
1361511137.95,12343.75
1361511138.013,7078.125
1361511138.013,5492.1875
1361511138.013,14484.375
1361511138.013,7734.375
1361511138.012,1218.75
1361511137.208,9500.0
1361511137.208,9500.0
1361511137.271,7343.75
1361511137.843,5726.5625
1361511137.906,10578.125
1361511137.714,6380.208333333333
1361511137.906,9750.0
1361511137.97,7828.125
1361511137.778,4250.0
1361511137.778,5601.5625
1361511137.778,5773.4375
1361511137.969,8437.5
1361511138.096,12765.625
1361511139.05,11390.625
1361511138.918,6375.0
1361511137.287,124.79440789473684
1361511142.151,9500.0
1361511142.447,5177.083333333333
1361511142.447,875.0
1361511142.701,8500.0
1361511142.701,9750.0
1361511142.701,7875.0
1361511142.701,8250.0
1361511142.765,5632.8125
1361511142.7,5601.5625
1361511142.828,5968.75
1361511142.828,5695.3125
1361511142.827,6429.6875
1361511138.026,250.6421232876712
1361511146.79,12328.125
1361511146.918,14460.9375
1361511147.046,6601.5625
1361511147.106,5367.1875
1361511147.173,5976.5625
1361511147.173,4661.458333333333
1361511147.173,5156.25
1361511147.237,15750.0
1361511147.365,12859.375
1361511146.981,7984.375
1361511147.109,5554.6875
1361511147.173,6359.375
1361511147.237,4468.75
1361511147.301,11390.625
1361511142.144,3695.3125
1361511142.207,5784.375
1361511142.079,12328.125
1361511142.079,9500.0
1361511142.079,9500.0
1361511142.142,133.98972602739727
1361511137.789,275.1736111111111
1361511142.524,5703.125
1361511142.524,7726.5625
1361511142.395,875.0
1361511142.587,5960.9375
1361511142.651,6359.375
1361511142.523,5976.5625
1361511142.715,261.8303571428571
1361511142.523,6601.5625
1361511142.715,8437.5
1361511142.587,9570.3125
1361511142.587,5773.4375
1361511142.65,11531.25
1361511142.65,4661.458333333333
1361511142.65,7289.0625
1361511142.65,5492.1875
1361511142.71,4468.75
1361511138.105,170.77464788732394
1361511142.777,178.30882352941177
1361511142.904,3796.875
1361511146.854,14781.25
1361511146.981,6651.041666666667
1361511147.045,5765.625
1361511146.981,7726.5625
1361511146.981,5703.125
1361511147.173,14578.125
1361511147.173,11015.625
1361511147.173,5679.6875
1361511147.173,6125.0
1361511147.173,8437.5
1361511147.109,5601.5625
1361511147.109,9750.0
1361511147.237,8500.0
1361511147.236,11937.5
1361511146.812,3765.625
1361511152.201,13140.625
1361511152.201,9500.0
1361511152.455,301.93014705882354
1361511152.455,7726.5625
1361511152.455,5703.125
1361511152.455,4785.15625
1361511152.772,9750.0
1361511152.772,4718.75
1361511152.772,5765.625
1361511152.772,5367.1875
1361511152.772,7289.0625
1361511152.772,6359.375
1361511152.772,8250.0
1361511152.835,6703.125
1361511152.899,6429.6875
1361511137.758,188.4552401746725
1361511138.265,115.82880434782608
1361511138.265,115.82880434782608
1361511147.351,147.86585365853657
1361511147.031,256.0240963855422
1361511147.223,217.8308823529412
1361511152.145,9500.0
1361511152.145,9500.0
1361511152.273,29031.25
1361511152.208,7390.625
1361511152.336,15531.25
1361511152.399,6601.5625
1361511152.697,5976.5625
1361511152.697,5554.6875
1361511152.697,6007.8125
1361511152.697,5492.1875
1361511152.697,7875.0
1361511152.696,5968.75
1361511152.696,5695.3125
1361511152.824,4250.0
1361511152.824,5710.9375
1361511152.824,5289.0625
1361511153.204,2156.25
1361511137.711,258.11954148471614
1361511137.964,95.87445175438597
1361511139.111,108.29988532110092
1361511146.79,121.46577380952381
1361511136.771,264.4457547169811
1361511137.535,149.51078274760383
1361511137.47,1204.0264423076924
1361511136.738,249.70518867924528
1361511136.737,254.6187106918239
1361511136.303,1096.1838006230528
1361511136.659,107.1076498422713
1361511137.228,236.22468847352025
1361511137.355,269.76902173913044
1361511137.419,176.2820512820513
1361511137.355,161.4082532051282
1361511137.418,295.5184887459807
1361511136.579,323.03885630498536
1361511136.706,199.36708860759495
1361511136.577,134.5623028391167
1361511136.96,176.47349683544303
1361511137.213,329.1202229299363
1361511137.085,236.328125
1361511137.339,94.80506430868166
1361511137.402,112.7411575562701
1361511152.442,193.82440476190476
1361511157.56,9500.0
1361511152.824,113.61882716049384
1361511152.823,227.04475308641975
1361511152.887,153.48101265822785
1361511157.622,14781.25
1361511153.014,133.29475308641975
1361511164.598,9500.0
1361511157.75,7007.8125
1361511157.746,7710.9375
1361511157.809,148.29545454545453
1361511157.749,15531.25
1361511157.94,11265.625
1361511164.788,15531.25
1361511157.812,5367.1875
1361511157.939,7289.0625
1361511157.939,4661.458333333333
1361511158.003,8437.5
1361511157.939,5445.3125
1361511158.003,10578.125
1361511158.002,6703.125
1361511158.002,5726.5625
1361511158.066,12859.375
1361511158.194,127.57120253164558
1361511152.14,112.90922619047619
1361511152.395,264.49548192771084
1361511164.107,2156.25
1361511157.514,12328.125
1361511157.509,9500.0
1361511157.509,9500.0
1361511157.576,87.01261467889908
1361511157.704,206.96022727272728
1361511157.64,28921.875
1361511157.704,193.1818181818182
1361511152.967,133.29475308641975
1361511157.767,11406.25
1361511164.551,9500.0
1361511164.551,9500.0
1361511157.767,11015.625
1361511153.095,94.59206586826348
1361511157.702,5976.5625
1361511157.766,9570.3125
1361511157.83,12718.75
1361511164.55,12328.125
1361511157.83,8500.0
1361511164.657,14460.9375
1361511157.806,5632.8125
1361511157.873,11937.5
1361511157.873,9750.0
1361511157.873,7875.0
1361511164.593,14781.25
1361511157.872,7734.375
1361511157.936,107.39715189873418
1361511158.126,127.57120253164558
1361511158.38,5765.625
1361511165.07,11234.375
1361511165.065,2833.3333333333335
1361511165.069,4239.583333333333
1361511165.133,9750.0
1361511165.133,6375.0
1361511165.132,3496.09375
1361511165.132,7875.0
1361511165.196,107.39715189873418
1361511165.195,2812.5
1361511165.195,652.34375
1361511165.258,5289.0625
1361511165.385,12765.625
1361511172.424,9500.0
1361511165.384,505.20833333333337
1361511172.421,12312.5
1361511165.636,106.86728395061729
1361511164.611,122.95081967213115
1361511172.674,7984.375
1361511164.61,263.4548611111111
1361511172.797,11140.625
1361511164.864,177.04133064516128
1361511164.864,171.37096774193546
1361511164.864,5976.5625
1361511164.864,6601.5625
1361511164.864,210.66810344827584
1361511164.864,5554.6875
1361511158.079,110.22727272727273
1361511164.862,131.55241935483872
1361511164.926,546.38671875
1361511164.956,5367.1875
1361511165.019,5781.25
1361511165.018,5726.5625
1361511165.082,7289.0625
1361511165.146,3351.5625
1361511165.082,5492.1875
1361511165.082,4125.0
1361511165.335,12203.125
1361511165.335,1750.0
1361511165.462,125.9765625
1361511165.462,125.9765625
1361511172.268,9500.0
1361511172.268,9500.0
1361511172.332,4927.083333333333
1361511172.518,14460.9375
1361511164.456,7200.947745901639
1361511172.648,7007.8125
1361511172.648,10593.75
1361511172.648,7726.5625
1361511172.712,11437.5
1361511164.711,5703.125
1361511157.862,164.48102678571428
1361511165.797,4359.375
1361511164.708,7726.5625
1361511164.708,4785.15625
1361511172.922,5601.5625
1361511172.917,4250.0
1361511172.917,6359.375
1361511179.641,9500.0
1361511179.641,9500.0
1361511179.704,14781.25
1361511173.048,6375.0
1361511173.048,5289.0625
1361511173.048,4875.0
1361511173.112,7875.0
1361511173.111,5898.4375
1361511173.111,80.02717391304348
1361511179.767,7984.375
1361511173.173,8437.5
1361511179.893,6125.0
1361511173.236,6429.6875
1361511173.235,108.25892857142857
1361511180.083,28109.375
1361511172.465,84.68191964285714
1361511180.209,5554.6875
1361511180.272,4250.0
1361511180.4,11359.375
1361511180.399,5500.0
1361511180.399,9750.0
1361511180.463,4218.75
1361511172.399,144.77323008849558
1361511180.398,3630.2083333333335
1361511180.457,3351.5625
1361511172.841,213.11773255813955
1361511173.677,4359.375
1361511172.779,190.89673913043478
1361511172.842,140.625
1361511165.738,2116.7919303797466
1361511172.876,5554.6875
1361511172.876,5367.1875
1361511179.596,9500.0
1361511173.003,5679.6875
1361511173.003,11562.5
1361511173.067,4718.75
1361511173.067,7734.375
1361511173.067,7289.0625
1361511173.066,159.64673913043478
1361511173.066,4468.75
1361511173.129,5695.3125
1361511173.318,93.88586956521739
1361511180.164,11953.125
1361511180.164,7007.8125
1361511180.164,7726.5625
1361511180.164,5703.125
1361511173.316,93.88586956521739
1361511180.228,9570.3125
1361511180.291,12718.75
1361511180.291,11234.375
1361511180.354,12750.0
1361511173.57,92.66707920792079
1361511180.226,5367.1875
1361511172.354,30781.25
1361511180.349,3539.0625
1361511180.349,5250.0
1361511180.413,7289.0625
1361511180.413,5289.0625
1361511180.416,3807.2916666666665
1361511180.523,6429.6875
1361511172.713,184.78260869565216
1361511180.517,2882.8125
1361511172.776,6380.208333333333
1361511154.819,44.68457943925234
1361511179.661,110.28343023255815
1361511180.228,265.625
1361511180.228,274.4140625
1361511173.507,2312.3022151898736
1361511180.482,225.50154320987653
1361511185.152,9500.0
1361511185.152,9500.0
1361511180.736,121.31320224719101
1361511185.216,14460.9375
1361511185.343,7007.8125
1361511185.343,5976.5625
1361511185.343,5703.125
1361511185.407,9570.3125
1361511185.407,11109.375
1361511185.343,7726.5625
1361511185.47,5773.4375
1361511185.47,4250.0
1361511185.661,5460.9375
1361511185.661,7289.0625
1361511185.661,5289.0625
1361511185.721,6703.125
1361511185.788,11390.625
1361511180.06,100.80645161290322
1361511173.34,8188.0822981366455
1361511180.249,187.32040229885058
1361511180.415,113.61882716049384
1361511180.54,153.48101265822785
1361511185.084,9500.0
1361511185.148,14781.25
1361511185.403,5601.5625
1361511185.211,7765.625
1361511185.403,4239.583333333333
1361511185.466,6085.9375
1361511185.338,5765.625
1361511185.529,5968.75
1361511185.589,9750.0
1361511185.589,7875.0
1361511185.589,7734.375
1361511185.657,8437.5
1361511185.591,6765.625
1361511185.717,6429.6875
1361511164.126,280.3101503759399
1361511164.126,202.77255639097743
1361511164.635,946.5981012658228
1361511164.096,202.73339598997495
1361511164.594,113.9363354037267
1361511164.273,372.3503740648379
1361511164.4,74.25820707070707
1361511163.244,1028.780864197531
1361511163.56,325.0
1361511163.847,81.46199748743719
1361511163.846,256.92387440758296
1361511164.309,228.24367088607593
1361511164.308,149.60443037974682
1361511164.307,134.46969696969697
1361511164.371,86.23417721518987
1361511164.758,795.3506097560976
1361511164.755,104.82097989949749
1361511165.007,180.5511934673367
1361511179.625,151.8028846153846
1361511196.257,12312.5
1361511196.324,14781.25
1361511180.259,201.30964730290458
1361511196.387,9640.625
1361511196.387,5322.916666666667
1361511196.573,14015.625
1361511196.509,1750.0
1361511196.577,5703.125
1361511196.577,11953.125
1361511196.64,11109.375
1361511196.64,12250.0
1361511196.703,5718.75
1361511196.766,14578.125
1361511196.766,10984.375
1361511196.766,10578.125
1361511196.766,6296.875
1361511196.766,7734.375
1361511190.045,9500.0
1361511190.045,9500.0
1361511190.044,97.7770618556701
1361511190.108,14765.625
1361511190.172,28109.375
1361511190.3,9570.3125
1361511190.427,5492.1875
1361511190.427,6359.375
1361511190.427,8437.5
1361511190.299,11953.125
1361511185.626,243.95833333333334
1361511190.426,4250.0
1361511190.426,7875.0
1361511190.426,5632.8125
1361511190.554,5695.3125
1361511185.626,89.26005747126436
1361511185.729,166.0958904109589
1361511190.717,3807.2916666666665
1361511185.92,118.42105263157895
1361511196.209,9500.0
1361511196.272,1133.6805555555557
1361511196.208,9500.0
1361511196.207,9500.0
1361511196.507,15453.125
1361511196.569,6359.375
1361511196.565,10734.375
1361511196.565,8500.0
1361511196.629,11203.125
1361511185.045,123.1737012987013
1361511196.696,7078.125
1361511196.632,9750.0
1361511196.696,15750.0
1361511196.695,8437.5
1361511180.823,106.5625
1361511185.238,231.60714285714283
1361511185.238,275.974025974026
1361511189.974,12328.125
1361511189.974,9500.0
1361511185.302,169.64285714285714
1361511190.166,214.64646464646464
1361511190.229,13203.125
1361511190.229,5367.1875
1361511190.101,7765.625
1361511190.293,9750.0
1361511190.357,8250.0
1361511190.357,184.8169191919192
1361511190.229,15453.125
1361511190.225,5703.125
1361511190.293,11921.875
1361511190.293,11531.25
1361511190.292,4859.375
1361511190.292,3382.8125
1361511190.356,6007.8125
1361511190.356,4468.75
1361511190.484,125.0
1361511190.483,6429.6875
1361511190.611,11937.5
1361511185.938,97.15073529411765
1361511197.055,124.10201149425288
1361511196.599,247.09302325581396
1361511196.599,189.68023255813955
1361511196.789,211.02729885057474
1361511197.941,11390.625
1361511196.852,6429.6875
1361511201.905,9500.0
1361511201.944,14054.6875
1361511202.072,5703.125
1361511202.136,5367.1875
1361511202.135,9570.3125
1361511202.135,5960.9375
1361511202.135,5718.75
1361511202.262,6375.0
1361511202.262,9750.0
1361511202.326,10984.375
1361511202.326,15750.0
1361511202.326,10578.125
1361511202.326,4468.75
1361511196.942,122.69176136363637
1361511196.486,251.9755747126437
1361511196.53,381.00961538461536
1361511197.743,5968.75
1361511196.719,105.7830459770115
1361511196.846,142.6470588235294
1361511201.832,9500.0
1361511201.832,9500.0
1361511201.895,7382.8125
1361511202.023,11953.125
1361511202.023,6601.5625
1361511202.022,7726.5625
1361511202.022,15531.25
1361511202.086,4250.0
1361511202.149,11203.125
1361511202.149,12718.75
1361511202.213,11265.625
1361511202.276,14578.125
1361511202.276,8250.0
1361511202.276,4661.458333333333
1361511202.276,8437.5
1361511202.337,5710.9375
1361511202.333,6429.6875
1361511184.625,164.9833650190114
1361511198.001,102.67857142857143
1361511202.074,277.4493243243243
1361511210.327,16125.0
1361511210.519,1750.0
1361511202.581,127.57120253164558
1361511195.983,573.9329268292684
1361511196.236,133.7246192893401
1361511196.236,71.72131147540983
1361511196.534,186.79378531073445
1361511202.027,267.6028481012658
1361511202.027,194.7265625
1361511202.281,106.0546875
1361511210.472,18770.833333333332
1361511202.536,125.9765625
1361511189.591,284.0625
1361511189.91,89.48170731707317
1361511216.035,12312.5
1361511216.034,9500.0
1361511216.034,9500.0
1361511216.289,5703.125
1361511216.161,14781.25
1361511216.161,14054.6875
1361511216.289,7726.5625
1361511216.289,5976.5625
1361511216.288,15968.75
1361511216.352,9570.3125
1361511216.352,293.30357142857144
1361511216.351,5601.5625
1361511216.543,9750.0
1361511216.543,4661.458333333333
1361511216.479,6085.9375
1361511216.479,3833.3333333333335
1361511216.606,6703.125
1361511216.542,7289.0625
1361511216.669,6429.6875
1361511202.425,55.11363636363637
1361511215.986,9500.0
1361511216.305,11109.375
1361511216.241,13203.125
1361511216.433,6375.0
1361511216.368,6359.375
1361511216.368,4250.0
1361511216.56,5695.3125
1361511216.432,6125.0
1361511216.432,3578.125
1361511216.495,5492.1875
1361511216.495,7875.0
1361511216.495,7734.375
1361511216.559,10578.125
1361511216.559,8437.5
1361511201.807,42.915723981900456
1361511202.251,82.32903587443946
1361511195.781,154.38508064516128
1361511196.228,726.0315533980582
1361511195.74,149.29435483870967
1361511195.802,160.04247572815532
1361511195.534,195.87725903614458
1361511195.887,268.93028846153845
1361511196.013,57.86290322580645
1361511197.035,7828.125
1361511196.075,66.14077669902912
1361511196.431,62.95509708737865
1361511197.771,86.99567723342939
1361511196.746,140.26988636363635
1361511196.74,140.52483974358972
1361511196.87,174.4959677419355
1361511196.932,104.63709677419354
1361511215.72,56.875
1361511223.847,12312.5
1361511223.847,9500.0
1361511223.847,9500.0
1361511223.847,203.77604166666666
1361511216.033,121.79815573770492
1361511216.032,77.7407786885246
1361511224.164,6125.0
1361511224.228,289.17253521126764
1361511224.227,5703.125
1361511224.227,5976.5625
1361511216.355,131.55241935483872
1361511224.227,7007.8125
1361511224.291,9570.3125
1361511224.29,5554.6875
1361511224.354,11203.125
1361511224.354,8500.0
1361511224.354,12718.75
1361511224.417,9750.0
1361511224.417,4859.375
1361511224.417,5250.0
1361511224.481,485.6085526315789
1361511224.481,4468.75
1361511224.413,4718.75
1361511224.413,4125.0
1361511224.413,3932.2916666666665
1361511224.413,5500.0
1361511216.607,74.82215447154472
1361511216.607,148.755081300813
1361511216.798,87.07157258064515
1361511216.862,87.77947154471545
1361511225.05,4359.375
1361511223.802,9500.0
1361511223.866,14781.25
1361511223.993,15968.75
1361511223.993,14460.9375
1361511224.183,7726.5625
1361511224.374,3848.9583333333335
1361511224.374,3979.1666666666665
1361511216.309,178.22662601626016
1361511224.437,4218.75
1361511216.309,223.5137195121951
1361511224.373,4026.041666666667
1361511224.432,5695.3125
1361511216.692,101.04166666666667
1361511224.563,12859.375
1361511224.563,336.8055555555556
1361511224.563,6070.3125
1361511216.831,76.21951219512195
1361511227.505,2156.25
1361511210.822,5398.4375
1361511232.173,9500.0
1361511232.173,9500.0
1361511232.237,14781.25
1361511224.236,171.2646484375
1361511224.3,190.91796875
1361511232.3,14054.6875
1361511232.427,301.93014705882354
1361511232.491,5554.6875
1361511232.427,5151.041666666667
1361511232.427,4785.15625
1361511224.49,71.8994140625
1361511232.618,11203.125
1361511232.617,9750.0
1361511232.617,5914.0625
1361511232.681,15750.0
1361511232.681,15468.75
1361511232.744,11531.25
1361511232.744,12750.0
1361511232.744,6429.6875
1361511232.807,5695.3125
1361511224.743,85.01476377952756
1361511224.87,2132.165605095541
1361511223.807,114.42307692307692
1361511223.807,21138.94489247312
1361511232.125,12328.125
1361511232.124,9500.0
1361511224.251,128.44488188976376
1361511232.251,7765.625
1361511232.379,5976.5625
1361511232.379,3802.0833333333335
1361511232.379,4671.875
1361511232.506,4250.0
1361511232.57,12718.75
1361511232.633,7078.125
1361511232.569,7289.0625
1361511232.633,12171.875
1361511232.633,11546.875
1361511232.633,8437.5
1361511232.633,4468.75
1361511232.696,11390.625
1361511224.681,85.01476377952756
1361511224.809,74.06496062992126
1361511215.028,989.8049645390071
1361511215.345,99.89754098360656
1361511243.736,6601.5625
1361511243.736,6380.208333333333
1361511243.736,5703.125
1361511243.735,2957.03125
1361511243.863,8500.0
1361511243.862,5554.6875
1361511243.926,4875.0
1361511243.99,11937.5
1361511243.99,7875.0
1361511243.99,7734.375
1361511244.053,8437.5
1361511232.144,110.28343023255815
1361511244.051,6101.5625
1361511244.115,6429.6875
1361511232.402,187.5
1361511232.592,240.70411392405063
1361511232.656,105.7830459770115
1361511232.719,142.6470588235294
1361511237.646,9500.0
1361511232.846,124.10201149425288
1361511232.845,124.10201149425288
1361511237.64,9500.0
1361511244.552,4359.375
1361511237.77,7765.625
1361511237.961,246.66432584269663
1361511237.96,11953.125
1361511237.96,13203.125
1361511237.96,237.6953125
1361511238.023,6007.8125
1361511238.023,4250.0
1361511238.151,5695.3125
1361511238.151,7875.0
1361511238.023,5773.4375
1361511238.215,203.29861111111111
1361511238.215,4468.75
1361511238.279,12109.375
1361511238.151,9750.0
1361511238.214,102.25694444444444
1361511238.406,118.64697802197801
1361511238.244,142.6470588235294
1361511238.375,118.64697802197801
1361511243.352,4750.0
1361511243.352,4750.0
1361511243.42,7390.625
1361511243.673,5976.5625
1361511243.673,7726.5625
1361511243.801,10734.375
1361511243.801,6171.875
1361511243.801,5937.5
1361511243.796,5679.6875
1361511243.8,12718.75
1361511243.799,5601.5625
1361511243.927,7078.125
1361511243.926,10578.125
1361511243.926,5507.8125
1361511243.926,7289.0625
1361511243.926,4468.75
1361511224.149,146.56762295081967
1361511232.324,252.33477011494253
1361511232.575,211.38649425287358
1361511237.566,12328.125
1361511237.566,9500.0
1361511237.565,113.36805555555556
1361511237.624,14781.25
1361511237.692,14054.6875
1361511237.817,236.11111111111111
1361511237.881,11406.25
1361511237.881,15453.125
1361511237.881,181.25
1361511237.881,4785.15625
1361511237.88,5960.9375
1361511238.008,12375.0
1361511238.008,12718.75
1361511238.072,6375.0
1361511238.072,8250.0
1361511238.072,5898.4375
1361511238.071,7289.0625
1361511238.071,4661.458333333333
1361511238.135,12234.375
1361511238.199,6429.6875
1361511243.28,4750.0
1361511243.28,6164.0625
1361511234.708,110.63338926174497
1361511243.475,8156.25
1361511243.474,28109.375
1361511223.368,210.3521986970684
1361511223.367,319.68042071197414
1361511223.367,204.90635179153094
1361511223.945,980.7377049180328
1361511223.94,119.50325732899023
1361511223.104,75.75204439252336
1361511223.108,369.4274475524476
1361511223.74,89.05228758169935
1361511226.547,7218.75
1361511223.021,226.34345794392524
1361511224.273,120.53571428571429
1361511224.527,379.83509771986974
1361511224.59,236.47540983606558
1361511224.589,69.68305687203792
1361511224.588,138.23289902280132
1361511251.698,11953.125
1361511251.698,6380.208333333333
1361511251.698,7718.75
1361511243.697,177.04133064516128
1361511251.761,28031.25
1361511243.761,234.7608024691358
1361511251.76,4250.0
1361511251.824,15203.125
1361511251.824,5695.3125
1361511251.824,30312.5
1361511251.824,11203.125
1361511251.824,12718.75
1361511252.014,11390.625
1361511244.014,146.125
1361511252.013,7289.0625
1361511252.013,12859.375
1361511244.013,73.625
1361511252.013,5695.3125
1361511252.14,8437.5
1361511244.136,99.38524590163934
1361511252.14,9414.0625
1361511244.268,87.07157258064515
1361511244.267,87.07157258064515
1361511244.394,103.05059523809523
1361511251.139,12328.125
1361511251.202,927.5568181818182
1361511251.33,31171.875
1361511251.33,15968.75
1361511243.393,77.7407786885246
1361511251.392,4781.25
1361511251.456,14460.9375
1361511251.648,5703.125
1361511251.712,11140.625
1361511243.711,131.55241935483872
1361511251.775,11546.875
1361511251.711,6171.875
1361511243.646,171.37096774193546
1361511251.837,7875.0
1361511251.837,5968.75
1361511251.9,9750.0
1361511251.896,3496.09375
1361511251.964,4468.75
1361511251.964,8250.0
1361511251.964,10984.375
1361511232.123,180.2925084175084
1361511252.09,11156.25
1361511252.218,9820.3125
1361511252.218,7109.375
1361511251.406,4218.75
1361511251.534,12250.0
1361511251.196,14781.25
1361511243.32,1635.8471074380166
1361511251.32,10015.625
1361511251.424,13203.125
1361511231.66,281.25
1361511231.849,3028.125
1361511251.676,198.9329268292683
1361511251.991,134.1314935064935
1361511251.991,239.24512987012986
1361511251.991,107.39715189873418
1361511252.307,127.57120253164558
1361511255.025,95.83333333333334
1361511251.115,128665.0462962963
1361511251.625,424.21875
1361511252.133,127.57120253164558
1361511252.132,163.85135135135135
1361511244.297,2007.4850299401196
1361511257.473,2156.25
1361511255.101,4359.375
1361511250.619,657.7333860759493
1361511251.244,271.02623456790127
1361511250.924,134.43396226415095
1361511251.179,259.1463414634146
1361511237.162,102.67857142857143
1361511264.812,9500.0
1361511264.812,9500.0
1361511265.258,11234.375
1361511265.321,8437.5
1361511265.128,11953.125
1361511265.128,15453.125
1361511265.128,5703.125
1361511265.188,12250.0
1361511265.192,4250.0
1361511265.256,12718.75
1361511265.255,5679.6875
1361511265.319,7078.125
1361511265.319,11796.875
1361511265.319,7734.375
1361511265.319,12750.0
1361511265.956,4359.375
1361511255.05,1995.6287202380954
1361511251.205,47.02240566037736
1361511265.404,11421.875
1361511264.763,12312.5
1361511264.763,9500.0
1361511264.89,14781.25
1361511264.954,14460.9375
1361511264.954,7984.375
1361511265.081,9570.3125
1361511265.144,5773.4375
1361511265.189,9750.0
1361511265.253,14578.125
1361511265.253,4468.75
1361511265.316,5765.625
1361511265.06,13203.125
1361511265.12,11109.375
1361511265.251,15750.0
1361511265.251,5695.3125
1361511265.315,6429.6875
1361511243.869,139.13170163170165
1361511251.518,10875.0
1361511271.707,11562.5
1361511271.771,127.57120253164558
1361511264.787,516.1184210526316
1361511265.295,96.875
1361511265.038,231.08552631578945
1361511265.102,231.89786585365854
1361511265.101,171.3815789473684
1361511265.292,192.92763157894737
1361511265.419,130.3763440860215
1361511265.803,98.19078947368422
1361511270.833,17606.997282608696
1361511270.833,9500.0
1361511270.96,14054.6875
1361511270.96,7984.375
1361511271.15,14015.625
1361511271.15,12250.0
1361511271.404,9750.0
1361511271.468,11953.125
1361511271.468,10734.375
1361511271.468,14578.125
1361511271.468,6359.375
1361511271.468,11015.625
1361511271.468,107.39715189873418
1361511271.468,8437.5
1361511271.532,4250.0
1361511271.532,6007.8125
1361511271.719,127.57120253164558
1361511271.91,4359.375
1361511265.038,232.89473684210526
1361511264.782,100.89760638297872
1361511265.546,112.46744791666667
1361511265.416,110.17219387755102
1361511270.788,9500.0
1361511270.848,14781.25
1361511271.105,6380.208333333333
1361511271.105,197.38924050632912
1361511270.785,9500.0
1361511271.423,11937.5
1361511271.423,4468.75
1361511271.103,271.03365384615387
1361511271.103,15453.125
1361511271.401,318.0970149253731
1361511271.401,11406.25
1361511271.401,11109.375
1361511271.4,15750.0
1361511271.4,11421.875
1361511271.4,7078.125
1361511271.4,8250.0
1361511271.464,5710.9375
1361511271.527,12859.375
1361511271.527,11390.625
1361511250.542,157.66006097560975
1361511251.109,734.9508599508599
1361511250.507,157.46951219512195
1361511250.506,278.8490853658537
1361511250.761,15238.28125
1361511251.209,90.36330049261083
1361511251.261,733750.0
1361511250.964,250.9957107843137
1361511252.307,154921.875
1361511251.154,178.08641975308643
1361511251.154,11953.125
1361511251.218,75093.75
1361511251.153,56.635802469135804
1361511251.216,67.28395061728395
1361511254.349,199.30013020833334
1361511253.217,30703.125
1361511252.064,152.27623456790124
1361511252.064,79234.375
1361511252.063,106.5270935960591
1361511271.903,94.85479797979798
1361511283.871,4359.375
1361511277.402,9500.0
1361511277.401,9500.0
1361511277.401,112.90922619047619
1361511277.464,7343.75
1361511277.655,5976.5625
1361511277.718,9570.3125
1361511277.718,5960.9375
1361511277.654,6601.5625
1361511277.654,5703.125
1361511277.718,194.19642857142858
1361511277.781,8500.0
1361511277.844,11203.125
1361511277.844,12203.125
1361511277.844,4718.75
1361511277.843,7828.125
1361511277.907,109.5610119047619
1361511277.843,5492.1875
1361511277.907,12750.0
1361511277.907,216.36029411764707
1361511277.97,6101.5625
1361511277.906,5695.3125
1361511278.033,147.86585365853657
1361511278.097,127.0220588235294
1361511265.807,2382.8125
1361511270.842,92.98406862745098
1361511282.805,14781.25
1361511282.869,15531.25
1361511282.677,9500.0
1361511283.06,15453.125
1361511283.124,8500.0
1361511283.248,11937.5
1361511283.248,7289.0625
1361511283.25,12375.0
1361511283.25,5695.3125
1361511283.25,5898.4375
1361511283.25,8250.0
1361511283.314,6703.125
1361511277.354,9500.0
1361511277.416,9369.791666666666
1361511277.543,8109.375
1361511277.606,261.34672619047615
1361511277.606,260.29411764705884
1361511277.606,7679.6875
1361511277.733,5773.4375
1361511277.797,12625.0
1361511277.669,2365.625
1361511277.779,9750.0
1361511277.651,6187.5
1361511277.778,5156.25
1361511277.842,8437.5
1361511277.777,7242.1875
1361511277.84,11781.25
1361511277.904,6382.8125
1361511277.84,4468.75
1361511278.031,128.5342261904762
1361511282.632,12312.5
1361511282.824,28109.375
1361511282.632,9500.0
1361511282.632,9500.0
1361511282.951,5976.5625
1361511282.951,7007.8125
1361511283.015,11406.25
1361511271.431,182.96875
1361511271.495,186.79378531073445
1361511283.015,6380.208333333333
1361511271.559,127.63157894736842
1361511283.079,5367.1875
1361511283.079,6359.375
1361511283.079,6023.4375
1361511283.079,11921.875
1361511283.207,12171.875
1361511283.207,9750.0
1361511283.207,7875.0
1361511283.207,6992.1875
1361511283.334,12203.125
1361511283.334,12859.375
1361511283.27,8437.5
1361511264.052,111.37402088772846
1361511265.408,143.4659090909091
1361511264.343,1163.621794871795
1361511264.914,502.8914590747331
1361511264.88,167.57305194805195
1361511264.883,84.43196614583333
1361511289.385,9500.0
1361511289.513,28953.125
1361511289.635,9570.3125
1361511289.639,5570.3125
1361511278.247,88.4024064171123
1361511289.638,11406.25
1361511289.83,7242.1875
1361511289.83,7734.375
1361511289.83,7828.125
1361511289.83,5695.3125
1361511289.702,6007.8125
1361511289.766,6132.8125
1361511289.829,4661.458333333333
1361511289.829,5968.75
1361511282.761,159.423828125
1361511283.081,216.91176470588235
1361511283.397,224.53703703703704
1361511289.317,13125.0
1361511289.317,9500.0
1361511289.316,9500.0
1361511289.376,14687.5
1361511289.571,11953.125
1361511289.443,7718.75
1361511289.571,14015.625
1361511289.634,10734.375
1361511289.57,15359.375
1361511289.633,4250.0
1361511289.761,9750.0
1361511289.633,6312.5
1361511289.761,5507.8125
1361511289.825,8437.5
1361511289.825,6703.125
1361511289.697,5765.625
1361511289.888,6382.8125
1361511289.887,5695.3125
1361511282.648,25776.315789473683
1361511282.97,215.22671568627453
1361511283.033,203.64583333333334
1361511283.033,159.92647058823528
1361511283.22,89.3507281553398
1361511283.287,326.171875
1361511283.478,105.8517156862745
1361511283.114,106.89975247524752
1361511269.139,98.27972312703582
1361511269.328,11375.0
1361511283.741,2132.165605095541
1361511300.437,4750.0
1361511300.436,4750.0
1361511300.627,14781.25
1361511300.69,5703.125
1361511300.69,7726.5625
1361511300.689,5976.5625
1361511300.689,6601.5625
1361511300.817,10734.375
1361511300.817,11203.125
1361511300.816,12718.75
1361511300.816,7687.5
1361511294.222,9500.0
1361511294.222,97.7770618556701
1361511289.549,232.9382183908046
1361511289.613,295.0
1361511294.413,16312.5
1361511289.613,170.79741379310346
1361511294.413,3984.375
1361511289.869,243.125
1361511294.413,4671.875
1361511294.413,225.76530612244898
1361511294.476,7726.5625
1361511294.476,5976.5625
1361511294.604,11531.25
1361511294.664,11203.125
1361511294.599,12718.75
1361511294.667,6992.1875
1361511294.647,15750.0
1361511294.647,11937.5
1361511294.646,6703.125
1361511294.646,5695.3125
1361511290.038,116.88311688311688
1361511294.71,6101.5625
1361511294.71,126.30208333333334
1361511289.91,170.77464788732394
1361511290.164,95.73863636363636
1361511300.366,6164.0625
1361511300.365,4750.0
1361511300.494,14460.9375
1361511300.62,7984.375
1361511300.684,9570.3125
1361511300.679,11921.875
1361511294.153,9500.0
1361511294.153,9500.0
1361511289.289,124.79440789473684
1361511294.152,12312.5
1361511294.408,5703.125
1361511294.403,3942.7083333333335
1361511289.543,207.94025157232704
1361511294.215,14781.25
1361511294.279,28109.375
1361511294.534,8500.0
1361511294.598,10984.375
1361511294.598,14578.125
1361511294.406,6380.208333333333
1361511294.405,5367.1875
1361511289.797,90.29796511627906
1361511294.533,9750.0
1361511294.596,11875.0
1361511294.596,16500.0
1361511294.596,187.33891752577318
1361511294.596,12171.875
1361511294.596,8437.5
1361511294.659,6429.6875
1361511289.986,117.6470588235294
1361511277.773,200.99826388888889
1361511282.873,283.04503916449084
1361511283.446,149.75761772853187
1361511283.446,79.64409722222223
1361511283.19,237.98076923076923
1361511283.425,254.94791666666666
1361511283.425,135.02604166666669
1361511283.217,333.99516574585635
1361511283.408,94.88161559888579
1361511300.894,5781.25
1361511300.893,7875.0
1361511300.893,6992.1875
1361511300.893,5695.3125
1361511300.893,214.88970588235296
1361511300.893,108.27205882352942
1361511301.018,12859.375
1361511301.018,153.48101265822785
1361511300.5,122.92921686746988
1361511300.69,266.56626506024094
1361511305.805,9500.0
1361511305.786,9500.0
1361511305.849,14765.625
1361511306.039,14015.625
1361511306.039,11406.25
1361511306.166,5937.5
1361511306.038,11953.125
1361511306.102,6359.375
1361511306.293,8437.5
1361511306.228,9750.0
1361511306.292,5507.8125
1361511306.356,6703.125
1361511306.419,6429.6875
1361511306.8,4359.375
1361511300.91,6703.125
1361511300.974,12203.125
1361511301.1,127.0220588235294
1361511301.1,127.0220588235294
1361511300.815,5851.5625
1361511300.627,264.49548192771084
1361511300.691,196.15963855421685
1361511300.817,14578.125
1361511300.817,6085.9375
1361511300.817,6125.0
1361511300.817,7734.375
1361511300.817,6375.0
1361511300.817,8437.5
1361511305.741,12328.125
1361511305.741,9500.0
1361511305.869,28921.875
1361511305.932,16312.5
1361511305.996,15453.125
1361511305.995,5554.6875
1361511305.995,9570.3125
1361511305.995,2957.03125
1361511306.059,10734.375
1361511306.058,6023.4375
1361511306.122,8500.0
1361511306.186,12171.875
1361511306.186,10578.125
1361511306.25,7078.125
1361511306.25,7875.0
1361511306.25,7289.0625
1361511306.249,5781.25
1361511306.249,8250.0
1361511306.249,6375.0
1361511306.377,11296.875
1361511282.6,1041.5215877437324
1361511282.06,309.4354281767956
1361511282.06,224.6364265927978
1361511282.06,224.6364265927978
1361511282.57,127.03427977839335
1361511294.221,130.1915322580645
1361511305.835,79.7119140625
1361511306.026,124.16507633587787
1361511314.026,9500.0
1361511314.026,9500.0
1361511314.025,215.55397727272725
1361511306.406,94.7265625
1361511314.278,28109.375
1361511314.405,11953.125
1361511314.405,14296.875
1361511314.469,8500.0
1361511314.469,6359.375
1361511314.596,5492.1875
1361511314.596,4718.75
1361511314.532,6171.875
1361511314.596,5695.3125
1361511314.596,4218.75
1361511306.66,2130.2746815286623
1361511306.531,83.05288461538461
1361511314.722,12859.375
1361511314.722,6101.5625
1361511301.21,73.25581395348837
1361511300.673,198.71323529411762
1361511305.721,6006.32225433526
1361511305.907,167.61363636363635
1361511305.907,167.581106870229
1361511313.975,12312.5
1361511313.975,9500.0
1361511314.038,7390.625
1361511314.166,15968.75
1361511314.293,12250.0
1361511306.229,70.79326923076923
1361511306.229,140.26442307692307
1361511314.356,6601.5625
1361511314.356,6380.208333333333
1361511314.328,11406.25
1361511314.392,5773.4375
1361511314.387,11953.125
1361511314.391,5601.5625
1361511314.454,6039.0625
1361511306.453,83.05288461538461
1361511314.517,5968.75
1361511314.517,7289.0625
1361511314.517,7859.375
1361511314.517,7734.375
1361511314.517,507.37847222222223
1361511314.516,4468.75
1361511314.644,367.42424242424244
1361511294.166,1016.1290322580645
1361511294.356,83.66935483870967
1361511294.736,180.9315286624204
1361511294.279,107.66129032258065
1361511320.73,9500.0
1361511320.73,9500.0
1361511320.729,9500.0
1361511320.856,28921.875
1361511320.92,15437.5
1361511320.979,5703.125
1361511321.047,9570.3125
1361511321.047,11921.875
1361511321.11,11265.625
1361511321.174,9750.0
1361511321.174,5695.3125
1361511321.174,7828.125
1361511321.174,5968.75
1361511321.174,8250.0
1361511321.173,12171.875
1361511321.173,5507.8125
1361511314.421,159.92647058823528
1361511314.356,214.92034313725492
1361511314.93,106.89975247524752
1361511314.992,91.45220588235294
1361511320.723,7343.75
1361511320.659,12312.5
1361511320.977,8500.0
1361511320.977,5367.1875
1361511320.912,11953.125
1361511320.912,13203.125
1361511320.912,15359.375
1361511321.163,8437.5
1361511321.163,6703.125
1361511320.971,6312.5
1361511321.103,12375.0
1361511321.23,12765.625
1361511321.102,7242.1875
1361511321.166,4661.458333333333
1361511321.229,12203.125
1361511314.372,216.91176470588235
1361511314.371,213.11773255813955
1361511314.561,89.3507281553398
1361511314.796,105.8517156862745
1361511300.208,188.34918478260872
1361511305.716,286.7928134556575
1361511305.823,174.94335347432025
1361511320.784,103.09103260869564
1361511320.911,221.74873737373738
1361511320.974,216.83673469387753
1361511321.228,186.06505102040816
1361511321.291,126.30208333333334
1361511321.419,109.05934343434343
1361511326.666,9500.0
1361511326.73,7390.625
1361511326.666,12328.125
1361511326.666,9500.0
1361511327.217,267.6028481012658
1361511327.281,11921.875
1361511327.408,5968.75
1361511327.216,5703.125
1361511327.472,4468.75
1361511327.279,4250.0
1361511327.343,12625.0
1361511327.403,12171.875
1361511327.406,9750.0
1361511327.406,7242.1875
1361511327.406,5156.25
1361511327.47,4661.458333333333
1361511327.47,8437.5
1361511327.597,6382.8125
1361511327.724,125.9765625
1361511328.483,4359.375
1361511328.862,2156.25
1361511320.905,166.45408163265307
1361511321.158,93.90943877551021
1361511321.348,109.05934343434343
1361511326.591,9500.0
1361511321.474,88.59080188679246
1361511326.786,15531.25
1361511326.785,14054.6875
1361511327.168,289.17253521126764
1361511327.168,11953.125
1361511327.168,6601.5625
1361511327.167,7726.5625
1361511327.231,197.38924050632912
1361511327.227,9570.3125
1361511327.227,5367.1875
1361511327.295,12046.875
1361511327.23,5781.25
1361511327.358,5492.1875
1361511327.357,7828.125
1361511327.357,5289.0625
1361511327.421,107.39715189873418
1361511327.485,12234.375
1361511327.675,125.9765625
1361511313.308,166.41865079365078
1361511313.816,1116.1380597014925
1361511313.88,136.21596534653466
1361511313.278,267.3884514435695
1361511313.276,162.6984126984127
1361511314.152,107.00881201044386
1361511314.469,60.68121693121693
1361511313.808,215.02791563275434
1361511313.807,105.27188328912466
1361511314.314,269.49013157894734
1361511314.377,190.8068783068783
1361511314.377,114.11609498680738
1361511314.377,71.89973614775725
1361511328.303,1960.7090643274853
1361511320.431,650.2091078066915
1361511320.749,67.32536764705883
1361511326.63,41223.78472222222
1361511338.149,9500.0
1361511338.34,14109.375
1361511338.339,5177.083333333333
1361511338.463,11953.125
1361511338.574,6359.375
1361511338.638,6085.9375
1361511338.701,11390.625
1361511338.445,11406.25
1361511327.436,102.61587078651685
1361511327.564,69.28571428571428
1361511338.764,6070.3125
1361511338.828,3539.0625
1361511338.762,7875.0
1361511338.889,6429.6875
1361511328.259,54.91593567251462
1361511320.89,171.3082901554404
1361511326.63,52.98533519553072
1361511338.214,14781.25
1361511338.085,12328.125
1361511338.085,9500.0
1361511338.085,9500.0
1361511338.405,6380.208333333333
1361511338.468,5554.6875
1361511338.468,4250.0
1361511338.532,5367.1875
1361511338.402,7007.8125
1361511338.402,15453.125
1361511338.722,9750.0
1361511338.529,6007.8125
1361511338.529,5718.75
1361511338.656,11937.5
1361511338.72,5898.4375
1361511338.72,7289.0625
1361511338.72,8250.0
1361511338.784,4468.75
1361511339.295,4359.375
1361511321.042,14203.125
1361511320.517,71.25686813186813
1361511320.771,134.51086956521738
1361511338.174,34308.24908088236
1361511338.167,105.81341911764706
1361511338.487,237.6953125
1361511338.231,70.25462962962962
1361511338.855,73.625
1361511339.176,89.97395833333334
1361511339.24,78.78151260504201
1361511337.596,659.4929245283018
1361511338.419,167.581106870229
1361511338.163,64.70352564102565
1361511338.356,160.98484848484847
1361511338.42,124.52290076335879
1361511339.122,89.97395833333334
1361511338.801,146.125
1361511338.865,97.78225806451613
1361511354.416,4750.0
1361511354.416,4750.0
1361511354.526,7390.625
1361511354.653,5976.5625
1361511354.653,15531.25
1361511354.781,8500.0
1361511354.78,12718.75
1361511354.907,4718.75
1361511339.29,2130.1751592356686
1361511354.84,5968.75
1361511354.84,7867.1875
1361511354.84,5289.0625
1361511354.968,6101.5625
1361511354.354,4750.0
1361511354.479,14054.6875
1361511354.607,7726.5625
1361511354.671,9570.3125
1361511354.671,5367.1875
1361511354.607,7007.8125
1361511354.607,5703.125
1361511354.67,11109.375
1361511354.734,5601.5625
1361511354.734,5781.25
1361511354.798,11359.375
1361511354.798,9750.0
1361511354.797,7734.375
1361511354.797,5507.8125
1361511354.797,7289.0625
1361511354.861,6703.125
1361511354.922,12859.375
1361511338.006,286.6180981595092
1361511338.244,134.43304953560371
1361511358.829,6549.278846153846
1361511358.829,9500.0
1361511358.829,9500.0
1361511359.019,7765.625
1361511359.083,15453.125
1361511359.083,14015.625
1361511354.603,268.36993243243245
1361511359.146,6007.8125
1361511359.146,4250.0
1361511359.21,7875.0
1361511359.146,6359.375
1361511354.602,227.76845637583892
1361511359.273,4718.75
1361511359.273,5695.3125
1361511359.718,4359.375
1361511354.917,180.97014925373134
1361511358.843,12343.75
1361511354.298,133.58274647887325
1361511359.033,11406.25
1361511359.033,6380.208333333333
1361511359.033,5960.9375
1361511358.777,9500.0
1361511359.16,7289.0625
1361511354.616,197.27891156462584
1361511358.904,14765.625
1361511359.16,5500.0
1361511359.16,6132.8125
1361511359.223,4468.75
1361511358.903,28921.875
1361511354.551,307.9710144927536
1361511359.223,8437.5
1361511359.287,6429.6875
1361511358.967,281.25
1361511359.026,11953.125
1361511359.026,5367.1875
1361511359.094,12375.0
1361511359.158,9750.0
1361511359.158,5492.1875
1361511354.805,100.76530612244898
1361511359.413,5695.3125
1361511354.805,267.8894927536232
1361511359.285,5968.75
1361511354.982,121.62162162162163
1361511355.11,106.52449324324324
1361511354.981,121.62162162162163
1361511338.074,87.35119047619047
1361511338.014,712.202380952381
1361511343.984,189.46379781420765
1361511365.167,9500.0
1361511365.23,14781.25
1361511365.166,115.66310975609755
1361511365.357,250.0
1361511365.356,7726.5625
1361511365.356,258.27205882352945
1361511365.356,11953.125
1361511365.42,5960.9375
1361511365.483,5367.1875
1361511365.419,191.91176470588238
1361511365.419,6380.208333333333
1361511365.545,5968.75
1361511365.609,5898.4375
1361511365.609,7289.0625
1361511365.609,7734.375
1361511365.673,12203.125
1361511365.545,6171.875
1361511365.736,126.30208333333334
1361511365.672,189.59407216494844
1361511365.672,4718.75
1361511365.863,111.30798969072164
1361511365.99,95.84407216494846
1361511358.944,97.7770618556701
1361511359.623,1710.5389030612246
1361511370.374,4750.0
1361511370.627,7765.625
1361511371.65,11953.125
1361511371.65,6171.875
1361511371.778,11203.125
1361511371.777,12625.0
1361511371.777,6085.9375
1361511371.841,10984.375
1361511371.841,15656.25
1361511371.841,4468.75
1361511371.905,6054.6875
1361511365.118,9500.0
1361511365.118,13156.25
1361511365.118,9500.0
1361511365.18,14460.9375
1361511365.244,7765.625
1361511365.307,13203.125
1361511365.307,5703.125
1361511365.434,6359.375
1361511365.37,3734.375
1361511365.497,4250.0
1361511365.497,5726.5625
1361511365.544,5289.0625
1361511365.607,6703.125
1361511365.543,9750.0
1361511365.607,94.87757731958763
1361511365.538,7875.0
1361511365.606,8437.5
1361511365.67,12859.375
1361511365.797,111.30798969072164
1361511359.26,185.13257575757575
1361511359.387,126.30208333333334
1361511370.329,4114.583333333333
1361511370.329,4750.0
1361511370.329,4750.0
1361511370.52,28109.375
1361511370.456,7390.625
1361511371.605,14015.625
1361511371.605,5960.9375
1361511371.605,5703.125
1361511371.605,5773.4375
1361511371.605,7679.6875
1361511371.605,6380.208333333333
1361511371.668,4250.0
1361511371.796,14484.375
1361511371.796,12750.0
1361511371.796,8250.0
1361511371.312,11390.625
1361511371.312,6382.8125
1361511371.248,4661.458333333333
1361511371.248,8437.5
1361511353.648,257.0343625498008
1361511354.618,245.0199203187251
1361511354.617,396.3068181818182
1361511354.178,137.25
1361511354.177,103.75
1361511354.558,197.21115537848604
1361511354.558,384.98590225563913
1361511354.621,161.98501872659176
1361511354.62,114.66165413533834
1361511353.843,860.0694444444445
1361511354.096,180.44211647727275
1361511354.095,302.2103658536585
1361511354.516,271.14661654135335
1361511354.516,86.2312030075188
1361511354.58,102.83018867924528
1361511372.061,127.57120253164558
1361511372.124,127.57120253164558
1361511365.396,186.79378531073445
1361511370.353,29985.78125
1361511370.353,93.90470297029702
1361511370.733,233.21143617021275
1361511372.968,97.43679775280899
1361511373.094,4359.375
1361511371.557,265.625
1361511371.557,201.195987654321
1361511371.749,106.0546875
1361511371.749,234.97596153846155
1361511371.876,159.53947368421055
1361511358.93,116.41905737704917
1361511373.015,2132.165605095541
1361511381.966,4750.0
1361511381.966,141.71006944444446
1361511382.093,14781.25
1361511382.157,7765.625
1361511382.22,14460.9375
1361511382.347,3802.0833333333335
1361511382.538,5632.8125
1361511382.537,9750.0
1361511382.537,4250.0
1361511382.601,4468.75
1361511382.6,15750.0
1361511382.6,3496.09375
1361511382.728,11390.625
1361511382.6,8437.5
1361511382.663,6429.6875
1361511382.727,180.97014925373134
1361511386.541,9500.0
1361511386.796,28921.875
1361511386.859,7007.8125
1361511386.918,5554.6875
1361511387.046,11421.875
1361511386.986,8500.0
1361511386.986,12015.625
1361511386.986,6359.375
1361511386.986,7875.0
1361511387.113,10578.125
1361511387.113,12859.375
1361511381.891,4750.0
1361511381.891,9500.0
1361511381.891,6171.875
1361511382.273,3984.375
1361511382.273,4401.041666666667
1361511382.273,5151.041666666667
1361511382.209,295.1388888888889
1361511382.272,4785.15625
1361511382.335,3713.5416666666665
1361511382.463,6007.8125
1361511382.463,6171.875
1361511382.527,10734.375
1361511382.59,5695.3125
1361511382.458,6359.375
1361511382.522,14578.125
1361511382.526,5492.1875
1361511382.526,7734.375
1361511382.526,5968.75
1361511386.49,12343.75
1361511386.616,15531.25
1361511386.488,9500.0
1361511386.552,14781.25
1361511386.807,5976.5625
1361511386.871,9570.3125
1361511386.806,5703.125
1361511386.87,15437.5
1361511386.934,12343.75
1361511386.91,9750.0
1361511386.91,5773.4375
1361511386.974,16500.0
1361511386.978,6703.125
1361511386.978,4661.458333333333
1361511387.041,11937.5
1361511386.913,5492.1875
1361511386.913,7289.0625
1361511386.976,8437.5
1361511387.104,5695.3125
1361511365.134,179.26206683168317
1361511368.221,7218.75
1361511370.005,236.33793969849245
1361511396.144,11109.375
1361511396.144,11531.25
1361511396.206,4250.0
1361511396.206,5601.5625
1361511396.206,7867.1875
1361511396.206,5367.1875
1361511396.206,6359.375
1361511396.206,8250.0
1361511396.269,6703.125
1361511396.332,11390.625
1361511396.332,12859.375
1361511396.396,6117.1875
1361511396.706,4359.375
1361511390.985,12343.75
1361511390.985,124.79440789473684
1361511390.985,7390.625
1361511391.048,14054.6875
1361511391.112,8156.25
1361511391.175,6380.208333333333
1361511391.239,6171.875
1361511391.239,4250.0
1361511391.303,11203.125
1361511391.303,5773.4375
1361511390.919,4750.0
1361511391.303,6359.375
1361511391.303,5156.25
1361511391.43,5289.0625
1361511391.43,6429.6875
1361511391.173,11953.125
1361511391.173,6601.5625
1361511391.237,11109.375
1361511391.3,2796.875
1361511391.554,5695.3125
1361511386.88,279.0492957746479
1361511387.135,189.453125
1361511396.03,5703.125
1361511395.773,9500.0
1361511395.773,6171.875
1361511395.901,28218.75
1361511396.029,7726.5625
1361511396.092,3942.7083333333335
1361511396.155,9750.0
1361511396.155,5898.4375
1361511396.154,5726.5625
1361511396.153,7289.0625
1361511396.217,5968.75
1361511396.153,5937.5
1361511396.217,4661.458333333333
1361511396.217,8437.5
1361511390.871,4750.0
1361511390.869,9500.0
1361511382.549,248.16176470588235
1361511391.252,3351.5625
1361511391.124,5703.125
1361511391.124,7726.5625
1361511391.188,2957.03125
1361511391.252,7875.0
1361511391.252,5445.3125
1361511391.251,7289.0625
1361511391.251,5695.3125
1361511391.251,238.43344155844156
1361511391.315,5937.5
1361511391.379,6375.0
1361511391.442,168.4027777777778
1361511386.513,137.45471014492756
1361511395.959,5976.5625
1361511395.959,6380.208333333333
1361511395.703,9500.0
1361511395.703,9500.0
1361511395.767,7390.625
1361511395.894,8156.25
1361511395.958,6601.5625
1361511371.15,120.36581364829397
1361511371.085,983.9638157894736
1361511376.236,189.29303278688525
1361511381.974,164.42757009345794
1361511382.354,262.3720136518771
1361511382.354,191.3527397260274
1361511382.28,197.88370253164558
1361511382.535,94.39432989690721
1361511382.79,116.70258620689656
1361511382.725,116.30154639175258
1361511382.916,97.80290102389078
1361511395.689,5133.736559139785
1361511395.944,281.25
1361511381.238,365.5108447488584
1361511381.232,289.53052995391704
1361511382.2,304.7235023041475
1361511380.007,70.65217391304347
1361511381.76,240.8271144278607
1361511382.331,231.82957393483707
1361511382.39,340.2122641509434
1361511382.393,203.05164319248826
1361511382.392,127.93427230046947
1361511380.174,67.70833333333333
1361511381.35,802.7839467005076
1361511381.67,80.65143034825871
1361511381.67,92.14331619537275
1361511381.988,86.15074441687345
1361511382.305,108.19575471698113
1361511382.304,95.79145728643216
1361511386.745,295.8984375
1361511408.107,9750.0
1361511408.107,7875.0
1361511408.107,6375.0
1361511408.171,15468.75
1361511408.106,7289.0625
1361511408.17,4661.458333333333
1361511408.166,8437.5
1361511408.233,6101.5625
1361511396.264,110.78689759036145
1361511396.581,2084.2391304347825
1361511407.932,9570.3125
1361511407.675,9500.0
1361511407.995,5718.75
1361511407.675,12343.75
1361511407.866,7007.8125
1361511407.929,15531.25
1361511407.929,5554.6875
1361511407.993,12718.75
1361511395.831,55.14171511627907
1361511408.054,5679.6875
1361511408.118,10984.375
1361511408.118,10734.375
1361511408.118,11390.625
1361511408.118,6703.125
1361511408.178,6429.6875
1361511396.276,73.48484848484848
1361511408.627,4359.375
1361511407.628,9500.0
1361511407.628,9500.0
1361511407.755,28953.125
1361511407.755,7390.625
1361511407.819,5976.5625
1361511407.819,5703.125
1361511407.819,270.1480263157895
1361511407.818,7726.5625
1361511407.942,8500.0
1361511407.942,6023.4375
1361511395.811,141.54112377850163
1361511416.087,4468.75
1361511408.15,76.05888429752066
1361511408.213,101.04166666666667
1361511408.404,89.23037190082644
1361511408.404,89.23037190082644
1361511408.531,77.73760330578513
1361511408.53,2116.7919303797466
1361511415.406,9500.0
1361511415.405,9500.0
1361511415.469,14687.5
1361511415.66,259.8892405063291
1361511415.66,15359.375
1361511415.66,237.6953125
1361511407.66,122.8047520661157
1361511415.66,197.19145569620252
1361511415.787,11531.25
1361511415.723,4250.0
1361511415.787,5773.4375
1361511407.915,181.17252066115702
1361511415.851,10984.375
1361511415.851,8250.0
1361511415.851,8437.5
1361511415.786,8949.21875
1361511415.786,5679.6875
1361511415.85,15734.375
1361511416.042,10984.375
1361511415.85,11937.5
1361511415.977,12140.625
1361511418.793,2156.25
1361511416.038,8437.5
1361511408.102,151.21384297520663
1361511416.292,4359.375
1361511415.348,9500.0
1361511415.348,13156.25
1361511415.476,28921.875
1361511415.603,11953.125
1361511415.603,14015.625
1361511407.603,9786.286157024793
1361511415.667,11953.125
1361511407.603,78.38326446280992
1361511415.731,12015.625
1361511415.475,7718.75
1361511415.538,1097.112341772152
1361511415.602,264.2578125
1361511415.794,11390.625
1361511415.602,5703.125
1361511415.602,6380.208333333333
1361511415.794,3496.09375
1361511407.858,135.80729166666666
1361511415.79,4468.75
1361511415.662,6312.5
1361511407.854,240.70411392405063
1361511415.921,12765.625
1361511415.729,9750.0
1361511415.921,9750.0
1361511415.793,14578.125
1361511415.985,3496.09375
1361511415.985,14484.375
1361511416.066,170.57291666666666
1361511416.256,84.80113636363637
1361511428.602,2179.6875
1361511422.446,9500.0
1361511422.425,9500.0
1361511422.426,134.2516447368421
1361511422.49,14781.25
1361511422.617,15531.25
1361511422.68,5703.125
1361511422.68,7007.8125
1361511422.871,12718.75
1361511422.871,1392.857142857143
1361511422.871,7875.0
1361511422.871,7289.0625
1361511422.935,233.77403846153845
1361511422.934,11937.5
1361511422.934,5695.3125
1361511422.998,6117.1875
1361511423.062,168.4027777777778
1361511415.381,86.22159090909092
1361511415.636,857.693829113924
1361511415.953,112.26851851851852
1361511427.278,13156.25
1361511427.278,9500.0
1361511427.533,16312.5
1361511427.597,5703.125
1361511427.597,7726.5625
1361511427.661,3942.7083333333335
1361511427.661,5765.625
1361511427.725,4250.0
1361511427.725,5367.1875
1361511427.789,6085.9375
1361511427.917,14578.125
1361511427.917,11390.625
1361511427.917,4661.458333333333
1361511427.917,8437.5
1361511427.852,9750.0
1361511427.916,5968.75
1361511427.916,3496.09375
1361511427.98,6703.125
1361511427.98,12859.375
1361511416.075,98.1534090909091
1361511416.075,98.1534090909091
1361511422.376,13156.25
1361511422.376,9500.0
1361511422.567,28109.375
1361511422.63,7726.5625
1361511422.629,5976.5625
1361511422.693,9570.3125
1361511422.82,8500.0
1361511422.82,11921.875
1361511422.82,11203.125
1361511422.884,4718.75
1361511422.884,6703.125
1361511422.884,8437.5
1361511422.82,10734.375
1361511422.82,6085.9375
1361511422.82,5507.8125
1361511422.884,7734.375
1361511422.948,12859.375
1361511422.948,12343.75
1361511415.302,135.08522727272725
1361511415.369,9160.502958579882
1361511415.304,68.21236559139784
1361511415.746,139.92117117117118
1361511415.749,164.8367117117117
1361511427.204,9500.0
1361511427.204,9500.0
1361511427.268,4927.083333333333
1361511427.523,5976.5625
1361511427.395,14460.9375
1361511427.587,9976.5625
1361511427.714,5937.5
1361511427.522,7007.8125
1361511427.585,5570.3125
1361511427.841,11703.125
1361511427.649,6359.375
1361511427.649,5601.5625
1361511427.841,10984.375
1361511427.969,11390.625
1361511427.777,7875.0
1361511427.841,8250.0
1361511427.841,6703.125
1361511427.841,14578.125
1361511407.849,347.86977491961414
1361511407.769,270.6653225806452
1361511407.769,92.19252411575563
1361511407.769,171.2218649517685
1361511406.815,1231.4516129032259
1361511407.363,112.13235294117648
1361511407.363,586.6754885993485
1361511406.997,194.65300324675326
1361511407.38,1210.0525889967637
1361511406.97,380.717665615142
1361511406.97,204.1903409090909
1361511407.417,147.4577974276527
1361511407.889,109.87903225806451
1361511408.695,246.92540322580643
1361511436.687,9500.0
1361511436.813,27296.875
1361511422.704,184.23295454545456
1361511422.831,181.76605504587155
1361511422.958,71.5725806451613
1361511436.611,9500.0
1361511436.611,9500.0
1361511436.611,13156.25
1361511436.674,14687.5
1361511422.386,122.88851351351352
1361511422.707,458.0255681818182
1361511422.814,221.81372549019608
1361511423.068,87.47079439252336
1361511423.068,87.47079439252336
1361511423.195,74.7186018957346
1361511427.22,16980.201198630137
1361511427.284,70.36637931034483
1361511427.602,113.96416083916083
1361511427.922,133.26539855072463
1361511427.698,131.6321942446043
1361511427.698,66.20953237410072
1361511427.826,88.5036496350365
1361511415.519,114.83433734939759
1361511415.647,3906.01468373494
1361511414.99,78.125
1361511415.371,405.9684684684685
1361511415.242,111.48648648648648
1361511415.433,170.09730538922156
1361511436.937,213.13713592233012
1361511436.937,5703.125
1361511436.937,5976.5625
1361511436.937,7679.6875
1361511436.936,6380.208333333333
1361511437.064,6437.5
1361511437.064,12625.0
1361511437.127,11296.875
1361511437.063,8500.0
1361511437.127,5914.0625
1361511437.127,7289.0625
1361511437.19,4468.75
1361511437.19,4468.75
1361511437.125,7289.0625
1361511437.189,89.3507281553398
1361511437.253,127.57120253164558
1361511437.189,11390.625
1361511437.189,4661.458333333333
1361511437.189,8437.5
1361511437.252,12859.375
1361511436.675,40933.17819148936
1361511437.379,104.82402912621359
1361511436.865,835.2678571428571
1361511438.009,237.6953125
1361511438.141,12375.0
1361511438.204,97.49348958333333
1361511438.331,2179.6875
1361511443.285,9500.0
1361511443.481,5976.5625
1361511443.544,5554.6875
1361511443.608,12718.75
1361511443.288,9500.0
1361511443.608,11203.125
1361511443.288,6578.125
1361511443.352,14781.25
1361511443.607,11546.875
1361511443.607,5781.25
1361511443.671,6375.0
1361511443.735,11390.625
1361511443.735,14578.125
1361511443.735,8437.5
1361511443.799,11421.875
1361511443.799,6429.6875
1361511436.886,6601.5625
1361511436.885,156.70072115384613
1361511436.949,5976.5625
1361511436.948,5367.1875
1361511437.012,6007.8125
1361511437.076,9750.0
1361511437.075,9750.0
1361511437.075,5507.8125
1361511437.139,4718.75
1361511437.075,7734.375
1361511437.075,7875.0
1361511437.139,89.3507281553398
1361511437.138,177.03276699029126
1361511437.138,177.94296116504853
1361511437.138,8437.5
1361511437.202,12750.0
1361511437.201,120.04950495049505
1361511436.624,91.19591346153847
1361511437.328,104.82402912621359
1361511437.327,5742.1875
1361511436.877,206.31067961165047
1361511443.241,9500.0
1361511443.369,28921.875
1361511443.432,6601.5625
1361511443.432,7726.5625
1361511443.432,15531.25
1361511443.432,5703.125
1361511443.496,381.00961538461536
1361511443.54,8500.0
1361511443.604,9750.0
1361511443.668,15750.0
1361511443.668,10890.625
1361511443.668,4468.75
1361511443.668,8250.0
1361511443.665,4661.458333333333
1361511427.728,88.99456521739131
1361511422.303,178.07692307692307
1361511427.709,148.97260273972603
1361511425.492,7203.125
1361511427.561,121.30048746518106
1361511427.56,85.88286713286713
1361511427.559,118.88111888111888
1361511427.622,102.27272727272728
1361511444.378,85.8658256880734
1361511450.489,9500.0
1361511450.552,7335.9375
1361511450.616,14054.6875
1361511450.743,13203.125
1361511450.743,11406.25
1361511450.806,11953.125
1361511450.742,6380.208333333333
1361511450.806,4250.0
1361511450.87,6085.9375
1361511450.806,6312.5
1361511450.934,15656.25
1361511450.933,5492.1875
1361511450.933,4468.75
1361511450.933,6375.0
1361511450.997,6382.8125
1361511451.061,12234.375
1361511443.379,91.09933035714286
1361511443.762,82.17075892857143
1361511443.762,163.92299107142858
1361511443.57,145.64732142857142
1361511443.949,96.40066964285714
1361511443.889,110.22727272727273
1361511428.335,2135.7171474358975
1361511436.652,123.62557870370371
1361511450.435,9500.0
1361511450.435,6578.125
1361511450.435,9500.0
1361511450.621,15875.0
1361511450.689,15359.375
1361511450.688,11953.125
1361511450.752,12250.0
1361511450.752,10734.375
1361511450.752,5601.5625
1361511450.816,11562.5
1361511450.879,7734.375
1361511450.879,5289.0625
1361511450.879,14484.375
1361511450.879,3539.0625
1361511443.434,196.01004464285714
1361511443.434,189.73214285714286
1361511443.498,240.70411392405063
1361511443.88,96.40066964285714
1361511428.061,1050.78125
1361511428.095,133.89756944444446
1361511432.948,20667.96875
1361511436.089,1146.9774590163934
1361511456.122,285.15625
1361511456.186,11953.125
1361511456.186,15453.125
1361511456.186,11406.25
1361511456.245,11140.625
1361511456.245,6359.375
1361511456.313,9750.0
1361511456.376,5968.75
1361511456.376,4218.75
1361511456.376,4468.75
1361511456.376,5492.1875
1361511456.503,6101.5625
1361511456.567,11796.875
1361511456.566,8437.5
1361511450.517,111.58088235294119
1361511450.708,261.34672619047615
1361511450.898,217.09558823529412
1361511455.889,9500.0
1361511455.889,9500.0
1361511451.089,125.54505813953487
1361511451.152,127.0220588235294
1361511456.14,9570.3125
1361511456.204,10734.375
1361511456.204,6125.0
1361511456.204,6171.875
1361511456.204,4250.0
1361511456.203,6007.8125
1361511456.331,7875.0
1361511456.331,5500.0
1361511456.331,5289.0625
1361511456.331,3539.0625
1361511456.267,6085.9375
1361511456.331,7289.0625
1361511456.33,6130.208333333333
1361511456.522,12859.375
1361511456.521,7289.0625
1361511456.517,3496.09375
1361511456.52,4468.75
1361511456.901,4359.375
1361511450.658,237.6953125
1361511450.658,252.97619047619045
1361511450.658,194.19642857142858
1361511450.845,108.27205882352942
1361511450.977,146.0843373493976
1361511455.905,13156.25
1361511455.904,7390.625
1361511455.84,9500.0
1361511455.968,28921.875
1361511451.232,109.19331395348837
1361511456.031,15968.75
1361511456.095,13203.125
1361511436.648,307.27491961414796
1361511436.648,213.62789735099338
1361511436.647,219.1639072847682
1361511437.092,150.35860655737704
1361511437.028,1229.954769736842
1361511436.809,256.3684834123223
1361511436.808,19781.25
1361511436.806,81.5313981042654
1361511436.801,149.5271867612293
1361511436.354,101.25910194174757
1361511436.783,97.09026128266034
1361511436.267,235.05764563106797
1361511436.267,426.1551155115512
1361511443.231,12375.0
1361511443.358,218.11324451410658
1361511442.866,84.21266233766234
1361511443.184,407.51557632398755
1361511456.203,135.9375
1361511464.266,12765.625
1361511464.266,303.125
1361511456.392,128.35743801652893
1361511456.582,155.323093220339
1361511468.609,9500.0
1361511468.609,6578.125
1361511456.709,90.73004201680672
1361511456.836,71.875
1361511468.676,7390.625
1361511465.09,8500.0
1361511463.01,160.7521186440678
1361511463.839,15359.375
1361511463.839,6380.208333333333
1361511455.967,86.22159090909092
1361511463.71,14687.5
1361511464.03,11937.5
1361511463.838,11406.25
1361511464.094,7828.125
1361511463.838,3713.5416666666665
1361511464.158,11328.125
1361511463.902,4208.333333333333
1361511464.093,7242.1875
1361511456.472,135.17099056603774
1361511456.536,102.7542372881356
1361511456.599,89.97395833333334
1361511468.567,9500.0
1361511456.791,2132.165605095541
1361511468.566,9500.0
1361511468.694,14054.6875
1361511468.729,15968.75
1361511468.792,14640.625
1361511462.954,9500.0
1361511462.954,6578.125
1361511462.954,9500.0
1361511462.954,9500.0
1361511450.41,139.9872448979592
1361511455.822,116.7279411764706
1361511463.63,28921.875
1361511463.693,268.98734177215186
1361511463.757,1494.140625
1361511463.757,14015.625
1361511463.757,15875.0
1361511463.821,3578.125
1361511463.949,6125.0
1361511464.012,10984.375
1361511463.82,4015.625
1361511464.012,7734.375
1361511464.012,428.4156976744186
1361511464.012,3496.09375
1361511464.012,8437.5
1361511463.948,11453.125
1361511463.948,12250.0
1361511456.012,722.3657024793389
1361511464.012,11390.625
1361511464.012,4468.75
1361511456.076,231.89786585365854
1361511456.011,182.94270833333334
1361511450.341,194.5144489247312
1361511468.919,5976.5625
1361511468.919,5773.4375
1361511468.919,6125.0
1361511468.919,5960.9375
1361511468.918,251.42045454545453
1361511468.982,9750.0
1361511468.918,6359.375
1361511464.374,110.76183431952663
1361511468.982,7289.0625
1361511468.981,5492.1875
1361511469.045,11359.375
1361511469.045,197.8600543478261
1361511469.045,8500.0
1361511469.041,5695.3125
1361511469.108,12859.375
1361511469.108,5968.75
1361511468.594,106.56601123595505
1361511468.847,6380.208333333333
1361511474.28,9500.0
1361511474.28,9500.0
1361511474.28,12343.75
1361511474.663,5703.125
1361511474.663,7726.5625
1361511474.917,11796.875
1361511474.917,3496.09375
1361511474.661,8500.0
1361511474.913,3526.0416666666665
1361511474.657,5367.1875
1361511474.767,6359.375
1361511474.767,6187.5
1361511474.894,14578.125
1361511474.894,6375.0
1361511474.894,4468.75
1361511474.953,8437.5
1361511475.021,5664.0625
1361511463.756,242.32784431137725
1361511464.069,91.9008875739645
1361511468.872,6187.5
1361511468.871,6601.5625
1361511468.871,5703.125
1361511464.263,110.11029411764706
1361511468.934,7875.0
1361511468.934,8250.0
1361511468.998,4661.458333333333
1361511468.997,6703.125
1361511468.997,8437.5
1361511468.997,12015.625
1361511469.06,133.24175824175825
1361511476.484,4359.375
1361511469.186,11296.875
1361511465.087,90.44642857142857
1361511474.469,11953.125
1361511474.212,9500.0
1361511474.276,14781.25
1361511474.276,14460.9375
1361511474.595,6601.5625
1361511474.339,7765.625
1361511474.593,5960.9375
1361511474.785,9750.0
1361511474.845,7734.375
1361511474.593,6380.208333333333
1361511474.976,12859.375
1361511474.719,6007.8125
1361511474.783,11359.375
1361511474.846,15750.0
1361511463.77,178.1437125748503
1361511463.834,217.54807692307693
1361511455.804,44125.0
1361511476.336,95.32828282828284
1361511481.704,9500.0
1361511481.704,15296.875
1361511481.958,7718.75
1361511482.085,10734.375
1361511482.081,4250.0
1361511482.081,6359.375
1361511482.148,5679.6875
1361511482.148,5523.4375
1361511482.148,7867.1875
1361511482.212,14578.125
1361511482.212,5968.75
1361511482.212,8250.0
1361511482.275,6429.6875
1361511474.21,97482.05445544556
1361511474.657,194.07894736842104
1361511474.911,80.72916666666667
1361511462.987,144.2101883561644
1361511475.018,108.25892857142857
1361511475.141,95.54756637168143
1361511481.661,9500.0
1361511481.721,14765.625
1361511481.788,7984.375
1361511481.636,12312.5
1361511481.636,9500.0
1361511481.892,5976.5625
1361511481.892,5703.125
1361511481.956,9570.3125
1361511481.763,14054.6875
1361511482.019,5765.625
1361511482.019,6007.8125
1361511481.89,7007.8125
1361511482.145,8437.5
1361511481.953,6125.0
1361511482.273,11390.625
1361511481.953,5960.9375
1361511474.208,87.95797413793103
1361511482.079,9750.0
1361511482.142,3539.0625
1361511482.142,4468.75
1361511482.205,11390.625
1361511474.589,237.6953125
1361511474.46,189.25107758620692
1361511474.586,141.84782608695653
1361511474.84,160.22478070175438
1361511475.094,95.54756637168143
1361511462.123,1013.8157894736842
1361511463.099,218.62599206349208
1361511463.035,250.53594986807386
1361511464.052,1013.2960704607045
1361511463.004,209.39149076517148
1361511464.085,123.94425675675676
1361511465.034,259.30771531100476
1361511492.421,3166.6666666666665
1361511468.999,118.70733788395904
1361511492.55,7390.625
1361511492.677,7726.5625
1361511492.741,5960.9375
1361511492.737,5367.1875
1361511492.804,11906.25
1361511492.804,5765.625
1361511481.982,260.29411764705884
1361511482.236,212.7543604651163
1361511482.236,107.01308139534883
1361511482.363,149.69135802469137
1361511482.427,125.54505813953487
1361511487.226,9500.0
1361511482.554,128.5342261904762
1361511487.226,12328.125
1361511487.225,9500.0
1361511487.545,11953.125
1361511487.545,14015.625
1361511487.541,240.70411392405063
1361511487.544,5914.0625
1361511487.608,11546.875
1361511487.52,276.5625
1361511487.52,11406.25
1361511487.584,6125.0
1361511487.647,7734.375
1361511487.583,6359.375
1361511487.583,6007.8125
1361511487.711,225.88734567901233
1361511487.71,15750.0
1361511487.71,4468.75
1361511487.71,4718.75
1361511487.769,5648.4375
1361511476.308,2116.5941455696207
1361511492.5,14054.6875
1361511492.627,11953.125
1361511492.627,7007.8125
1361511492.627,8156.25
1361511492.627,5703.125
1361511492.626,6380.208333333333
1361511492.754,5601.5625
1361511492.754,8500.0
1361511492.817,14937.5
1361511492.817,11359.375
1361511492.817,10203.125
1361511481.912,257.9044117647059
1361511481.656,110.28343023255815
1361511481.912,237.6953125
1361511481.976,191.7279411764706
1361511487.218,7390.625
1361511487.154,9500.0
1361511487.154,125.96450617283949
1361511487.345,8156.25
1361511487.277,28109.375
1361511487.405,270.6404320987654
1361511487.469,15453.125
1361511487.472,9570.3125
1361511487.6,12171.875
1361511487.6,11875.0
1361511487.6,9750.0
1361511487.472,11140.625
1361511487.471,203.515625
1361511487.663,12750.0
1361511487.663,115.0390625
1361511487.535,8500.0
1361511487.663,1406.25
1361511487.726,6429.6875
1361511487.726,155.44871794871796
1361511487.662,10890.625
1361511487.662,14578.125
1361511487.662,10578.125
1361511492.459,3166.6666666666665
1361511492.459,4750.0
1361511492.459,6156.25
1361511468.465,241.70576407506704
1361511468.465,273.8135026737968
1361511468.468,76.86829758713138
1361511468.45,209.2786815068493
1361511468.449,91.32037533512064
1361511467.995,87.15557795698925
1361511467.995,112.14717741935485
1361511468.247,157.58333333333331
1361511473.699,333.02156690140845
1361511492.389,498.11746987951807
1361511492.901,8437.5
1361511492.389,137.45471014492756
1361511492.964,6429.6875
1361511492.963,202.08333333333334
1361511500.451,4750.0
1361511492.642,174.21259842519686
1361511492.642,237.6953125
1361511500.642,28109.375
1361511500.642,7984.375
1361511500.769,13203.125
1361511500.769,11406.25
1361511492.769,3942.7083333333335
1361511492.832,7289.0625
1361511492.832,8250.0
1361511492.896,107.39715189873418
1361511492.832,5968.75
1361511500.767,18328.125
1361511481.692,139.87841296928326
1361511487.87,133.29475308641975
1361511492.856,5289.0625
1361511492.92,5648.4375
1361511500.408,12312.5
1361511500.408,2562.5
1361511500.408,9500.0
1361511500.407,4750.0
1361511500.535,14781.25
1361511492.598,174.23115079365078
1361511492.598,128.44488188976376
1361511500.726,15453.125
1361511493.046,125.9765625
1361511493.046,127.57120253164558
1361511493.109,2156.25
1361511492.852,296.62298387096774
1361511492.852,6703.125
1361511492.852,4661.458333333333
1361511492.852,5937.5
1361511493.363,2179.6875
1361511482.574,85.8125
1361511487.819,133.29475308641975
1361511481.474,189.7496727748691
1361511500.529,107.77698863636363
1361511501.675,12250.0
1361511501.674,12718.75
1361511501.929,12750.0
1361511501.928,11140.625
1361511501.928,12171.875
1361511502.884,11953.125
1361511502.884,11531.25
1361511502.884,11390.625
1361511502.882,10734.375
1361511502.882,8437.5
1361511502.882,317.07974137931035
1361511502.946,8500.0
1361511502.946,6429.6875
1361511506.144,9500.0
1361511506.144,9500.0
1361511506.308,15968.75
1361511506.376,7007.8125
1361511506.376,5976.5625
1361511506.376,5151.041666666667
1361511506.375,6380.208333333333
1361511506.502,9750.0
1361511506.566,12718.75
1361511506.566,11359.375
1361511506.566,4468.75
1361511506.566,10984.375
1361511506.566,15750.0
1361511506.63,6429.6875
1361511506.566,12750.0
1361511506.63,5289.0625
1361511493.18,2116.6930379746836
1361511501.881,11203.125
1361511502.752,9750.0
1361511502.816,10578.125
1361511502.816,15750.0
1361511502.816,10984.375
1361511502.816,14578.125
1361511502.815,7734.375
1361511502.815,4718.75
1361511502.815,4468.75
1361511502.942,216.51785714285714
1361511506.139,14781.25
1361511506.075,12328.125
1361511506.075,9500.0
1361511506.202,28921.875
1361511506.33,3802.0833333333335
1361511506.33,3682.2916666666665
1361511506.457,11531.25
1361511506.329,3578.125
1361511506.521,14578.125
1361511506.517,4661.458333333333
1361511506.517,8437.5
1361511506.456,6125.0
1361511506.52,8500.0
1361511506.52,8250.0
1361511506.52,11234.375
1361511506.583,5695.3125
1361511487.064,145.13422818791946
1361511491.136,904.1336455331412
1361511501.672,204.70328282828282
1361511501.991,205.31088082901556
1361511501.99,210.5891719745223
1361511514.275,15531.25
1361511502.883,84.40896739130436
1361511514.274,28921.875
1361511514.402,6380.208333333333
1361511514.338,3984.375
1361511514.338,4671.875
1361511514.402,7726.5625
1361511514.529,8500.0
1361511514.401,5367.1875
1361511503.265,90.3346994535519
1361511514.529,5617.1875
1361511514.593,11359.375
1361511514.593,5968.75
1361511514.656,15734.375
1361511514.656,7734.375
1361511514.656,4661.458333333333
1361511514.572,5765.625
1361511514.576,9750.0
1361511514.638,4468.75
1361511506.125,75.875
1361511506.567,145.95734126984127
1361511506.694,97.78225806451613
1361511500.417,128.22769953051645
1361511501.861,152.48397435897436
1361511514.017,12328.125
1361511514.14,14781.25
1361511514.335,5703.125
1361511514.334,5570.3125
1361511514.461,12718.75
1361511503.005,101.73233695652175
1361511503.069,102.28825136612022
1361511514.588,10578.125
1361511514.588,8437.5
1361511514.587,11015.625
1361511514.587,14578.125
1361511514.651,6429.6875
1361511514.65,11390.625
1361511492.404,186.81234718826406
1361511492.365,306.17378048780483
1361511492.365,176.7267726161369
1361511492.803,107.2733918128655
1361511492.738,877.1994134897361
1361511493.174,256.63860103626945
1361511499.075,126.3089005235602
1361511499.161,7578.125
1361511518.477,12328.125
1361511518.477,9500.0
1361511518.475,74596.32731958762
1361511518.667,16312.5
1361511518.794,5703.125
1361511514.314,303.57142857142856
1361511518.858,9570.3125
1361511514.378,197.21798780487805
1361511518.921,5765.625
1361511518.984,11359.375
1361511518.984,3539.0625
1361511518.984,8437.5
1361511518.92,10734.375
1361511518.919,6359.375
1361511518.919,9750.0
1361511518.983,10984.375
1361511518.971,7242.1875
1361511519.035,10578.125
1361511520.308,4359.375
1361511514.05,139.47610294117646
1361511518.402,9500.0
1361511518.465,14781.25
1361511518.401,9500.0
1361511514.24,266.56879194630875
1361511514.304,195.7347972972973
1361511518.592,14054.6875
1361511518.656,2957.03125
1361511518.72,7007.8125
1361511518.719,270.1480263157895
1361511518.719,11953.125
1361511518.719,7726.5625
1361511518.783,5570.3125
1361511518.911,6375.0
1361511514.559,268.61213235294116
1361511518.847,11875.0
1361511518.847,8500.0
1361511518.847,6023.4375
1361511518.91,8250.0
1361511519.038,12765.625
1361511518.91,7820.3125
1361511518.91,4468.75
1361511514.558,101.4554794520548
1361511519.038,5695.3125
1361511514.749,122.44897959183673
1361511514.685,195.56451612903226
1361511514.812,123.2876712328767
1361511500.022,76.82908767772511
1361511500.021,98.85959715639811
1361511500.336,317.9044117647059
1361511500.19,139.0441176470588
1361511501.431,222.60802469135803
1361511501.495,70.96998762376238
1361511501.495,84.10493827160494
1361511505.891,145.67307692307693
1361511514.055,136.46356783919597
1361511518.959,149.2632113821138
1361511527.471,9500.0
1361511527.534,14687.5
1361511527.406,12312.5
1361511527.598,28921.875
1361511527.725,5554.6875
1361511527.852,11265.625
1361511527.724,13203.125
1361511527.72,11953.125
1361511527.72,5703.125
1361511527.915,9750.0
1361511527.851,12625.0
1361511527.915,7734.375
1361511527.979,8437.5
1361511527.979,4468.75
1361511527.851,5781.25
1361511528.043,11390.625
1361511527.915,5289.0625
1361511528.043,12765.625
1361511528.421,4359.375
1361511518.403,72.95673076923077
1361511519.039,101.04166666666667
1361511527.421,9500.0
1361511514.877,85.38851351351352
1361511527.548,8109.375
1361511527.675,3942.7083333333335
1361511527.675,197.5870253164557
1361511527.611,263.22115384615387
1361511527.611,267.6028481012658
1361511527.739,5367.1875
1361511527.675,15359.375
1361511527.675,9570.3125
1361511527.803,8500.0
1361511527.803,11781.25
1361511527.802,5679.6875
1361511527.866,6375.0
1361511527.866,5492.1875
1361511527.866,7828.125
1361511527.866,7242.1875
1361511527.93,4718.75
1361511513.78,206.77083333333331
1361511514.013,153.00707547169813
1361511527.481,13287.272135416666
1361511527.46,144.41747572815532
1361511528.284,104.2921686746988
1361511517.399,675.8067810457517
1361511527.667,156.65064102564102
1361511527.922,107.39715189873418
1361511528.113,127.57120253164558
1361511528.113,127.57120253164558
1361511520.112,2338.048245614035
1361511517.987,683.7322695035461
1361511518.953,1068.3035714285713
1361511519.016,130.09751773049646
1361511520.148,101.23393691588785
1361511522.085,7218.75
1361511548.424,2957.03125
1361511540.935,12.976694915254237
1361511548.486,7726.5625
1361511548.486,5703.125
1361511548.614,10734.375
1361511548.613,11203.125
1361511548.676,5632.8125
1361511548.672,7875.0
1361511548.74,10984.375
1361511527.476,31.686723602484474
1361511528.029,40.68396226415094
1361511548.055,9500.0
1361511548.055,9500.0
1361511548.182,14781.25
1361511548.246,8156.25
1361511548.31,14476.5625
1361511548.437,11953.125
1361511548.436,6601.5625
1361511548.5,9570.3125
1361511548.5,11875.0
1361511548.56,12718.75
1361511548.564,6171.875
1361511548.563,8500.0
1361511548.563,11109.375
1361511548.627,9750.0
1361511548.627,5968.75
1361511548.626,7289.0625
1361511548.626,5695.3125
1361511548.69,16500.0
1361511548.69,8437.5
1361511548.69,6703.125
1361511548.753,12234.375
1361511548.753,6429.6875
1361511527.913,56.95408950617284
1361511548.005,9500.0
1361511527.494,189.81617647058823
1361511527.462,115.94202898550725
1361511527.46,119.98037439613526
1361511548.494,246.66432584269663
1361511549.069,100.63844086021504
1361511548.747,4661.458333333333
1361511548.81,136.23595505617976
1361511553.987,215.55397727272725
1361511554.242,5703.125
1361511554.177,6601.5625
1361511554.305,2833.3333333333335
1361511554.241,5570.3125
1361511554.305,3578.125
1361511554.368,6187.5
1361511554.432,9750.0
1361511554.496,7289.0625
1361511554.495,7734.375
1361511554.495,4605.46875
1361511554.495,5289.0625
1361511554.495,6375.0
1361511554.623,11328.125
1361511554.686,9750.0
1361511554.726,5898.4375
1361511554.726,14578.125
1361511554.726,576.66015625
1361511554.725,4468.75
1361511554.853,3195.3125
1361511555.17,4359.375
1361511548.89,118.64697802197801
1361511548.89,118.64697802197801
1361511548.441,238.76404494382024
1361511548.44,237.6953125
1361511548.504,183.28651685393257
1361511548.694,102.25694444444444
1361511548.694,202.60416666666666
1361511553.856,12312.5
1361511553.983,14781.25
1361511553.983,14460.9375
1361511554.047,7765.625
1361511554.11,5976.5625
1361511554.109,5151.041666666667
1361511554.173,9570.3125
1361511554.301,4057.291666666667
1361511554.3,4005.208333333333
1361511554.296,6359.375
1361511554.427,7875.0
1361511554.427,5492.1875
1361511554.427,3496.09375
1361511554.426,26093.75
1361511554.426,4218.75
1361511554.426,4468.75
1361511554.554,6429.6875
1361511554.553,356.61764705882354
1361511554.68,3539.0625
1361511554.68,8437.5
1361511548.142,110.90353260869564
1361511536.909,9.789156626506024
1361511561.37,1900.0
1361511561.879,3828.125
1361511561.878,2777.34375
1361511553.942,1721.1956521739132
1361511561.686,14054.6875
1361511561.813,2851.5625
1361511554.197,178.57142857142858
1361511562.069,5601.5625
1361511554.261,229.1039156626506
1361511554.261,743.2468220338984
1361511562.197,11421.875
1361511562.068,5765.625
1361511562.324,11390.625
1361511554.515,126.27032520325204
1361511562.387,4661.458333333333
1361511562.387,3351.5625
1361511562.514,12859.375
1361511562.322,9750.0
1361511562.321,5250.0
1361511562.385,5492.1875
1361511562.361,4218.75
1361511559.545,2156.25
1361511561.257,4109.375
1361511561.321,2375.0
1361511561.321,1900.0
1361511561.495,4927.083333333333
1361511561.685,7765.625
1361511561.748,2390.625
1361511561.748,3503.90625
1361511561.748,3084.375
1361511554.131,191.3077731092437
1361511554.194,138.2415254237288
1361511562.13,8500.0
1361511562.002,5367.1875
1361511562.13,6375.0
1361511562.129,12718.75
1361511562.257,11390.625
1361511562.256,14578.125
1361511562.319,8250.0
1361511554.701,87.77947154471545
1361511554.701,87.77947154471545
1361511554.952,77.60847107438016
1361511562.762,4359.375
1361511548.27,133.88480392156862
1361511547.163,1159.6219604863222
1361511548.401,78.59848484848484
1361511548.401,103.97727272727272
1361511569.234,9500.0
1361511569.36,5621.875
1361511561.358,31466.18852459016
1361511569.614,7765.625
1361511569.804,11953.125
1361511569.804,15437.5
1361511569.804,5703.125
1361511569.867,5773.4375
1361511569.93,8500.0
1361511569.93,6101.5625
1361511561.802,171.37096774193546
1361511569.993,7875.0
1361511569.993,5695.3125
1361511569.993,7289.0625
1361511570.057,4661.458333333333
1361511569.993,5492.1875
1361511570.12,12859.375
1361511570.12,5695.3125
1361511561.864,131.4264112903226
1361511562.374,152.21354166666669
1361511562.607,90.73004201680672
1361511562.732,78.91281512605042
1361511569.183,9500.0
1361511569.247,4500.0
1361511561.293,130.63524590163937
1361511561.293,77.10873983739837
1361511569.738,13203.125
1361511569.738,6380.208333333333
1361511569.802,11109.375
1361511569.865,11203.125
1361511569.865,5765.625
1361511569.865,12718.75
1361511561.737,177.04133064516128
1361511561.736,237.6953125
1361511569.928,9750.0
1361511569.992,6703.125
1361511569.928,7734.375
1361511569.992,11937.5
1361511570.373,4359.375
1361511562.308,76.69270833333333
1361511562.435,103.63247863247864
1361511562.562,90.73004201680672
1361511548.624,136.8936567164179
1361511548.559,1119.4797904191616
1361511547.958,178.1156156156156
1361511548.021,348.08768656716416
1361511548.147,270.73948948948953
1361511548.146,114.48948948948949
1361511548.21,102.2897897897898
1361511548.209,128.72023809523807
1361511549.1,260.51051051051047
1361511548.13,88.30705705705707
1361511554.763,183515.625
1361511553.437,525.5717418546366
1361511553.669,124.06015037593984
1361511553.859,116.41905737704917
1361511554.831,10492.1875
1361511555.089,5875.0
1361511555.341,4156.119791666667
1361511580.632,4359.375
1361511569.236,59.6501572327044
1361511569.236,94.33962264150944
1361511569.236,32500.786163522014
1361511569.803,168.14793577981652
1361511570.061,58.6186305732484
1361511570.061,116.73964968152866
1361511570.124,77.72435897435898
1361511570.251,68.33465189873418
1361511570.251,68.33465189873418
1361511579.372,6164.0625
1361511579.435,9500.0
1361511579.626,15531.25
1361511579.69,7726.5625
1361511579.881,5679.6875
1361511579.817,6007.8125
1361511580.073,15750.0
1361511580.073,5695.3125
1361511580.2,12859.375
1361511579.944,5968.75
1361511580.008,7289.0625
1361511580.072,9750.0
1361511580.072,5492.1875
1361511569.694,136.2179487179487
1361511569.694,140.72516025641028
1361511569.742,104.5673076923077
1361511570.312,59.33544303797468
1361511578.755,2968.75
1361511579.391,9500.0
1361511579.326,4750.0
1361511579.518,14054.6875
1361511579.39,2562.5
1361511579.517,14781.25
1361511579.645,5703.125
1361511579.645,5976.5625
1361511579.709,9976.5625
1361511579.773,11921.875
1361511579.837,11546.875
1361511579.645,6601.5625
1361511579.901,6125.0
1361511579.901,5289.0625
1361511580.092,4661.458333333333
1361511580.092,6703.125
1361511579.772,4250.0
1361511579.772,6359.375
1361511580.028,8250.0
1361511561.253,309.00349650349654
1361511561.316,159.7406914893617
1361511561.633,14218.75
1361511561.282,175.12103873239437
1361511560.729,937.5
1361511579.43,137.88377192982458
1361511579.749,201.40481651376146
1361511579.813,155.323093220339
1361511580.449,95.18494897959184
1361511579.327,40241.168478260865
1361511579.326,81.76185344827586
1361511579.645,193.1818181818182
1361511579.678,148.1534090909091
1361511579.998,87.64880952380952
1361511580.125,117.71844660194175
1361511580.317,107.96875
1361511580.061,175.6310096153846
1361511580.252,106.89975247524752
1361511589.17,9500.0
1361511589.487,315.8653846153846
1361511589.486,7679.6875
1361511589.486,5703.125
1361511589.486,6380.208333333333
1361511589.55,208.27414772727275
1361511589.55,11828.125
1361511589.55,4250.0
1361511589.613,12625.0
1361511589.613,6085.9375
1361511589.677,5968.75
1361511589.677,5718.75
1361511589.677,5695.3125
1361511589.74,8437.5
1361511589.804,11390.625
1361511589.804,6429.6875
1361511589.931,127.57120253164558
1361511589.931,127.57120253164558
1361511580.483,2130.2746815286623
1361511589.12,146.80989583333334
1361511589.12,9500.0
1361511589.12,12328.125
1361511589.12,9500.0
1361511589.243,14687.5
1361511589.311,14460.9375
1361511589.31,7984.375
1361511589.438,13203.125
1361511589.437,11953.125
1361511589.437,267.6028481012658
1361511589.501,5367.1875
1361511589.437,195.1171875
1361511589.565,12015.625
1361511589.565,6125.0
1361511589.628,9750.0
1361511589.603,5492.1875
1361511589.603,7242.1875
1361511589.603,7734.375
1361511589.607,3496.09375
1361511589.607,7828.125
1361511589.606,106.0546875
1361511589.67,528.409090909091
1361511590.305,105.18292682926828
1361511578.304,841.0904255319149
1361511578.621,541.6666666666666
1361511578.877,203.25168918918916
1361511578.812,92.48652291105121
1361511579.487,193.3646112600536
1361511579.487,137.98592493297588
1361511579.728,69.91239892183289
1361511580.017,153.00864361702128
1361511580.4,61.49463806970509
1361511580.463,73.25268817204301
1361511580.143,310.1313164893617
1361511580.46,115.02659574468085
1361511589.227,71.85132575757576
1361511597.671,12312.5
1361511597.671,9500.0
1361511597.671,4750.0
1361511597.671,115.0735294117647
1361511597.735,7390.625
1361511597.862,15968.75
1361511589.798,90.48507462686567
1361511598.116,5976.5625
1361511598.116,5703.125
1361511598.18,187.32040229885058
1361511598.244,11546.875
1361511598.244,8500.0
1361511598.18,5554.6875
1361511598.244,11203.125
1361511598.307,11562.5
1361511598.371,11734.375
1361511598.371,15734.375
1361511598.367,4468.75
1361511598.371,8437.5
1361511598.371,4661.458333333333
1361511598.371,210.66810344827584
1361511598.434,11390.625
1361511598.562,124.10201149425288
1361511603.591,9500.0
1361511603.719,7007.8125
1361511603.783,9570.3125
1361511603.782,4250.0
1361511603.59,9500.0
1361511603.59,9500.0
1361511603.909,5289.0625
1361511603.973,6703.125
1361511603.717,7765.625
1361511604.036,12859.375
1361511603.716,5703.125
1361511603.907,7289.0625
1361511603.907,10984.375
1361511603.907,7734.375
1361511603.907,8437.5
1361511597.605,9500.0
1361511589.605,134.53584558823528
1361511597.923,12250.0
1361511597.983,28109.375
1361511598.05,6601.5625
1361511598.05,251.42045454545453
1361511598.05,249.46732954545456
1361511598.05,7726.5625
1361511598.178,12718.75
1361511598.114,9570.3125
1361511598.241,12750.0
1361511598.241,9750.0
1361511598.305,10578.125
1361511598.305,14578.125
1361511598.305,8250.0
1361511598.241,11296.875
1361511598.304,105.7830459770115
1361511598.432,142.6470588235294
1361511598.368,12859.375
1361511598.559,125.54505813953487
1361511603.606,28921.875
1361511603.642,11953.125
1361511603.642,7726.5625
1361511603.703,11109.375
1361511603.703,6187.5
1361511603.763,12718.75
1361511603.763,5601.5625
1361511603.571,14781.25
1361511603.83,3539.0625
1361511603.702,5367.1875
1361511603.829,7875.0
1361511603.829,5679.6875
1361511603.829,5968.75
1361511603.957,12234.375
1361511580.097,98.09491978609626
1361511579.939,799.7994652406417
1361511579.902,1625.0
1361511587.184,216.6015625
1361511597.803,131.15985576923077
1361511598.188,169.55128205128207
1361511598.697,74.85119047619047
1361511611.091,12328.125
1361511611.09,9500.0
1361511611.218,14460.9375
1361511611.346,5703.125
1361511611.473,11109.375
1361511611.473,9570.3125
1361511611.473,10734.375
1361511611.473,8500.0
1361511611.473,5601.5625
1361511611.473,6359.375
1361511611.537,11531.25
1361511611.537,9750.0
1361511611.537,5500.0
1361511611.601,12750.0
1361511611.601,1175.3472222222224
1361511603.665,87.20619658119658
1361511603.728,185.92436974789916
1361511603.919,152.47395833333331
1361511603.918,76.69270833333333
1361511604.046,103.63247863247864
1361511611.039,9500.0
1361511611.043,9500.0
1361511611.106,7390.625
1361511611.234,15531.25
1361511611.297,5976.5625
1361511611.297,7007.8125
1361511611.297,7726.5625
1361511611.488,7875.0
1361511611.552,11015.625
1361511611.616,5695.3125
1361511611.616,6429.6875
1361511611.552,14578.125
1361511611.552,11421.875
1361511611.552,8437.5
1361511611.552,4718.75
1361511611.552,4468.75
1361511603.675,184.48004201680672
1361511603.742,138.2415254237288
1361511603.934,90.73004201680672
1361511603.87,89.97395833333334
1361511589.25,187.90998542274053
1361511589.249,183.2179300291545
1361511589.249,187.90998542274053
1361511616.735,9500.0
1361511616.799,7390.625
1361511616.989,9570.3125
1361511616.989,5554.6875
1361511616.925,7718.75
1361511616.925,5703.125
1361511617.116,6359.375
1361511617.052,5765.625
1361511617.052,5367.1875
1361511617.115,5710.9375
1361511617.307,2746.09375
1361511617.242,3187.5
1361511617.306,3867.1875
1361511617.369,4661.458333333333
1361511617.369,3351.5625
1361511617.432,8437.5
1361511617.555,6429.6875
1361511618.81,4359.375
1361511611.126,109.01580459770115
1361511611.318,263.39285714285717
1361511611.573,227.43055555555554
1361511611.701,153.48101265822785
1361511611.765,116.09543010752688
1361511616.688,12312.5
1361511616.688,9500.0
1361511616.688,9500.0
1361511616.815,28109.375
1361511616.879,15531.25
1361511616.878,5976.5625
1361511616.878,6601.5625
1361511617.006,4250.0
1361511617.069,5617.1875
1361511617.196,2644.53125
1361511617.26,3937.5
1361511617.259,4875.0
1361511617.259,4859.375
1361511617.45,11421.875
1361511611.27,261.34672619047615
1361511611.27,191.91176470588238
1361511611.524,113.61882716049384
1361511611.78,117.35733695652175
1361511612.035,90.71601941747574
1361511604.225,135.28536414565826
1361511604.263,119.35399159663866
1361511616.745,85833.96612149532
1361511616.935,146.35416666666669
1361511616.935,146.523178807947
1361511617.38,62.60629251700681
1361511617.379,124.04336734693877
1361511617.761,74.9782986111111
1361511626.46,14781.25
1361511626.46,28921.875
1361511626.524,7765.625
1361511626.588,5976.5625
1361511626.651,6359.375
1361511626.587,15453.125
1361511626.587,13203.125
1361511626.715,9750.0
1361511626.775,7078.125
1361511626.775,14578.125
1361511626.775,10984.375
1361511626.647,5765.625
1361511626.842,5710.9375
1361511626.778,10578.125
1361511626.778,8437.5
1361511626.778,4468.75
1361511611.391,195.63609467455623
1361511616.695,63.22916666666667
1361511616.95,108.85416666666667
1361511617.521,84.2013888888889
1361511617.711,74.9782986111111
1361511626.271,4750.0
1361511626.27,4750.0
1361511626.27,4750.0
1361511626.524,11406.25
1361511626.524,6380.208333333333
1361511626.524,5554.6875
1361511626.587,5601.5625
1361511626.651,5695.3125
1361511626.587,10734.375
1361511618.651,2116.7919303797466
1361511626.715,15750.0
1361511626.65,8500.0
1361511626.778,6429.6875
1361511626.714,16500.0
1361511626.714,11937.5
1361511618.649,71.68416030534351
1361511611.033,114.10189075630252
1361511605.137,202.72342289719626
1361511611.214,101.44376899696049
1361511611.404,174.24242424242425
1361511611.595,218.56060606060606
1361511611.595,92.42424242424242
1361511611.659,82.57575757575758
1361511611.568,129.87987987987987
1361511610.609,947.6019637462235
1361511610.799,78.59848484848484
1361511611.302,69.71884498480243
1361511611.178,254.92232658959534
1361511632.134,15437.5
1361511632.134,11953.125
1361511632.198,9570.3125
1361511632.197,4250.0
1361511632.261,12343.75
1361511632.324,7828.125
1361511632.324,5695.3125
1361511632.324,8437.5
1361511632.324,7242.1875
1361511632.451,12765.625
1361511633.335,11937.5
1361511625.973,110.90353260869564
1361511626.162,244.79166666666666
1361511626.226,177.30978260869566
1361511626.399,196.74059139784947
1361511626.59,116.09543010752688
1361511626.525,134.72222222222223
1361511626.717,89.28571428571429
1361511626.588,116.09543010752688
1361511631.834,12328.125
1361511631.834,9500.0
1361511631.961,14460.9375
1361511632.087,5703.125
1361511632.146,11921.875
1361511632.214,10734.375
1361511632.214,12625.0
1361511632.213,12015.625
1361511632.277,12171.875
1361511632.277,4661.458333333333
1361511632.277,5898.4375
1361511632.277,7734.375
1361511632.341,6703.125
1361511633.333,11390.625
1361511626.157,249.32065217391306
1361511626.157,226.37648809523807
1361511626.348,100.03396739130436
1361511631.847,4895.833333333333
1361511631.782,9500.0
1361511631.782,9500.0
1361511632.038,6601.5625
1361511632.038,7679.6875
1361511632.037,315.8653846153846
1361511611.557,909.19452887538
1361511611.526,110.83836858006042
1361511616.72,254.565329218107
1361511616.72,204.15380658436214
1361511616.672,204.15380658436214
1361511632.363,197.38924050632912
1361511632.743,127.57120253164558
1361511632.743,125.9765625
1361511626.138,136.43685567010309
1361511632.251,231.60601265822785
1361511632.44,106.0546875
1361511633.558,96.18055555555556
1361511632.176,267.6028481012658
1361511652.621,4250.0
1361511652.685,12718.75
1361511652.748,12171.875
1361511652.747,6718.75
1361511632.587,84.01988636363636
1361511652.747,7289.0625
1361511652.747,5507.8125
1361511632.65,55.61926605504587
1361511652.252,9500.0
1361511652.444,7765.625
1361511652.571,9570.3125
1361511652.507,7726.5625
1361511652.634,11203.125
1361511652.634,11531.25
1361511652.697,11546.875
1361511652.697,15750.0
1361511652.697,8250.0
1361511652.761,12750.0
1361511652.761,10578.125
1361511652.76,12593.75
1361511649.363,2156.25
1361511631.99,41.78138766519824
1361511652.18,9500.0
1361511652.18,9500.0
1361511652.372,28921.875
1361511652.308,14781.25
1361511652.436,5703.125
1361511652.436,11953.125
1361511652.436,6601.5625
1361511652.499,11015.625
1361511632.766,89.6096214511041
1361511632.616,78.32278481012658
1361511634.374,138.65214646464648
1361511652.786,100.03396739130436
1361511652.85,12859.375
1361511653.296,4359.375
1361511658.213,9500.0
1361511658.276,7390.625
1361511658.467,11953.125
1361511658.531,9570.3125
1361511658.447,5703.125
1361511658.575,5367.1875
1361511658.639,6765.625
1361511658.575,11531.25
1361511658.637,11937.5
1361511658.637,5492.1875
1361511658.701,6703.125
1361511658.764,11390.625
1361511652.227,100.89760638297872
1361511652.547,177.30978260869566
1361511652.864,114.86037234042554
1361511652.928,116.09543010752688
1361511652.735,199.21875
1361511652.798,133.24175824175825
1361511652.798,11421.875
1361511653.117,102.07201086956522
1361511658.139,12328.125
1361511658.266,14460.9375
1361511658.329,7765.625
1361511658.393,7726.5625
1361511658.456,11109.375
1361511658.392,13203.125
1361511658.584,12328.125
1361511658.584,9750.0
1361511658.456,4250.0
1361511658.519,12718.75
1361511658.583,7875.0
1361511658.583,5289.0625
1361511658.519,11234.375
1361511658.71,12859.375
1361511658.578,7289.0625
1361511658.578,7734.375
1361511652.155,192.05729166666666
1361511652.41,228.49462365591398
1361511652.41,235.71908602150538
1361511652.409,237.6953125
1361511642.183,22.26027397260274
1361511642.264,23.214285714285715
1361511665.997,13460.9375
1361511665.933,4195.3125
1361511658.498,272.4358974358974
1361511658.498,252.98566878980893
1361511663.494,7726.5625
1361511663.557,9570.3125
1361511663.557,11531.25
1361511663.301,9500.0
1361511663.301,9500.0
1361511663.621,10734.375
1361511663.621,12718.75
1361511663.621,7289.0625
1361511663.365,14781.25
1361511663.364,14460.9375
1361511663.684,5968.75
1361511663.748,10578.125
1361511663.748,12859.375
1361511658.756,238.43344155844156
1361511663.492,273.23717948717945
1361511663.555,11109.375
1361511663.619,8500.0
1361511658.947,116.12903225806453
1361511663.619,9750.0
1361511658.819,161.66666666666666
1361511663.683,6703.125
1361511663.683,8437.5
1361511663.794,11296.875
1361511653.095,2130.2746815286623
1361511666.016,8390.625
1361511666.206,8390.625
1361511658.246,121.59455128205128
1361511658.436,216.1624203821656
1361511663.236,9500.0
1361511658.436,184.81289808917197
1361511663.364,7765.625
1361511663.427,6601.5625
1361511658.627,94.95192307692307
1361511663.555,6992.1875
1361511663.619,12171.875
1361511663.426,5976.5625
1361511663.426,5703.125
1361511663.553,5601.5625
1361511663.553,8250.0
1361511663.553,5492.1875
1361511663.553,7867.1875
1361511658.88,116.12903225806453
1361511651.763,632.5527493606138
1361511652.442,115.38033807829181
1361511652.438,72.61513157894736
1361511652.694,252.1016081871345
1361511652.82,407.6206140350877
1361511650.1,99.2765273311897
1361511650.288,5867.1875
1361511652.289,108.3470394736842
1361511670.231,4195.3125
1361511670.23,13460.9375
1361511670.484,8390.625
1361511663.631,90.44027093596058
1361511659.003,60.39005474452555
1361511670.247,8390.625
1361511663.18,45.59795673076923
1361511663.625,60.32338308457712
1361511652.435,378.6337209302326
1361511652.434,277.1856936416185
1361511652.407,277.54696531791905
1361511652.843,160.91008771929825
1361511652.778,1319.6691176470588
1361511652.952,101.19485294117648
1361511653.015,187.5
1361511652.869,318.1985294117647
1361511652.869,134.55882352941177
1361511652.932,120.22058823529412
1361511658.669,313.2911392405063
1361511663.361,1203.9930555555557
1361511663.657,14203.125
1361511665.646,2255.6706919060052
1361511666.206,71.05263157894737
1361511666.205,233.10032894736844
1361511666.205,190.13157894736844
1361511666.101,34000.0
1361511666.227,108.92269736842105
1361511681.645,83192.51179245283
1361511690.47,8390.625
1361511690.277,8390.625
1361511690.275,8390.625
1361511690.211,13101.5625
1361511670.334,242.81150159744408
1361511699.73,4195.3125
1361511700.431,4195.3125
1361511699.733,2998.2638888888887
1361511706.475,4484.375
1361511688.082,110.41998407643312
1361511709.179,3052.4764150943397
1361511710.138,390.2138157894737
1361511698.105,3755.047013274336
1361511690.443,127.33274647887325
1361511690.355,62.059859154929576
1361511690.355,56.82218309859155
1361511709.046,2897.65625
1361511712.881,7078.125
1361511712.881,7875.0
1361511712.881,5492.1875
1361511712.949,6703.125
1361511712.949,7289.0625
1361511716.724,12328.125
1361511713.011,6429.6875
1361511709.49,204.8938679245283
1361511709.426,171.00694444444446
1361511709.49,3697.228773584906
1361511709.554,5468.75
1361511709.549,153.24519230769232
1361511709.681,16383.75
1361511709.872,15515.625
1361511709.872,15796.875
1361511709.872,15312.5
1361511709.872,2156.25
1361511709.935,12882.8125
1361511709.999,8260.416666666666
1361511709.935,12390.625
1361511710.19,3759.3005952380954
1361511710.19,11713.541666666666
1361511710.381,145.43269230769232
1361511710.381,452.72435897435895
1361511710.38,3260.4166666666665
1361511710.444,149.25986842105263
1361511710.444,149.25986842105263
1361511710.444,881.0096153846155
1361511710.572,3302.0833333333335
1361511710.507,2721.875
1361511710.888,13682.291666666666
1361511711.08,15937.5
1361511711.08,15921.875
1361511711.46,9500.0
1361511711.524,1495.5357142857142
1361511711.442,9500.0
1361511711.696,8937.5
1361511711.952,9281.25
1361511711.76,9906.25
1361511711.823,9765.625
1361511711.951,9281.25
1361511712.27,7843.75
1361511712.836,9750.0
1361511716.676,9500.0
1361511709.123,129.04094827586206
1361511712.962,8437.5
1361511709.373,2344.9074074074074
1361511709.377,20126.420454545452
1361511709.441,181.89858490566039
1361511709.377,12536.168981481482
1361511709.44,176.88679245283018
1361511709.44,204.8938679245283
1361511709.504,153.24519230769232
1361511709.803,7859.375
1361511709.866,6441.40625
1361511710.122,4770.089285714285
1361511710.117,8781.25
1361511710.117,2979.1666666666665
1361511710.12,11729.166666666666
1361511710.12,2979.1666666666665
1361511710.376,1581.8256578947369
1361511710.376,464.6381578947368
1361511710.503,3302.0833333333335
1361511710.31,3260.4166666666665
1361511710.438,923.108552631579
1361511710.438,2756.25
1361511710.438,2631.25
1361511711.011,15921.875
1361511710.691,9765.625
1361511711.011,2614.5833333333335
1361511711.075,3921.875
1361511711.074,3484.375
1361511710.818,10441.40625
1361511711.073,3481.7708333333335
1361511711.073,3486.9791666666665
1361511711.457,1925.9510869565217
1361511711.391,9500.0
1361511711.711,9906.25
1361511711.839,28000.0
1361511711.646,8937.5
1361511711.646,8937.5
1361511711.71,9906.25
1361511711.774,9765.625
1361511711.773,9765.625
1361511711.833,4666.666666666667
1361511700.561,377.24401595744683
1361511716.986,9500.0
1361511716.728,79260.61893203884
1361511712.888,94.87757731958763
1361511712.952,190.59244791666666
1361511716.792,268.5032894736842
1361511716.727,2173.8505747126437
1361511717.238,15531.25
1361511717.556,14460.9375
1361511718.192,13203.125
1361511718.256,9570.3125
1361511718.192,197.38924050632912
1361511718.255,269.77848101265823
1361511718.383,12250.0
1361511718.382,11140.625
1361511718.574,5968.75
1361511718.573,5632.8125
1361511718.573,5773.4375
1361511710.764,208.58828671328672
1361511718.827,11421.875
1361511719.082,106.0546875
1361511719.082,10755.208333333334
1361511719.018,28023.4375
1361511719.081,5898.4375
1361511719.077,4468.75
1361511719.337,22312.5
1361511719.4,127.57120253164558
1361511719.335,18828.125
1361511719.399,127.57120253164558
1361511719.463,18828.125
1361511712.275,956.3519021739131
1361511716.94,9500.0
1361511716.94,4927.083333333333
1361511716.683,4074.173850574713
1361511716.682,3257.183908045977
1361511716.682,2501.436781609196
1361511716.682,139.85148514851485
1361511713.097,110.17219387755102
1361511713.097,110.17219387755102
1361511718.12,11953.125
1361511718.056,260.9953703703703
1361511718.12,15453.125
1361511718.12,11406.25
1361511718.311,12015.625
1361511718.311,12718.75
1361511718.311,8500.0
1361511718.497,5289.0625
1361511710.884,117.2372611464968
1361511710.692,250.65651260504202
1361511710.692,232.7880859375
1361511710.882,117.33678343949045
1361511710.882,117.2372611464968
1361511718.946,15156.25
1361511718.946,4875.0
1361511719.01,7875.0
1361511719.01,4661.458333333333
1361511719.009,5447.916666666667
1361511719.005,7289.0625
1361511719.073,8437.5
1361511719.2,12859.375
1361511719.391,3554.6875
1361511711.453,337.2616525423729
1361511719.644,4359.375
1361511716.712,63.88449367088607
1361511718.178,162.19579646017698
1361511719.555,2132.165605095541
1361511716.279,1508.4876543209878
1361511719.506,97.43679775280899
1361511709.81,1187.8167229729731
1361511710.118,2793.1743421052633
1361511711.045,351.27314814814815
1361511712.571,17781.25
1361511709.654,659.5766129032257
1361511709.971,1487.2472426470588
1361511710.581,5111.328125
1361511711.593,8343.75
1361511711.594,83.51934523809523
1361511712.59,11350.0
1361511713.006,298250.0
1361511713.201,198.77577319587627
1361511712.903,94421.875
1361511713.03,1609.7074468085107
1361511713.18,126.61082474226804
1361511713.244,152.34375
1361511712.971,239046.875
1361511713.287,491.68882978723406
1361511736.857,4195.3125
1361511736.857,7437.5
1361511719.247,48.09479553903346
1361511719.055,66.79258241758242
1361511719.114,38.25231481481482
1361511717.231,6869.791666666667
1361511717.051,47.91666666666667
1361511717.113,450.72115384615387
1361511717.748,7093.75
1361511717.874,16203.125
1361511719.31,6593.75
1361511719.562,75093.75
1361511720.556,77000.0
1361511717.225,17093.75
1361511718.405,16140.625
1361511720.473,30703.125
1361511719.512,653046.875
1361511734.681,113.2046568627451
1361511735.435,53726.041666666664
1361511736.38,37734.375
1361511737.434,319421.875
1361511766.53,4484.375
1361511771.301,2796.875
1361511771.301,510.41666666666663
1361511771.251,6730.46875
1361511771.503,4195.3125
1361511771.631,4195.3125
1361511770.681,32031.25
1361511771.608,15630.208333333334
1361511771.611,12281.25
1361511771.531,11119.791666666666
1361511771.594,4976.5625
1361511771.529,15244.791666666666
1361511771.784,10921.875
1361511789.747,3852.764423076923
1361511797.129,79349.28385416667
1361511789.163,116.68771043771044
1361511815.605,8390.625
1361511815.603,13460.9375
1361511815.793,2796.875
1361511815.614,8390.625
1361511824.561,358.29741379310343
1361511824.625,12859.375
1361511824.752,6276.041666666667
1361511824.748,7437.5
1361511825.006,3554.6875
1361511823.198,9500.0
1361511823.261,9500.0
1361511823.389,7390.625
1361511823.498,15531.25
1361511823.625,9369.791666666666
1361511824.198,5976.5625
1361511824.198,7726.5625
1361511824.198,6380.208333333333
1361511824.326,6359.375
1361511824.326,5773.4375
1361511824.454,9750.0
1361511824.454,5914.0625
1361511824.326,6187.5
1361511824.389,15156.25
1361511824.453,4468.75
1361511824.517,7734.375
1361511824.641,5695.3125
1361511824.641,449.0740740740741
1361511824.895,6276.041666666667
1361511825.214,4359.375
1361511823.2,474.21875
1361511823.2,9500.0
1361511824.152,7007.8125
1361511824.152,5703.125
1361511824.283,6085.9375
1361511824.347,14101.5625
1361511824.347,10755.208333333334
1361511824.283,4250.0
1361511824.283,6007.8125
1361511824.283,3703.125
1361511824.411,7875.0
1361511824.411,4661.458333333333
1361511824.41,611.9791666666666
1361511824.41,7289.0625
1361511824.474,5968.75
1361511824.41,5695.3125
1361511824.474,8437.5
1361511824.737,125.9765625
1361511825.117,2105.345911949685
1361511823.099,146.484375
1361511823.162,2070.7653985507245
1361511824.116,264.2578125
1361511824.18,237.6953125
1361511824.18,197.38924050632912
1361511824.499,107.39715189873418
1361511824.749,124.42129629629629
1361511825.067,92.25398936170212
1361511817.298,20389.737991266375
1361511822.409,1481.362951807229
1361511823.172,64.29140127388536
1361511824.106,276.7857142857143
1361511814.05,12487.771739130436
1361511815.9,113.08262711864407
1361511815.9,32875.0
1361511815.9,46015.625
1361511815.68,39781.25
1361511815.679,37500.0
1361511815.679,44296.875
1361511815.805,13484.375
1361511819.732,105.33814589665654
1361511823.409,600.5608974358975
1361511823.915,8476.5625
1361511823.914,8078.125
1361511824.466,16203.125
1361511824.592,9718.75
1361511824.72,15140.625
1361511824.719,9890.625
1361511824.718,5875.0
1361511823.499,17093.75
1361511824.383,37859.375
1361511824.636,7281.25
1361511824.636,2796.875
1361511824.636,3906.25
1361511824.605,76531.25
1361511824.607,94421.875
1361511824.671,5054.6875
1361511823.371,2372.65625
1361511823.434,10515.625
1361511824.887,217291.66666666666
1361511824.87,11953.125
1361511824.996,37546.875
1361511831.955,35344.27742616034
1361511856.379,4484.375
1361511856.33,2343.75
1361511859.834,17328.125
1361511893.912,52808.83487654321
1361511912.172,38.96360759493671
1361511914.847,17312.5
1361511940.644,3148.37786259542
1361511949.578,2156.25
1361511949.322,15375.710227272726
1361511957.241,8390.625
1361511957.24,13101.5625
1361511957.368,8390.625
1361511958.38,4195.3125
1361511949.059,58.81767515923567
1361511949.187,59.294871794871796
1361511956.175,19668.526785714286
1361511957.506,51781.25
1361511957.633,14421.875
1361511957.431,43453.125
1361511957.43,11609.375
1361511975.264,27562.5
1361511998.33,12328.125
1361511998.33,21170.079022988506
1361511998.33,2017.2413793103447
1361511998.325,1632.3635057471265
1361511998.329,9500.0
1361511998.646,28140.625
1361511998.774,237.6953125
1361511998.709,315.8653846153846
1361511998.773,13203.125
1361511998.769,264.2578125
1361511998.769,11953.125
1361511998.769,197.38924050632912
1361511998.9,12718.75
1361511998.9,5960.9375
1361511998.9,5773.4375
1361511998.9,8500.0
1361511998.899,11203.125
1361511999.027,9750.0
1361511999.091,14578.125
1361511999.09,15750.0
1361511999.09,8250.0
1361511999.09,8437.5
1361511999.153,5695.3125
1361511999.726,4359.375
1361511998.282,25569.683908045976
1361511998.282,9500.0
1361511998.282,144.1326530612245
1361511998.282,9500.0
1361511998.282,237.109375
1361511998.409,7390.625
1361511998.574,15531.25
1361511998.701,11406.25
1361511998.765,9570.3125
1361511998.7,15437.5
1361511998.891,5679.6875
1361511998.827,5765.625
1361511999.018,11937.5
1361511999.018,11796.875
1361511998.954,11390.625
1361511999.018,107.39715189873418
1361511999.018,4468.75
1361511998.954,7078.125
1361511999.018,650.1116071428571
1361511999.082,6429.6875
1361511999.145,466.34615384615387
1361511999.272,127.57120253164558
1361511999.208,127.57120253164558
1361511999.463,102.86458333333333
1361511998.321,64.29140127388536
1361511997.511,805.8320063694267
1361511999.449,2116.6930379746836
1361512014.521,132210.9375
1361512020.047,9500.0
1361512020.237,4257.8125
1361512020.364,537.6420454545454
1361512020.618,2945.3125
1361512020.935,5976.5625
1361512020.935,7726.5625
1361512021.063,4250.0
1361512020.999,9570.3125
1361512021.126,5960.9375
1361512021.126,6023.4375
1361512021.446,5367.1875
1361512021.254,12718.75
1361512021.254,3812.5
1361512014.59,22250.0
1361512019.739,9500.0
1361512019.739,12312.5
1361512019.993,9500.0
1361512019.993,7390.625
1361512020.438,14054.6875
1361512020.884,6601.5625
1361512020.884,5703.125
1361512021.203,3786.4583333333335
1361511997.53,177.05502717391306
1361511997.517,120.49016034985422
1361511998.281,53.85824022346369
1361511997.414,14609.375
1361511997.984,426.2323943661972
1361511997.549,117.73825065274151
1361511997.548,173.66727941176472
1361511997.993,87.89625360230548
1361511997.988,9320.3125
1361511998.227,47.88732394366197
1361511997.428,39.713541666666664
1361511997.871,33921.875
1361511997.932,45281.25
1361511997.996,185.3177374301676
1361511998.187,106.51408450704226
1361511998.123,330835.9375
1361511998.187,63.37780898876405
1361511998.187,34.595070422535215
1361511998.187,41.081460674157306
1361512022.256,3937.5
1361512022.255,3062.5
1361512022.255,2178.125
1361512022.255,103.46798780487805
1361512022.573,12203.125
1361512023.019,4359.375
1361512019.366,1496.1890243902437
1361512019.81,3463.913690476191
1361512019.81,3821.875
1361512019.788,120311.01973684209
1361512020.935,266.63961038961037
1361512022.21,2644.53125
1361512022.21,2550.0
1361512022.274,3351.5625
1361512022.21,3496.09375
1361512022.21,3644.53125
1361512022.274,2812.5
1361512022.529,12859.375
1361512022.592,125.9765625
1361512022.656,127.57120253164558
1361512022.847,91.75531914893617
1361512019.74,2639.2952127659573
1361512019.738,134.52380952380952
1361512020.885,253.95331325301208
1361512020.945,176.23197115384613
1361512020.884,194.53125
1361512019.795,9678.37789017341
1361512019.837,63.40843023255814
1361512022.257,136.5438432835821
1361512022.51,93.26923076923077
1361512030.829,4484.375
1361512022.828,2130.1751592356686
1361512019.791,55.14171511627907
1361512019.712,40515.625
1361512021.109,9556.25
1361512044.512,8390.625
1361512044.467,13117.1875
1361512044.783,8390.625
1361512020.166,103140.625
1361512021.436,155308.59375
1361512039.059,2712.304177545692
1361512043.761,42.631789137380196
1361512044.015,89.20726837060703
1361512064.547,8973.958333333334
1361512064.738,8390.625
1361512064.802,8390.625
1361512064.475,8390.625
1361512048.796,123.828125
1361512064.535,466.9296116504854
1361512064.535,392.4453883495146
1361512064.535,465.86771844660194
1361512064.535,111.80218446601941
1361512064.466,444.93325242718447
1361512125.683,2156.25
1361512128.624,18129.19921875
1361512128.814,39.211783439490446
1361512135.571,36.41826923076923
1361512140.015,44.289568345323744
1361512135.494,36.41826923076923
1361512813.052,77.92721518987342
1361512842.934,41.89712389380531
1361512842.933,42.65202702702703
1361516942.88,19.9468085106383
1361526335.581,11.289739884393065
1361527765.61,16.843971631205672
1361527913.992,31.914893617021274
1361531721.435,15.957446808510637
1361535413.949,56.06617647058824
1361537052.386,31.914893617021274
1361538644.961,32.608695652173914
1361538684.069,20.495129870129873
1361539243.778,59.840425531914896
1361539243.437,59.840425531914896
1361539243.416,59.840425531914896
1361539243.416,59.840425531914896
1361539965.571,32.608695652173914
1361541756.634,15.670289855072465
1361543046.48,13.775887573964496
1361544653.31,15.84507042253521
1361547928.29,15.957446808510637
1361548216.532,31.914893617021274
1361550399.646,15550.0
1361550395.865,421.875
1361550399.02,94.24603174603175
1361550400.223,9463.541666666666
1361550435.909,62093.75
1361550436.706,672.0340330788804
1361550437.151,1684.375
1361550437.077,4210.9375
1361550437.013,2807.2916666666665
1361550437.077,1684.375
1361550438.317,1256.4538043478262
1361550438.763,562.2988197424893
1361550461.476,4195.3125
1361550461.773,8390.625
1361550459.526,2156.25
1361550461.532,13101.5625
1361550461.849,4195.3125
1361550460.76,3617.283950617284
1361550461.64,173.66071428571428
1361550463.679,1339.0804597701149
1361550463.678,6465.198863636363
1361550467.518,11953.125
1361550463.737,140.44540229885058
1361550467.517,6380.208333333333
1361550467.581,9289.0625
1361550463.741,144.80377906976744
1361550463.995,10174.592391304348
1361550463.995,2007.4728260869565
1361550463.995,15296.875
1361550463.995,4750.0
1361550467.835,8500.0
1361550467.835,12718.75
1361550467.835,11390.625
1361550463.994,28181.657608695652
1361550463.994,2256.3858695652175
1361550464.117,7718.75
1361550467.961,6992.1875
1361550467.961,15750.0
1361550467.961,7734.375
1361550467.961,6101.5625
1361550467.961,7289.0625
1361550464.758,9500.0
1361550464.822,2040.625
1361550468.47,13437.5
1361550468.533,3421.875
1361550465.204,16171.875
1361550465.204,14015.625
1361550465.204,11406.25
1361550468.532,3421.875
1361550468.724,6703.125
1361550465.268,9570.3125
1361550465.332,11531.25
1361550468.659,4343.75
1361550465.203,15453.125
1361550465.203,5682.291666666667
1361550465.331,8500.0
1361550468.786,6015.625
1361550465.714,6992.1875
1361550465.649,7875.0
1361550465.837,8437.5
1361550465.645,9750.0
1361550465.837,6429.6875
1361550465.709,10984.375
1361550461.232,285.7789855072464
1361550461.232,623.8839285714286
1361550461.232,576.7857142857142
1361550461.232,533.2589285714286
1361550461.36,514.9253731343284
1361550461.36,540.6709558823529
1361550461.36,628.2169117647059
1361550461.359,600.1838235294118
1361550461.359,671.1753731343284
1361550461.359,761.9485294117648
1361550461.614,5225.694444444444
1361550466.77,499.17763157894734
1361550466.77,7402.34375
1361550470.604,13460.9375
1361550470.668,4195.3125
1361550470.86,8390.625
1361550467.466,7726.5625
1361550467.465,13203.125
1361550467.465,5703.125
1361550463.497,3949.908088235294
1361550463.623,14942.887931034482
1361550463.943,7390.625
1361550463.943,1923.7771739130433
1361550463.943,1447.6656626506024
1361550463.943,6578.125
1361550463.943,4750.0
1361550467.782,11546.875
1361550467.782,11203.125
1361550467.782,12375.0
1361550467.782,11109.375
1361550467.782,5968.75
1361550467.845,9750.0
1361550467.909,5289.0625
1361550467.909,5492.1875
1361550467.972,6703.125
1361550467.972,8437.5
1361550468.036,12859.375
1361550464.893,28140.625
1361550468.417,13671.875
1361550468.545,28333.333333333332
1361550468.48,11218.75
1361550465.024,4359.375
1361550465.088,320.80078125
1361550465.132,5976.5625
1361550465.197,5601.5625
1361550465.197,6359.375
1361550465.26,11546.875
1361550465.26,5554.6875
1361550465.324,12078.125
1361550465.324,11390.625
1361550465.324,6375.0
1361550465.578,6070.3125
1361550465.642,7289.0625
1361550465.637,5500.0
1361550465.701,536.3051470588235
1361550465.637,4468.75
1361550465.833,378.90625
1361550461.16,849.1071428571429
1361550461.16,443.3035714285714
1361550465.896,125.9765625
1361550461.159,739.7321428571429
1361550461.287,1580.422794117647
1361550461.287,500.4664179104478
1361550461.286,169.57720588235296
1361550461.286,651.1948529411765
1361550467.295,12093.75
1361550470.557,8390.625
1361550463.834,64.29140127388536
1361550464.022,1150.0674460431655
1361550464.849,2132.165605095541
1361550465.231,327.52862595419845
1361550465.994,296.875
1361550463.975,117581.8236714976
1361550468.005,71.38480392156862
1361550465.162,292.56465517241384
1361550465.162,348.41008771929825
1361550465.671,131.08407079646017
1361550461.781,242.3491379310345
1361550461.359,947.4085365853658
1361550463.672,120.40734824281151
1361550468.118,51.59574468085106
1361550464.259,68445.3125
1361550464.258,1469.1051136363635
1361550464.257,368398.4375
1361550464.215,9851.5625
1361550465.618,4521.875
1361550463.965,197359.375
1361550464.221,128.30528846153845
1361550464.221,165195.3125
1361550464.475,12714.84375
1361550464.602,3918.75
1361550464.665,1675.2232142857142
1361550465.47,1579.6130952380954
1361550465.979,404.4117647058824
1361550465.85,472.22222222222223
1361550467.664,8070.3125
1361550464.967,21953.125
1361550465.833,199.62686567164178
1361550465.833,1072.9166666666667
1361550465.833,350.8928571428571
1361550468.821,16531.25
1361550466.449,1785.9375
1361550468.727,326414.0625
1361550466.417,1556.5732758620688
1361550468.132,159.7222222222222
1361550468.259,29754.464285714286
1361550468.576,19359.375
1361550468.638,40625.0
1361550468.697,41609.375
1361550470.71,16750.0
1361550470.708,33312.5
1361550470.708,45468.75
1361550470.899,273960.9375
1361550467.985,43.49264705882353
1361550468.049,22.36880896226415
1361550468.366,16445.3125
1361550468.365,58406.25
1361550468.62,3363.28125
1361550468.747,13625.0
1361550470.631,31281.25
1361550470.631,9828.125
1361550470.629,28062.5
1361550495.024,4484.375
1361550470.26,74316.40625
1361550497.849,2156.25
1361550490.335,17328.125
1361550493.385,54.16666666666667
1361550517.433,4750.0
1361550517.497,12343.75
1361550517.624,14054.6875
1361550517.432,4750.0
1361550517.857,9570.3125
1361550517.665,7984.375
1361550517.857,5773.4375
1361550517.92,12250.0
1361550517.92,7867.1875
1361550517.92,5695.3125
1361550517.919,5507.8125
1361550518.047,6429.6875
1361550518.111,3031.25
1361550517.982,11531.25
1361550517.982,8437.5
1361550518.11,7726.5625
1361550517.982,6703.125
1361550518.174,5773.4375
1361550518.108,5976.5625
1361550518.108,5703.125
1361550518.172,9570.3125
1361550518.3,7289.0625
1361550518.3,11359.375
1361550518.363,8437.5
1361550518.427,11390.625
1361550518.233,4250.0
1361550518.297,6359.375
1361550518.297,4468.75
1361550518.297,8437.5
1361550518.361,6992.1875
1361550518.36,6375.0
1361550517.357,9500.0
1361550517.424,1580.7291666666667
1361550517.552,14781.25
1361550517.678,7007.8125
1361550517.677,7726.5625
1361550517.741,11953.125
1361550517.741,5703.125
1361550517.741,5960.9375
1361550517.801,9500.0
1361550517.8,1185.546875
1361550517.804,12718.75
1361550517.804,22695.3125
1361550517.804,4250.0
1361550517.867,11203.125
1361550517.867,9750.0
1361550517.867,7289.0625
1361550517.931,7078.125
1361550517.931,8250.0
1361550517.867,5968.75
1361550517.931,11359.375
1361550517.931,3684.375
1361550517.994,28921.875
1361550517.994,5695.3125
1361550518.057,7007.8125
1361550518.116,5554.6875
1361550518.12,5765.625
1361550518.247,9750.0
1361550518.227,5914.0625
1361550518.29,14578.125
1361550518.29,4468.75
1361550518.417,12203.125
1361550510.861,55833.384900990095
1361550510.605,77.73109243697479
1361550518.16,4661.458333333333
1361550518.16,9750.0
1361550518.672,2179.6875
1361550518.224,5609.375
1361550518.224,12015.625
1361550518.224,5492.1875
1361550517.357,2235.8072916666665
1361550517.356,6537.760416666667
1361550517.395,1137.998949579832
1361550517.648,488.14655172413796
1361550518.219,171.29088785046727
1361550510.665,931.6331417624522
1361550518.473,91.45220588235294
1361550517.281,2283.203125
1361550517.281,2428.90625
1361550517.345,64.29140127388536
1361550517.656,347.5877192982456
1361550517.66,355.5372807017544
1361550517.724,333.9646464646465
1361550517.83,138.671875
1361550517.892,789.5551801801802
1361550518.019,99.05389908256882
1361550518.082,99.97106481481481
1361550518.207,86.82193396226415
1361550518.207,174.67570754716982
1361550518.271,102.82738095238095
1361550527.862,718.75
1361550518.468,2116.7919303797466
1361550517.66,6006.696428571428
1361550517.96,3706.597222222222
1361550518.023,6700.892857142857
1361550518.086,2457.589285714286
1361550518.086,8093.75
1361550518.149,2400.0
1361550518.403,19437.5
1361550518.403,46000.0
1361550518.467,15140.625
1361550518.527,225942.70833333334
1361550517.495,3346.875
1361550517.559,834.7355769230769
1361550517.812,4116.071428571428
1361550518.065,4767.857142857143
1361550518.443,7750.0
1361550518.102,32049.107142857145
1361550518.166,3439.453125
1361550540.536,7828.125
1361550540.264,6781.25
1361550569.094,13977.609536082473
1361550580.348,8390.625
1361550580.343,14000.0
1361550586.013,1272.3214285714287
1361550579.505,45984.375
1361550580.064,123545.13888888889
1361550580.583,242507.8125
1361550580.582,154000.0
1361550580.51,37.453473945409435
1361550580.51,123140.625
1361550580.51,156203.125
1361550580.51,673171.875
1361550580.51,66843.75
1361550600.053,2156.25
1361550606.147,9500.0
1361550606.342,28921.875
1361550606.406,15531.25
1361550606.406,7726.5625
1361550606.47,11406.25
1361550606.47,11953.125
1361550606.534,10734.375
1361550606.533,8500.0
1361550606.533,5554.6875
1361550606.597,11437.5
1361550606.661,12750.0
1361550606.66,7875.0
1361550606.66,7734.375
1361550606.724,6703.125
1361550607.079,6578.125
1361550607.015,4750.0
1361550607.079,9500.0
1361550607.206,7390.625
1361550607.334,7007.8125
1361550607.462,5601.5625
1361550607.526,12171.875
1361550607.398,9570.3125
1361550607.589,6992.1875
1361550607.461,6359.375
1361550607.589,5507.8125
1361550607.653,5695.3125
1361550607.588,10578.125
1361550607.588,7289.0625
1361550607.715,12859.375
1361550586.546,4395.432692307692
1361550606.074,3038.978494623656
1361550606.074,11332.157258064515
1361550606.138,3373.9809782608695
1361550606.138,131.94444444444446
1361550606.457,197.38924050632912
1361550606.649,106.0546875
1361550606.994,2521.8413978494623
1361550607.058,1907.7785326086955
1361550607.058,4709.918478260869
1361550607.314,267.6028481012658
1361550607.378,289.17253521126764
1361550607.378,205.93398876404495
1361550598.177,86.46352867830424
1361550605.419,1458.0838323353294
1361550623.144,9414.0625
1361550623.143,11156.25
1361550606.759,51.59574468085106
1361550623.653,4359.375
1361550621.859,28210.9375
1361550621.923,15156.25
1361550621.922,16101.5625
1361550607.038,40.64990039840637
1361550607.037,64.29140127388536
1361550624.187,9007.8125
1361550624.315,3554.6875
1361550602.72,28406.25
1361550607.486,6357.421875
1361550607.614,37437.5
1361550607.677,2350.0
1361550607.612,6546.875
1361550607.025,101.52867965367965
1361550607.024,3182.2916666666665
1361550607.406,16414.0625
1361550607.597,52.723214285714285
1361550607.597,7812.5
1361550607.531,114.54326923076923
1361550625.131,98.36647727272728
1361550621.737,85.01476377952756
1361550621.736,85.01476377952756
1361550622.923,96.52453271028037
1361550606.425,142.38365800865802
1361550606.425,19968.75
1361550606.377,19968.75
1361550606.885,10109.375
1361550624.333,2118.6708860759495
1361550621.212,103140.625
1361550621.85,77953.99305555556
1361550624.048,50062.5
1361550646.842,2156.25
1361550623.413,686046.875
1361550624.31,13031.25
1361550624.31,2987.980769230769
1361550660.779,2156.25
1361550659.821,4484.375
1361550679.942,10059.137658227848
1361550680.182,402.58487654320993
1361550687.523,133.42696629213484
1361550687.56,11726.5625
1361550747.242,2156.25
1361550747.184,2156.25
1361550853.911,4750.0
1361550853.911,790.3645833333334
1361550854.462,5703.125
1361550854.588,12718.75
1361550854.588,11921.875
1361550854.391,2365.625
1361550854.651,5289.0625
1361550854.458,15453.125
1361550854.458,6601.5625
1361550854.714,5500.0
1361550854.458,6380.208333333333
1361550854.778,8437.5
1361550854.778,5492.1875
1361550854.778,11156.25
1361550854.522,16070.3125
1361550854.585,12375.0
1361550854.585,6085.9375
1361550854.904,6429.6875
1361550854.712,11937.5
1361550854.771,6703.125
1361550854.775,7289.0625
1361550854.775,5695.3125
1361550854.964,18828.125
1361550855.028,3554.6875
1361550845.072,15943.244485294117
1361550853.81,4750.0
1361550853.81,3166.6666666666665
1361550853.81,6171.875
1361550853.998,7390.625
1361550854.254,28921.875
1361550854.188,8156.25
1361550854.442,30312.5
1361550854.442,11875.0
1361550854.442,5367.1875
1361550854.505,11203.125
1361550854.377,5976.5625
1361550854.441,28210.9375
1361550854.504,8500.0
1361550854.695,9414.0625
1361550854.695,7875.0
1361550854.693,3496.09375
1361550855.198,4359.375
1361550853.935,63.88449367088607
1361550853.939,32143.350290697676
1361550853.938,3590.297965116279
1361550854.507,194.7265625
1361550854.487,267.6028481012658
1361550854.806,106.0546875
1361550855.06,127.57120253164558
1361550853.191,1422.3428143712576
1361550853.87,2785.428779069767
1361550853.868,2584.1206395348836
1361550853.868,3155.8866279069766
1361550853.868,153.03308823529412
1361550854.439,266.63961038961037
1361550854.436,237.6953125
1361550855.003,127.57120253164558
1361550855.11,105.18292682926828
1361550854.923,51.59574468085106
1361550855.182,2130.1751592356686
1361550853.493,98.31661891117479
1361550853.493,95.58560171919771
1361550854.452,192.45962078651684
1361550854.323,114.60977157360406
1361550854.323,105.82386363636363
1361550854.322,43.372844827586206
1361550854.748,434.0778097982709
1361550855.067,32.275390625
1361550855.13,35.70130813953489
1361550855.193,653.6684782608696
1361550855.19,110.24052478134111
1361550856.271,173.41933139534885
1361550856.27,889.0352470930233
1361550854.178,2122.9745370370374
1361550854.917,190.64295977011494
1361550854.789,89.13043478260869
1361550854.979,161.48743016759775
1361550855.106,42.51453488372093
1361550855.106,64.83477011494253
1361550855.105,57.55289968652037
1361550876.597,6601.5625
1361550876.66,5554.6875
1361550876.66,5367.1875
1361550876.596,4785.15625
1361550876.66,19197.916666666668
1361550876.724,6359.375
1361550876.723,5601.5625
1361550876.787,4875.0
1361550876.85,3351.5625
1361550876.85,5250.0
1361550876.85,3796.875
1361550876.85,2753.90625
1361550876.85,2816.40625
1361550876.913,4218.75
1361550876.977,2369.7916666666665
1361550877.04,5726.5625
1361550877.039,9414.0625
1361550877.42,7437.5
1361550876.229,9500.0
1361550876.481,7765.625
1361550876.545,7726.5625
1361550876.545,5703.125
1361550876.544,5976.5625
1361550876.672,3789.0625
1361550876.671,4250.0
1361550876.671,5765.625
1361550876.731,16101.5625
1361550876.799,4859.375
1361550876.735,5156.25
1361550876.798,3496.09375
1361550876.798,6375.0
1361550876.988,6429.6875
1361550877.602,9414.0625
1361550878.678,4359.375
1361550876.181,12343.75
1361550876.181,9500.0
1361550876.181,9500.0
1361550876.181,632.2916666666667
1361550876.308,12093.75
1361550876.308,7382.8125
1361550854.241,438.5869565217391
1361550854.432,3897.263367052023
1361550854.4,56.05014534883721
1361550876.517,267.6028481012658
1361550876.581,197.38924050632912
1361550877.151,125.9765625
1361550878.583,2116.89082278481
1361550883.765,11812.744140625
1361550876.147,297525.5807522124
1361550876.143,2407.7743902439024
1361550876.143,3454.8399390243903
1361550876.143,3664.0625
1361550876.207,64.29140127388536
1361550876.526,237.6953125
1361550876.779,107.39715189873418
1361550877.08,127.57120253164558
1361550875.463,1449.4760479041918
1361550878.534,95.29532967032966
1361550883.952,162.94642857142858
1361550876.075,139.85148514851485
1361550876.075,5125.0
1361550876.075,3263.3384146341464
1361550876.967,51.3771186440678
1361550877.038,2662.9464285714284
1361550877.228,8679.6875
1361550877.607,4804.6875
1361550929.163,30494.62365591398
1361550935.138,2242.1875
1361550940.559,8390.625
1361550940.253,8390.625
1361550940.178,26203.125
1361550940.369,8390.625
1361550943.695,2156.25
1361550942.462,6388.004032258064
1361550940.579,4104.910714285715
1361550940.579,12348.958333333334
1361550940.642,7218.75
1361550940.578,25546.875
1361550940.578,18210.9375
1361550940.578,18085.9375
1361550940.578,20531.25
1361550940.494,4403.645833333333
1361550940.494,31078.125
1361550940.494,34437.5
1361550940.558,10703.125
1361550940.474,32734.375
1361550939.963,47841.145833333336
1361550965.899,9500.0
1361550965.899,4750.0
1361550965.899,592.7734375
1361550966.28,15968.75
1361550966.407,14054.6875
1361550966.79,56109.375
1361550966.789,16070.3125
1361550966.789,14015.625
1361550966.917,5601.5625
1361550966.954,12171.875
1361550966.826,9570.3125
1361550966.958,18828.125
1361550966.83,5367.1875
1361550966.893,4250.0
1361550967.021,5445.3125
1361550966.893,5765.625
1361550967.021,7875.0
1361550966.956,5289.0625
1361550967.147,3554.6875
1361550967.147,5695.3125
1361550967.019,7289.0625
1361550968.038,2179.6875
1361550965.83,12343.75
1361550965.83,4750.0
1361550966.02,7390.625
1361550966.718,11406.25
1361550966.718,30312.5
1361550966.718,15453.125
1361550966.718,11953.125
1361550966.781,6359.375
1361550966.908,11109.375
1361550966.972,9750.0
1361550967.035,4468.75
1361550966.971,8250.0
1361550967.035,12750.0
1361550967.035,381.00961538461536
1361550967.035,3496.09375
1361550967.035,8437.5
1361550967.099,12859.375
1361550947.656,362.37545289855075
1361550965.832,3791.487068965517
1361550965.896,3422.96511627907
1361550966.786,271.03365384615387
1361550966.785,285.15625
1361550966.785,237.6953125
1361550966.784,194.53125
1361550967.082,107.39715189873418
1361550967.272,127.57120253164558
1361550965.147,1459.300149700599
1361550965.763,97034.12356321838
1361550965.826,4271.438953488371
1361550965.762,2388.8290229885056
1361550965.826,143.49489795918367
1361550965.762,3663.6135057471265
1361550965.826,64.29140127388536
1361550966.843,245.90773809523807
1361550967.034,468.34935897435895
1361550967.094,319.0789473684211
1361550967.224,127.57120253164558
1361550967.861,101.28676470588235
1361550967.883,2082.3951863354037
1361550966.214,2964.285714285714
1361550966.181,4773.4375
1361550966.686,25234.375
1361550967.176,50526.041666666664
1361550967.302,6546.875
1361550967.366,19781.25
1361550967.365,11750.0
1361550967.365,7750.0
1361550966.101,80.48561151079137
1361550966.037,31.92284688995215
1361550966.608,3006.25
1361550967.035,16171.875
1361550967.098,19437.5
1361550967.225,7570.3125
1361550968.176,30718.75
1361550968.174,153328.125
1361550992.586,12343.75
1361550992.652,9500.0
1361550992.597,9500.0
1361550992.724,7390.625
1361550982.065,42724.1512345679
1361550992.49,9500.0
1361550967.322,369.0548780487805
1361550967.29,1671.190693430657
1361550967.417,47.02743902439025
1361550992.583,2051.4621559633024
1361550992.583,145.06880733944953
1361550993.026,215.22671568627453
1361550993.025,11953.125
1361550993.025,7718.75
1361550993.029,6601.5625
1361550993.092,5960.9375
1361550993.156,8500.0
1361550993.156,12718.75
1361550993.155,5765.625
1361550993.155,5601.5625
1361550993.219,6132.8125
1361550993.219,9750.0
1361550993.218,7875.0
1361550993.218,5898.4375
1361550993.282,10578.125
1361550993.282,92.96085858585859
1361550993.282,4718.75
1361550993.218,5156.25
1361550993.282,185.44823232323233
1361550993.345,1837.0535714285713
1361550993.345,3807.2916666666665
1361550993.853,105.16151685393258
1361550992.568,4435.063073394495
1361550992.469,62682.8125
1361550992.851,14515.625
1361550992.914,2957.03125
1361550992.977,5703.125
1361550993.041,240.70411392405063
1361550993.041,159.62009803921566
1361550993.041,9570.3125
1361550992.977,214.80582524271844
1361550993.04,5937.5
1361550993.103,10734.375
1361550992.847,16312.5
1361550993.231,11937.5
1361550993.23,4468.75
1361550993.162,7289.0625
1361550993.357,125.0
1361550993.463,197.03947368421052
1361550993.908,2179.6875
1361550992.495,2158.543577981651
1361550992.452,65474.053899082566
1361550992.963,948.4375
1361550992.628,64.29140127388536
1361550993.838,2116.6930379746836
1361550991.811,830.31449044586
1361550992.375,164734.00735294117
1361550992.838,8587.5
1361550992.875,13796.875
1361550992.928,17359.375
1361550993.277,33921.875
1361550993.404,84.94178921568628
1361550993.404,6540.625
1361550993.403,45406.25
1361550993.529,11750.0
1361550993.134,4188.244047619048
1361550993.384,18843.75
1361550993.51,659140.625
1361551027.115,9500.0
1361551027.37,263.22115384615387
1361551027.37,7726.5625
1361551027.114,13156.25
1361551027.434,197.38924050632912
1361551027.434,9570.3125
1361551027.434,3942.7083333333335
1361551027.469,5773.4375
1361551027.469,6007.8125
1361551027.278,8156.25
1361551027.598,9750.0
1361551027.597,15703.125
1361551027.593,3496.09375
1361551027.657,107.39715189873418
1361551027.657,591.2298387096773
1361551027.468,12718.75
1361551027.595,5968.75
1361551027.595,5765.625
1361551027.595,5289.0625
1361551027.658,1579.861111111111
1361551027.722,418.10344827586204
1361551028.359,4359.375
1361551027.038,9500.0
1361551027.165,14781.25
1361551027.164,14460.9375
1361551027.036,9500.0
1361551027.036,243.18910256410257
1361551027.292,6601.5625
1361551027.483,11875.0
1361551027.546,14578.125
1361551027.546,8250.0
1361551027.29,267.6028481012658
1361551027.29,1494.140625
1361551027.29,5703.125
1361551027.673,6101.5625
1361551027.417,11109.375
1361551027.544,6085.9375
1361551027.544,5914.0625
1361551027.671,12859.375
1361551027.734,127.57120253164558
1361551027.798,8500.0
1361551027.066,147.4609375
1361551027.386,203.64583333333334
1361551028.21,2071.3734567901233
1361551026.382,830.6130573248408
1361551027.016,64.29140127388536
1361551027.781,127.57120253164558
1361551028.133,107.6171875
1361551047.257,5596.354166666667
1361551047.308,271197.9166666667
1361551027.313,834.7355769230769
1361551027.819,10812.5
1361551027.229,10195.3125
1361551027.61,10901.041666666666
1361551027.54,45421.875
1361551027.712,18843.75
1361551027.912,9171.875
1361551056.785,14984.375
1361551053.138,7000.0
1361551050.189,6394.669117647059
1361551050.253,4890.4389880952385
1361551050.38,215.1295731707317
1361551051.015,2408.450704225352
1361551051.015,3073.06338028169
1361551051.013,6851.452464788732
1361551051.013,1199.8239436619717
1361551051.009,1365.451388888889
1361551051.393,231.0096153846154
1361551054.45,10226.5625
1361551054.45,20468.75
1361551051.569,408.77016129032256
1361551054.637,43500.0
1361551051.696,5912.239583333333
1361551052.013,9656.25
1361551052.077,8718.75
1361551052.012,1557.3863636363635
1361551052.075,11203.125
1361551052.075,8738.28125
1361551052.138,7132.8125
1361551052.138,4750.0
1361551055.592,19390.625
1361551055.848,31648.4375
1361551056.103,197867.1875
1361551056.103,11335.9375
1361551056.358,12781.25
1361551056.549,13609.375
1361551056.738,7312.5
1361551056.738,11171.875
1361551052.961,11640.625
1361551049.987,15339.619252873563
1361551053.443,44098.21428571428
1361551050.178,3180.617559523809
1361551050.301,193.78810975609755
1361551050.94,1221.6109154929577
1361551050.94,2108.494718309859
1361551050.94,21182.87852112676
1361551051.194,410.214552238806
1361551051.322,238.46153846153848
1361551051.322,1534.1346153846155
1361551054.392,3715.625
1361551051.576,991.179435483871
1361551054.391,9812.5
1361551054.647,41328.125
1361551051.935,45343.75
1361551051.935,801.9886363636364
1361551051.999,8746.09375
1361551052.062,174.23349056603774
1361551052.062,2500.0
1361551052.062,159.78773584905662
1361551052.254,2436.580882352941
1361551052.254,177.69607843137257
1361551052.317,170.64950980392157
1361551052.444,1770.1822916666667
1361551055.513,19398.4375
1361551055.765,29210.9375
1361551056.277,5468.75
1361551056.34,14625.0
1361551056.024,10869.791666666666
1361551056.405,14750.0
1361551055.742,1729.0826612903224
1361551051.517,823.8636363636364
1361551051.581,638.2211538461538
1361551051.709,627.7281746031747
1361551051.772,700.3528225806451
1361551056.699,416.6666666666667
1361551056.571,1194.1964285714287
1361551056.699,622.3958333333334
1361551052.219,774.4318181818181
1361551056.699,2026.2632978723402
1361551056.891,16382.8125
1361551056.954,497.45639534883725
1361551054.135,29547.05459770115
1361551054.646,19963.212025316454
1361551054.646,118.67088607594935
1361551051.443,1420.4757462686568
1361551051.57,548.3173076923077
1361551056.551,1407.8125
1361551056.679,2026.2632978723402
1361551056.87,14721.590909090908
1361551054.116,14554.597701149425
1361551057.828,19390.625
1361551054.627,803.006329113924
1361551056.917,2222.470238095238
1361551056.66,5370.738636363637
1361551056.664,70.99184782608695
1361551056.663,70.99184782608695
1361551056.853,4316.2202380952385
1361551057.363,9281.25
1361551057.362,10937.5
1361551053.96,13740.301724137931
1361551054.45,3959.849683544304
1361551054.449,12232.397151898735
1361551054.449,1386.4715189873418
1361551059.567,2343.75
1361551052.013,4392.628205128205
1361551055.019,1041.1531690140846
1361551055.21,2936.8003731343283
1361551047.082,7.116336633663367
1361551055.209,707.7891791044776
1361551055.337,17822.679924242424
1361551055.719,256.885593220339
1361551055.975,788.5044642857143
1361551056.102,1203.125
1361551056.61,70.99184782608695
1361551056.61,70.99184782608695
1361551056.929,6843.75
1361551056.799,1021.9494047619047
1361551056.841,10867.1875
1361551057.097,41328.125
1361551053.887,559.8366477272727
1361551054.395,5463.409810126583
1361551054.394,3940.0712025316457
1361551054.394,3998.022151898734
1361551054.394,19573.6328125
1361551054.394,12232.199367088608
1361551054.37,5463.409810126583
1361551054.877,161.7517605633803
1361551054.877,352.112676056338
1361551052.187,1781.5265486725664
1361551052.315,908.6430180180181
1361551052.314,880.4898648648649
1361551054.937,1037.9774305555557
1361551055.64,256.35593220338984
1361551055.192,764.9147727272727
1361551056.023,1257.370283018868
1361551055.639,6949.479166666666
1361551055.894,788.5044642857143
1361551056.47,2115.234375
1361551056.47,1776.3671875
1361551056.022,1369.693396226415
1361551056.022,1119.3985849056605
1361551056.022,1119.3985849056605
1361551055.167,3933.1863496932515
1361551061.754,4186.458333333333
1361551052.793,1459.0625
1361551054.136,6797.311452513966
1361551060.855,18299.61993243243
1361551060.855,6691.0895270270275
1361551055.155,7545.1495398773
1361551061.669,240.01024590163937
1361551057.891,293.359375
1361551060.835,16382.601351351352
1361551060.835,51719.59459459459
1361551060.835,25416.596283783783
1361551060.835,17734.797297297297
1361551058.21,59.10326086956522
1361551060.699,16617.609797297297
1361551060.699,81350.2956081081
1361551060.953,7081.696428571429
1361551060.952,1116.0714285714287
1361551057.43,561.625
1361551061.332,1317.87109375
1361551058.446,576.4048165137615
1361551054.448,2658.4302325581393
1361551060.521,15336.143092105263
1361551060.644,10205.447635135135
1361551057.988,937.6358695652174
1361551058.365,1391.6284403669724
1361551058.365,718.4633027522935
1361551058.623,508.84433962264154
1361551059.579,462.1263586956522
1361551063.619,4555.758248730965
1361551063.619,15230.567893401016
1361551063.619,10963.435913705585
1361551063.619,16760.786802030456
1361551064.257,395.5548128342246
1361551064.257,208.8068181818182
1361551064.321,48439.096102150535
1361551064.257,164.9398395721925
1361551064.832,29688.20224719101
1361551064.832,53.458567415730336
1361551064.832,12218.047752808989
1361551064.832,123.50772471910112
1361551064.895,1086.7761299435028
1361551064.895,468.9265536723164
1361551064.895,55.70268361581921
1361551065.215,8736.827761627907
1361551065.406,1636.4644970414201
1361551065.342,3152.1139705882356
1361551065.598,1852.2213855421687
1361551065.598,643.7311746987951
1361551065.598,1090.3614457831325
1361551065.598,963.6671686746988
1361551065.921,3599.9611801242236
1361551055.418,1967.5
1361551063.61,3741.6719543147206
1361551063.61,6625.634517766497
1361551064.248,81.71791443850266
1361551064.248,130.76537433155082
1361551064.759,33945.00698324023
1361551064.823,27696.190308988764
1361551064.887,19122.881355932204
1361551064.822,47.84058988764045
1361551064.822,24285.990168539323
1361551064.822,220.41783707865167
1361551064.822,117.62640449438203
1361551064.886,55.70268361581921
1361551064.886,118.2909604519774
1361551062.252,4128.655389908257
1361551065.579,710.8433734939758
1361551065.579,1712.914156626506
1361551065.579,1034.9209337349396
1361551065.579,2158.8855421686744
1361551065.579,1063.441265060241
1361551052.51,5734.375
1361551052.509,5965.073529411765
1361551051.623,44737.5
1361551053.497,23281.25
1361551052.342,90609.375
1361551052.342,12786.057692307691
1361551053.03,17085.9375
1361551052.305,84484.375
1361551052.305,107582.58928571429
1361551052.999,376812.5
1361551052.999,14562.5
1361551064.892,53.071120689655174
1361551076.667,12359.375
1361551076.731,7656.25
1361551072.954,1902.4077868852457
1361551076.73,8260.416666666666
1361551076.858,12359.375
1361551064.633,116.74859550561797
1361551076.984,14197.916666666666
1361551064.823,97.14285714285714
1361551064.823,52.767857142857146
1361551076.983,14182.291666666666
1361551077.047,12390.625
1361551064.822,90.89285714285714
1361551077.302,26828.125
1361551065.397,56.38177710843374
1361551077.365,3402.34375
1361551073.46,15296.875
1361551073.46,3813.6888586956525
1361551073.46,12343.75
1361551073.46,3836.4470108695655
1361551073.46,9500.0
1361551073.46,147.78645833333334
1361551077.492,8132.8125
1361551077.363,3402.34375
1361551077.426,10104.166666666666
1361551077.426,10104.166666666666
1361551077.682,15023.4375
1361551077.745,5578.125
1361551065.969,136.37262658227849
1361551077.809,6276.041666666667
1361551073.968,7390.625
1361551074.095,4098.76179245283
1361551077.743,5421.875
1361551077.743,3765.625
1361551074.159,74783.57712765956
1361551074.158,12133.976063829787
1361551074.222,1971.3541666666667
1361551074.222,12093.75
1361551078.126,3554.6875
1361551078.126,3479.1666666666665
1361551078.125,9414.0625
1361551074.349,7726.5625
1361551074.349,5976.5625
1361551077.997,7968.75
1361551078.06,18828.125
1361551074.54,5679.6875
1361551074.539,6171.875
1361551078.123,3554.6875
1361551074.667,3496.09375
1361551074.603,4859.375
1361551074.603,5578.125
1361551074.666,4468.75
1361551074.794,12750.0
1361551074.857,5664.0625
1361551078.633,1276.7857142857142
1361551075.029,12480.03472222222
1361551075.028,12439.967105263158
1361551067.666,415.4881386861314
1361551075.282,1453.125
1361551075.854,1316.9642857142858
1361551079.053,2445.3125
1361551075.981,25564.102564102566
1361551076.045,826.4802631578947
1361551076.044,909.9506578947369
1361551076.044,1333.8815789473683
1361551076.044,1326.0690789473683
1361551076.044,1370.4769736842106
1361551076.044,1015.625
1361551076.04,25929.910714285714
1361551076.04,11835.820895522389
1361551075.852,12696.875
1361551076.235,7378.571428571429
1361551075.979,32220.920138888887
1361551075.979,926.2820512820513
1361551079.627,3921.875
1361551076.299,283.5477941176471
1361551076.298,22671.875
1361551076.042,1354.8519736842106
1361551076.042,1393.092105263158
1361551076.042,1142.6809210526317
1361551076.042,1039.8848684210527
1361551076.042,27190.178571428572
1361551076.49,15812.5
1361551076.233,3617.8571428571427
1361551064.008,1523.7299465240642
1361551064.008,8540.37610619469
1361551079.431,9765.625
1361551079.559,28000.0
1361551076.612,15531.25
1361551064.58,126.8433988764045
1361551064.58,287.3068820224719
1361551064.643,954.3608757062146
1361551076.866,7859.375
1361551076.929,11718.75
1361551076.993,14182.291666666666
1361551077.165,10656.25
1361551077.229,26835.9375
1361551077.229,26796.875
1361551077.292,3402.34375
1361551077.292,3402.34375
1361551073.388,4075.917119565218
1361551073.388,5321.841032608695
1361551073.388,5070.652173913044
1361551073.388,9500.0
1361551073.388,9500.0
1361551077.356,20208.333333333332
1361551077.356,20234.375
1361551077.356,20203.125
1361551077.356,10104.166666666666
1361551077.419,10843.75
1361551077.419,13371.09375
1361551077.419,8335.9375
1361551077.546,5523.4375
1361551077.674,3402.34375
1361551073.897,4727.5390625
1361551077.673,30312.5
1361551077.673,4707.03125
1361551074.024,16312.5
1361551074.024,9055.96590909091
1361551074.214,5937.5
1361551078.054,3554.6875
1361551074.278,267.6028481012658
1361551074.277,7007.8125
1361551074.277,5703.125
1361551069.861,119.53604294478528
1361551074.341,223.5137195121951
1361551078.053,3554.6875
1361551074.336,197.19145569620252
1361551074.336,9570.3125
1361551074.404,4250.0
1361551074.404,6359.375
1361551074.467,5617.1875
1361551074.467,5554.6875
1361551074.467,5773.4375
1361551074.531,4875.0
1361551074.53,5250.0
1361551074.53,2746.09375
1361551074.594,106.0546875
1361551074.594,3796.875
1361551078.433,9500.0
1361551074.657,8437.5
1361551074.721,12859.375
1361551074.848,127.57120253164558
1361551074.848,127.57120253164558
1361551074.975,8613.175675675675
1361551074.975,105.3734756097561
1361551075.785,1569.7408536585367
1361551075.657,5175.551470588235
1361551075.785,7527.057926829269
1361551075.785,789.7321428571429
1361551075.912,1233.173076923077
1361551075.784,1423.3993902439024
1361551075.911,1360.1762820512822
1361551075.975,1625.4111842105262
1361551075.975,1347.4506578947369
1361551075.975,1022.6151315789474
1361551075.975,1170.641447368421
1361551075.975,1260.279605263158
1361551075.975,1163.6513157894738
1361551075.975,1180.921052631579
1361551075.974,1024.671052631579
1361551075.974,1345.8059210526317
1361551075.974,833.4703947368422
1361551075.974,1341.282894736842
1361551075.974,914.0625
1361551079.238,4953.125
1361551075.974,28411.971830985916
1361551075.974,1034.5394736842106
1361551075.974,25402.549342105263
1361551076.421,10937.5
1361551076.292,241.47727272727275
1361551077.123,1038.1747159090908
1361551080.257,2748.798076923077
1361551076.544,4758.272058823529
1361551076.608,1647.229381443299
1361551076.799,199.17763157894737
1361551076.78,5988.051470588235
1361551077.803,12946.514423076924
1361551077.867,6400.841346153846
1361551077.867,6602.881493506494
1361551076.596,1452.2849462365593
1361551076.723,4023.2676630434785
1361551076.723,1012.5343406593406
1361551076.849,5141.151685393258
1361551076.974,3741.558908045977
1361551077.165,1199.404761904762
1361551077.356,530.6783536585366
1361551077.163,715.5877976190477
1361551077.163,66.7279411764706
1361551077.227,67.52232142857143
1361551077.227,489.5220588235294
1361551077.672,234.74264705882354
1361551077.672,1981.9711538461538
1361551077.542,259.06635802469134
1361551077.669,165.78733766233768
1361551077.669,1981.9711538461538
1361551078.496,476.318359375
1361551078.667,136.78278688524588
1361551075.018,2116.7919303797466
1361551079.047,583.9120370370371
1361551079.043,583.3333333333334
1361551079.043,589.988425925926
1361551075.97,6645.479368932039
1361551076.226,94.6969696969697
1361551076.54,3753.985969387755
1361551076.223,94.6969696969697
1361551076.35,89.5618556701031
1361551076.35,95.19974226804123
1361551080.124,1781.6611842105262
1361551076.896,3619.9712643678163
1361551077.15,104.53869047619048
1361551077.15,67.52232142857143
1361551077.15,212.72590361445785
1361551073.373,49716.5948275862
1361551077.276,526.6768292682927
1361551073.372,64.29140127388536
1361551077.594,1053.248355263158
1361551077.592,1053.248355263158
1361551077.592,165.78733766233768
1361551078.966,739.8726851851852
1361551078.963,3135.127314814815
1361551076.017,769.1761363636364
1361551076.142,682.9229797979798
1361551076.142,137.31060606060606
1361551076.204,2028.5115979381442
1361551076.268,8492.106958762888
1361551080.36,119.7265625
1361551073.456,40.48859126984127
1361551089.587,4484.375
1361551074.667,78.1917735042735
1361551074.723,52.489177489177486
1361551074.836,3369.7916666666665
1361551073.619,3270.8333333333335
1361551074.64,76531.25
1361551073.572,2778.6458333333335
1361551073.572,3270.8333333333335
1361551073.692,4209.375
1361551074.33,33921.875
1361551074.583,16171.875
1361551074.816,9375.0
1361551074.816,7570.3125
1361551074.815,6593.75
1361551074.878,3875.0
1361551073.615,710.2272727272727
1361551074.354,16359.375
1361551074.479,906093.75
1361551074.67,19437.5
1361551074.733,2182.2916666666665
1361551074.792,3290.625
1361551076.506,1527.34375
1361551077.718,3897.7864583333335
1361551080.859,97.3740494296578
1361551080.483,91.15370090634441
1361551080.546,210593.75
1361551080.512,13375.0
1361551091.458,15831.076388888889
1361551080.972,125093.75
1361551082.617,11394.886363636364
1361551082.36,48069.010416666664
1361551082.679,67352.94117647059
1361551082.574,21559.74264705882
1361551082.317,160968.75
1361551082.317,51990.885416666664
1361551082.636,29048.076923076922
1361551083.43,3332.03125
1361551080.952,3723.6328125
1361551080.948,9572.265625
1361551082.778,3412.5
1361551082.842,3320.3125
1361551111.371,6553.125
1361551112.299,7851.5625
1361551116.635,5703.125
1361551116.399,9663.26530612245
1361551112.431,388.1025784753363
1361551116.463,6931.5308988764045
1361551117.096,2038.8671875000002
1361551117.16,4116.9921875
1361551117.155,1047.2705696202531
1361551117.159,473.4375
1361551116.411,6222.743055555555
1361551118.719,168.359375
1361551117.272,13655.444587628866
1361551117.272,2730.3819444444443
1361551111.715,13.735250737463126
1361551130.135,533.2880434782609
1361551130.134,4890.625
1361551130.325,5179.4921875
1361551116.016,820.4872204472844
1361551131.058,19159.646739130432
1361551131.185,1075.3676470588236
1361551081.005,4755.249160134379
1361551113.95,27215.14423076923
1361551113.949,22726.5625
1361551113.949,39365.05681818182
1361551113.742,106.6826923076923
1361551113.805,36792.70833333333
1361551115.98,99.00770142180095
1361551117.196,69.71153846153847
1361551132.829,426.02848101265823
1361551129.625,42625.697544642855
1361551129.752,76438.4765625
1361551129.752,38697.963169642855
1361551129.752,142235.9118852459
1361551129.752,50578.97727272727
1361551137.747,4484.375
1361551129.71,29931.36160714286
1361551137.709,4484.375
1361551126.877,4603.365384615385
1361551128.184,18218.75
1361551114.549,5255.4421005386
1361551130.754,21906.25
1361551131.368,46031.25
1361551131.493,63068.359375
1361551131.412,129392.578125
1361551131.283,46046.875
1361551133.486,269239.5833333333
1361551133.485,447601.5625
1361551113.624,2690.0816522574446
1361551132.66,6242.545485175202
1361551132.658,6242.545485175202
1361551187.969,2156.25
1361551202.209,124.40664556962025
1361551202.271,62435.92171717172
1361551202.589,8267.287234042555
1361551202.589,57379.901960784315
1361551202.589,44725.897606382976
1361551204.181,312.6929012345679
1361551204.373,4857.349537037037
1361551204.359,2183.238636363636
1361551202.553,25597.905585106382
1361551202.553,1186.3486842105265
1361551204.686,174.07852564102564
1361551213.35,153.90625
1361551201.144,2546.875
1361551202.218,8421.875
1361551203.72,872640.625
1361551202.142,28875.0
1361551228.557,5765.625
1361551219.868,20851.5625
1361551227.678,9039.0625
1361551229.228,131554.6875
1361551203.481,5286.521499448731
1361551266.894,6335.090361445783
1361551267.211,312.6929012345679
1361551280.421,2156.25
1361551282.406,123565.31762295081
1361551282.406,979.1666666666666
1361551282.405,87635.50204918033
1361551282.405,933.7797619047618
1361551281.906,86319.7463768116
1361551282.352,30495.389344262298
1361551229.554,2554.772975929978
1361551229.554,3509.6587800875272
1361551228.263,12091.692317987152
1361551229.542,49259.145924507655
1361551229.542,2360.246854485777
1361551282.651,3586.789772727273
1361551289.001,496.51342975206614
1361551283.447,448.7941576086957
1361551285.129,125.1945020746888
1361551285.313,7822.916666666667
1361551283.267,303812.5
1361551283.234,17296.875
1361551306.485,26376.875
1361551306.485,711.6477272727273
1361551306.238,38718.3277027027
1361551282.571,3709.2480043541364
1361551279.171,6242.545485175202
1361551282.501,76484.03483309144
1361551282.501,4055.9007619738754
1361551306.626,20445.3125
1361551307.79,803609.375
1361551344.822,1078.125
1361551366.1,13460.9375
1361551366.099,8390.625
1361551366.354,8390.625
1361551366.353,8390.625
1361551374.848,2156.25
1361551371.96,4195.3125
1361551371.956,13101.5625
1361551371.96,2796.875
1361551372.214,4195.3125
1361551382.281,4999.255952380952
1361551382.344,6945.3125
1361551382.169,21468.75
1361551365.434,6225.5651595744675
1361551366.448,1057.7445652173913
1361551366.448,751.8887362637363
1361551366.362,167.70833333333331
1361551366.361,33093.75
1361551366.361,820.9134615384615
1361551366.361,30203.125
1361551366.488,300.23521505376345
1361551366.487,191.5379213483146
1361551372.106,38531.25
1361551372.106,31578.125
1361551381.851,5343.75
1361551382.377,378791.6666666667
1361551382.23,35515.625
1361551383.444,11593.75
1361551390.053,242.4271472392638
1361551390.171,7583.333333333333
1361551449.617,2156.25
1361551449.617,2156.25
1361551446.015,73653.42620481928
1361551475.803,24750.726744186046
1361551468.5,5751.507675438596
1361551464.088,6421.875
1361551464.199,11375.0
1361551499.657,13460.9375
1361551500.04,8390.625
1361551493.919,137919.8042168675
1361551499.606,8390.625
1361551499.651,8390.625
1361551507.314,65724.52445652173
1361551493.752,26789.0625
1361551498.388,27302.556818181816
1361551499.583,36375.0
1361551499.583,36609.375
1361551499.501,8421.875
1361551499.565,46640.625
1361551499.565,7052.083333333333
1361551499.509,72875.0
1361551499.509,32109.375
1361551499.509,29031.25
1361551499.699,14421.875
1361551499.507,38718.75
1361551499.507,30546.875
1361551524.376,2156.25
1361551524.226,2156.25
1361551523.363,61870.60301507537
1361551525.53,6421.875
1361551525.72,7583.333333333333
1361551549.568,18486.489661654137
1361551558.067,8002.520161290322
1361551575.32,8390.625
1361551575.383,8390.625
1361551575.266,26203.125
1361551575.436,4195.3125
1361551578.207,48524.102393617024
1361551584.269,12328.125
1361551584.269,9500.0
1361551584.269,862.215909090909
1361551584.269,9500.0
1361551584.567,11406.25
1361551584.567,5976.5625
1361551584.758,5765.625
1361551584.758,6132.8125
1361551584.566,6380.208333333333
1361551584.822,7851.5625
1361551584.821,7289.0625
1361551584.817,4468.75
1361551584.82,5968.75
1361551584.884,8437.5
1361551584.947,6429.6875
1361551585.075,18828.125
1361551585.202,3554.6875
1361551585.074,22312.5
1361551585.456,4359.375
1361551584.201,9500.0
1361551584.328,14781.25
1361551584.392,23375.0
1361551584.391,7765.625
1361551584.518,14015.625
1361551584.518,15453.125
1361551584.646,12718.75
1361551584.645,5632.8125
1361551584.709,5367.1875
1361551584.644,8500.0
1361551584.772,28046.875
1361551584.772,5507.8125
1361551584.772,15156.25
1361551584.708,5554.6875
1361551584.899,5695.3125
1361551584.771,5289.0625
1361551584.77,6992.1875
1361551584.77,7867.1875
1361551584.834,16101.5625
1361551585.153,18828.125
1361551585.663,2156.25
1361551584.267,1877.1669708029196
1361551584.267,1466.5830291970804
1361551584.267,2814.2107664233577
1361551584.563,197.19145569620252
1361551585.325,91.92154255319149
1361551584.192,4028.9689781021893
1361551584.196,1835.6523722627737
1361551584.196,1842.9516423357663
1361551584.196,135.22727272727272
1361551584.514,194.98005319148936
1361551584.514,263.8671875
1361551584.769,106.0546875
1361551585.023,127.57120253164558
1361551585.023,127.57120253164558
1361551567.492,168.90243902439025
1361551573.203,13463.315217391304
1361551593.011,18444.623161764706
1361551585.331,2103.577044025157
1361551583.507,900.985054347826
1361551584.205,39.949633699633694
1361551584.903,39.42032442748092
1361551584.903,51.59574468085106
1361551601.67,12328.125
1361551601.67,9500.0
1361551601.67,9500.0
1361551601.67,9500.0
1361551601.798,13968.75
1361551574.95,113.82326555023924
1361551574.95,119.24342105263158
1361551574.95,56.66866028708134
1361551574.95,71.06010765550239
1361551574.95,105.33791866028707
1361551574.95,70.83582535885168
1361551574.95,84.66656698564594
1361551574.95,78.61094497607655
1361551575.874,52.82918689320389
1361551575.874,127.13068181818183
1361551575.874,102.19796650717704
1361551575.874,101.15131578947368
1361551575.874,102.3474880382775
1361551575.874,100.29156698564594
1361551575.874,99.91776315789473
1361551575.874,29.979066985645932
1361551575.874,102.64653110047847
1361551575.874,81.67613636363637
1361551575.874,82.23684210526316
1361551575.937,36.53327338129497
1361551584.892,354.03113382899625
1361551584.764,285.4012915129152
1361551584.818,40.45138888888889
1361551585.073,2585.232612781955
1361551585.073,28.019266917293233
1361551602.24,15156.25
1361551602.24,10734.375
1361551602.24,6187.5
1361551602.303,7289.0625
1361551602.367,4468.75
1361551602.367,15750.0
1361551602.366,966.2828947368422
1361551602.366,8437.5
1361551602.494,18828.125
1361551606.334,3554.6875
1361551602.045,7007.8125
1361551602.557,3554.6875
1361551602.488,713.2352941176471
1361551586.108,622.7409638554217
1361551602.108,15453.125
1361551602.107,4785.15625
1361551602.683,18828.125
1361551602.171,11921.875
1361551602.17,12718.75
1361551602.17,5601.5625
1361551607.157,12203.125
1361551584.667,127.13330258302582
1361551605.531,7718.75
1361551584.538,196.875
1361551605.274,9500.0
1361551605.274,9500.0
1361551584.793,76.55669144981412
1361551605.401,7335.9375
1361551605.844,13203.125
1361551584.728,113.31018518518518
1361551584.792,27.009758364312265
1361551605.912,2833.3333333333335
1361551584.791,52.19907407407407
1361551584.855,35.083643122676584
1361551605.975,6992.1875
1361551605.719,28859.375
1361551606.039,15656.25
1361551605.91,3848.9583333333335
1361551605.91,3854.1666666666665
1361551605.974,5601.5625
1361551606.037,5679.6875
1361551606.101,5289.0625
1361551606.101,15156.25
1361551606.101,2927.5568181818185
1361551602.194,5289.0625
1361551601.874,29031.25
1361551602.258,9750.0
1361551602.258,5968.75
1361551602.322,8367.1875
1361551602.258,5914.0625
1361551602.322,12171.875
1361551602.322,6992.1875
1361551601.938,7765.625
1361551602.321,543.5855263157895
1361551602.38,12859.375
1361551602.38,6117.1875
1361551602.0,5976.5625
1361551602.0,5703.125
1361551586.064,126.5687751004016
1361551606.352,11156.25
1361551602.127,8500.0
1361551602.511,22312.5
1361551606.543,18828.125
1361551602.19,10734.375
1361551602.19,57765.625
1361551602.828,2179.6875
1361551606.858,18828.125
1361551606.956,6375.0
1361551605.222,9500.0
1361551605.221,680.2083333333333
1361551605.795,4785.15625
1361551605.859,3703.125
1361551605.795,11953.125
1361551605.795,15359.375
1361551605.795,11406.25
1361551584.802,69.06366171003718
1361551584.93,572.8970864661654
1361551605.986,7851.5625
1361551605.858,4875.0
1361551605.858,4208.333333333333
1361551605.986,14484.375
1361551606.05,56453.125
1361551605.986,5898.4375
1361551605.986,8437.5
1361551605.986,4468.75
1361551606.05,6382.8125
1361551601.633,1896.875
1361551584.886,166.8862951807229
1361551585.202,672.1075148809523
1361551585.266,136.43637048192772
1361551584.957,169.05581039755353
1361551583.902,286.6253644314869
1361551583.966,162.04407294832825
1361551583.932,171.59004559270517
1361551602.391,84.40896739130436
1361551602.581,95.99358974358975
1361551602.068,218.92265193370167
1361551602.132,230.736301369863
1361551614.802,9750.0
1361551614.866,11015.625
1361551614.866,3554.6875
1361551614.802,11156.25
1361551614.866,11937.5
1361551614.866,4468.75
1361551614.993,18828.125
1361551615.311,2179.6875
1361551612.809,12328.125
1361551612.809,9500.0
1361551612.809,526.9097222222222
1361551612.872,14781.25
1361551613.104,28140.625
1361551613.804,28226.5625
1361551613.931,8500.0
1361551613.803,5703.125
1361551614.059,18828.125
1361551614.059,6171.875
1361551605.993,143.3316929133858
1361551614.057,10578.125
1361551614.121,3539.0625
1361551601.705,4741.690751445087
1361551601.703,3893.96676300578
1361551601.703,156.97254335260115
1361551617.766,4750.0
1361551617.766,8781.25
1361551606.245,101.25612745098039
1361551602.019,223.5842541436464
1361551602.082,165.10416666666666
1361551602.594,96.48840206185568
1361551602.721,81.00961538461539
1361551614.817,15656.25
1361551614.816,8367.1875
1361551614.816,8437.5
1361551614.752,7242.1875
1361551614.88,6101.5625
1361551614.879,5804.6875
1361551612.734,9500.0
1361551612.734,9500.0
1361551612.861,7765.625
1361551613.751,15156.25
1361551613.751,7726.5625
1361551613.815,16101.5625
1361551613.815,9570.3125
1361551613.751,5976.5625
1361551613.751,5570.3125
1361551613.815,13203.125
1361551613.878,12625.0
1361551613.878,169.82581967213113
1361551613.878,5601.5625
1361551614.006,10734.375
1361551614.006,5710.9375
1361551606.133,98.57723577235772
1361551601.653,2992.0520231213873
1361551601.653,3178.829479768786
1361551601.652,3264.360549132948
1361551617.694,12312.5
1361551617.694,4750.0
1361551618.236,8500.0
1361551618.235,6359.375
1361551618.235,5367.1875
1361551618.235,7289.0625
1361551618.299,18828.125
1361551618.299,6007.8125
1361551618.299,3496.09375
1361551618.299,4218.75
1361551618.299,192.54557291666666
1361551618.299,15156.25
1361551618.362,10734.375
1361551618.426,5695.3125
1361551617.978,9640.625
1361551618.489,139.36781609195404
1361551618.617,22312.5
1361551618.617,18828.125
1361551618.167,11953.125
1361551618.23,11921.875
1361551614.837,103.54166666666667
1361551615.027,177.60416666666669
1361551615.09,72.46224832214764
1361551615.217,110.84312080536913
1361551623.66,9500.0
1361551623.596,9500.0
1361551623.659,7343.75
1361551612.778,3021.5421597633135
1361551612.778,3911.8897928994083
1361551623.849,14460.9375
1361551624.04,2365.625
1361551624.15,3703.125
1361551624.086,5703.125
1361551624.15,6380.208333333333
1361551624.212,5773.4375
1361551624.212,6312.5
1361551624.34,6187.5
1361551624.34,7242.1875
1361551624.34,8367.1875
1361551624.404,8437.5
1361551624.339,9750.0
1361551624.338,5695.3125
1361551613.842,226.4554794520548
1361551624.402,4468.75
1361551613.778,251.7468944099379
1361551624.465,12171.875
1361551624.849,2179.6875
1361551601.679,64444.12463450293
1361551617.741,3558.379120879121
1361551617.869,14781.25
1361551618.188,7875.0
1361551618.188,5492.1875
1361551618.252,5234.375
1361551618.252,1777.34375
1361551618.252,5679.6875
1361551618.252,4671.875
1361551618.379,5968.75
1361551618.379,6429.6875
1361551617.931,7984.375
1361551618.443,127.50771604938271
1361551618.507,5695.3125
1361551618.57,3554.6875
1361551618.698,18828.125
1361551618.122,15453.125
1361551618.121,5703.125
1361551618.12,13203.125
1361551618.12,9570.3125
1361551618.184,12156.25
1361551618.184,11562.5
1361551618.887,2179.6875
1361551618.182,9750.0
1361551614.789,338.25231481481484
1361551614.916,233.17307692307693
1361551623.467,12328.125
1361551623.593,9500.0
1361551623.716,8109.375
1361551612.711,2414.016272189349
1361551624.038,7007.8125
1361551624.038,5976.5625
1361551624.038,7679.6875
1361551624.101,3927.0833333333335
1361551624.165,2833.3333333333335
1361551624.165,6007.8125
1361551624.292,5492.1875
1361551624.292,7828.125
1361551624.292,5968.75
1361551624.292,6101.5625
1361551624.355,4661.458333333333
1361551624.419,6382.8125
1361551613.731,246.11801242236027
1361551613.794,184.68555900621118
1361551601.122,2896.381578947369
1361551617.695,2940.934065934066
1361551617.57,948.4375
1361551602.72,252.27107558139534
1361551602.294,124.36224489795919
1361551602.717,390.9392959770115
1361551602.814,1088.858695652174
1361551602.941,135.2510838150289
1361551602.928,352.98913043478257
1361551602.927,275.01806358381504
1361551602.991,85.71039244186046
1361551602.99,92.02898550724638
1361551602.99,1492.7455357142858
1361551606.653,153.63219895287958
1361551602.937,159.42028985507244
1361551602.937,11953.125
1361551603.296,4833.393895348837
1361551603.992,964.3125
1361551603.992,1952.625
1361551605.809,93.31293706293705
1361551623.174,1475.6097560975609
1361551623.62,76532.56048387097
1361551623.62,1529.6370967741934
1361551623.62,1999.6975806451615
1361551624.191,192.92763157894737
1361551624.127,144.5578231292517
1361551624.191,110.86309523809523
1361551624.422,127.95017482517481
1361551624.741,68.31660583941606
1361551624.611,77.12053571428572
1361551623.551,2399.8991935483873
1361551623.551,1570.0604838709678
1361551623.551,3302.217741935484
1361551623.615,61.189516129032256
1361551612.732,126.78433641975309
1361551624.058,149.12840136054422
1361551624.375,64.3575174825175
1361551624.438,85.38732394366197
1361551624.566,77.12053571428572
1361551613.384,332.35012755102036
1361551613.305,437.6765536723164
1361551614.002,2028.7162162162163
1361551614.124,263.92045454545456
1361551613.233,314.3382352941176
1361551613.231,509.2830882352941
1361551613.231,260.72485207100596
1361551635.883,29260.63829787234
1361551641.92,16038.0859375
1361551648.047,9500.0
1361551648.047,9500.0
1361551648.409,15968.75
1361551648.792,12250.0
1361551649.045,12718.75
1361551648.917,11953.125
1361551648.917,7007.8125
1361551648.917,6380.208333333333
1361551649.045,6007.8125
1361551649.044,5695.3125
1361551649.108,5234.375
1361551649.108,7875.0
1361551649.108,5898.4375
1361551649.232,12859.375
1361551649.168,8437.5
1361551649.232,5726.5625
1361551647.973,12328.125
1361551648.227,14781.25
1361551647.971,9500.0
1361551645.664,2156.25
1361551648.544,28921.875
1361551648.861,5703.125
1361551648.925,11109.375
1361551648.861,15453.125
1361551648.988,8500.0
1361551648.988,10734.375
1361551649.052,9750.0
1361551649.052,5718.75
1361551649.052,7289.0625
1361551649.112,10578.125
1361551649.112,4661.458333333333
1361551649.112,4468.75
1361551649.115,11937.5
1361551649.562,1453.125
1361551624.837,239.39443005181346
1361551624.693,174.9836387434555
1361551625.011,3455.4036458333335
1361551655.221,9500.0
1361551655.221,4750.0
1361551655.285,14781.25
1361551655.411,15968.75
1361551655.601,5976.5625
1361551655.66,15453.125
1361551655.726,5554.6875
1361551655.726,6359.375
1361551655.79,6007.8125
1361551655.853,7289.0625
1361551655.853,5898.4375
1361551655.917,6703.125
1361551655.98,12203.125
1361551656.362,2179.6875
1361551648.042,4186.5234375
1361551648.042,2551.4787946428573
1361551648.022,2732.7008928571427
1361551648.022,3171.1774553571427
1361551648.086,133.7274774774775
1361551649.168,176.83293269230768
1361551649.356,102.82738095238095
1361551655.176,12328.125
1361551655.176,4750.0
1361551655.469,12250.0
1361551655.532,6601.5625
1361551655.596,3828.125
1361551655.4,14460.9375
1361551655.659,4250.0
1361551655.786,5289.0625
1361551655.85,4718.75
1361551655.594,11406.25
1361551655.914,6039.0625
1361551655.72,10734.375
1361551655.715,6171.875
1361551655.783,7875.0
1361551655.783,8367.1875
1361551655.783,6375.0
1361551655.783,8437.5
1361551655.91,12859.375
1361551647.973,70351.84151785714
1361551647.971,2707.449776785714
1361551648.035,91.92004504504504
1361551648.863,211.0877403846154
1361551648.862,204.32692307692307
1361551648.926,218.19196428571428
1361551648.862,155.05952380952382
1361551649.094,88.49158653846153
1361551649.221,118.87254901960783
1361551649.349,103.81610576923077
1361551649.412,89.58333333333333
1361551634.217,7.1902654867256635
1361551635.429,7.034632034632035
1361551655.225,2639.5526960784314
1361551655.225,2759.9571078431372
1361551655.225,2280.1776960784314
1361551655.289,73.52228682170544
1361551655.671,210.66810344827584
1361551655.862,76.05888429752066
1361551656.117,92.28098290598291
1361551656.243,82.23684210526316
1361551656.115,92.28098290598291
1361551655.174,5804.074754901961
1361551655.174,1936.1213235294117
1361551655.174,114.42307692307692
1361551655.154,2186.4276960784314
1361551655.537,176.78931451612902
1361551655.601,131.55241935483872
1361551647.345,1736.951164874552
1361551655.536,171.37096774193546
1361551655.92,102.7542372881356
1361551655.854,152.99479166666666
1361551648.044,68.79664179104478
1361551602.413,2727.0201359832636
1361551670.97,7000.0
1361551661.722,13137.39224137931
1361551670.924,4195.3125
1361551649.444,2553.0411877394636
1361551648.716,319.16360294117646
1361551648.713,713.179347826087
1361551649.54,276.1904761904762
1361551649.668,478.5338785046729
1361551649.732,14203.125
1361551649.795,114.28571428571428
1361551648.594,56.06617647058824
1361551648.896,20671.875
1361551649.088,317.7083333333333
1361551649.66,355.5424528301887
1361551649.66,109.22619047619048
1361551649.658,204.00943396226415
1361551648.547,293.3872767857143
1361551648.547,322.96316964285717
1361551649.566,1438.1009615384614
1361551649.565,171.43691588785046
1361551648.515,295.8984375
1361551656.147,45375.0
1361551669.326,35712.79761904762
1361551670.613,37734.375
1361551688.025,21784.926470588234
1361551671.503,106164.0625
1361551712.891,8973.958333333334
1361551713.142,8390.625
1361551712.848,2796.875
1361551713.229,8390.625
1361551715.292,22401.26329787234
1361551715.292,9500.0
1361551715.292,2521.6090425531916
1361551715.42,7390.625
1361551715.482,14460.9375
1361551715.61,7007.8125
1361551715.61,15453.125
1361551715.61,5703.125
1361551715.738,12718.75
1361551715.738,11109.375
1361551715.609,194.921875
1361551715.673,226.27314814814815
1361551715.801,10578.125
1361551715.673,5773.4375
1361551715.737,11203.125
1361551715.864,7289.0625
1361551715.864,3661.4583333333335
1361551715.864,5234.375
1361551715.8,11562.5
1361551715.928,107.39715189873418
1361551715.8,6375.0
1361551715.864,30312.5
1361551715.864,10734.375
1361551715.927,4468.75
1361551716.05,12859.375
1361551716.246,3554.6875
1361551716.182,127.57120253164558
1361551716.501,2179.6875
1361551715.243,3747.3958333333335
1361551715.243,144.81314432989691
1361551715.243,9500.0
1361551715.243,3192.6424050632913
1361551715.243,2781.9148936170213
1361551715.243,948.4375
1361551715.243,15296.875
1361551715.243,9500.0
1361551715.474,15531.25
1361551715.542,267.6028481012658
1361551715.542,288.0067567567567
1361551715.542,11953.125
1361551715.605,9570.3125
1361551715.605,4250.0
1361551715.733,12171.875
1361551715.732,28015.625
1361551715.796,9750.0
1361551715.859,4661.458333333333
1361551715.795,5244.791666666667
1361551715.859,5695.3125
1361551716.05,18828.125
1361551716.114,127.57120253164558
1361551716.114,22312.5
1361551716.241,18828.125
1361551714.653,1429.2168674698796
1361551706.781,49.48906844106464
1361551715.289,24171.320921985818
1361551715.289,64.29140127388536
1361551716.367,2116.7919303797466
1361551726.892,19851.5625
1361551715.849,152.96743697478993
1361551715.849,92.83088235294117
1361551715.976,103.63247863247864
1361551716.293,83.56584821428571
1361551706.89,216145.83333333334
1361551713.499,17695.3125
1361551713.499,24320.3125
1361551713.499,21761.71875
1361551713.499,19882.8125
1361551713.499,19671.875
1361551713.499,18179.6875
1361551713.499,360.6418918918919
1361551713.499,11218.75
1361551713.499,11734.375
1361551713.499,14007.8125
1361551713.414,21226.5625
1361551713.413,13734.375
1361551713.413,18718.75
1361551713.413,19585.9375
1361551713.413,18304.6875
1361551713.411,27015.625
1361551713.411,18234.375
1361551713.411,17820.3125
1361551713.411,14695.3125
1361551713.538,11593.75
1361551713.666,14437.5
1361551715.759,19046.875
1361551712.364,26105.113636363636
1361551715.717,4697.265625
1361551716.217,37937.5
1361551716.471,6546.875
1361551716.471,5875.0
1361551715.811,4773.4375
1361551715.811,902.0432692307693
1361551716.127,16296.875
1361551716.191,9320.3125
1361551716.19,10942.708333333334
1361551716.381,4963.541666666667
1361551716.381,9890.625
1361551716.424,7750.0
1361551716.553,75914.0625
1361551716.37,10109.375
1361551716.516,666593.75
1361551738.321,2156.25
1361551733.917,56546.10148514851
1361551740.481,56392.31004901961
1361551728.12,12375.0
1361551745.979,93.12307098765432
1361551746.156,11726.5625
1361551726.704,5878.99873167982
1361551783.402,4484.375
1361551792.158,9500.0
1361551792.153,9500.0
1361551792.284,7390.625
1361551792.412,16312.5
1361551792.411,28109.375
1361551792.539,2957.03125
1361551792.516,7726.5625
1361551792.516,5976.5625
1361551792.643,12718.75
1361551792.706,28273.4375
1361551792.706,15562.5
1361551792.706,3703.125
1361551792.77,16101.5625
1361551792.765,4183.59375
1361551792.829,5695.3125
1361551792.893,8437.5
1361551793.089,18828.125
1361551793.152,22312.5
1361551792.092,12328.125
1361551792.092,9500.0
1361551792.092,790.3645833333334
1361551792.473,6601.5625
1361551792.537,9570.3125
1361551792.473,5703.125
1361551792.536,5937.5
1361551792.6,10734.375
1361551792.6,5617.1875
1361551792.6,8500.0
1361551792.663,6101.5625
1361551792.663,6375.0
1361551792.727,9750.0
1361551792.662,3843.75
1361551792.662,5289.0625
1361551792.726,7289.0625
1361551792.726,7875.0
1361551792.726,5898.4375
1361551792.79,4718.75
1361551792.79,4468.75
1361551792.853,4286.458333333333
1361551793.237,18828.125
1361551793.236,3554.6875
1361551770.782,46625.0
1361551795.677,4999.454941860466
1361551795.677,9500.0
1361551796.122,28921.875
1361551796.506,28210.9375
1361551796.57,30312.5
1361551796.634,11140.625
1361551796.633,6359.375
1361551796.697,5507.8125
1361551796.697,8437.5
1361551796.697,4468.75
1361551796.761,9414.0625
1361551796.761,6429.6875
1361551796.567,11953.125
1361551796.567,13203.125
1361551796.567,381.00961538461536
1361551796.951,18828.125
1361551796.631,4250.0
1361551796.695,15750.0
1361551796.695,7773.4375
1361551796.694,6375.0
1361551796.758,3554.6875
1361551792.131,3234.0425531914893
1361551792.131,4196.254432624113
1361551797.633,32531.25
1361551792.512,281.6932624113475
1361551792.575,207.47767857142858
1361551792.575,229.60069444444446
1361551797.502,2179.6875
1361551792.829,107.33695652173914
1361551792.889,240.1889534883721
1361551795.632,12328.125
1361551795.631,9500.0
1361551795.631,9500.0
1361551795.631,637.6953125
1361551795.804,14781.25
1361551795.931,15531.25
1361551796.503,5773.4375
1361551796.567,11531.25
1361551796.503,11406.25
1361551796.503,15453.125
1361551796.503,16101.5625
1361551796.694,5695.3125
1361551796.566,9750.0
1361551796.63,14578.125
1361551796.63,11203.125
1361551796.758,22312.5
1361551796.758,5695.3125
1361551796.63,3539.0625
1361551792.083,74598.07180851063
1361551792.082,3503.6569148936173
1361551797.584,155140.625
1361551792.464,288.1944444444444
1361551792.782,305.46875
1361551793.038,216.51785714285714
1361551793.037,131.38686131386862
1361551806.379,11156.25
1361551806.506,9414.0625
1361551802.857,397.2355769230769
1361551802.921,8390.625
1361551802.857,221.75480769230768
1361551802.857,938.7019230769231
1361551802.857,493.99038461538464
1361551803.048,8390.625
1361551787.048,15224.934895833334
1361551796.703,86.25422297297297
1361551805.381,2156.25
1361551792.261,130.55889423076923
1361551805.572,1133.6805555555557
1361551805.762,14460.9375
1361551805.57,9500.0
1361551805.57,9500.0
1361551805.889,5703.125
1361551805.953,9570.3125
1361551805.953,5960.9375
1361551806.144,15750.0
1361551797.888,77.392578125
1361551806.143,16101.5625
1361551806.015,12718.75
1361551806.207,8437.5
1361551792.767,62.20095693779904
1361551792.83,70.01201923076923
1361551806.141,5695.3125
1361551806.205,12859.375
1361551793.085,1123.0851715686274
1361551793.212,92.66707920792079
1361551806.329,18828.125
1361551806.519,3554.6875
1361551802.807,735.2764423076923
1361551802.807,362.0793269230769
1361551802.806,765.3245192307693
1361551802.806,8390.625
1361551802.806,26203.125
1361551802.806,675.4807692307693
1361551802.806,600.9615384615385
1361551802.87,299.01960784313724
1361551806.772,2179.6875
1361551747.8,242063.56339187708
1361551796.565,107.06795302013424
1361551796.628,74.30305755395683
1361551796.756,83.04794520547945
1361551796.627,123.83868243243244
1361551805.707,15531.25
1361551805.515,9500.0
1361551805.579,7390.625
1361551805.834,15453.125
1361551805.962,5773.4375
1361551806.026,11390.625
1361551806.09,10578.125
1361551806.09,13421.875
1361551806.089,8367.1875
1361551806.089,3496.09375
1361551806.149,6703.125
1361551805.833,11953.125
1361551805.833,7007.8125
1361551805.96,8500.0
1361551805.96,11203.125
1361551806.023,11937.5
1361551806.023,5781.25
1361551806.023,18833.333333333332
1361551806.087,10984.375
1361551806.087,30312.5
1361551793.325,83.071608040201
1361551793.329,3351.444723618091
1361551802.297,4550.5952380952385
1361551793.267,6779.794730392157
1361551787.859,194.61025280898878
1361551806.249,91.39933628318585
1361551806.376,97.26914414414415
1361551806.685,2082.4922360248447
1361551792.13,73.17281420765028
1361551805.568,128.5569105691057
1361551805.568,18723.323170731706
1361551805.566,865.2184959349594
1361551805.886,138.3739406779661
1361551806.14,80.72916666666667
1361551805.948,194.98005319148936
1361551806.138,159.95065789473685
1361551806.262,108.25892857142857
1361551806.385,98.1534090909091
1361551806.642,88.59080188679246
1361551811.355,4195.3125
1361551811.354,7710.9375
1361551811.482,8390.625
1361551791.194,1635.1792895442359
1361551805.455,19910.53427419355
1361551805.518,912.6016260162602
1361551805.517,2207.6981707317073
1361551805.517,920.4776422764228
1361551805.836,180.08474576271186
1361551805.835,186.04343220338984
1361551792.752,258.90771028037386
1361551793.196,217.47295673076923
1361551793.45,153.59669811320757
1361551792.675,116.64244186046511
1361551792.674,185.97074468085106
1361551793.055,1071.0900473933648
1361551793.118,384.876179245283
1361551793.308,276.29206730769226
1361551793.308,353.4608644859813
1361551792.547,264.9553571428571
1361551792.513,456.1215753424658
1361551792.512,242.63392857142858
1361551793.023,1081.7882775119617
1361551793.141,136.13935406698565
1361551796.801,400.2016129032258
1361551822.329,2453.125
1361551822.329,8390.625
1361551806.679,6546.875
1361551806.727,7750.0
1361551806.716,651875.0
1361551826.861,4195.3125
1361551826.865,3118.75
1361551828.689,42118.055555555555
1361551806.896,75789.0625
1361551811.16,2675.3188775510207
1361551811.991,7140.625
1361551812.118,7480.5005081300815
1361551811.913,378.68026859504135
1361551535.919,1057020.2546296297
1361551822.698,3160.8173076923076
1361551842.805,39264.87198795181
1361551843.442,2242.1875
1361551542.511,1007593.9670138889
1361551822.908,190.625
1361551827.546,105390.625
1361551827.546,38421.875
1361551827.546,46406.25
1361551827.545,33531.25
1361551827.544,35203.125
1361551827.544,41781.25
1361551827.544,33718.75
1361551827.544,46281.25
1361551829.299,54132.8125
1361551829.233,80203.125
1361551829.806,104.07282282282281
1361551827.463,34750.0
1361551827.463,37078.125
1361551827.463,37546.875
1361551827.463,29625.0
1361551827.463,41265.625
1361551827.463,36500.0
1361551827.463,33523.4375
1361551827.463,42593.75
1361551827.463,32062.5
1361551827.463,32953.125
1361551827.463,34953.125
1361551827.463,50109.375
1361551827.463,39796.875
1361551828.606,166153.64583333334
1361551829.218,2878.90625
1361551855.81,4195.3125
1361551855.744,1949.21875
1361551870.407,18452.769886363636
1361551870.407,44301.49147727273
1361551870.66,2509.765625
1361551870.66,3072.0274390243903
1361551826.948,4419.177313535912
1361551870.659,1980.859375
1361551870.723,2303.125
1361551870.723,3416.6666666666665
1361551870.787,3163.461538461538
1361551870.787,3052.220394736842
1361551870.786,3057.6923076923076
1361551870.977,466.51785714285717
1361551871.041,15578.125
1361551871.104,15562.5
1361551871.295,8968.75
1361551871.295,15562.5
1361551871.359,10453.125
1361551871.423,37640.625
1361551871.423,6539.0625
1361551871.995,12289.0625
1361551872.313,10773.4375
1361551872.313,197734.375
1361551832.377,205640.3804773083
1361551870.357,2181.8181818181815
1361551870.611,3020.1981707317073
1361551870.61,2433.984375
1361551870.737,2823.190789473684
1361551870.737,2605.2631578947367
1361551870.928,454.4270833333333
1361551870.924,463.39285714285717
1361551870.924,467.4107142857143
1361551870.992,294.64285714285717
1361551871.055,15546.875
1361551871.055,7773.4375
1361551871.055,7773.4375
1361551871.246,10437.5
1361551871.246,9734.375
1361551871.246,10328.125
1361551871.246,10531.25
1361551871.373,21000.0
1361551871.373,10726.5625
1361551871.481,57578.125
1361551855.671,51.66514598540146
1361551871.989,5203.125
1361551872.048,243085.9375
1361551872.243,493495.53571428574
1361551856.243,32.25235849056604
1361551873.006,1453.125
1361551870.125,11169.921875
1361551870.125,2480.7942708333335
1361551870.184,26515.625
1361551854.72,755.9931506849316
1361551878.272,21689.23611111111
1361551878.272,20002.23214285714
1361551878.272,19487.847222222223
1361551878.335,16336.805555555557
1361551878.335,16631.94444444444
1361551878.335,22368.05555555556
1361551878.335,16973.214285714286
1361551878.334,19111.11111111111
1361551878.334,13228.125
1361551878.334,17675.78125
1361551878.334,19075.89285714286
1361551878.334,20585.9375
1361551878.334,15943.75
1361551878.334,17642.578125
1361551878.334,17554.6875
1361551878.334,12886.160714285714
1361551878.334,1800.0
1361551878.334,7421.875
1361551878.334,19370.3125
1361551878.334,14453.125
1361551878.334,17142.1875
1361551875.066,212838.54166666666
1361551878.649,16799.10714285714
1361551878.713,27765.625
1361551878.713,18935.26785714286
1361551878.712,15261.160714285714
1361551878.903,17622.76785714286
1361551878.967,20937.5
1361551878.967,19447.916666666668
1361551878.967,22710.9375
1361551878.903,21312.5
1361551878.967,23701.704545454548
1361551878.903,18298.61111111111
1361551878.967,18210.06944444444
1361551878.967,18080.35714285714
1361551878.967,19376.73611111111
1361551878.966,16253.47222222222
1361551878.966,19244.140625
1361551878.966,12962.05357142857
1361551878.966,20258.68055555556
1361551878.966,21351.5625
1361551878.966,16107.638888888889
1361551878.966,15323.660714285714
1361551878.966,19414.0625
1361551871.158,7420.572916666667
1361551879.03,24257.8125
1361551871.285,133.05921052631578
1361551879.157,16772.56944444444
1361551879.216,17308.035714285714
1361551871.412,5723.958333333333
1361551879.347,18158.48214285714
1361551879.347,22659.722222222223
1361551871.539,23764.47610294118
1361551879.411,17707.589285714286
1361551879.41,19470.98214285714
1361551879.346,16026.785714285716
1361551879.41,19565.972222222223
1361551879.41,22929.6875
1361551879.41,17447.916666666668
1361551879.474,22226.5625
1361551879.41,18339.285714285714
1361551879.41,17683.035714285714
1361551879.41,19877.23214285714
1361551879.473,19562.5
1361551879.473,18366.31944444444
1361551879.537,19325.89285714286
1361551879.536,16107.638888888889
1361551879.664,17419.64285714286
1361551879.66,21997.395833333332
1361551872.044,2206.25
1361551872.048,143970.2302631579
1361551879.855,18199.652777777777
1361551879.854,17279.51388888889
1361551872.238,323.32589285714283
1361551879.854,19822.916666666668
1361551879.854,18142.578125
1361551879.918,18218.75
1361551879.918,20132.8125
1361551879.918,16281.25
1361551879.917,18975.69444444444
1361551879.917,22845.48611111111
1361551879.917,19401.041666666668
1361551879.917,23585.06944444444
1361551877.421,10359.375
1361551879.981,18553.125
1361551880.045,17715.277777777777
1361551880.045,17281.25
1361551880.044,16967.01388888889
1361551877.612,81812.5
1361551880.04,17562.5
1361551880.349,19042.410714285714
1361551880.349,14371.875
1361551880.413,357054.6875
1361551880.22,17750.0
1361551880.412,15599.609375
1361551880.472,18049.10714285714
1361551880.28,17754.464285714286
1361551880.472,18614.583333333332
1361551880.28,20764.0625
1361551880.54,19300.347222222223
1361551880.347,18363.839285714286
1361551880.347,17156.25
1361551880.411,15167.1875
1361551880.475,12647.32142857143
1361551880.475,14508.92857142857
1361551880.475,19421.875
1361551880.475,15729.910714285714
1361551880.923,19017.85714285714
1361551880.538,16578.125
1361551880.922,24680.55555555556
1361551880.986,19929.6875
1361551880.602,20692.708333333332
1361551881.05,24212.890625
1361551880.793,16348.958333333332
1361551870.169,1017.3399390243902
1361551880.921,19009.765625
1361551881.368,2074.21875
1361551881.368,2074.21875
1361551881.048,26273.4375
1361551881.496,20574.21875
1361551881.62,29218.75
1361551881.624,8984.375
1361551881.624,4578.125
1361551881.24,18072.916666666668
1361551881.431,2074.21875
1361551881.495,28228.125
1361551881.559,1659.375
1361551881.623,4757.8125
1361551881.687,9192.708333333334
1361551878.294,19567.708333333332
1361551878.294,14716.517857142857
1361551878.294,17043.402777777777
1361551878.294,17897.56944444444
1361551878.294,19611.60714285714
1361551878.294,18439.73214285714
1361551878.293,19418.402777777777
1361551878.293,61383.7890625
1361551878.293,19526.041666666668
1361551878.293,1606.25
1361551878.293,15207.8125
1361551878.293,12475.44642857143
1361551878.293,17466.51785714286
1361551878.293,15133.92857142857
1361551878.292,17546.875
1361551878.292,17425.78125
1361551878.292,13687.5
1361551878.292,17767.85714285714
1361551878.673,15767.857142857143
1361551878.673,20095.48611111111
1361551878.672,18394.53125
1361551878.799,16494.791666666668
1361551878.863,19142.36111111111
1361551878.863,19848.214285714286
1361551878.927,18150.390625
1361551878.927,20117.1875
1361551878.927,19798.828125
1361551878.926,17875.0
1361551878.798,18647.56944444444
1361551878.862,18765.625
1361551878.926,18003.472222222223
1361551878.862,14477.67857142857
1361551878.862,19841.796875
1361551878.926,19486.328125
1361551878.926,20726.5625
1361551878.926,21643.229166666668
1361551878.22,16885.416666666668
1361551879.115,20109.375
1361551871.371,5410.571808510638
1361551871.371,8120.234929078015
1361551879.179,24159.722222222223
1361551879.306,24571.18055555556
1361551879.37,22322.265625
1361551879.306,18701.171875
1361551879.37,25675.347222222223
1361551879.37,18183.035714285714
1361551879.369,22182.291666666668
1361551879.369,17589.285714285714
1361551879.433,16505.208333333332
1361551879.369,16890.625
1361551879.409,14008.92857142857
1361551879.409,19309.027777777777
1361551879.409,19140.625
1361551879.472,17182.291666666668
1361551879.472,24835.9375
1361551879.474,20416.666666666668
1361551879.474,22883.68055555556
1361551879.41,16069.196428571428
1361551879.473,19664.0625
1361551879.473,13341.145833333334
1361551879.473,20604.166666666668
1361551879.473,20114.583333333332
1361551879.537,20330.35714285714
1361551879.66,17798.61111111111
1361551879.727,19241.31944444444
1361551879.791,18437.5
1361551879.791,23234.375
1361551879.791,20916.666666666668
1361551879.791,19278.645833333332
1361551879.791,21525.390625
1361551879.791,19651.041666666668
1361551879.79,13669.642857142857
1361551879.79,21010.416666666668
1361551879.854,21583.333333333332
1361551879.854,24013.671875
1361551879.854,21486.11111111111
1361551879.854,17223.4375
1361551879.854,21024.30555555556
1361551879.854,15229.166666666666
1361551877.102,5851.5625
1361551879.918,23240.234375
1361551879.917,17251.73611111111
1361551879.917,20258.928571428572
1361551879.981,15638.020833333334
1361551879.981,19229.910714285714
1361551879.981,20963.541666666668
1361551880.045,17798.61111111111
1361551880.045,17750.0
1361551880.044,16642.85714285714
1361551880.044,17910.714285714286
1361551880.171,16962.053571428572
1361551877.675,39140.625
1361551880.235,17223.958333333332
1361551880.235,14923.4375
1361551880.234,17837.890625
1361551878.186,16578.125
1361551878.186,11859.375
1361551880.362,15933.59375
1361551880.362,17314.453125
1361551880.298,17546.875
1361551880.426,19214.285714285714
1361551880.426,19876.73611111111
1361551880.361,21635.9375
1361551880.361,11927.083333333334
1361551880.425,15234.375
1361551880.489,16736.60714285714
1361551880.936,20528.645833333332
1361551880.616,17583.333333333332
1361551880.996,16336.805555555557
1361551881.32,17937.5
1361551880.935,21943.359375
1361551880.999,19487.847222222223
1361551881.575,4707.03125
1361551881.51,28281.25
1361551881.912,17683.035714285714
1361551881.912,16576.38888888889
1361551881.911,16772.56944444444
1361551870.391,14644.21106557377
1361551882.228,18669.921875
1361551828.712,3478.822038420491
1361551872.847,5302.967767295598
1361551881.864,18394.53125
1361551881.864,17622.76785714286
1361551881.864,19046.875
1361551881.864,14453.125
1361551882.116,15261.160714285714
1361551877.351,198.4375
1361551872.803,2116.89082278481
1361551872.801,1084.4944267515923
1361551885.6,524078.125
1361551870.528,4741.071428571428
1361551890.994,308687.5
1361551896.295,506586.80555555556
1361551873.613,108.31801470588236
1361551873.409,21118.35106382979
1361551873.409,13778.645833333334
1361551873.781,14375.0
1361551873.716,1975.0
1361551876.445,64833.33333333333
1361551903.384,2343.75
1361551903.337,2343.75
1361551877.449,627459.8429951691
1361551882.165,12445.3125
1361551882.057,9956.25
1361551882.46,1437.5
1361551953.131,45857.142857142855
1361551953.36,5541.666666666667
1361551953.324,77729.91071428571
1361551953.322,3847.65625
1361551954.02,863.671875
1361551954.02,122.0703125
1361551954.02,745.8984375
1361551954.02,502.34375
1361551954.019,893.1640625
1361551954.019,599.8046875
1361551954.079,2671.875
1361551954.079,2679.6875
1361551955.038,6527.34375
1361551954.973,14984.375
1361551955.291,2457.03125
1361551953.973,1123.828125
1361551953.973,516.9921875
1361551953.973,370.8984375
1361551953.973,668.5546875
1361551953.973,122.65625
1361551953.973,360.7421875
1361551954.036,1898.4375
1361551954.036,2664.0625
1361551954.864,20468.75
1361551955.182,4359.375
1361551955.818,4433.59375
1361551953.231,702.7083333333334
1361551954.017,185.30825791855204
1361551954.139,392.33732876712327
1361551954.139,11788.456050228311
1361551954.139,9888.199200913241
1361551954.333,41.666666666666664
1361551955.095,3835.7843137254904
1361551955.095,2116.1151960784314
1361551955.162,148.36090686274508
1361551955.353,55.546875
1361551955.225,48.88613861386139
1361551967.448,131625.0
1361551967.512,10757.8125
1361551967.575,52625.0
1361551967.447,23484.375
1361551967.447,61875.0
1361551955.798,592.0586340206186
1361551955.988,523.8486842105264
1361551955.988,501.72697368421046
1361551956.051,278.0257936507937
1361551968.145,9375.0
1361551968.145,70151.04166666667
1361551968.209,50169.270833333336
1361551968.209,12234.375
1361551968.272,83718.75
1361551968.272,776.5625
1361551968.272,84234.375
1361551968.272,134369.79166666666
1361551968.272,3789.0625
1361551968.272,93692.70833333333
1361551968.335,4589.84375
1361551968.335,2734.375
1361551968.143,5898.4375
1361551968.27,21484.375
1361551968.27,472115.625
1361551968.27,32398.4375
1361551968.27,5148.4375
1361551968.375,12718.75
1361551968.375,31328.125
1361551968.378,247667.96875
1361551968.697,2574.21875
1361551968.761,4289.0625
1361551953.207,291.77843347639487
1361551953.398,1470.3193231441048
1361551968.95,408250.0
1361551953.654,2657.5694444444443
1361551969.141,10398.4375
1361551969.395,76726.5625
1361551953.395,2900.9961790393013
1361551953.458,479.18941048034935
1361551953.65,588.8888888888889
1361551953.969,241.88468992248065
1361551954.032,133.5
1361551954.095,11252.996575342466
1361551954.095,8141.195776255709
1361551954.095,9871.860730593608
1361551954.862,44.610507246376805
1361551954.861,4668.251811594203
1361551955.052,59.35968137254902
1361551955.18,970.0649752475248
1361551955.179,126.54702970297029
1361551955.239,365.94987623762376
1361551967.211,24216.796875
1361551967.402,53875.0
1361551967.529,22765.625
1361551967.381,64757.8125
1361551967.381,8523.4375
1361551967.508,9039.0625
1361551967.572,15843.75
1361551967.507,20468.75
1361551955.921,474.5888157894737
1361551955.921,515.953947368421
1361551955.921,228.3717105263158
1361551955.921,238.32236842105263
1361551968.078,19625.0
1361551968.078,8140.625
1361551968.078,38828.125
1361551968.077,19640.625
1361551968.077,38820.3125
1361551968.141,17640.625
1361551968.077,48885.416666666664
1361551968.204,11468.75
1361551968.204,21312.5
1361551968.204,9346.875
1361551968.204,26343.75
1361551968.204,3890.625
1361551968.268,2632.8125
1361551968.268,4996.09375
1361551968.268,8191.40625
1361551968.267,3312.5
1361551960.395,25896.484375
1361551968.203,46296.875
1361551968.203,3882.8125
1361551968.327,9031.25
1361551968.33,9895.833333333334
1361551968.649,50634.765625
1361551968.713,3473.9583333333335
1361551968.583,15578.125
1361551953.349,1015.1473799126638
1361551953.348,5702.647379912663
1361551955.182,796.9519704433498
1361551954.027,244.13178733031674
1361551968.118,96.76339285714286
1361551968.118,792.6747311827958
1361551968.371,216.2422839506173
1361551968.416,7137.428977272728
1361551968.479,14127.87356321839
1361551968.541,4906.362410071943
1361551968.668,329.04411764705884
1361551968.731,101.5625
1361551968.231,4579.575892857143
1361551978.58,391.6139240506329
1361551978.58,3539.0625
1361551979.533,3414.0625
1361551979.533,3414.0625
1361551979.533,3414.0625
1361551979.533,2276.0416666666665
1361551979.724,3414.0625
1361551979.724,6828.125
1361551976.87,2154.721467391304
1361551969.252,2314.7321428571427
1361551977.251,10190.266927083334
1361551977.247,3411.7838541666665
1361551974.368,78.22646103896103
1361551979.035,23189.453125
1361551979.482,3414.0625
1361551979.482,3414.0625
1361551979.673,6828.125
1361551979.673,6828.125
1361551979.672,6828.125
1361551979.672,6828.125
1361551968.314,77.5
1361551976.568,37752.482476635516
1361551976.693,5836.693548387097
1361551976.757,7865.898058252427
1361551976.821,29922.89402173913
1361551977.204,4900.227864583333
1361551977.203,2984.375
1361551987.336,7796.875
1361551968.234,202.23063973063972
1361551987.286,8390.625
1361551979.477,54.9645390070922
1361551971.802,279.50148809523813
1361551989.104,24439.84375
1361551976.645,9278.125
1361551975.253,19500.0
1361551977.19,339250.0
1361551977.64,96.13853503184713
1361551977.703,345562.5
1361551996.093,167135.1481958763
1361552003.178,71163.57853982301
1361551985.85,12562.5
1361551987.854,32343.75
1361551987.854,25953.125
1361551987.854,53703.125
1361551987.855,69828.125
1361551987.855,37796.875
1361551987.855,29296.875
1361551990.694,111765.625
1361551987.785,32484.375
1361551987.785,37515.625
1361551987.785,40218.75
1361551987.785,38640.625
1361551987.785,25171.875
1361551987.784,30531.25
1361551987.784,58437.5
1361551987.784,34031.25
1361552009.515,117859.92005813954
1361552023.461,109017.1875
1361552024.286,346.7013888888889
1361552008.831,92.62199197860963
1361552030.649,161972.8890728477
1361552037.357,8390.625
1361552039.98,25421.875
1361552040.3,18390.625
1361552040.275,8656.25
1361552037.292,8468.75
1361552040.236,9500.0
1361552040.998,10218.75
1361552042.849,486.3528481012658
1361552039.447,4822.591145833333
1361552039.955,867.5426136363636
1361552039.955,31225.0
1361552039.934,1489.3018018018017
1361552039.93,2058.7713068181815
1361552039.929,24830.639367816093
1361552040.25,168.44093406593407
1361552040.633,1525.111607142857
1361552040.629,757.0684523809523
1361552040.629,1395.46875
1361552040.629,140.9970238095238
1361552041.011,194.98005319148936
1361552040.857,1666.7763157894738
1361552040.856,7659.268465909091
1361552041.174,230507.0754716981
1361552041.552,153.83184523809524
1361552041.552,7766.927083333333
1361552041.552,3130.3125
1361552041.552,281.9940476190476
1361552041.932,396.94148936170217
1361552037.776,430953.125
1361552036.724,19201.5625
1361552040.342,2315.1041666666665
1361552040.726,5336.805555555556
1361552040.976,9741.440217391304
1361552041.551,74925.78125
1361552040.583,248062.5
1361552040.582,5085.9375
1361552040.577,247250.0
1361552041.469,28218.75
1361552041.468,48583.333333333336
1361552072.783,4484.375
1361552014.223,77636.06058533916
1361552068.132,101854.16666666667
1361552091.21,2156.25
1361552092.195,101854.16666666667
1361552112.544,74.17168674698796
1361552166.334,101854.16666666667
1361552195.238,43500.0
1361552193.791,4822.265625
1361552194.302,7729.6875
1361552253.676,1145.8333333333333
1361551969.105,126687.8591954023
1361551974.74,150073.3695652174
1361552283.301,2205.829326923077
1361552313.694,14468.75
1361552313.396,28875.0
1361552319.887,7578.125
1361552320.013,69294.921875
1361552319.885,6151.041666666667
1361552320.074,9296.875
1361552320.264,26140.625
1361552320.328,4880.208333333333
1361552320.197,9843.75
1361552320.323,43765.625
1361552321.385,50320.3125
1361552321.385,30446.875
1361552321.381,9875.0
1361552321.381,53885.416666666664
1361552321.634,6411.458333333333
1361552322.145,10687.5
1361552322.208,14468.75
1361552319.071,8781.25
1361552322.399,20898.4375
1361552322.015,9708.333333333334
1361552322.142,33671.875
1361552314.78,75339.84375
1361552322.524,14785.15625
1361552322.716,8945.3125
1361552319.516,12875.0
1361552322.331,41171.875
1361552322.459,3489.5833333333335
1361552322.651,5414.0625
1361552319.642,51557.291666666664
1361552319.832,63161.458333333336
1361552319.832,4401.041666666667
1361552319.832,15351.5625
1361552319.944,21140.625
1361552320.008,17640.625
1361552320.007,7921.875
1361552320.007,24542.96875
1361552320.132,33382.8125
1361552320.196,40864.583333333336
1361552321.336,8656.25
1361552321.336,10406.25
1361552321.335,28031.25
1361552321.335,31098.958333333332
1361552321.56,29384.375
1361552321.559,63468.75
1361552321.623,29031.25
1361552321.687,54755.208333333336
1361552321.686,73031.25
1361552321.877,49757.8125
1361552321.749,62896.484375
1361552321.877,63518.75
1361552318.996,3791.6666666666665
1361552322.258,50449.21875
1361552322.258,13226.5625
1361552322.257,6984.375
1361552322.257,5507.8125
1361552322.383,3140.625
1361552322.383,6953.125
1361552322.511,6617.1875
1361552322.047,9395.833333333334
1361552322.047,7619.791666666667
1361552322.175,27328.125
1361552322.175,4773.4375
1361552320.547,18927.325581395347
1361552320.675,1582.3170731707316
1361552318.304,245.53571428571428
1361552319.006,25126.86567164179
1361552320.537,2871.7296511627906
1361552320.793,582.5320512820513
1361552320.985,7631.696428571428
1361552318.988,2213.3861940298507
1361552318.988,884.5615671641791
1361552319.052,698.153409090909
1361552319.052,701.467803030303
1361552319.819,376.7361111111111
1361552319.799,3564.132462686567
1361552315.767,67.3076923076923
1361552315.767,67.3076923076923
1361552315.766,67.3076923076923
1361552319.988,113.76953125
1361552319.988,492.3076923076923
1361552315.443,3771.5277777777774
1361552322.862,41442.708333333336
1361552325.801,7121.09375
1361552321.3,19939.316860465115
1361552321.363,2270.474137931035
1361552321.616,299.27884615384613
1361552321.296,4460.029069767442
1361552321.295,3993.0959302325577
1361552313.231,3433.7093195266275
1361552321.295,520.2414772727273
1361552318.351,1067.5912921348313
1361552318.351,6712.7808988764045
1361552318.351,895.5407303370787
1361552318.351,288.9747191011236
1361552318.351,831.811797752809
1361552318.351,7250.351123595506
1361552326.415,14265.625
1361552318.542,6199.309593023256
1361552321.612,9976.36217948718
1361552321.675,1440.0337837837837
1361552321.675,310.3885135135135
1361552318.859,225.30864197530863
1361552330.567,6250.0
1361552315.716,67.3076923076923
1361552322.819,7281.25
1361552315.138,2329.9107142857147
1361552315.138,5327.455357142857
1361552319.985,1424.31640625
1361552320.043,1100.3024193548388
1361552316.712,5912.554824561404
1361552312.673,1856.3368055555557
1361552325.726,22468.75
1361552325.981,2457.03125
1361552317.98,13135.690789473685
1361552321.243,5100.654069767442
1361552321.243,180.59593023255812
1361552321.243,545.0581395348837
1361552313.178,8360.669378698225
1361552318.298,152.04973118279568
1361552318.298,452.4227528089888
1361552318.298,464.00983146067415
1361552318.298,15609.726123595505
1361552318.297,158.88342696629212
1361552318.297,912.9213483146067
1361552326.489,8960.9375
1361552318.277,7023.349719101123
1361552318.277,158.88342696629212
1361552318.277,307.9353932584269
1361552318.277,716.1165730337079
1361552318.467,12982.01308139535
1361552322.427,171035.9375
1361552322.923,1482.992256637168
1361552323.947,618.2345360824743
1361552324.254,627.0380434782609
1361552332.577,264843.75
1361552322.899,6438.744469026549
1361552322.899,4641.316371681416
1361552322.899,512.7212389380531
1361552322.899,5477.876106194691
1361552323.411,12901.339285714286
1361552323.411,10154.910714285714
1361552323.411,16780.35714285714
1361552323.859,634.406887755102
1361552325.073,12101.463607594937
1361552324.241,1035.15625
1361552325.635,1389.0625
1361552322.876,13557.107300884956
1361552322.876,2073.2853982300885
1361552323.388,10701.934523809523
1361552323.388,16929.166666666668
1361552323.388,14965.92261904762
1361552331.76,1291.4663461538462
1361552331.76,586.5384615384615
1361552327.728,258.1129807692308
1361552330.991,2369.140625
1361552330.991,6509.920634920635
1361552330.991,6251.73611111111
1361552330.991,962.890625
1361552331.055,390.625
1361552323.758,422.98119469026545
1361552323.886,701.1607142857142
1361552327.853,380.73979591836735
1361552331.243,717.9555084745763
1361552327.979,93292.22972972972
1361552327.979,68861.06418918919
1361552331.306,137619.79166666666
1361552324.01,3612.95871559633
1361552324.074,1398.072429906542
1361552331.37,7078.125
1361552327.977,76735.6418918919
1361552331.432,577.3026315789474
1361552324.2,9984.652366863906
1361552332.646,22379.245923913044
1361552332.645,5687.5
1361552332.709,1519.4256756756756
1361552332.709,463.26013513513516
1361552328.483,4708.180147058823
1361552333.341,995.4819277108435
1361552333.345,828.5060975609756
1361552328.736,1794.1176470588236
1361552333.472,22250.0
1361552326.468,554.0178571428571
1361552326.468,862.5
1361552327.231,5084.05172413793
1361552327.358,9686.38392857143
1361552327.422,31153.35648148148
1361552327.422,6217.881944444444
1361552327.422,8713.831018518518
1361552330.429,9555.457746478874
1361552330.492,30901.339285714286
1361552330.684,5809.001865671642
1361552330.811,10798.798076923078
1361552330.811,10073.798076923078
1361552330.811,161.05769230769232
1361552330.938,27767.609126984127
1361552331.706,18947.610294117647
1361552330.938,2200.68359375
1361552330.938,6859.375
1361552331.706,250.9014423076923
1361552330.938,1218.994140625
1361552331.77,198.125
1361552331.128,21526.041666666668
1361552327.926,42511.542792792796
1361552331.19,17687.5
1361552327.926,101015.34346846848
1361552331.253,981.4618644067797
1361552327.925,62976.492117117115
1361552331.252,14265.625
1361552324.257,661.6586538461538
1361552324.32,349.5145631067961
1361552323.424,3452.056623931624
1361552331.488,372.72727272727275
1361552332.384,8043.826219512194
1361552332.575,3347.826086956522
1361552332.575,7682.235054347826
1361552328.412,8716.282894736842
1361552326.419,140.8514492753623
1361552321.651,509.8060344827586
1361552326.898,200.1008064516129
1361552327.344,6567.997685185185
1361552327.344,21652.777777777777
1361552327.344,2776.909722222222
1361552330.416,26823.88392857143
1361552330.48,290.4017857142857
1361552330.223,7150.126689189189
1361552330.734,21064.423076923078
1361552330.729,951.7045454545454
1361552330.733,20238.94230769231
1361552330.733,8891.826923076924
1361552330.733,7477.644230769231
1361552313.426,81609.375
1361552314.347,62046.875
1361552314.345,153867.1875
1361552329.633,10092.881944444445
1361552329.633,12539.49652777778
1361552329.633,9506.727430555555
1361552329.757,228.79464285714286
1361552330.586,331.4144736842105
1361552330.458,1028.6016949152543
1361552329.608,1855.685763888889
1361552329.608,24744.140625
1361552329.736,10040.401785714286
1361552316.216,686140.625
1361552316.47,452125.0
1361552316.47,189968.75
1361552344.05,2156.25
1361552333.355,991.8154761904761
1361552333.354,774.9787414965987
1361552333.281,2915.1785714285716
1361552333.281,3144.2389455782313
1361552333.395,68.08385579937304
1361552330.928,248375.0
1361552331.562,8031.25
1361552334.079,7941.964285714285
1361552334.079,86312.5
1361552334.079,111304.16666666666
1361552334.206,1435.4166666666665
1361552334.523,1223.5576923076924
1361552334.778,94867.1875
1361552334.778,80500.0
1361552334.778,72265.625
1361552330.872,162734.375
1361552331.126,50996.875
1361552331.486,8031.25
1361552334.628,43102.67857142857
1361552335.008,77800.0
1361552335.39,2712.7403846153848
1361552335.262,55452.083333333336
1361552335.707,64062.5
1361552335.707,80148.4375
1361552335.707,80531.25
1361552336.791,15437.5
1361552336.791,395302.0833333333
1361552336.791,175703.125
1361552334.731,79935.546875
1361552336.754,397960.9375
1361552334.686,8275.669642857143
1361552360.67,4476.5625
1361552360.853,4472.65625
1361552335.01,7462.5
1361552335.008,26031.25
1361552335.641,42718.75
1361552337.05,44906.25
1361552337.05,47402.34375
1361552337.05,125343.75
1361552337.015,9708.333333333334
1361552337.015,305015.625
1361552337.015,290097.65625
1361552337.014,14031.25
1361552360.488,16718.75
1361552360.488,392171.875
1361552360.552,123117.1875
1361552360.488,17140.625
1361552360.616,37093.75
1361552360.552,392484.375
1361552360.552,12609.375
1361552360.616,41093.75
1361552360.68,35093.75
1361552360.679,29781.25
1361552360.807,53937.5
1361552360.807,22062.5
1361552360.807,108250.0
1361552360.871,21625.0
1361552360.935,37593.75
1361552359.714,7309.375
1361552360.352,67671.875
1361552360.48,39281.25
1361552360.479,17140.625
1361552360.543,126742.1875
1361552360.479,30718.75
1361552360.543,337195.3125
1361552360.671,25531.25
1361552360.798,27625.0
1361552360.798,27375.0
1361552360.798,159328.125
1361552360.862,98937.5
1361552359.633,13625.0
1361552369.55,35421.875
1361552369.485,32968.75
1361552042.091,76742.65391791044
1361552372.945,8114.583333333334
1361552372.945,11796.875
1361552373.009,24625.0
1361552372.325,24625.0
1361552372.581,13921.875
1361552368.676,11947.916666666666
1361552368.868,19375.0
1361552366.114,1819.7115384615386
1361552370.593,111531.25
1361552370.721,24031.25
1361552366.944,24531.25
1361552370.784,4856.25
1361552367.136,82343.75
1361552367.136,29546.875
1361552367.136,64359.375
1361552371.103,24281.25
1361552367.327,49427.083333333336
1361552367.71,11437.5
1361552367.71,11187.5
1361552367.71,18312.5
1361552367.774,11437.5
1361552367.774,12312.5
1361552367.774,12312.5
1361552367.838,75343.75
1361552367.838,158421.875
1361552367.838,78367.1875
1361552367.902,59593.75
1361552368.03,27125.0
1361552368.03,13312.5
1361552368.094,2388.0208333333335
1361552371.614,193921.875
1361552371.614,19218.75
1361552368.094,7668.75
1361552371.614,32531.25
1361552371.742,223171.875
1361552371.742,214984.375
1361552371.806,61593.75
1361552371.806,62406.25
1361552371.805,22031.25
1361552371.869,22531.25
1361552368.157,12546.875
1361552368.161,2048.2954545454545
1361552371.741,36531.25
1361552371.805,41093.75
1361552371.805,43843.75
1361552371.869,111406.25
1361552371.869,22281.25
1361552371.997,22656.25
1361552371.997,17875.0
1361552372.061,20625.0
1361552372.125,20375.0
1361552372.125,18625.0
1361552372.252,45177.083333333336
1361552372.252,7781.25
1361552372.252,24625.0
1361552372.252,23812.5
1361552368.348,7101.5625
1361552368.412,12385.416666666666
1361552368.603,77187.5
1361552368.539,11921.875
1361552368.667,7208.333333333333
1361552368.859,26125.0
1361552370.712,62140.625
1361552366.999,112531.25
1361552367.191,63843.75
1361552367.126,88593.75
1361552367.126,99242.1875
1361552367.126,71843.75
1361552367.19,98593.75
1361552367.309,30664.0625
1361552371.149,37778.645833333336
1361552367.692,9562.5
1361552367.692,10906.25
1361552367.692,207960.9375
1361552367.756,11437.5
1361552367.756,18171.875
1361552367.82,31031.25
1361552367.884,170734.375
1361552367.82,45531.25
1361552367.884,197734.375
1361552368.012,201578.125
1361552368.14,2065.1041666666665
1361552371.596,282750.0
1361552371.723,175250.0
1361552371.723,82906.25
1361552371.595,37781.25
1361552371.595,73343.75
1361552371.787,42781.25
1361552371.723,23968.75
1361552371.787,54843.75
1361552371.851,155359.375
1361552371.979,18125.0
1361552368.011,35687.5
1361552368.011,22875.0
1361552372.043,17375.0
1361552368.075,5799.107142857143
1361552371.85,181921.875
1361552372.106,53687.5
1361552351.502,27578.125
1361552317.032,3808.365005630631
1361552334.738,3881.2974283305225
1361552314.187,2694.4239538626607
1361552372.671,4484.375
1361552334.62,5925.583964646465
1361552334.81,4443.31641285956
1361552313.752,2287.696561833689
1361552376.421,167859.375
1361552376.613,21093.75
1361552376.484,19375.0
1361552376.484,21875.0
1361552373.921,20281.25
1361552378.654,8773.4375
1361552375.645,112531.25
1361552375.773,31070.3125
1361552375.9,13078.125
1361552376.028,33296.875
1361552376.475,43687.5
1361552378.764,51683.59375
1361552375.563,21531.25
1361552376.074,35687.5
1361552375.754,13421.875
1361552369.363,2232.8059623430963
1361552067.727,76240.29605263157
1361552393.201,11609.375
1361552389.425,37010.416666666664
1361552393.325,3584.8214285714284
1361552389.613,37070.3125
1361552393.644,34875.0
1361552390.06,35687.5
1361552390.187,5277.34375
1361552390.187,5593.75
1361552390.187,2200.5208333333335
1361552390.187,2048.2954545454545
1361552393.771,12140.625
1361552390.443,6695.3125
1361552393.899,25213.541666666668
1361552394.6,20187.5
1361552394.727,28368.75
1361552394.727,20281.25
1361552394.727,24625.0
1361552394.791,24625.0
1361552394.791,24625.0
1361552395.111,9010.416666666666
1361552396.645,21093.75
1361552392.997,55765.625
1361552393.188,20442.708333333332
1361552389.603,24531.25
1361552390.05,24625.0
1361552390.178,2457.386363636364
1361552390.177,5820.3125
1361552390.613,12656.25
1361552390.677,11515.625
1361552390.868,19375.0
1361552394.579,10515.625
1361552394.706,8114.583333333334
1361552394.706,7781.25
1361552394.706,7593.75
1361552394.834,24625.0
1361552395.09,20281.25
1361552379.428,99.3015759312321
1361552400.799,21531.25
1361552401.117,26031.25
1361552401.627,35687.5
1361552402.141,19375.0
1361552400.916,56265.625
1361552401.106,17754.464285714286
1361552401.173,4088.541666666667
1361552401.544,20623.046875
1361552391.447,1866.688829787234
1361552386.787,16484.375
1361552405.723,6648.4375
1361552406.238,36718.75
1361552406.872,35687.5
1361552407.0,19375.0
1361552407.128,8679.6875
1361552407.256,34552.083333333336
1361552405.933,37260.416666666664
1361552406.444,27476.5625
1361552406.443,31070.3125
1361552406.954,96343.75
1361552406.954,17625.0
1361552407.082,10140.625
1361552388.133,8786.458333333334
1361552093.002,137962.47846683895
1361552471.215,2156.25
1361552513.444,24031.25
1361552509.476,55515.625
1361552509.667,31070.3125
1361552510.115,35687.5
1361552510.243,8302.083333333334
1361552510.243,2388.0208333333335
1361552510.566,12114.583333333334
1361552510.694,7947.916666666667
1361552514.022,45384.375
1361552510.882,18562.5
1361552514.592,23812.5
1361552514.592,12078.125
1361552514.656,24625.0
1361552514.847,6960.9375
1361552514.847,21093.75
1361552513.243,55765.625
1361552509.659,49968.75
1361552513.502,3700.8928571428573
1361552513.434,31070.3125
1361552510.105,24625.0
1361552513.753,35687.5
1361552510.233,2096.3541666666665
1361552513.945,24281.25
1361552510.233,6901.041666666667
1361552510.233,7993.75
1361552510.233,1886.1607142857142
1361552510.425,9197.916666666666
1361552514.574,12203.125
1361552514.574,19468.75
1361552514.574,8697.916666666666
1361552514.573,47468.75
1361552514.637,24625.0
1361552521.118,10546.875
1361552511.318,2057.313550420168
1361552554.085,5650.70564516129
1361552556.192,43437.5
1361552556.192,19375.0
1361552556.302,19468.75
1361552532.201,20675.78125
1361552561.122,27372.395833333332
1361552563.927,19531.25
1361552563.995,111031.25
1361552561.608,19375.0
1361552561.671,20281.25
1361552563.396,16296.875
1361552563.459,1750261.71875
1361552167.156,151065.13115284973
1361552594.144,9822.048611111111
1361552599.844,21093.75
1361552599.26,27497.395833333332
1361552604.896,11049.8046875
1361552651.982,2156.25
1361552673.818,11843.75
1361552675.096,19375.0
1361552675.159,19468.75
1361552676.949,15234.375
1361552677.006,30965.625
1361552694.716,20847.65625
1361552738.373,6974.375
1361552739.895,8418.898809523811
1361552785.064,2156.25
1361552900.179,266453.125
1361552899.914,4480.46875
1361552912.588,19593.75
1361552913.58,20015.625
1361552914.518,4753.90625
1361552956.303,31070.3125
1361552956.303,37273.4375
1361552956.814,24625.0
1361552956.814,35687.5
1361552956.941,2721.875
1361552956.94,8443.75
1361552957.324,12328.125
1361552956.102,54703.125
1361552956.796,24625.0
1361552956.924,2865.625
1361552956.924,12453.125
1361552956.923,9585.9375
1361552956.923,2503.472222222222
1361552957.243,12114.583333333334
1361552957.051,7101.5625
1361552957.434,9687.5
1361552958.998,41427.083333333336
1361552959.062,5343.75
1361552959.253,35687.5
1361552959.381,24281.25
1361552960.02,8052.083333333334
1361552960.02,8114.583333333334
1361552960.02,10140.625
1361552960.084,24625.0
1361552960.148,24625.0
1361552960.275,9552.083333333334
1361552961.298,80328.125
1361552958.798,55359.375
1361552959.437,45059.375
1361552960.012,8135.416666666666
1361552960.012,24625.0
1361552960.012,47260.416666666664
1361552960.267,10546.875
1361552966.419,21531.25
1361552970.77,25781.25
1361552970.834,111781.25
1361552970.961,110156.25
1361552971.093,41427.083333333336
1361552971.536,97968.75
1361552966.538,112531.25
1361552966.73,62140.625
1361552966.858,40839.84375
1361552966.73,26031.25
1361552966.793,24531.25
1361552971.08,55494.791666666664
1361552971.72,16546.875
1361552971.719,21093.75
1361552956.876,1796.7431434599157
1361552976.703,687.4186197916666
1361552992.646,32.608695652173914
1361553012.923,88.2120253164557
1361553020.242,4589.84375
1361553021.263,31476.5625
1361553021.582,34875.0
1361553019.977,32385.416666666664
1361553021.117,111718.75
1361553021.245,18512.152777777777
1361553021.901,18562.5
1361553021.965,20281.25
1361553024.866,19375.0
1361553023.452,9558.59375
1361553024.862,42687.5
1361553024.909,21093.75
1361553036.041,36718.75
1361553036.296,24856.25
1361553036.807,35687.5
1361553036.807,19375.0
1361553033.158,12748.798076923076
1361553034.097,19375.0
1361553034.161,21093.75
1361553035.785,55890.625
1361553036.233,33071.875
1361553036.744,96343.75
1361553036.936,15484.375
1361553036.925,20281.25
1361553036.989,114542.96875
1361553036.594,2156.25
1361553039.062,425.59840425531917
1361553074.096,25656.25
1361553074.16,3700.8928571428573
1361553071.32,55515.625
1361553075.352,21093.75
1361553071.895,24625.0
1361553072.023,11640.625
1361553072.022,2703.125
1361553072.598,19375.0
1361553074.066,40885.416666666664
1361553074.582,24281.25
1361553074.641,18998.26388888889
1361553075.28,19375.0
1361553075.344,9239.583333333334
1361553071.44,30664.0625
1361553071.439,49697.916666666664
1361553071.886,35687.5
1361553072.014,9789.0625
1361553071.886,24625.0
1361553072.014,2334.375
1361553072.018,7171.875
1361553072.018,2065.1041666666665
1361553072.269,12114.583333333334
1361553072.205,5356.25
1361553072.397,11515.625
1361553073.856,55765.625
1361553082.185,11921.875
1361553081.094,37476.5625
1361553080.966,112656.25
1361553081.093,24856.25
1361553084.548,24031.25
1361553084.611,5181.25
1361553084.995,37778.645833333336
1361553081.539,12312.5
1361553081.729,3582.03125
1361553085.569,5882.8125
1361553081.729,3019.53125
1361553085.569,5695.3125
1361553081.729,7036.458333333333
1361553085.633,24625.0
1361553085.568,20281.25
1361553085.568,24625.0
1361553081.984,12114.583333333334
1361553082.366,19375.0
1361553084.328,55359.375
1361553084.52,31070.3125
1361553081.511,17843.75
1361553081.511,12312.5
1361553084.903,25093.75
1361553081.703,11640.625
1361553081.703,9992.1875
1361553081.703,2252.840909090909
1361553085.478,21031.25
1361553085.541,5632.8125
1361553081.893,6695.3125
1361553085.541,34335.9375
1361553085.604,24625.0
1361553085.668,24625.0
1361553090.505,21531.25
1361553090.568,112531.25
1361553090.76,26843.75
1361553090.696,24856.25
1361553090.823,24531.25
1361553091.079,35687.5
1361553091.334,19375.0
1361553088.835,21093.75
1361553085.889,14328.125
1361553085.889,20281.25
1361553090.878,27747.395833333332
1361553091.388,20281.25
1361553072.352,5977.545529801325
1361553091.799,132.90229885057474
1361553096.996,25.79365079365079
1361553158.759,2156.25
1361553199.559,24856.25
1361553199.559,37476.5625
1361553200.197,2684.027777777778
1361553200.197,6765.625
1361553200.069,24625.0
1361553200.197,12453.125
1361553200.58,11515.625
1361553200.452,12385.416666666666
1361553199.356,54703.125
1361553199.985,24625.0
1361553200.177,3003.472222222222
1361553200.304,5681.25
1361553200.176,2640.625
1361553200.176,9992.1875
1361553200.687,19375.0
1361553200.187,2264.63188559322
1361553217.305,20851.5625
1361553257.287,27812.5
1361553277.07,2156.25
1361553913.254,181.06617647058823
1361554228.618,17843.75
1361554228.807,6627.678571428572
1361554392.419,3500.0
1361556989.522,34.090909090909086
1361557762.709,22250.0
1361557766.225,11109.375
1361557762.113,417.94418238993705
1361557766.271,95.76612903225806
1361557767.327,772.5633741258741
1361557773.012,5203.125
1361557826.195,2156.25
1361558040.525,117.1875
1361558040.651,125.0
1361558040.649,117.1875
1361558040.412,125.0
1361558162.214,87.109375
1361559062.183,409.9264705882353
1361559497.521,20452.083333333336
1361559963.619,76.953125
1361560862.153,232.29166666666669
1361561248.183,18234.375
1361561249.962,11176.339285714286
1361561669.543,27812.5
1361561762.487,76.953125
1361561922.094,27992.1875
1361562214.275,37322.916666666664
1361562662.281,88.2120253164557
1361562879.894,12960.9375
1361562875.862,3625.0
1361562880.313,9464.84375
1361562939.755,2156.25
1361563027.723,8914.663461538461
1361563415.15,27992.1875
1361563455.03,1625.0
1361563455.156,4275.297619047618
1361563514.467,2156.25
1361563561.982,43.82861635220125
1361563642.51,1099244.7916666667
1361563638.796,27992.1875
1361563643.587,1152437.5
1361563641.826,951867.1875
1361563642.775,1006351.5625
1361563643.132,817703.125
1361563641.455,48484.375
1361563642.072,816281.25
1361563719.815,10335.9375
1361563965.299,6890.625
1361564121.218,439.73214285714283
1361564121.343,18709.979838709678
1361564211.509,85.71428571428571
1361564242.328,29.964398734177216
1361564242.253,29.964398734177216
1361564271.109,27812.5
1361564462.115,316.7613636363636
1361564520.943,27812.5
1361564755.148,22540.625
1361564756.052,14.331210191082803
1361564756.348,14.240506329113924
1361564757.975,14.61038961038961
1361564758.228,14.150943396226415
1361564902.375,4195.3125
1361564902.626,8390.625
1361564902.625,8390.625
1361564902.291,26203.125
1361564906.034,277.26063829787233
1361564903.311,139808.72395833334
1361564898.591,30069.767441860462
1361564899.034,8421.875
1361564899.031,314.453125
1361564899.031,8421.875
1361564898.377,162734.375
1361564898.816,8421.875
1361564898.8,8421.875
1361564900.851,32775.24038461539
1361564900.817,29325.721153846152
1361564900.497,42066.96428571428
1361564901.634,503531.25
1361564902.163,35140.625
1361564902.163,30453.125
1361564902.163,49125.0
1361564902.162,51953.125
1361564902.162,32703.125
1361564902.162,40062.5
1361564902.162,33000.0
1361564902.161,35968.75
1361564901.5,1258.1521739130435
1361564901.747,1836.6745283018868
1361564902.045,18109.375
1361564902.045,30828.125
1361564902.045,23203.125
1361564902.045,43671.875
1361564902.044,41281.25
1361564902.044,36171.875
1361564902.044,42593.75
1361564902.043,45187.5
1361564902.043,30312.5
1361564902.043,10828.125
1361564902.17,7218.75
1361564902.295,314375.0
1361564922.518,16816.315406976744
1361564960.835,2156.25
1361564964.673,4195.3125
1361564964.673,8984.375
1361564964.972,8390.625
1361564963.854,78303.57142857143
1361564964.698,26312.5
1361564982.945,12960.9375
1361564986.8,60971.354166666664
1361564965.013,8421.875
1361564965.052,247687.5
1361564965.113,14437.5
1361564997.407,20046.875
1361564992.199,14695.3125
1361564983.483,8061.383928571428
1361564982.054,104.38629518072288
1361564985.364,25540.246212121212
1361564986.183,11025.0
1361564987.305,37226.5625
1361564987.304,24633.035714285714
1361564987.491,9050.78125
1361564987.555,23914.0625
1361564987.555,14234.375
1361564987.493,12404.513888888889
1361564987.557,14572.265625
1361564987.748,12285.15625
1361564988.236,70906.25
1361564988.233,1097.5115740740741
1361564988.743,3389.453125
1361564984.838,3820.991847826087
1361564986.519,5933.59375
1361564987.473,47987.5
1361564987.473,22007.8125
1361564987.384,5012.890625
1361564987.45,18482.14285714286
1361564987.64,11230.46875
1361564991.562,584.8214285714286
1361564990.054,34890.625
1361564992.731,255.78911870503595
1361564991.227,159304.6875
1361564989.051,30378.90625
1361564989.471,24226.5625
1361564990.094,41140.625
1361564992.434,12113.28125
1361564992.434,572.25
1361564992.433,16770.833333333332
1361564992.433,16484.375
1361565023.71,2625.0
1361564985.786,5218.98754222973
1361564985.785,21576.62056587838
1361564988.426,9081.363636363638
1361564999.063,15078.125
1361564992.242,5816.849512411348
1361565020.513,107.68312101910827
1361565043.638,1078.125
1361565051.653,1078.125
1361565032.42,10375.0
1361565034.795,96.71677215189874
1361564986.627,2548.368490441661
1361565084.471,32918.125
1361565093.194,7025.390625
1361565137.655,27812.5
1361565139.834,10228.515625
1361565158.844,2163.030660377359
1361565218.963,1078.125
1361565239.971,5947.916666666667
1361565238.489,1345.6344221105528
1361565238.97,17104.66056034483
1361565239.534,192421.875
1361565239.517,82093.75
1361565239.517,35046.875
1361565239.517,66156.25
1361565239.517,81437.5
1361565239.517,57640.625
1361565241.307,82.60350318471338
1361565239.427,84359.375
1361565239.427,84734.375
1361565239.427,47250.0
1361565239.426,173153.64583333334
1361565241.278,2960.9375
1361565250.468,389901.0416666667
1361565256.692,20671.875
1361564991.83,184955.15046296295
1361565277.03,107043.52678571429
1361565238.818,6797.77318329718
1361565238.818,2848.0714479392627
1361564999.431,159604.8713235294
1361565006.023,173622.43470149254
1361565316.773,1078.125
1361565252.737,149976.92757009345
1361565323.435,11734.375
1361565323.138,6781.25
1361565362.512,77.92721518987342
1361565383.472,2156.25
1361565383.391,2156.25
1361565010.151,312016.1378816794
1361565093.731,303310.9024859944
1361565238.152,95362.83783783784
1361565238.152,195797.16038812784
1361565566.221,22507.8125
1361565565.709,22101.5625
1361565572.739,1453.125
1361565572.34,9499.904141104294
1361565572.009,1400.9191176470588
1361565565.846,4725.446428571428
1361565585.766,1453.125
1361565568.783,115015.625
1361565568.387,2615.5024509803925
1361565568.551,86.03013833992094
1361565568.441,7603.811553030303
1361565568.508,6573.075095057035
1361565569.888,68328.125
1361565568.459,4752.781723484849
1361565568.459,14978.877314814816
1361565570.646,344062.5
1361565572.379,187937.5
1361565585.573,1659.8081683168318
1361565252.041,133595.5815018315
1361565589.569,646.9056372549019
1361565625.985,4359.375
1361565569.297,5544.0878378378375
1361565568.694,2447.0486111111113
1361565568.694,3077.4238782051284
1361565609.437,5163.4375
1361565625.812,2143.930288461538
1361565636.974,24421.875
1361565636.709,16156.25
1361565636.965,24421.875
1361565643.029,2179.6875
1361565643.577,2179.6875
1361565626.169,72.52038043478261
1361565642.952,3989.895209580838
1361565637.473,10068.75
1361565637.195,374414.0625
1361565636.515,13412.5
1361565636.791,64578.125
1361565642.603,6843.75
1361565642.231,25857.8125
1361565644.071,125.5661231884058
1361565710.087,2156.25
1361565751.987,27812.5
1361565804.415,2179.6875
1361565804.283,2118.6708860759495
1361565804.509,136921.875
1361565837.361,4359.375
1361565822.484,2163.3254716981132
1361565837.203,2118.6708860759495
1361565837.535,157440.10416666666
1361565884.842,2179.6875
1361565882.221,2156.25
1361565884.668,2116.89082278481
1361565884.856,42.22705696202532
1361565884.982,1043.0433917197452
1361565905.02,2179.6875
1361565904.835,2116.7919303797466
1361565902.899,27557.291666666668
1361565929.703,4359.375
1361565929.548,2116.6930379746836
1361565929.509,9171.875
1361565929.64,26843.75
1361565928.907,69035.36184210527
1361565930.017,140781.25
1361565930.017,98078.125
1361565929.964,117281.25
1361565929.964,131953.125
1361565978.914,2179.6875
1361565929.592,3102.7790450121656
1361565978.73,2116.89082278481
1361565990.383,8350.0
1361565992.361,2156.25
1361565978.786,145.04076086956522
1361565984.719,8421.875
1361565984.041,2593.3077830188677
1361565984.422,32750.0
1361565984.422,41839.58333333333
1361565985.501,64859.375
1361565984.388,47262.6953125
1361565984.388,14150.0
1361565984.388,20796.875
1361565991.252,7828.125
1361565991.174,16442.095588235294
1361565991.172,4538.602941176471
1361565991.171,89966.14583333333
1361565992.747,7835.9375
1361566003.493,46841.517857142855
1361566009.221,503.671875
1361565991.104,11407.34375
1361566042.198,2437.5
1361566042.198,2437.5
1361566042.198,2437.5
1361566043.145,2437.5
1361566043.145,2437.5
1361565991.029,29854.006901840494
1361566069.085,2156.25
1361566095.079,5479.166666666667
1361566095.333,19664.0625
1361566095.332,11203.125
1361566093.752,4359.375
1361566093.752,6171.875
1361566093.944,4576.6369047619055
1361566093.944,2689.7321428571427
1361566093.944,617.96875
1361566094.259,17890.625
1361566094.518,43500.0
1361566094.646,13343.75
1361566094.837,20125.0
1361566095.217,12943.75
1361566096.257,16621.09375
1361566096.701,15625.0
1361566094.678,12250.0
1361566094.741,46437.5
1361566094.741,7828.125
1361566094.869,16093.75
1361566094.995,4585.9375
1361566095.314,5479.166666666667
1361566076.872,1651.0416666666667
1361566095.934,18406.25
1361566102.91,5859.375
1361566091.193,698.6129679144385
1361566103.225,7468.75
1361566103.225,6279.6875
1361566103.161,6721.875
1361566103.225,4966.145833333333
1361566096.31,26621.09375
1361566095.604,463.49789915966386
1361566095.667,591.8803418803419
1361566095.667,7190.972222222223
1361566095.667,7060.546875
1361566095.667,9191.964285714286
1361566095.731,999.8664529914529
1361566095.727,2256.25
1361566096.562,469.0563725490196
1361566092.272,8510.797764227644
1361566092.144,17098.875
1361566092.27,8670.223577235773
1361566092.27,1658.2825203252032
1361566092.819,287.36413043478257
1361566100.688,538.2401315789474
1361566089.744,6696.321770334928
1361566093.135,772.883064516129
1361566093.259,391.24015748031496
1361566090.252,2763.515625
1361566090.315,490.3125
1361566090.315,2132.5
1361566090.315,14525.15625
1361566090.315,232.49057788944725
1361566093.896,1374.8914930555557
1361566102.151,45625.0
1361566102.467,5134.943181818182
1361566102.534,7393.028846153846
1361566102.662,13468.75
1361566102.852,18765.625
1361566102.978,37671.875
1361566096.129,18661.458333333332
1361566103.212,21906.25
1361566104.335,12761.160714285714
1361566104.589,8218.75
1361566097.677,507.73358585858585
1361566093.004,110.18786127167631
1361566093.194,7888.211382113822
1361566093.257,4603.483606557377
1361566101.701,3893.5810810810813
1361566091.241,1853.90625
1361566091.241,1210.703125
1361566091.176,319.5740049751244
1361566091.24,912.890625
1361566094.503,1144.6098993288592
1361566094.503,136.74496644295303
1361566094.694,352.69396551724134
1361566094.757,123.046875
1361566094.821,112.5217013888889
1361566094.821,629.4309701492538
1361566094.885,375.5874060150376
1361566103.076,11703.125
1361566103.076,47421.875
1361566103.268,20281.25
1361566103.459,4344.951923076924
1361566093.827,234.47847682119206
1361566080.198,6781.25
1361566080.385,8348.958333333334
1361566086.34,3456.5033783783783
1361566103.98,10414.0625
1361566103.979,14121.09375
1361566104.042,11281.25
1361566104.167,13996.09375
1361566103.206,9928.385416666666
1361566103.396,10618.990384615385
1361566103.585,11080.729166666666
1361566103.838,11281.25
1361566103.838,12943.75
1361566100.763,1349.2268041237114
1361566100.673,8465.401785714286
1361566100.737,6465.242346938775
1361566093.247,266.728624535316
1361566101.373,594.3287037037037
1361566102.518,952.9454022988506
1361566102.518,183.93987341772151
1361566103.982,16359.375
1361566105.16,18661.458333333332
1361566101.057,16290.021929824561
1361566104.832,14121.09375
1361566101.692,1781.25
1361566103.385,567.6491477272727
1361566093.933,601.7957089552239
1361566093.997,608.4421641791045
1361566094.531,2307.742214532872
1361566094.96,596.590909090909
1361566105.157,429.7196502057613
1361566095.394,265.48549107142856
1361566100.928,45518.15878378378
1361566101.686,1175.2025462962963
1361566103.393,18753.348214285714
1361566103.393,14199.776785714286
1361566103.393,2771.875
1361566103.457,7648.4375
1361566103.391,16251.116071428572
1361566103.391,11161.057692307691
1361566103.391,9015.625
1361566102.547,17481.770833333332
1361566102.547,226.349043715847
1361566102.483,20406.25
1361566103.245,19118.303571428572
1361566103.245,15899.55357142857
1361566103.244,23319.196428571428
1361566103.244,19112.723214285714
1361566103.244,23949.776785714286
1361566103.308,5512.5
1361566103.244,15750.0
1361566103.244,121687.5
1361566103.244,65929.6875
1361566103.307,8156.25
1361566103.307,4059.375
1361566103.981,12363.28125
1361566104.044,6453.125
1361566103.98,5651.041666666667
1361566103.269,458.8068181818182
1361566103.056,434562.5
1361566103.535,9406.25
1361566104.785,5651.041666666667
1361566130.03,271.7126623376623
1361566119.614,17328.125
1361566140.042,2156.25
1361566150.875,6125.0
1361566150.875,12943.75
1361566150.939,14121.09375
1361566150.939,6885.416666666667
1361566150.874,7804.6875
1361566150.934,19221.875
1361566151.001,16968.75
1361566151.252,18661.458333333332
1361566149.678,2156.25
1361566149.742,2156.25
1361566149.742,2156.25
1361566149.934,22781.25
1361566149.998,12343.75
1361566149.998,7421.875
1361566149.998,10140.625
1361566150.122,11296.875
1361566150.253,10786.458333333334
1361566149.997,17203.125
1361566150.317,11203.125
1361566150.061,16725.0
1361566150.125,6125.0
1361566150.125,2541.6666666666665
1361566150.508,8070.3125
1361566150.252,3695.3125
1361566150.316,15328.125
1361566150.316,4927.083333333333
1361566150.38,21196.875
1361566150.572,12929.6875
1361566150.7,11281.25
1361566150.508,5927.083333333333
1361566150.7,8968.75
1361566150.571,26199.21875
1361566150.699,7382.8125
1361566150.598,4015.625
1361566150.661,2156.25
1361566150.916,26757.8125
1361566150.66,2156.25
1361566150.98,12013.671875
1361566151.171,13443.75
1361566150.85,11703.125
1361566151.038,4083.333333333333
1361566151.614,16968.75
1361566151.614,10593.75
1361566151.166,3414.0625
1361566151.618,6828.125
1361566151.553,22161.458333333332
1361566151.744,11281.25
1361566147.989,11878.107244318182
1361566149.99,593.75
1361566149.865,129.70890410958904
1361566148.783,11663.591867469879
1361566149.353,1134.9852071005917
1361566149.353,560.2810650887574
1361566150.792,153.25342465753425
1361566151.048,183.93987341772151
1361566150.791,131.20719178082192
1361566150.983,600.4192073170732
1361566150.875,74.88082627118645
1361566151.252,432.70745798319325
1361566150.124,54.952330508474574
1361566160.182,4403.445512820513
1361566150.218,74.40090673575129
1361566151.046,64.29140127388536
1361566145.586,3047.883064516129
1361566150.139,6765.625
1361566150.139,7539.0625
1361566150.139,4718.75
1361566150.203,22750.0
1361566150.048,2975.0
1361566150.111,133546.875
1361566150.111,6682.291666666667
1361566151.029,15484.375
1361566151.029,12046.875
1361566151.092,13609.375
1361566150.96,8640.625
1361566151.471,12234.375
1361566151.535,12000.0
1361566151.15,11359.375
1361566151.598,10421.875
1361566151.598,6546.875
1361566151.595,15677.083333333334
1361566150.591,9234.375
1361566151.295,5984.375
1361566150.951,8476.5625
1361566150.95,4302.083333333333
1361566150.946,16484.375
1361566166.887,17343.75
1361566200.07,2156.25
1361566204.856,11703.125
1361566204.856,22812.5
1361566204.92,20281.25
1361566205.023,19221.875
1361566204.893,4359.375
1361566205.024,16804.6875
1361566205.213,26496.09375
1361566206.53,9245.535714285714
1361566206.53,4131.25
1361566206.721,8218.75
1361566205.912,14121.09375
1361566206.231,22161.458333333332
1361566206.485,11281.25
1361566206.485,13729.910714285714
1361566206.483,8069.196428571428
1361566206.458,12825.892857142857
1361566206.903,18661.458333333332
1361566204.28,4038.074712643678
1361566204.597,632.6171875
1361566205.767,2130.1751592356686
1361566205.527,800.9765625
1361566205.526,83.97295321637426
1361566205.906,1023.5339506172841
1361566205.905,593.1852409638553
1361566203.168,13156.037414965986
1361566222.959,11281.25
1361566222.959,4578.125
1361566205.256,159.68406593406593
1361566206.313,471.2569962686567
1361566223.268,4359.375
1361566223.332,20281.25
1361566223.522,13443.75
1361566223.714,10473.958333333334
1361566223.905,4984.375
1361566223.905,19059.375
1361566223.905,14121.09375
1361566224.134,13996.09375
1361566223.189,22812.5
1361566223.188,11703.125
1361566223.378,19059.375
1361566223.378,14121.09375
1361566223.634,22161.458333333332
1361566205.954,90.77380952380952
1361566205.862,102.56410256410255
1361566205.924,108.68818681318682
1361566206.413,49.86213235294118
1361566206.792,72.68518518518519
1361566223.219,822.9166666666666
1361566222.314,17340.65934065934
1361566222.632,323.89705882352945
1361566223.142,204.9278846153846
1361566223.397,1023.5339506172841
1361566222.641,607.8317901234568
1361566222.725,157.3064946619217
1361566223.81,478.3972537878788
1361566222.931,87.55716463414635
1361566223.187,1228.0219780219782
1361566223.025,366.3576007326007
1361566223.03,8117.1875
1361566223.82,16484.375
1361566262.808,150.15243902439025
1361566270.684,3250.0
1361566270.596,2156.25
1361566283.155,2156.25
1361566332.281,18838.541666666668
1361566338.749,4359.375
1361566338.672,2130.374203821656
1361566335.305,166.14980916030532
1361566332.664,2964.4396551724135
1361566335.214,965.9926470588235
1361566334.217,6394.301470588235
1361566338.523,26750.0
1361566342.404,47462.5
1361566342.71,7165.625
1361566361.55,6781.25
1361566361.741,7828.125
1361566385.98,9995.535714285714
1361566385.98,46993.75
1361566385.98,13607.072368421052
1361566386.475,51890.625
1361566386.665,331.5548780487805
1361566386.665,42960.9375
1361566386.665,9406.25
1361566387.237,3016.225961538462
1361566391.138,37796.875
1361566390.945,21580.729166666668
1361566392.41,29316.40625
1361566385.594,8249.24150485437
1361566385.911,8046.2372448979595
1361566385.911,6210.9375
1361566386.674,2632.6308139534885
1361566390.321,4589.84375
1361566390.933,8218.75
1361566391.507,31938.920454545452
1361566391.635,9210.9375
1361566392.498,8257.8125
1361566386.699,48.02083333333333
1361566392.419,15109.375
1361566393.494,3781.25
1361566383.518,283.9095744680851
1361566382.379,3021.2673611111113
1361566385.855,148417.96875
1361566385.769,12000.0
1361566385.832,11855.113636363636
1361566386.506,663734.375
1361566389.948,12858.963815789475
1361566390.837,5160.15625
1361566390.897,34180.39772727273
1361566390.729,29559.375
1361566390.793,2424.1071428571427
1361566390.728,15476.5625
1361566390.791,3852.6785714285716
1361566392.297,37468.75
1361566392.361,10466.145833333334
1361566392.359,14984.375
1361566392.359,11929.6875
1361566392.276,9375.0
1361566392.254,11847.65625
1361566392.384,1625.0
1361566393.088,4072.916666666667
1361566421.616,2156.25
1361566415.725,11.52482269503546
1361566451.445,2156.25
1361566440.916,15078.125
1361566440.395,33289.930555555555
1361566440.829,73898.4375
1361566458.723,16684.375
1361566479.6,2248.319404069767
1361566479.898,121.07142857142857
1361566479.897,428.57142857142856
1361566487.844,20243.75
1361566487.844,17531.25
1361566487.723,19581.25
1361566497.772,199.17385057471265
1361566513.683,1359.1645622895624
1361566532.933,147796.875
1361566532.848,12640.625
1361566537.163,136.8421052631579
1361566614.922,1548.496462264151
1361566615.456,168.80040322580643
1361566615.456,557.4092741935483
1361566668.976,2156.25
1361566649.23,246.30541871921181
1361566648.934,3159.375
1361566649.123,69.39338235294117
1361566734.869,37083.333333333336
1361566741.211,732.1901483050848
1361566741.369,4018.448795180723
1361566742.107,221.5969279661017
1361566757.263,21993.75
1361566780.218,15020.359848484848
1361566780.469,347.3360655737705
1361566781.247,1229.5081967213116
1361566897.8,14390.625
1361566897.927,79398.4375
1361567056.712,32.25806451612903
1361567056.917,31.746031746031743
1361567058.414,31.746031746031743
1361567058.667,32.25806451612903
1361567123.278,3323.016826923077
1361567122.302,2973.121761658031
1361567123.165,1005.7091346153845
1361567162.005,77.92721518987342
1361567153.012,2205.2283653846152
1361567179.383,1316.1458333333333
1361567197.63,133.41346153846155
1361567273.337,2156.25
1361567295.911,30861.60714285714
1361567296.479,73898.4375
1361567296.479,12640.625
1361567314.473,27567.708333333332
1361567329.35,125789.0625
1361567374.21,2156.25
1361567362.377,327593.75
1361567424.327,68546.875
1361567424.455,16718.75
1361567424.455,39281.25
1361567424.519,331859.375
1361567424.519,12609.375
1361567424.454,34281.25
1361567424.518,125929.6875
1361567424.71,7309.375
1361567425.094,108250.0
1361567425.093,157703.125
1361567425.093,27375.0
1361567425.157,22875.0
1361567424.191,7148.4375
1361567424.127,87578.125
1361567424.447,30718.75
1361567424.447,34281.25
1361567424.447,344078.125
1361567424.511,123117.1875
1361567424.511,240195.3125
1361567424.574,36281.25
1361567424.638,6848.958333333333
1361567424.638,4119.791666666667
1361567424.638,29781.25
1361567425.086,27625.0
1361567425.086,53937.5
1361567425.085,22875.0
1361567425.149,100187.5
1361567425.213,37593.75
1361567429.812,63177.083333333336
1361567429.812,9226.5625
1361567429.812,15351.5625
1361567429.812,7007.8125
1361567429.938,842.1052631578947
1361567429.938,9296.875
1361567429.938,5281.25
1361567429.938,17640.625
1361567430.002,2179.6875
1361567430.002,32723.958333333336
1361567430.065,6562.5
1361567430.192,31368.75
1361567422.38,5028.145032051282
1361567422.503,4349.1274350649355
1361567422.506,9847.402597402597
1361567422.76,3742.395833333333
1361567422.949,569.995777027027
1361567428.362,228.32661290322582
1361567428.362,224.4543650793651
1361567428.361,228.32661290322582
1361567431.881,228878.60576923078
1361567431.881,22820.3125
1361567431.881,7208.333333333333
1361567431.88,63613.28125
1361567431.88,50810.267857142855
1361567428.36,1501.2600806451612
1361567428.36,6938.256048387097
1361567428.36,8444.444444444445
1361567428.36,224.95039682539684
1361567428.613,314.6551724137931
1361567432.261,9617.1875
1361567432.26,28041.666666666668
1361567428.863,8781.25
1361567432.386,30450.0
1361567432.449,60390.625
1361567421.182,490.0892857142857
1361567429.692,5824.3140243902435
1361567432.955,21703.125
1361567433.079,13632.8125
1361567433.079,20898.4375
1361567425.259,2958.1028761061943
1361567432.682,54752.604166666664
1361567432.682,29035.15625
1361567433.258,29164.0625
1361567433.258,10429.6875
1361567432.746,10687.5
1361567432.873,22447.916666666668
1361567433.385,3609.375
1361567432.937,40359.375
1361567433.513,9380.208333333334
1361567433.577,8343.75
1361567433.065,5507.8125
1361567433.193,5234.375
1361567433.257,4710.9375
1361567433.321,4411.458333333333
1361567433.385,9395.833333333334
1361567433.576,6875.0
1361567429.863,21140.625
1361567429.863,79194.19642857143
1361567430.054,33382.8125
1361567430.118,61406.25
1361567430.118,43762.5
1361567430.181,7320.3125
1361567422.433,39923.70129870129
1361567422.688,520.8333333333334
1361567427.166,8532.041139240506
1361567422.877,563.9780405405405
1361567428.026,17979.166666666668
1361567428.28,228.07459677419357
1361567428.28,1570.8165322580644
1361567428.28,1532.5100806451612
1361567428.28,570.5645161290322
1361567428.28,10997.73185483871
1361567431.799,25500.0
1361567428.275,369.4556451612903
1361567428.274,1162.8024193548388
1361567428.278,1194.304435483871
1361567428.278,40780.24193548387
1361567428.278,1128.7802419354837
1361567428.278,8426.663306451612
1361567431.798,712.5
1361567431.861,8656.25
1361567428.786,11375.0
1361567432.242,23324.21875
1361567432.178,71046.875
1361567432.363,29390.625
1361567429.485,51765.625
1361567429.677,7578.125
1361567432.493,63468.75
1361567432.598,49755.208333333336
1361567432.662,14562.5
1361567432.982,6984.375
1361567432.853,41171.875
1361567433.171,6218.75
1361567433.295,6234.375
1361567433.295,7619.791666666667
1361567433.458,3453.125
1361567430.127,3691.015625
1361567422.894,11675.933441558442
1361567422.894,14291.973039215685
1361567422.894,8109.783496732026
1361567423.725,4593.75
1361567423.725,128.43528368794327
1361567429.226,350.11574074074076
1361567430.12,1151.953125
1361567430.184,1187.0993589743591
1361567422.887,11859.983766233767
1361567422.887,11500.204248366012
1361567422.887,8282.986111111111
1361567423.718,4315.159574468085
1361567429.873,2116.6930379746836
1361567434.414,4217.534722222222
1361567434.476,6155.21978021978
1361567435.112,5185.416666666667
1361567435.11,1110.7794943820224
1361567435.174,1190.1334269662923
1361567431.882,90.29796511627906
1361567431.881,388.35227272727275
1361567431.881,300.0
1361567431.945,1230.6134259259259
1361567433.277,190130.20833333334
1361567433.596,25028.125
1361567429.883,1113.1904069767443
1361567434.36,5695.3125
1361567434.36,1995.5357142857142
1361567434.36,14766.145833333332
1361567434.423,1515.2777777777778
1361567435.037,4572.395833333333
1361567435.037,1372.9166666666665
1361567435.037,1102.9743975903614
1361567435.164,6954.282407407408
1361567432.145,1049.375
1361567432.041,64.17410714285714
1361567421.625,22976.5625
1361567425.562,7614.195478723404
1361567425.561,7491.1901595744675
1361567423.319,8043.402777777778
1361567424.998,22257.8125
1361567424.998,225.27985074626866
1361567425.957,213607.8125
1361567426.335,82218.75
1361567427.641,189968.75
1361567426.228,121031.25
1361567426.228,192838.54166666666
1361567426.668,99916.66666666667
1361567427.34,686140.625
1361567427.528,452125.0
1361567429.686,284203.125
1361567429.813,80127.97619047618
1361567430.958,58453.125
1361567431.901,122671.875
1361567429.648,635828.125
1361567431.851,406531.25
1361567432.423,266296.875
1361567434.197,1094.4248338870432
1361567435.077,71.79194352159467
1361567431.617,191062.5
1361567431.681,64355.46875
1361567433.053,10671.875
1361567431.568,459710.9375
1361567431.631,171315.625
1361567431.821,388265.625
1361567432.073,17968.75
1361567436.859,11202.00892857143
1361567436.859,82533.33333333333
1361567436.278,41700.14880952381
1361567436.562,116343.75
1361567436.566,7546.875
1361567436.753,1861.7788461538462
1361567437.265,72265.625
1361567437.265,80507.8125
1361567436.88,546140.625
1361567437.26,98703.125
1361567436.478,105118.30357142857
1361567436.478,112412.94642857143
1361567437.142,118718.75
1361567437.142,90875.0
1361567437.143,48156.25
1361567437.333,1584.8214285714287
1361567437.524,31421.875
1361567437.588,18406.25
1361567439.166,397960.9375
1361567439.166,592953.125
1361567439.488,232403.125
1361567439.484,29125.0
1361567439.483,54932.291666666664
1361567439.483,565687.5
1361567439.124,92687.5
1361567439.118,30875.0
1361567439.435,29671.875
1361567439.435,34171.875
1361567437.898,25600.0
1361567451.655,2205.528846153846
1361567436.415,4527.807582260371
1361567436.608,3195.6267959770116
1361567481.205,2242.1875
1361567426.198,2872.9995674740485
1361567427.407,3987.857458726415
1361567436.427,3771.154190544413
1361567481.416,2156.25
1361567482.083,3015.625
1361567425.304,3707.4939967982923
1361567479.232,60.18518518518518
1361567480.179,135.41666666666666
1361567536.009,201.89019756838906
1361567536.266,2903.0790441176473
1361567536.899,1018.9867424242425
1361567595.477,2205.2283653846152
1361567571.502,11329.288563829787
1361567655.099,2156.25
1361567670.049,13738.28125
1361567670.721,1390.4172207446807
1361567670.721,403.7916666666667
1361567669.744,13738.28125
1361567696.198,87.92701863354037
1361567696.033,313.7131211180124
1361567722.935,308.641975308642
1361567722.935,87.38425925925925
1361567752.021,280.8988764044944
1361567752.021,79.52949438202248
1361567669.659,2923.868496079829
1361567857.08,199.74347014925374
1361567857.955,1486.8236940298507
1361567887.382,2084.943181818182
1361567856.393,10730.793576759062
1361567946.569,2156.25
1361568061.956,77.92721518987342
1361568123.077,22250.0
1361568123.472,8671.875
1361568308.214,28351.5625
1361568323.507,34140.257352941175
1361568323.884,1231.25
1361568354.771,29.964398734177216
1361568354.768,29.964398734177216
1361568403.664,59.1796875
1361568403.663,59.1796875
1361568499.689,59.1796875
1361568499.699,29.775943396226417
1361568535.476,43.988853503184714
1361568535.418,43.988853503184714
1361568537.75,38.59375
1361568537.68,34.53125
1361568786.677,59.92879746835443
1361568795.048,44.24649532710281
1361568794.995,44.24649532710281
1361568786.706,36.70058139534884
1361568868.351,59.1796875
1361568868.265,59.1796875
1361568962.426,77.92721518987342
1361569075.003,29.964398734177216
1361569074.923,29.964398734177216
1361569223.164,88.2120253164557
1361569563.765,29.964398734177216
1361569563.765,29.964398734177216
1361569575.075,34.307065217391305
1361569575.03,59.92879746835443
1361569583.883,48.30994897959184
1361569583.881,48.30994897959184
1361569704.496,29.964398734177216
1361569704.424,29.964398734177216
1361569704.424,43.71044303797468
1361569704.424,43.71044303797468
1361569843.885,29.964398734177216
1361569843.835,29.964398734177216
1361569900.284,59.1796875
1361569900.342,29.964398734177216
1361570123.591,77.92721518987342
1361570340.274,59.1796875
1361570340.438,29.964398734177216
